0 0.375 0.155802765625 0.3703125 0.1557209453125 0.3703125 0.16875 0.375 0.16875 0.375 0.155802765625
0 0.3761868578125 0.1586866609375 0.376457453125 0.1703125 0.38125 0.1703125 0.38125 0.158745575 0.3761868578125 0.1586866609375
0 0.0463881625 0.042865184375 0.0465984515625 0.0609375 0.053125 0.0609375 0.053125 0.042708381249999997 0.0463881625 0.042865184375
0 0.5796875 0.11682673437499999 0.5765625 0.1167721875 0.5765625 0.134375 0.5796875 0.134375 0.5796875 0.11682673437499999
0 0.3054911125 0.13210636874999998 0.3052606 0.1453125 0.309375 0.1453125 0.309375 0.1321967671875 0.3054911125 0.13210636874999998
0 0.4953125 0.121875 0.49423826093749995 0.121875 0.4901540015625 0.121946290625 0.4899548359375 0.1390625 0.490815178125 0.1390625 0.4953125 0.138984 0.4953125 0.121875
0 0.523088134375 0.11638611875 0.5232429093750001 0.1296875 0.5296875 0.1296875 0.5296875 0.11630932812500001 0.523088134375 0.11638611875
0 0.18087363750000002 0.132042371875 0.1809508421875 0.1453125 0.1875 0.1453125 0.1875 0.1320809234375 0.18087363750000002 0.132042371875
0 0.433609515625 0.1087532359375 0.43348772343749997 0.1296875 0.43875941875 0.1296875 0.438881925 0.10863051875 0.433609515625 0.1087532359375
0 0.13413548749999998 0.062411504687499994 0.1390625 0.06249750625 0.1390625 0.041361406249999996 0.13413548749999998 0.0412754046875 0.13413548749999998 0.062411504687499994
0 0.37214095468749997 0.13727050624999998 0.3765625 0.13724478281250002 0.3765625 0.1176939265625 0.3727099234375 0.117716340625 0.37214095468749997 0.13727050624999998
0 0.4425548484375 0.1338205453125 0.4484375 0.133957465625 0.4484375 0.11792836874999998 0.44302093124999997 0.11780229687499999 0.4425548484375 0.1338205453125
0 0.1734375 0.20144880937499998 0.16875 0.2014760796875 0.16875 0.2140625 0.1734375 0.2140625 0.1734375 0.20144880937499998
0 0.1946728296875 0.20723524218749997 0.194557025 0.2171875 0.199635203125 0.2171875 0.1997499765625 0.2073238640625 0.1946728296875 0.20723524218749997
0 0.18832264375000002 0.21139199375 0.18842644375 0.2203125 0.190625 0.2203125 0.190625 0.21144558125000001 0.18832264375000002 0.21139199375
0 0.202227921875 0.2093173671875 0.2020632734375 0.21875 0.2046875 0.21875 0.2046875 0.2093030578125 0.202227921875 0.2093173671875
0 0.23210259843749997 0.1887849828125 0.2359375 0.1886734 0.2359375 0.178637596875 0.2319858609375 0.17875257656250002 0.23210259843749997 0.1887849828125
0 0.250221875 0.210502634375 0.2499819015625 0.21875 0.253125 0.21875 0.253125 0.2105533078125 0.250221875 0.210502634375
0 0.2400883828125 0.190908665625 0.24021979999999998 0.1984375 0.2421875 0.1984375 0.2421875 0.190872025 0.2400883828125 0.190908665625
0 0.2425330609375 0.1732364890625 0.2427923125 0.184375 0.2453125 0.184375 0.2453125 0.173171796875 0.2425330609375 0.1732364890625
0 0.23781388906249998 0.17734708593749998 0.23766394218750003 0.1859375 0.24053627031249997 0.1859375 0.240625 0.18085417343750002 0.240625 0.177363440625 0.23781388906249998 0.17734708593749998
0 0.2914503953125 0.17732885625 0.2914503953125 0.1859375 0.29375 0.1859375 0.29375 0.17728871562499998 0.2914503953125 0.17732885625
0 0.293330484375 0.16511271249999998 0.29361817343749996 0.175 0.2953125 0.175 0.2953125 0.16517038281250002 0.293330484375 0.16511271249999998
0 0.3001044609375 0.1888701984375 0.3001976046875 0.196875 0.303125 0.196875 0.303125 0.188852625 0.3001044609375 0.1888701984375
0 0.313608353125 0.1792729359375 0.313608353125 0.1859375 0.315625 0.1859375 0.315625 0.179261203125 0.313608353125 0.1792729359375
0 0.361279725 0.1875306859375 0.36144282968749997 0.196875 0.3671875 0.196875 0.3671875 0.18756505625 0.361279725 0.1875306859375
0 0.3925779 0.1949481359375 0.392654865625 0.2015625 0.396875 0.2015625 0.396875 0.1949231359375 0.3925779 0.1949481359375
0 0.41152581250000003 0.1959557359375 0.4113953140625 0.2015625 0.415625 0.2015625 0.415625 0.1960511453125 0.41152581250000003 0.1959557359375
0 0.4202572671875 0.1916517546875 0.4203757125 0.1984375 0.4234375 0.1984375 0.4234375 0.191707265625 0.4202572671875 0.1916517546875
0 0.43685130625 0.1817490890625 0.4367236515625 0.1890625 0.440625 0.1890625 0.440625 0.18166125625 0.43685130625 0.1817490890625
0 0.4545673640625 0.1873072484375 0.4544549046875 0.19375 0.4578125 0.19375 0.4578125 0.18734500781250002 0.4545673640625 0.1873072484375
0 0.48239972656249996 0.1973993 0.482272509375 0.2046875 0.4875 0.2046875 0.4875 0.197428971875 0.48239972656249996 0.1973993
0 0.309375 0.18280079062500001 0.3078125 0.1827644234375 0.3078125 0.1890625 0.309375 0.1890625 0.309375 0.18280079062500001
0 0 0.246875 0.0046875 0.246875 0.0046875 0.2406401515625 0 0.240667421875 0 0.246875
0 0.107304203125 0.1526029609375 0.10760729531249999 0.165625 0.1125 0.165625 0.1125 0.1526029609375 0.107304203125 0.1526029609375
0 0.10135750156250001 0.1511445796875 0.10122536875000002 0.1625 0.1046875 0.1625 0.1046875 0.1512027046875 0.10135750156250001 0.1511445796875
0 0.27880780625 0.16915969687500002 0.2790164765625 0.178125 0.284375 0.178125 0.284375 0.1690949171875 0.27880780625 0.16915969687500002
0 0.284511353125 0.1726233375 0.284375 0.1773094765625 0.284375 0.179443565625 0.2875 0.1793526375 0.2875 0.1725363765625 0.284511353125 0.1726233375
0 0.35358098125000004 0.19373246875 0.35625 0.193716940625 0.35625 0.1864938515625 0.3536230046875 0.18650913593750001 0.35358098125000004 0.19373246875
0 0.5508801203125 0.1921875 0.551420121875 0.1736288359375 0.5439380093749999 0.173672365625 0.54375 0.180133828125 0.54375 0.1921875 0.5508801203125 0.1921875
0 0.5531275015625 0.3958719484375 0.55347815625 0.4109375 0.559375 0.4109375 0.559375 0.39583560156250003 0.5531275015625 0.3958719484375
0 0.5369234671875 0.40283286562500004 0.5371121046875 0.4109375 0.5453125 0.4109375 0.5453125 0.40283286562500004 0.5369234671875 0.40283286562500004
0 0.78018419375 0.13125 0.78018419375 0.171875 0.7921875 0.171875 0.7921875 0.13125 0.78018419375 0.13125
