0 0.0225130703125 0.355778534375 0.0224194234375 0.371875 0.0265625 0.371875 0.0265625 0.3557549765625 0.0225130703125 0.355778534375
0 0 0.3703125 0.0015625 0.3703125 0.0015625 0.3587646875 0 0.3587283203125 0 0.3703125
0 0.5954156609375 0.509375 0.5954156609375 0.4896601515625 0.5710476874999999 0.4896601515625 0.5710476874999999 0.509375 0.5954156609375 0.509375
0 0.9942900421874998 0.509375 0.9942900421874998 0.489640903125 0.9783677875000001 0.489640903125 0.9783677875000001 0.509375 0.9942900421874998 0.509375
0 0.8452463281250001 0.509375 0.8452463281250001 0.48369171250000004 0.8336161593749999 0.48369171250000004 0.8336161593749999 0.509375 0.8452463281250001 0.509375
0 0.713160840625 0.503402046875 0.7203604703125001 0.503402046875 0.7203604703125001 0.46743068593750003 0.713160840625 0.46743068593750003 0.713160840625 0.503402046875
0 0.7073457578125 0.4748220609375 0.7162068374999999 0.4748220609375 0.7162068374999999 0.44574931875 0.7073457578125 0.44574931875 0.7073457578125 0.4748220609375
0 0.6973770406249999 0.4689089609375 0.7073457578125 0.4689089609375 0.7073457578125 0.44180725 0.6973770406249999 0.44180725 0.6973770406249999 0.4689089609375
0 0.7189759265625 0.4516624171875 0.730883003125 0.4516624171875 0.730883003125 0.42456070781250005 0.7189759265625 0.42456070781250005 0.7189759265625 0.4516624171875
0 0.725344828125 0.4235751921875 0.7414055375 0.4235751921875 0.7414055375 0.39893727343749996 0.725344828125 0.39893727343749996 0.725344828125 0.4235751921875
0 0.8488461421875 0.47531481875 0.8613070374999999 0.47531481875 0.8613070374999999 0.4551117265625 0.8488461421875 0.4551117265625 0.8488461421875 0.47531481875
0 0.8372159734375 0.48714102031250006 0.8493999593750001 0.48714102031250006 0.8493999593750001 0.46989447812499996 0.8372159734375 0.46989447812499996 0.8372159734375 0.48714102031250006
0 0.8372159734375 0.44673483437500006 0.87376793125 0.44673483437500006 0.87376793125 0.41914036718750003 0.8372159734375 0.41914036718750003 0.8372159734375 0.44673483437500006
0 0.5216334781249999 0.509375 0.5216334781249999 0.47256232656249997 0.5083750859375 0.47256232656249997 0.5083750859375 0.509375 0.5216334781249999 0.509375
0 0.5914181953125001 0.40970322968749995 0.601779278125 0.40970322968749995 0.601779278125 0.3940207421875 0.5914181953125001 0.3940207421875 0.5914181953125001 0.40970322968749995
0 0.504008759375 0.509375 0.504008759375 0.48478228593750006 0.49159965625 0.48478228593750006 0.49159965625 0.509375 0.504008759375 0.509375
0 0.5336147703125 0.49012313125 0.5394608375 0.49012313125 0.5394608375 0.4612693640625 0.5336147703125 0.4612693640625 0.5336147703125 0.49012313125
0 0.5287614328125001 0.48855285625 0.5347178015624999 0.48855285625 0.5347178015624999 0.45871767031250005 0.5287614328125001 0.45871767031250005 0.5287614328125001 0.48855285625
0 0.58485058125 0.4634714265625 0.5907104359375 0.4634714265625 0.5907104359375 0.4355622765625 0.58485058125 0.4355622765625 0.58485058125 0.4634714265625
0 0.572780765625 0.46232298125 0.5758891609375001 0.46232298125 0.5758891609375001 0.45521580000000006 0.572780765625 0.45521580000000006 0.572780765625 0.46232298125
0 0.5767566203125 0.47235664843749997 0.5814192140625 0.47235664843749997 0.5814192140625 0.45798149062500004 0.5767566203125 0.45798149062500004 0.5767566203125 0.47235664843749997
0 0.753125 0.6175514984375 0.7259780828125 0.617709434375 0.725 0.6513239546875 0.725 0.696875 0.75226263125 0.696875 0.753125 0.6672373171875 0.753125 0.6175514984375
0 0.75625 0.6463611515625 0.7297563968749999 0.64605286875 0.7296875 0.65789523125 0.7296875 0.74375 0.75586663125 0.74375 0.75625 0.6778545546875 0.75625 0.6463611515625
