0 0.48817992187500003 0.29799814062499996 0.49267470781249995 0.29799814062499996 0.49267470781249995 0.2856308359375 0.48817992187500003 0.2856308359375 0.48817992187500003 0.29799814062499996
0 0.0883828109375 0.24157087187499998 0.0921268765625 0.24157087187499998 0.0921268765625 0.22520339531250003 0.0883828109375 0.22520339531250003 0.0883828109375 0.24157087187499998
0 0.493551521875 0.298863825 0.4982734015625 0.298863825 0.4982734015625 0.2882951375 0.493551521875 0.2882951375 0.493551521875 0.298863825
0 0.87794500625 0.296010834375 0.8810682890624999 0.296010834375 0.8810682890624999 0.286265315625 0.87794500625 0.286265315625 0.87794500625 0.296010834375
0 0.0936550046875 0.238008178125 0.09775798125 0.238008178125 0.09775798125 0.22250305781250002 0.0936550046875 0.22250305781250002 0.0936550046875 0.238008178125
0 0.707854628125 0.29949589374999996 0.7119221687499999 0.29949589374999996 0.7119221687499999 0.28505285625 0.707854628125 0.28505285625 0.707854628125 0.29949589374999996
0 0.2172342390625 0.208069540625 0.2233392453125 0.208069540625 0.2233392453125 0.19153736875 0.2172342390625 0.19153736875 0.2172342390625 0.208069540625
0 0.7923077515625 0.338391128125 0.7910485859375 0.338391128125 0.7910485859375 0.34195559375 0.7910485859375 0.34751699999999996 0.79518395625 0.34751699999999996 0.79518395625 0.338391128125 0.7923077515625 0.338391128125
0 0.7511731390625 0.278110890625 0.7554290296875 0.278110890625 0.7554290296875 0.2620050703125 0.7511731390625 0.2620050703125 0.7511731390625 0.278110890625
0 0.6602694390625 0.268055034375 0.6640029546874999 0.268055034375 0.6640029546874999 0.25264267500000004 0.6602694390625 0.25264267500000004 0.6602694390625 0.268055034375
0 0.7572841046875001 0.2766067046875 0.762135803125 0.2766067046875 0.762135803125 0.26410093125 0.7572841046875001 0.26410093125 0.7572841046875001 0.2766067046875
0 0.43446198125 0.2786490578125 0.43845376406250003 0.2786490578125 0.43845376406250003 0.2659061140625 0.43446198125 0.2659061140625 0.43446198125 0.2786490578125
0 0.58815270625 0.2716636828125 0.5930806984375 0.2716636828125 0.5930806984375 0.25736675625 0.58815270625 0.25736675625 0.58815270625 0.2716636828125
0 0.9575399750000001 0.3110788765625 0.9575399750000001 0.3136741046875 0.9575399750000001 0.321506415625 0.9638033500000001 0.321506415625 0.9638033500000001 0.3110788765625 0.9575399750000001 0.3110788765625
0 0.61556095 0.265723946875 0.6220960015625 0.265723946875 0.6220960015625 0.2527736375 0.61556095 0.2527736375 0.61556095 0.265723946875
0 0.7407862546875 0.2650744546875 0.7452391984375 0.2650744546875 0.7452391984375 0.251844034375 0.7407862546875 0.251844034375 0.7407862546875 0.2650744546875
0 0.3303197015625 0.2785082890625 0.3361889125 0.2785082890625 0.3361889125 0.265912125 0.3303197015625 0.265912125 0.3303197015625 0.2785082890625
0 0.5411373968750001 0.26476684375000004 0.5455448031250001 0.26476684375000004 0.5455448031250001 0.24667702500000002 0.5411373968750001 0.24667702500000002 0.5411373968750001 0.26476684375000004
0 0.2910374109375 0.20757871093750002 0.29621389531250003 0.20757871093750002 0.29621389531250003 0.18993950625 0.2910374109375 0.18993950625 0.2910374109375 0.20757871093750002
0 0.48997977343750004 0.2701074875 0.49403974375 0.2701074875 0.49403974375 0.2537884921875 0.48997977343750004 0.2537884921875 0.48997977343750004 0.2701074875
0 0.5492120375 0.267283428125 0.555373728125 0.267283428125 0.555373728125 0.2539153421875 0.5492120375 0.2539153421875 0.5492120375 0.267283428125
0 0.1711440375 0.180527515625 0.1749335828125 0.180527515625 0.1749335828125 0.16706783281249998 0.1711440375 0.16706783281249998 0.1711440375 0.180527515625
0 0.9402962328125 0.28283438906249997 0.9402962328125 0.30048000625000004 0.945162415625 0.30048000625000004 0.945162415625 0.29491952499999996 0.945162415625 0.28283438906249997 0.9402962328125 0.28283438906249997
0 0.9597285390625 0.28025426875 0.9646916390625 0.28025426875 0.9646916390625 0.270863925 0.9597285390625 0.270863925 0.9597285390625 0.28025426875
0 0.9535770421875001 0.2803790421875 0.9578848484375 0.2803790421875 0.9578848484375 0.271728203125 0.9535770421875001 0.271728203125 0.9535770421875001 0.2803790421875
0 0.319278184375 0.33486114218749996 0.3244158734375 0.33486114218749996 0.3244158734375 0.32313952968750004 0.319278184375 0.32313952968750004 0.319278184375 0.33486114218749996
0 0.3413925875 0.3372054640625 0.345636765625 0.3372054640625 0.345636765625 0.328163078125 0.3413925875 0.328163078125 0.3413925875 0.3372054640625
0 0.3358081421875 0.34021959375 0.33871205312499997 0.34021959375 0.33871205312499997 0.33251681875 0.3358081421875 0.33251681875 0.3358081421875 0.34021959375
0 0.348093921875 0.3388799796875 0.35122121093750003 0.3388799796875 0.35122121093750003 0.3305074 0.348093921875 0.3305074 0.348093921875 0.3388799796875
0 0.372442103125 0.3130924328125 0.3762395265625 0.3130924328125 0.3762395265625 0.304719853125 0.372442103125 0.304719853125 0.372442103125 0.3130924328125
0 0.38807855 0.3385450765625 0.3912058390625 0.3385450765625 0.3912058390625 0.33084230312499996 0.38807855 0.33084230312499996 0.38807855 0.3385450765625
0 0.37959019375 0.3214650125 0.3827174828125 0.3214650125 0.3827174828125 0.31476695 0.37959019375 0.31476695 0.37959019375 0.3214650125
0 0.38137721562500004 0.31041320781250004 0.38405775000000003 0.31041320781250004 0.38405775000000003 0.3003661125 0.38137721562500004 0.3003661125 0.38137721562500004 0.31041320781250004
0 0.3775106734375 0.3124795984375 0.3799115171875 0.3124795984375 0.3799115171875 0.3037003140625 0.3775106734375 0.3037003140625 0.3775106734375 0.3124795984375
0 0.42211332968750004 0.3119195515625 0.42461516250000003 0.3119195515625 0.42461516250000003 0.30388187499999997 0.42211332968750004 0.30388187499999997 0.42211332968750004 0.3119195515625
0 0.42354294843750007 0.30147057187500004 0.4260447796875 0.30147057187500004 0.4260447796875 0.29316497343750003 0.42354294843750007 0.29316497343750003 0.42354294843750007 0.30147057187500004
0 0.42979752656250003 0.3212968421875 0.4330141671875 0.3212968421875 0.4330141671875 0.3132591640625 0.42979752656250003 0.3132591640625 0.42979752656250003 0.3212968421875
0 0.44109820937500005 0.312362103125 0.44389043125 0.312362103125 0.44389043125 0.3052454078125 0.44109820937500005 0.3052454078125 0.44109820937500005 0.312362103125
0 0.4806834390625 0.32033595625 0.485821128125 0.32033595625 0.485821128125 0.3119633765625 0.4806834390625 0.3119633765625 0.4806834390625 0.32033595625
0 0.5074887765625 0.325359503125 0.5112861984375 0.325359503125 0.5112861984375 0.3183265375 0.5074887765625 0.3183265375 0.5074887765625 0.325359503125
0 0.5231252234375 0.325359503125 0.5273694015625 0.325359503125 0.5273694015625 0.3193312453125 0.5231252234375 0.3193312453125 0.5231252234375 0.325359503125
0 0.5302733140625 0.322680278125 0.53362398125 0.322680278125 0.53362398125 0.3156473125 0.5302733140625 0.3156473125 0.5302733140625 0.322680278125
0 0.5436759828125 0.3146426015625 0.5472500265625 0.3146426015625 0.5472500265625 0.307609634375 0.5436759828125 0.307609634375 0.5436759828125 0.3146426015625
0 0.5588656734375 0.3186614390625 0.5626630953125 0.3186614390625 0.5626630953125 0.3119633765625 0.5588656734375 0.3119633765625 0.5588656734375 0.3186614390625
0 0.581650209375 0.32703401875 0.586564521875 0.32703401875 0.586564521875 0.320001053125 0.581650209375 0.320001053125 0.581650209375 0.32703401875
0 0.435561121875 0.3143076984375 0.43801827656250003 0.3143076984375 0.43801827656250003 0.308279440625 0.435561121875 0.308279440625 0.435561121875 0.3143076984375
0 0.0648168234375 0.327198734375 0.0697032125 0.327198734375 0.0697032125 0.31777958281249996 0.0648168234375 0.31777958281249996 0.0648168234375 0.327198734375
0 0.003387925 0.34499046718750004 0.003387925 0.3512699015625 0.008623342187499999 0.3512699015625 0.008623342187499999 0.34499046718750004 0.007140403125 0.34499046718750004 0.003387925 0.34499046718750004
0 0 0.3565027640625 0.003387925 0.3565027640625 0.003387925 0.348653471875 0 0.348653471875 0 0.3565027640625
0 0.1426500296875 0.363828771875 0.153120865625 0.363828771875 0.153120865625 0.3575493375 0.1426500296875 0.3575493375 0.1426500296875 0.363828771875
0 0.17825086875 0.36278219843750004 0.1838353140625 0.36278219843750004 0.1838353140625 0.3565027640625 0.17825086875 0.3565027640625 0.17825086875 0.36278219843750004
0 0.12960681406250002 0.3047812609375 0.13360974375 0.3047812609375 0.13360974375 0.289134584375 0.12960681406250002 0.289134584375 0.12960681406250002 0.3047812609375
0 0.10230111093750001 0.3045669234375 0.1113077046875 0.3045669234375 0.1113077046875 0.2968507546875 0.10230111093750001 0.2968507546875 0.10230111093750001 0.3045669234375
0 0.0907212046875 0.303923909375 0.100156684375 0.303923909375 0.100156684375 0.29556472500000003 0.0907212046875 0.29556472500000003 0.0907212046875 0.303923909375
0 0.2682206453125 0.294990175 0.27279542343749996 0.294990175 0.27279542343749996 0.283158715625 0.2682206453125 0.283158715625 0.2682206453125 0.294990175
0 0.26364586874999996 0.29224664843750003 0.267420059375 0.29224664843750003 0.267420059375 0.2819584234375 0.26364586874999996 0.2819584234375 0.26364586874999996 0.29224664843750003
0 0.41170511718749997 0.3049239359375 0.41639605 0.3049239359375 0.41639605 0.296886259375 0.41170511718749997 0.296886259375 0.41170511718749997 0.3049239359375
0 0.4197467171875 0.299565484375 0.41639605 0.299565484375 0.41639605 0.3052588390625 0.4197467171875 0.3052588390625 0.4197467171875 0.299565484375
0 0.4748878796875 0.3171727578125 0.47734503593750005 0.3171727578125 0.47734503593750005 0.3111445 0.4748878796875 0.3111445 0.4748878796875 0.3171727578125
0 0.6334861265625 0.3161680484375 0.63974070625 0.3161680484375 0.63974070625 0.3004275984375 0.6334861265625 0.3004275984375 0.6334861265625 0.3161680484375
0 0.7145722734375 0.31013979062499997 0.7192632078125001 0.31013979062499997 0.7192632078125001 0.3027719203125 0.7145722734375 0.3027719203125 0.7145722734375 0.31013979062499997
0 0.773544015625 0.3402810796875 0.7815856171875 0.3402810796875 0.7815856171875 0.3309037890625 0.773544015625 0.3309037890625 0.773544015625 0.3402810796875
0 0.80950784375 0.3258802421875 0.8133052671875 0.3258802421875 0.8133052671875 0.31951708125 0.80950784375 0.31951708125 0.80950784375 0.3258802421875
0 0.9031031468749999 0.36841294687500004 0.907570703125 0.36841294687500004 0.907570703125 0.3610450765625 0.9031031468749999 0.3610450765625 0.9031031468749999 0.36841294687500004
0 0.947020796875 0.3201042453125 0.9509522468749999 0.3201042453125 0.9509522468749999 0.3136741046875 0.947020796875 0.3136741046875 0.947020796875 0.3201042453125
0 0.31077712812499997 0.770002446875 0.31077712812499997 0.793696025 0.32907583906250004 0.793696025 0.32907583906250004 0.782095403125 0.32907583906250004 0.770002446875 0.31077712812499997 0.770002446875
0 0.3767387390625 0.773120021875 0.369416178125 0.773120021875 0.369416178125 0.794319540625 0.390626046875 0.794319540625 0.390626046875 0.773120021875 0.3767387390625 0.773120021875
0 0.37731789375 0.8142720265625 0.37731789375 0.7961900843749999 0.3602668234375 0.7961900843749999 0.3602668234375 0.8142720265625 0.36963141875 0.8142720265625 0.37731789375 0.8142720265625
0 0.3336505171875 0.8086603890624999 0.3165994453125 0.8086603890624999 0.3165994453125 0.836095059375 0.3336505171875 0.836095059375 0.3336505171875 0.8086603890624999
0 0.6411367593749999 0.49995215625 0.646543196875 0.49995215625 0.646543196875 0.486234821875 0.6411367593749999 0.486234821875 0.6411367593749999 0.49995215625
0 0.627412725 0.49995215625 0.6344826828125 0.49995215625 0.6344826828125 0.49184645781249997 0.627412725 0.49184645781249997 0.627412725 0.49995215625
0 0.8124834562500001 0.61039134375 0.8204683484374999 0.61039134375 0.8204683484374999 0.5852512109375 0.8124834562500001 0.5852512109375 0.8124834562500001 0.61039134375
0 0.3299319578125 1 0.3299319578125 0.9524356218750001 0 0.9524356218750001 0 1 0.3299319578125 1
0 0.6966791625 0.27692065781249997 0.734154921875 0.27692065781249997 0.734154921875 0.2526584328125 0.6966791625 0.2526584328125 0.6966791625 0.27692065781249997
0 0.7361877171875 0.17568122343749998 0.7404122578125001 0.17568122343749998 0.7404122578125001 0.15463693750000002 0.7361877171875 0.15463693750000002 0.7361877171875 0.17568122343749998
0 0.9053940765625 0.1852492140625 0.9156147375 0.1852492140625 0.9156147375 0.16762717656249998 0.9053940765625 0.16762717656249998 0.9053940765625 0.1852492140625
0 0.9394629484375001 0.187547740625 0.9461063781249999 0.187547740625 0.9461063781249999 0.1752889328125 0.9394629484375001 0.1752889328125 0.9394629484375001 0.187547740625
