0 0.0546875 0.6 0.0546875 0.5946105546875 0.047128703125 0.5946545296875 0.047128703125 0.6 0.0546875 0.6
0 0.1046875 0.5490923359375001 0.097019853125 0.5489138687499999 0.09750243125 0.5654989609375 0.10291757187499999 0.565625 0.1046875 0.565625 0.1046875 0.5490923359375001
0 0.0765625 0.5344620484375 0.0765625 0.5317883937500001 0.06277884218749999 0.5315477984375 0.0625 0.5435280015624999 0.0625 0.5514166609375 0.07085505625 0.5515625 0.0761644828125 0.5515625 0.0765625 0.5344620484375
0 0.0518807359375 0.49446368749999997 0.0517072265625 0.509375 0.059375 0.509375 0.059375 0.49446368749999997 0.0518807359375 0.49446368749999997
0 0.014510253125 0.4923350734375 0.0150060640625 0.509375 0.0234375 0.509375 0.0234375 0.4924389515625 0.014510253125 0.4923350734375
0 0.029312001562500002 0.5016295953125 0.029312001562500002 0.509375 0.0328125 0.509375 0.0328125 0.5017314500000001 0.029312001562500002 0.5016295953125
0 0.034375 0.5146213546875 0.028125 0.51458499375 0.028125 0.51581474375 0.028411523437500003 0.528125 0.034375 0.528125 0.034375 0.5146213546875
0 0.042881496875 0.5310160390625 0.0429737609375 0.546875 0.0546875 0.546875 0.0546875 0.5308786640625 0.042881496875 0.5310160390625
0 0.0398991515625 0.5565676171875 0.039828278125 0.56875 0.0414675921875 0.56875 0.0453125 0.5686828875 0.0453125 0.5564731265625 0.0398991515625 0.5565676171875
0 0.040625 0.5698111890625001 0.0265625 0.5701384968750001 0.0265625 0.5890625 0.040625 0.5890625 0.040625 0.5698111890625001
0 0.1041273515625 0.9416721578124999 0.1125 0.9418183015625001 0.1125 0.9242064437499999 0.1045371046875 0.9240674515624999 0.1041273515625 0.9416721578124999
0 0.10548046562499999 0.8917186718749999 0.10529319687500001 0.9078125 0.1078125 0.9078125 0.1078125 0.8917186718749999 0.10548046562499999 0.8917186718749999
0 0.0850553203125 0.8222862171875001 0.08545253124999999 0.8359375 0.0890625 0.8359375 0.0890625 0.8223328453125 0.0850553203125 0.8222862171875001
0 0.0816973 0.7838553687500001 0.0816973 0.8 0.0859375 0.8 0.0859375 0.7839787453125 0.0816973 0.7838553687500001
0 0.104299575 0.8771419859374999 0.1045110078125 0.8953125 0.10650333125 0.8953125 0.1078125 0.895282028125 0.1078125 0.877060221875 0.104299575 0.8771419859374999
0 0.1046875 0.853125 0.0984375 0.853125 0.0984375 0.8560518312500001 0.098538646875 0.8734375 0.1046875 0.8734375 0.1046875 0.853125
0 0.0755903203125 0.772186590625 0.0757503265625 0.7859375 0.0796875 0.7859375 0.0796875 0.7722104265625 0.0755903203125 0.772186590625
0 0.0835313203125 0.7681325109375 0.0832260078125 0.78125 0.0875 0.78125 0.0875 0.7680632375 0.0835313203125 0.7681325109375
0 0.06692922343749999 0.7261083125 0.0668629484375 0.7375 0.06875 0.7375 0.06875 0.726161290625 0.06692922343749999 0.7261083125
0 0.0765625 0.7436627421875001 0.0734375 0.7437536703125 0.0734375 0.7578125 0.0765625 0.7578125 0.0765625 0.7436627421875001
0 0.0507065078125 0.64145620625 0.050869 0.6484375 0.053125 0.6484375 0.053125 0.6414843484375 0.0507065078125 0.64145620625
0 0.23520752968749997 0.9293732218749999 0.2654135625 0.9293732218749999 0.2654135625 0.8606162218750001 0.23520752968749997 0.8606162218750001 0.23520752968749997 0.9293732218749999
0 0.302254134375 1 0.302254134375 0.9613714250000001 0.275509209375 0.9613714250000001 0.275509209375 1 0.302254134375 1
0 0.187994565625 0.8047373828125 0.226111703125 0.8047373828125 0.226111703125 0.7104840609374999 0.187994565625 0.7104840609374999 0.187994565625 0.8047373828125
0 0.164441053125 0.70920605 0.18439860937500002 0.70920605 0.18439860937500002 0.6485005218750001 0.164441053125 0.6485005218750001 0.164441053125 0.70920605
0 0.1478315265625 0.6 0.1478315265625 0.654279028125 0.16023757656249998 0.654279028125 0.16023757656249998 0.6 0.1478315265625 0.6
0 0.05603015 0.6749548625 0.05886496249999999 0.6749548625 0.05886496249999999 0.6653836234375 0.05603015 0.6653836234375 0.05603015 0.6749548625
0 0.1395153703125 0.8751952453125 0.1434841078125 0.8751952453125 0.1434841078125 0.853030271875 0.1395153703125 0.853030271875 0.1395153703125 0.8751952453125
