0 0.0515625 0.0538419953125 0.0515625 0.096875 0.065512378125 0.096875 0.065625 0.0904228671875 0.065625 0.0536783625 0.0515625 0.0538419953125
0 0.084375 0.098417359375 0.08435165 0.097614871875 0.0663106765625 0.09803478125000001 0.06677703593749999 0.1140625 0.084375 0.1140625 0.084375 0.098417359375
0 0.0950890328125 0.0755174125 0.0953769140625 0.125 0.109375 0.125 0.109375 0.075766775 0.0950890328125 0.0755174125
0 0.14846651093750002 0.06875 0.14728444375 0.109375 0.1625 0.109375 0.1625 0.06875 0.14846651093750002 0.06875
0 0.19211253125 0.082813709375 0.1925671375 0.0984375 0.209375 0.0984375 0.209375 0.0825123921875 0.19211253125 0.082813709375
0 0.271875 0.059375 0.2546875 0.059375 0.2546875 0.109375 0.271875 0.109375 0.271875 0.059375
0 0.009375 0 0.009375 0.0046875 0.0125 0.0046875 0.0125 0 0.009375 0
0 0.0130901140625 0 0.0130355671875 0.003125 0.015625 0.003125 0.015625 0 0.0130901140625 0
0 0.0203125 0 0.0203125 0.0022858578125 0.0203949890625 0.009375 0.021875 0.009375 0.021875 0 0.0203125 0
0 0.0225429328125 0 0.022488390625 0.009375 0.025 0.009375 0.025 0 0.0225429328125 0
0 0.027296153125 0 0.0273597859375 0.0109375 0.028125 0.0109375 0.028125 0 0.027296153125 0
0 0.030806671875000004 0 0.0309117515625 0.009030553125 0.0328125 0.00901949375 0.0328125 0 0.030806671875000004 0
0 0.033693007812499995 0 0.0339112140625 0.009375 0.034375 0.009375 0.034375 0 0.033693007812499995 0
0 0.037195153125000005 0 0.0374679390625 0.009375 0.0375 0.009375 0.0375 0 0.037195153125000005 0
0 0.038509265625 0 0.038418359375 0.0078125 0.040625 0.0078125 0.040625 0 0.038509265625 0
0 0.042920565625000004 0 0.04321150625 0.0125 0.0578125 0.0125 0.0578125 0 0.042920565625000004 0
0 0.05868418125 0 0.058611457812500004 0.0125 0.078125 0.0125 0.078125 0 0.05868418125 0
0 0.1265625 0 0.1265625 0.0109096734375 0.126563146875 0.0109375 0.128125 0.0109375 0.128125 0 0.1265625 0
0 0.12360573125 0 0.12360573125 0.0109375 0.125 0.0109375 0.125 0 0.12360573125 0
0 0.1213010734375 0 0.12136470625 0.0109375 0.121875 0.0109375 0.121875 0 0.1213010734375 0
0 0.0913319515625 0 0.0912955890625 0.003125 0.0921875 0.003125 0.0921875 0 0.0913319515625 0
0 0.09479345312500001 0 0.09487527343749999 0.0046875 0.0984375 0.0046875 0.0984375 0 0.09479345312500001 0
0 0.100876028125 0 0.101121490625 0.0140625 0.1203125 0.0140625 0.1203125 0 0.100876028125 0
0 0.12892542812500002 0 0.1288708828125 0.0046875 0.1328125 0.0046875 0.1328125 0 0.12892542812500002 0
0 0.1347641296875 0 0.13485503593749998 0.0078125 0.1375 0.0078125 0.1375 0 0.1347641296875 0
0 0.144061775 0 0.144007228125 0.003125 0.146875 0.003125 0.146875 0 0.144061775 0
0 0.1707401421875 0.0010235359374999998 0.1706915546875 0.009375 0.1734375 0.009375 0.1734375 0.0009607546874999999 0.1707401421875 0.0010235359374999998
0 0.189223721875 0.00412825 0.18903540000000002 0.0203125 0.1921875 0.0203125 0.1921875 0.0040592671875 0.189223721875 0.00412825
0 0.27099345 0 0.27108437812499997 0.003125 0.2734375 0.003125 0.2734375 0 0.27099345 0
0 0.2934641078125 0 0.2933550140625 0.00625 0.2953125 0.00625 0.2953125 0 0.2934641078125 0
0 0.296107340625 0 0.295925484375 0.00625 0.3 0.00625 0.3 0 0.296107340625 0
0 0.343370303125 0.007183290625 0.34350489375 0.01875 0.346875 0.01875 0.346875 0.007203679687500001 0.343370303125 0.007183290625
0 0.3553158390625 0.0005316156249999999 0.3553158390625 0.01875 0.3578125 0.01875 0.3578125 0.0005751953125 0.3553158390625 0.0005316156249999999
0 0.36182188125 0.0035986640625000005 0.36199818281249996 0.01875 0.3640625 0.01875 0.3640625 0.0036508140624999996 0.36182188125 0.0035986640625000005
0 0.36736089843749997 0 0.3671875 0.007449946875 0.3671875 0.0125 0.3703125 0.0125 0.3703125 0 0.36736089843749997 0
0 0.38125 0.0044525875 0.378125 0.004525321875 0.378125 0.0140625 0.38125 0.0140625 0.38125 0.0044525875
0 0.3476265421875 0 0.3475901796875 0.003125 0.3546875 0.003125 0.3546875 0 0.3476265421875 0
0 0.40488268125 0.0098014484375 0.404638034375 0.0203125 0.415625 0.0203125 0.415625 0.00967645 0.40488268125 0.0098014484375
0 0.42351140000000004 0.015315025 0.425 0.015280378124999999 0.425 0.00820595625 0.42330569531249995 0.0082453921875 0.42351140000000004 0.015315025
0 0.42583632812500005 0.0064803312500000005 0.42580130625 0.0125 0.4265625 0.0125 0.4265625 0.006497232812500001 0.42583632812500005 0.0064803312500000005
0 0.43007276718750004 0.005961124999999999 0.42998590468750003 0.0109375 0.43125 0.0109375 0.43125 0.0059542765625 0.43007276718750004 0.005961124999999999
0 0.43341679843750003 0.007336951562500001 0.43322389218749996 0.015625 0.4385679609375 0.015625 0.43875942031250004 0.00739911875 0.43341679843750003 0.007336951562500001
0 0.3730160171875 0 0.37317965000000003 0.0140625 0.375 0.0140625 0.375 0 0.3730160171875 0
0 0.3850791515625 0.0037231453125 0.3847657640625 0.0171875 0.39026091093750004 0.0171875 0.39057206718750004 0.0038190234375 0.3850791515625 0.0037231453125
0 0.3950508015625 0.0039889625 0.3950508015625 0.015625 0.396875 0.015625 0.396875 0.0040101890625 0.3950508015625 0.0039889625
0 0.39078645624999997 0.0040670921875 0.390826428125 0.0109375 0.3953125 0.0109375 0.3953125 0.0040407609375 0.39078645624999997 0.0040670921875
0 0.3396724984375 0.000987384375 0.339739478125 0.0125 0.3421875 0.0125 0.3421875 0.001045921875 0.3396724984375 0.000987384375
0 0.3324740296875 0 0.3325285765625 0.003125 0.3390625 0.003125 0.3390625 0 0.3324740296875 0
0 0.16396729375000002 0.0005397796875000001 0.16405191875 0.0078125 0.1671875 0.0078125 0.1671875 0.0005210453125 0.16396729375000002 0.0005397796875000001
0 0.0167779390625 0.027401439062499998 0.016278624999999998 0.0703125 0.028125 0.0703125 0.028125 0.027731606250000002 0.0167779390625 0.027401439062499998
0 0.3078125 0.1921875 0.28673341875 0.1921875 0.2813597953125 0.192281296875 0.2835396671875 0.2859375 0.3078125 0.2859375 0.3078125 0.1921875
0 0.728212840625 0.2261798609375 0.728212840625 0.2515625 0.746795203125 0.2515625 0.746795203125 0.2258555046875 0.728212840625 0.2261798609375
0 0.3671875 1 0.3671875 0.9254859218749999 0.3400975125 0.9261164484375 0.3422473046875 1 0.3671875 1
0 0.15684692656250002 0.906527409375 0.1573543734375 0.99375 0.2015625 0.99375 0.2015625 0.907307921875 0.15684692656250002 0.906527409375
0 0.0578125 0.684663040625 0.0452647859375 0.6848090453125 0.04375 0.7368688796875 0.04375 0.759375 0.057101846874999994 0.759375 0.0578125 0.7349514203125 0.0578125 0.684663040625
0 0.0518008109375 0.6802466703125 0.0540577453125 0.7578125 0.0640625 0.7578125 0.0640625 0.6800326421875 0.0518008109375 0.6802466703125
0 0.40256757812500005 0.8265625 0.40237666250000004 0.8375 0.4109375 0.8375 0.4109375 0.8265625 0.40256757812500005 0.8265625
0 0.3559318609375 0.8254832421874999 0.3554220984375 0.8546875 0.371875 0.8546875 0.371875 0.8253904875 0.3559318609375 0.8254832421874999
0 0.2292414859375 0.7231660125 0.22854418124999998 0.753125 0.246875 0.753125 0.246875 0.7232686015625001 0.2292414859375 0.7231660125
0 0.45007763437500004 0.6411106890625 0.45009298906249995 0.64375 0.4515625 0.64375 0.4515625 0.64110205 0.45007763437500004 0.6411106890625
0 0.1281482421875 0.6746358171875 0.1285091546875 0.6953125 0.1421875 0.6953125 0.1421875 0.6745541390625001 0.1281482421875 0.6746358171875
0 0.14609757343750002 0.64684060625 0.14609757343750002 0.65625 0.153125 0.65625 0.153125 0.646963271875 0.14609757343750002 0.64684060625
0 0.0934072953125 0.6820425078125 0.0851417578125 0.6820425078125 0.08480958125 0.6963141734375 0.09307511874999999 0.6963141734375 0.0934072953125 0.6820425078125
0 0.263644778125 0.7756321890625 0.2638192359375 0.790625 0.26875 0.790625 0.26875 0.775661890625 0.263644778125 0.7756321890625
0 0.309375 0.7697014859375 0.30928974375 0.766771415625 0.2956304828125 0.76693035625 0.29682003125 0.8078125 0.309375 0.8078125 0.309375 0.7697014859375
0 0.3265625 0.8125 0.3265625 0.794052834375 0.31910843125 0.7940962015624999 0.31875 0.809495884375 0.31875 0.8125 0.3265625 0.8125
0 0.059375 0.673300834375 0.05883751875 0.6548287937499999 0.0492377390625 0.6549404984375 0.049957803125 0.6796875 0.059375 0.6796875 0.059375 0.673300834375
0 0.0927570265625 0.6390625 0.0928661296875 0.64375 0.096875 0.64375 0.096875 0.6390625 0.0927570265625 0.6390625
0 0.1055756578125 0.64149049375 0.1055756578125 0.6484375 0.1078125 0.6484375 0.1078125 0.6415035078125 0.1055756578125 0.64149049375
