0 0.30124781875 0.6654054984375 0.30875145625 0.6654054984375 0.30875145625 0.6478221750000001 0.30124781875 0.6478221750000001 0.30124781875 0.6654054984375
0 0.26805365000000003 0.5640493578125 0.26805365000000003 0.6026672921875 0.2761789640625 0.6026672921875 0.2761789640625 0.56969243125 0.2761789640625 0.5640493578125 0.26805365000000003 0.5640493578125
0 0.3334744953125 0.6192269625 0.3390127671875 0.6192269625 0.3390127671875 0.587638296875 0.3334744953125 0.587638296875 0.3334744953125 0.6192269625
0 0.3674639109375 0.58583114375 0.3721899046875 0.58583114375 0.3721899046875 0.5780857671875 0.3674639109375 0.5780857671875 0.3674639109375 0.58583114375
0 0.409893490625 0.631350846875 0.422077690625 0.631350846875 0.422077690625 0.6096900468750001 0.409893490625 0.6096900468750001 0.409893490625 0.631350846875
0 0.256399134375 0.6902440703125 0.271398621875 0.6902440703125 0.271398621875 0.649219828125 0.256399134375 0.649219828125 0.256399134375 0.6902440703125
0 0.2921671453125 0.6726036468750001 0.300589934375 0.6726036468750001 0.300589934375 0.6490147078125 0.2921671453125 0.6490147078125 0.2921671453125 0.6726036468750001
0 0.2880562578125 0.6031852625 0.2961689609375 0.6031852625 0.2961689609375 0.56825055625 0.2880562578125 0.56825055625 0.2880562578125 0.6031852625
0 0.2750955453125 0.6059262703125 0.2834398765625 0.6059262703125 0.2834398765625 0.5687747171875001 0.2750955453125 0.5687747171875001 0.2750955453125 0.6059262703125
0 0.0183020140625 0.0915051015625 0.1420920515625 0.0915051015625 0.1420920515625 0.034042071875 0.0183020140625 0.034042071875 0.0183020140625 0.0915051015625
0 0.403912128125 0.43059354218749996 0.40551896562499995 0.43059354218749996 0.40551896562499995 0.4251323953125 0.403912128125 0.4251323953125 0.403912128125 0.43059354218749996
0 0.40877990000000003 0.42950131249999995 0.4105285171875 0.42950131249999995 0.4105285171875 0.4256365015625 0.40877990000000003 0.4256365015625 0.40877990000000003 0.42950131249999995
0 0.41393123281250005 0.428829171875 0.41525450937499997 0.428829171875 0.41525450937499997 0.4242082015625 0.41393123281250005 0.4242082015625 0.41393123281250005 0.428829171875
0 0.4205003625 0.4308455953125 0.4223434984375 0.4308455953125 0.4223434984375 0.42504837812499996 0.4205003625 0.42504837812499996 0.4205003625 0.4308455953125
0 0.43348640937500005 0.43296628281249994 0.43469626406249995 0.43296628281249994 0.43469626406249995 0.42887966562499996 0.43348640937500005 0.42887966562499996 0.43348640937500005 0.43296628281249994
0 0.42976610937500004 0.4308154328125 0.43149015156250003 0.4308154328125 0.43149015156250003 0.425169446875 0.42976610937500004 0.425169446875 0.42976610937500004 0.4308154328125
0 0.431701875 0.4308154328125 0.43348640937500005 0.4308154328125 0.43348640937500005 0.4252769890625 0.431701875 0.4252769890625 0.431701875 0.4308154328125
0 0.42780009531249996 0.43210594375 0.4296148765625 0.43210594375 0.4296148765625 0.4260297875 0.42780009531249996 0.4260297875 0.42780009531249996 0.43210594375
0 0.4427715671875 0.42898838437500003 0.4456071625 0.42898838437500003 0.4456071625 0.4241153609375 0.4427715671875 0.4241153609375 0.4427715671875 0.42898838437500003
0 0.45955770312500005 0.42487204375000004 0.46132995 0.42487204375000004 0.46132995 0.418570721875 0.45955770312500005 0.418570721875 0.45955770312500005 0.42487204375000004
0 0.46723744062500006 0.42266658125 0.46906876249999996 0.42266658125 0.46906876249999996 0.41773054531250003 0.46723744062500006 0.41773054531250003 0.46723744062500006 0.42266658125
0 0.417735240625 0.429423446875 0.4205003625 0.429423446875 0.4205003625 0.42559224218749997 0.417735240625 0.42559224218749997 0.417735240625 0.429423446875
0 0.4780744765625 0.4344608609375 0.4804847328125 0.4344608609375 0.4804847328125 0.43093211875000004 0.4780744765625 0.43093211875000004 0.4780744765625 0.4344608609375
0 0.10300543437500001 0.7817621203125 0.131752325 0.7817621203125 0.131752325 0.7281012578125 0.10300543437500001 0.7281012578125 0.10300543437500001 0.7817621203125
0 0.1537916078125 0.7161766218750001 0.1370225890625 0.7161766218750001 0.1370225890625 0.76302340625 0.1537916078125 0.76302340625 0.1537916078125 0.7161766218750001
