0 0.0906252125 0.221875 0.0904031640625 0.2218814609375 0.0904937796875 0.2374570640625 0.1 0.23718046093749998 0.1 0.221875 0.0906252125 0.221875
0 0.3561951609375 0.26287760625 0.3563907609375 0.2796875 0.3625 0.2796875 0.3625 0.263024353125 0.3561951609375 0.26287760625
0 0.3773000765625 0.2324344953125 0.3773772015625 0.2390625 0.3796875 0.2390625 0.3796875 0.2325039625 0.3773000765625 0.2324344953125
0 0.441329328125 0.275231940625 0.4411320328125 0.2921875 0.4453125 0.2921875 0.4453125 0.27532465 0.441329328125 0.275231940625
0 0.44819038125 0.2979773 0.453125 0.29783371718749996 0.453125 0.278657509375 0.44807883750000005 0.2788043375 0.44819038125 0.2979773
0 0.46797960468750005 0.2079850546875 0.46789879531249995 0.221875 0.4734375 0.221875 0.4734375 0.2079850546875 0.46797960468750005 0.2079850546875
0 0.5336993062500001 0.0296875 0.5332992640625001 0.046875 0.5421875 0.046875 0.5421875 0.0296875 0.5336993062500001 0.0296875
0 0.5286104984375 0.015705895312500003 0.5289090937500001 0.0328125 0.5359375 0.0328125 0.5359375 0.0158764328125 0.5286104984375 0.015705895312500003
0 0.565625 0.36875 0.565625 0.3388781609375 0.5504042546875 0.339321040625 0.55 0.3566894640625 0.55 0.36875 0.565625 0.36875
0 0.5489113453125001 0.31144118125000003 0.548823371875 0.3265625 0.5578125 0.3265625 0.5578125 0.3116483578125 0.5489113453125001 0.31144118125000003
0 0.5413838171875 0.2477167375 0.541153046875 0.2609375 0.546875 0.2609375 0.546875 0.2478125859375 0.5413838171875 0.2477167375
0 0.5609354375 0.202263615625 0.5609354375 0.21875 0.571875 0.21875 0.571875 0.202454565625 0.5609354375 0.202263615625
0 0.558431428125 0.21875 0.557885859375 0.2375 0.566777234375 0.2375 0.5671875 0.2234000703125 0.5671875 0.2188283640625 0.5604530203125 0.21875 0.558431428125 0.21875
0 0.589335203125 0.1831508859375 0.5890411 0.2 0.59375 0.2 0.59375 0.1832536421875 0.589335203125 0.1831508859375
0 0.5930361109375 0.1875 0.5930361109375 0.2078125 0.6 0.2078125 0.6 0.1875 0.5930361109375 0.1875
0 0.590625 0.05349119375 0.5828125 0.0533548265625 0.5828125 0.0671875 0.590625 0.0671875 0.590625 0.05349119375
0 0.59375 0.0443605953125 0.584375 0.0440878109375 0.584375 0.0608193875 0.5884342703125001 0.0609375 0.59375 0.0609375 0.59375 0.0443605953125
0 0.5917266046874999 0 0.591981178125 0.0109375 0.6078125 0.0109375 0.6078125 0 0.5917266046874999 0
0 0.9639949984375 0.9667981734375001 0.9734375 0.9665234250000001 0.9734375 0.8829301078124999 0.9635087484374999 0.8832190046874999 0.9639949984375 0.9667981734375001
0 0.9465046703125001 0.8768657078125 0.947446571875 0.9578125 0.965625 0.9578125 0.965625 0.877422053125 0.9465046703125001 0.8768657078125
