0 0.315625 0.0593083625 0.3134990046875 0.0593083625 0.31183659375 0.0593083625 0.31194724687500003 0.0640625 0.315625 0.0640625 0.315625 0.0593083625
0 0.2907125296875 0.04237774375 0.28888552968750003 0.042409634375 0.288753225 0.0499892984375 0.2921875 0.049929353125 0.2921875 0.042351998437499996 0.2907125296875 0.04237774375
0 0.314027034375 0.2168986328125 0.31417183125000003 0.221875 0.315625 0.221875 0.315625 0.21693582500000003 0.314027034375 0.2168986328125
0 0.30240853749999996 0.293484990625 0.30259654375 0.3015625 0.3046875 0.3015625 0.3046875 0.2934717328125 0.30240853749999996 0.293484990625
0 0.253125 0.067578071875 0.25 0.067596253125 0.25 0.0734375 0.253125 0.0734375 0.253125 0.067578071875
0 0.2933752 0.44181402500000005 0.296875 0.441895484375 0.296875 0.432156934375 0.29343185 0.43207679375 0.2933752 0.44181402500000005
0 0.2765625 0.39267167812500003 0.271875 0.3926171328125 0.271875 0.3984375 0.2765625 0.3984375 0.2765625 0.39267167812500003
0 0.27322656562500003 0.3495697125 0.27326543124999997 0.35625 0.278125 0.35625 0.278125 0.349683725 0.27322656562500003 0.3495697125
0 0.304153675 0.3488280703125 0.304103675 0.353125 0.30625 0.353125 0.30625 0.348803678125 0.304153675 0.3488280703125
0 0.2987225625 0.3201755859375 0.2986110796875 0.3265625 0.30434575937499997 0.3265625 0.3044554953125 0.32027565468749997 0.2987225625 0.3201755859375
0 0.298617065625 0.3096859640625 0.2987480046875 0.3171875 0.303125 0.3171875 0.303125 0.30973841874999997 0.298617065625 0.3096859640625
0 0.3 0.303125 0.3 0.29375 0.2953313015625 0.29375 0.2953125 0.2969815984375 0.2953125 0.303125 0.3 0.303125
0 0.27154466875 0.315325103125 0.2717698546875 0.325 0.28125 0.325 0.28125 0.3153815671875 0.27154466875 0.315325103125
0 0.277695534375 0.2512382609375 0.277695534375 0.2578125 0.2828125 0.2578125 0.2828125 0.2512382609375 0.277695534375 0.2512382609375
0 0.2743047046875 0.24651386562500002 0.27433407656250003 0.2515625 0.2812131328125 0.2515625 0.28118422656250003 0.2465939171875 0.2743047046875 0.24651386562500002
0 0.2506782484375 0.24018788125 0.250756059375 0.246875 0.2561773875 0.246875 0.2560984765625 0.2400932703125 0.2506782484375 0.24018788125
0 0.280928878125 0.2354249140625 0.280928878125 0.2421875 0.2859375 0.2421875 0.2859375 0.235512340625 0.280928878125 0.2354249140625
0 0.284375 0.228431628125 0.278125 0.228358903125 0.278125 0.2302972390625 0.2782891140625 0.2359375 0.284375 0.2359375 0.284375 0.228431628125
0 0.2639268796875 0.228125 0.2639996046875 0.234375 0.26875 0.234375 0.26875 0.228125 0.2639268796875 0.228125
0 0.31875 0.2340488671875 0.3167035828125 0.23400123593750002 0.3167646546875 0.2375 0.31875 0.2375 0.31875 0.2340488671875
0 0.0882105125 0.19651975625 0.0880406703125 0.20625 0.09375 0.20625 0.09375 0.19651975625 0.0882105125 0.19651975625
0 0.244165853125 0.21291434062499998 0.243957290625 0.221875 0.2484375 0.221875 0.2484375 0.21303863281250002 0.244165853125 0.21291434062499998
0 0.1984375 0.223550115625 0.19267085625 0.223483015625 0.1931059984375 0.2421785 0.19387946875 0.2421875 0.1984375 0.2421875 0.1984375 0.223550115625
0 0.27020991250000004 0.1948788765625 0.2701528484375 0.2046875 0.2765625 0.2046875 0.2765625 0.19473101875 0.27020991250000004 0.1948788765625
0 0.2883247859375 0.1802543890625 0.28815614375 0.1875 0.290625 0.1875 0.290625 0.1802276234375 0.2883247859375 0.1802543890625
0 0.27296191406250003 0.170819 0.27303489375 0.175 0.275 0.175 0.275 0.170842715625 0.27296191406250003 0.170819
0 0.251039434375 0.12307647656250001 0.2509918828125 0.13125 0.2546875 0.13125 0.2546875 0.12307647656250001 0.251039434375 0.12307647656250001
0 0.10227736093749999 0.0667659671875 0.1018559171875 0.08125 0.1140625 0.08125 0.1140625 0.06683453125 0.10227736093749999 0.0667659671875
0 0.06785103125 0.0484375 0.0661230984375 0.04845760625 0.0665318515625 0.071875 0.071875 0.071875 0.071875 0.0606765609375 0.071661365625 0.0484375 0.06785103125 0.0484375
0 0.0904449515625 0.0419165515625 0.096875 0.0420287875 0.096875 0.031889959375 0.090208871875 0.031773601562499997 0.0904449515625 0.0419165515625
0 0.299025846875 0.34814871406250003 0.3015625 0.348192990625 0.3015625 0.3429678765625 0.2991170234375 0.34292519062500004 0.299025846875 0.34814871406250003
0 0.3129469421875 0.4009085296875 0.31285370625 0.40625 0.316655275 0.40625 0.316749284375 0.40086428593749995 0.3129469421875 0.4009085296875
0 0.2936407265625 0.2890625 0.29377711875 0.29375 0.296875 0.29375 0.296875 0.2890625 0.2936407265625 0.2890625
0 0.2770008484375 0.2773638890625 0.27715049999999997 0.2859375 0.28125 0.2859375 0.28125 0.2774133328125 0.2770008484375 0.2773638890625
0 0.2714407171875 0.2194123046875 0.27139911875 0.2265625 0.2765625 0.2265625 0.2765625 0.2194123046875 0.2714407171875 0.2194123046875
0 0.628849440625 0.374529253125 0.62880125 0.3828125 0.63125 0.3828125 0.63125 0.3745152875 0.628849440625 0.374529253125
0 0.6484375 0.46875 0.6484375 0.462971503125 0.643005965625 0.4630663109375 0.6430721015625 0.46875 0.6484375 0.46875
0 0.6495261796875 0.432031175 0.649680721875 0.4453125 0.653125 0.4453125 0.653125 0.4319893 0.6495261796875 0.432031175
0 0.613807684375 0.3378351921875 0.6136771671875 0.3453125 0.615625 0.3453125 0.615625 0.33782461874999997 0.613807684375 0.3378351921875
0 0.6183833 0.359273940625 0.6182730359375 0.36875 0.6234375 0.36875 0.6234375 0.35930334531249997 0.6183833 0.359273940625
0 0.615625 0.35603425624999996 0.6171875 0.3559978890625 0.6171875 0.3487805859375 0.615625 0.348816953125 0.615625 0.35603425624999996
0 0.5992045 0.31174930624999997 0.59904155625 0.31875 0.6015625 0.31875 0.6015625 0.31173558749999997 0.5992045 0.31174930624999997
0 0.630940615625 0.353440965625 0.6308370375 0.359375 0.6328125 0.359375 0.6328125 0.353408290625 0.630940615625 0.353440965625
0 0.6359375 0.3543356515625 0.634375 0.354353834375 0.634375 0.3609375 0.6359375 0.3609375 0.6359375 0.3543356515625
0 0.640625 0.3618259953125 0.6393471859375 0.3618557375 0.6392249156250001 0.367108984375 0.6392230875 0.3671875 0.640625 0.3671875 0.640625 0.3618259953125
0 0.654786428125 0.3977343109375 0.6548450609375001 0.4078125 0.6578125 0.4078125 0.6578125 0.39778713125 0.654786428125 0.3977343109375
0 1 0 0.906104340625 0 0.9061588875 0.003125 1 0.003125 1 0
0 0.6650275156250001 0.39982980156250003 0.6646699890625 0.4203125 0.6890625 0.4203125 0.6890625 0.39927038125 0.6650275156250001 0.39982980156250003
0 0.6890625 0.46875 0.6890625 0.42253160312500004 0.6579621906249999 0.42216971875000003 0.6579621906249999 0.46875 0.6890625 0.46875
0 0.65402283125 0.410482840625 0.6540618359374999 0.4171875 0.6578125 0.4171875 0.6578125 0.4104166921875 0.65402283125 0.410482840625
0 0.590625 0.2984375 0.590625 0.2907240515625 0.5890625 0.2906876828125 0.5890625 0.292107865625 0.5891357562499999 0.2984035359375 0.5905949671874999 0.2984375 0.590625 0.2984375
0 0.1687874140625 0.7740423109375 0.1673252 0.8578125 0.199315553125 0.8578125 0.2 0.81860055 0.2 0.7745871296875 0.1687874140625 0.7740423109375
