0 0.06546895625 0.218016684375 0.0672228984375 0.36875 0.103125 0.36875 0.103125 0.2182357609375 0.06546895625 0.218016684375
0 0.10423763906250001 0.0664628578125 0.1034206859375 0.1015625 0.115625 0.1015625 0.115625 0.0665291078125 0.10423763906250001 0.0664628578125
0 0.1394651375 0.0805266625 0.1397056953125 0.121875 0.1546389921875 0.121875 0.154398434375 0.0805266625 0.1394651375 0.0805266625
0 0.3109375 0.0463700359375 0.3015625 0.046151831250000004 0.3015625 0.078125 0.3109375 0.078125 0.3109375 0.0463700359375
0 0.2404451625 0.994014946875 0.2889796734375 0.994014946875 0.2889796734375 0.9313700109374998 0.2404451625 0.9313700109374998 0.2404451625 0.994014946875
0 0.5983362953125 0.7437233296875 0.6084696828125 0.7437233296875 0.6084696828125 0.719891409375 0.5983362953125 0.719891409375 0.5983362953125 0.7437233296875
0 0.581559909375 0.7465270828125 0.596872584375 0.7465270828125 0.596872584375 0.7190903375 0.581559909375 0.7190903375 0.581559909375 0.7465270828125
0 0.49463796406249994 0.75433754375 0.5095002656250001 0.75433754375 0.5095002656250001 0.7343107234375 0.49463796406249994 0.7343107234375 0.49463796406249994 0.75433754375
0 0.5629820328124999 0.7385163546875 0.5753672843750001 0.7385163546875 0.5753672843750001 0.71188068125 0.5629820328124999 0.71188068125 0.5629820328124999 0.7385163546875
0 0.5446293421874999 0.744324134375 0.5635449984374999 0.744324134375 0.5635449984374999 0.7176884609374999 0.5446293421874999 0.7176884609374999 0.5446293421874999 0.744324134375
0 0.5330322437499999 0.7277018703125 0.54947085 0.7277018703125 0.54947085 0.7094774625 0.5330322437499999 0.7094774625 0.5330322437499999 0.7277018703125
0 0.5203092125000001 0.702468075 0.5304426 0.702468075 0.5304426 0.6706254281249999 0.5203092125000001 0.6706254281249999 0.5203092125000001 0.702468075
0 0.5455300875 0.70447075625 0.5534116109375 0.70447075625 0.5534116109375 0.66501791875 0.5455300875 0.66501791875 0.5455300875 0.70447075625
0 0.56467093125 0.7082758531250001 0.5759302500000001 0.7082758531250001 0.5759302500000001 0.6926549312500001 0.56467093125 0.6926549312500001 0.56467093125 0.7082758531250001
0 0.5376485640625 0.689450640625 0.5465434265625 0.689450640625 0.5465434265625 0.65720745625 0.5376485640625 0.65720745625 0.5376485640625 0.689450640625
0 0.554875321875 0.6970608328125 0.56196869375 0.6970608328125 0.56196869375 0.6738297203125 0.554875321875 0.6738297203125 0.554875321875 0.6970608328125
0 0.56196869375 0.6970608328125 0.5695124375 0.6970608328125 0.5695124375 0.6746307921875 0.56196869375 0.6746307921875 0.56196869375 0.6970608328125
0 0.5737909796875 0.6968605640625001 0.5826858421875001 0.6968605640625001 0.5826858421875001 0.6734291828125001 0.5737909796875 0.6734291828125001 0.5737909796875 0.6968605640625001
0 0.5417570875 0.64527870625 0.54907564375 0.64527870625 0.54907564375 0.6256524203125 0.5417570875 0.6256524203125 0.5417570875 0.64527870625
0 0.4943773078125 0.6727815406250001 0.4994214828125 0.6727815406250001 0.4994214828125 0.6334328421875 0.4943773078125 0.6334328421875 0.4943773078125 0.6727815406250001
0 0.5030244640625 0.6511205296875 0.5094377734375 0.6511205296875 0.5094377734375 0.6194621296875 0.5030244640625 0.6194621296875 0.5030244640625 0.6511205296875
0 0.4083084171875 0.80090346875 0.4168936484375 0.80090346875 0.4168936484375 0.7873853640625 0.4083084171875 0.7873853640625 0.4083084171875 0.80090346875
0 0.416471425 0.7165404796875 0.4278714859375 0.7165404796875 0.4278714859375 0.6870009171875 0.416471425 0.6870009171875 0.416471425 0.7165404796875
0 0.4253381375 0.7440773609375 0.4412419265625 0.7440773609375 0.4412419265625 0.719544503125 0.4253381375 0.719544503125 0.4253381375 0.7440773609375
0 0.40673211406250004 0.6876517875 0.415626975 0.6876517875 0.415626975 0.6698279171875 0.40673211406250004 0.6698279171875 0.40673211406250004 0.6876517875
0 0.4710228265625 0.66241799375 0.4786791640625 0.66241799375 0.4786791640625 0.6265699812500001 0.4710228265625 0.6265699812500001 0.4710228265625 0.66241799375
0 0.458052090625 0.6618572421875 0.46552827812500003 0.6618572421875 0.46552827812500003 0.6326981890625 0.458052090625 0.6326981890625 0.458052090625 0.6618572421875
0 0.42130167343749997 0.6576916625 0.42940838281250004 0.6576916625 0.42940838281250004 0.6294938968749999 0.42130167343749997 0.6294938968749999 0.42130167343749997 0.6576916625
0 0.418959734375 0.6336594765625 0.42823741249999997 0.6336594765625 0.42823741249999997 0.6077047140625 0.418959734375 0.6077047140625 0.418959734375 0.6336594765625
0 0.3819390921875 0.6471175015625 0.391036621875 0.6471175015625 0.391036621875 0.617157375 0.3819390921875 0.617157375 0.3819390921875 0.6471175015625
0 0.34410777812500004 0.6713099015624999 0.350683221875 0.6713099015624999 0.350683221875 0.6351014078125 0.34410777812500004 0.6351014078125 0.34410777812500004 0.6713099015624999
0 0.3674370890625 0.6182788765625 0.3749132765625 0.6182788765625 0.3749132765625 0.59248433125 0.3674370890625 0.59248433125 0.3674370890625 0.6182788765625
0 0.380407825 0.597931625 0.37410260625 0.597931625 0.37410260625 0.6176380187499999 0.380407825 0.6176380187499999 0.380407825 0.597931625
0 0.324111228125 0.69950766875 0.3313171921875 0.69950766875 0.3313171921875 0.6580120921875 0.324111228125 0.6580120921875 0.324111228125 0.69950766875
0 0.3281645828125 0.746130109375 0.33573084531249997 0.746130109375 0.33573084531249997 0.72273878125 0.3281645828125 0.72273878125 0.3281645828125 0.746130109375
0 0.3363613671875 0.7115237609375 0.34491845 0.7115237609375 0.34491845 0.689253934375 0.3363613671875 0.689253934375 0.3363613671875 0.7115237609375
0 0.3218593640625 0.7493344015625001 0.3271737625 0.7493344015625001 0.3271737625 0.7395613109375001 0.3218593640625 0.7395613109375001 0.3218593640625 0.7493344015625001
0 0.2436102609375 0.7656310703125 0.25261771718750003 0.7656310703125 0.25261771718750003 0.7498599484375 0.2436102609375 0.7498599484375 0.2436102609375 0.7656310703125
0 0.1860413609375 0.7784181968749999 0.19432822031250002 0.7784181968749999 0.19432822031250002 0.76463974375 0.1860413609375 0.76463974375 0.1860413609375 0.7784181968749999
0 0.17542337187499998 0.7795909671875 0.1849352453125 0.7795909671875 0.1849352453125 0.76421036875 0.17542337187499998 0.76421036875 0.17542337187499998 0.7795909671875
0 0.1522345796875 0.7733153640625 0.1647324234375 0.7733153640625 0.1647324234375 0.7456783484375 0.1522345796875 0.7456783484375 0.1522345796875 0.7733153640625
0 0.3552823296875 0.677696675 0.3617001421875 0.677696675 0.3617001421875 0.6638781671875 0.3552823296875 0.6638781671875 0.3552823296875 0.677696675
0 0.3233328859375 0.64295414375 0.33082708906249997 0.64295414375 0.33082708906249997 0.6155254078125 0.3233328859375 0.6155254078125 0.3233328859375 0.64295414375
0 0.2708053453125 0.69367056875 0.28038927812500003 0.69367056875 0.28038927812500003 0.658295190625 0.2708053453125 0.658295190625 0.2708053453125 0.69367056875
0 0.2825378375 0.6862401171875 0.29154529375 0.6862401171875 0.29154529375 0.6594842828124999 0.2825378375 0.6594842828124999 0.2825378375 0.6862401171875
0 0.234800434375 0.706076684375 0.244821228125 0.706076684375 0.244821228125 0.6628187484375 0.234800434375 0.6628187484375 0.234800434375 0.706076684375
0 0.2016719984375 0.7080305499999999 0.2095084859375 0.7080305499999999 0.2095084859375 0.67086076875 0.2016719984375 0.67086076875 0.2016719984375 0.7080305499999999
0 0.1901424546875 0.7069090484375 0.2003208796875 0.7069090484375 0.2003208796875 0.6707005546875 0.1901424546875 0.6707005546875 0.1901424546875 0.7069090484375
0 0.20852188749999997 0.6954310765624999 0.2157278515625 0.6954310765624999 0.2157278515625 0.6563643531250001 0.20852188749999997 0.6563643531250001 0.20852188749999997 0.6954310765624999
0 0.22045496406249998 0.6522628609375001 0.21273017031250002 0.6522628609375001 0.21273017031250002 0.6900991359375 0.22045496406249998 0.6900991359375 0.22045496406249998 0.6522628609375001
0 0.26512341250000004 0.6347357453125 0.2729599 0.6347357453125 0.2729599 0.6071788359375 0.26512341250000004 0.6071788359375 0.26512341250000004 0.6347357453125
0 0.16254735468749998 0.6928210375 0.1712845875 0.6928210375 0.1712845875 0.6659049890625 0.16254735468749998 0.6659049890625 0.16254735468749998 0.6928210375
0 0.12438389218749998 0.7157417359375 0.131049409375 0.7157417359375 0.131049409375 0.701642853125 0.12438389218749998 0.701642853125 0.12438389218749998 0.7157417359375
0 0.11096278281250001 0.7149406640625 0.12006031406249999 0.7149406640625 0.12006031406249999 0.6942729828124999 0.11096278281250001 0.6942729828124999 0.11096278281250001 0.7149406640625
0 0.1418663078125 0.6795222265625 0.15209877656249998 0.6795222265625 0.15209877656249998 0.6406862125 0.1418663078125 0.6406862125 0.1418663078125 0.6795222265625
0 0.180379146875 0.6465841125 0.18862277031250002 0.6465841125 0.18862277031250002 0.6215650046875 0.180379146875 0.6215650046875 0.180379146875 0.6465841125
0 0.06276694375 0.7133269015625 0.074656784375 0.7133269015625 0.074656784375 0.6962800703124999 0.06276694375 0.6962800703124999 0.06276694375 0.7133269015625
0 0.047202059375 0.710891640625 0.056353634374999996 0.710891640625 0.056353634374999996 0.6880770843749999 0.047202059375 0.6880770843749999 0.047202059375 0.710891640625
0 0.036321053125 0.718197425 0.0465535234375 0.718197425 0.0465535234375 0.6889742875 0.036321053125 0.6889742875 0.036321053125 0.718197425
0 0.008916996875 0.7502203140624999 0.016483259375 0.7502203140624999 0.016483259375 0.7347115421874999 0.008916996875 0.7347115421874999 0.008916996875 0.7502203140624999
0 0.0187891671875 0.7459906484375 0.030967246875 0.7459906484375 0.030967246875 0.731635421875 0.0187891671875 0.731635421875 0.0187891671875 0.7459906484375
0 0.015402364062500002 0.730481878125 0.028661339062500003 0.730481878125 0.028661339062500003 0.7159984796875 0.015402364062500002 0.7159984796875 0.015402364062500002 0.730481878125
0 0.0288775171875 0.7215098624999999 0.0361555421875 0.7215098624999999 0.0361555421875 0.711512471875 0.0288775171875 0.711512471875 0.0288775171875 0.7215098624999999
0 0.0832518140625 0.6652037625 0.09456517812500001 0.6652037625 0.09456517812500001 0.6446962968750001 0.0832518140625 0.6446962968750001 0.0832518140625 0.6652037625
0 0.09658284843750001 0.6644347328125 0.10868886874999999 0.6644347328125 0.10868886874999999 0.6370059968749999 0.09658284843750001 0.6370059968749999 0.09658284843750001 0.6644347328125
0 0.0838332171875 0.6282597828125 0.0932910453125 0.6282597828125 0.0932910453125 0.60983510625 0.0838332171875 0.60983510625 0.0838332171875 0.6282597828125
0 0.0436275953125 0.6488523640625 0.052274753125 0.6488523640625 0.052274753125 0.632190046875 0.0436275953125 0.632190046875 0.0436275953125 0.6488523640625
0 0.03110723125 0.649012578125 0.039033793750000004 0.649012578125 0.039033793750000004 0.6325104765624999 0.03110723125 0.6325104765624999 0.03110723125 0.649012578125
0 0.012020434375 0.630648984375 0.019802875 0.630648984375 0.019802875 0.610782375 0.012020434375 0.610782375 0.012020434375 0.630648984375
0 0 0.6935091718749999 0.0040783921875 0.6935091718749999 0.0040783921875 0.6699255859375001 0 0.6699255859375001 0 0.6935091718749999
0 0.058970214062500005 0.7179299234375 0.0523639125 0.7179299234375 0.0523639125 0.7332476046874999 0.058970214062500005 0.7332476046874999 0.058970214062500005 0.7179299234375
0 0.11891460312499999 0.7099782421875 0.112343034375 0.7099782421875 0.112343034375 0.73232443125 0.11891460312499999 0.73232443125 0.11891460312499999 0.7099782421875
0 0.094048159375 0.6636015046875 0.08710210625 0.6636015046875 0.08710210625 0.7073269828125 0.094048159375 0.7073269828125 0.094048159375 0.6636015046875
0 0.1041350359375 0.680683446875 0.099121796875 0.680683446875 0.099121796875 0.7033519390625 0.1041350359375 0.7033519390625 0.1041350359375 0.680683446875
0 0.1640271421875 0.6900349546875 0.15600596093750002 0.6900349546875 0.15600596093750002 0.7086854296875 0.1640271421875 0.7086854296875 0.1640271421875 0.6900349546875
0 0.23003149218750002 0.7601834765625 0.237298421875 0.7601834765625 0.237298421875 0.7514544953125 0.23003149218750002 0.7514544953125 0.23003149218750002 0.7601834765625
0 0.3153471421875 0.744404165625 0.3113833625 0.744404165625 0.3113833625 0.7516223609375 0.3153471421875 0.7516223609375 0.3153471421875 0.744404165625
0 0.609375 0.680381671875 0.6038625640624999 0.680381671875 0.6038625640624999 0.7055614234375 0.609375 0.7055614234375 0.609375 0.680381671875
0 0.6011492625 0.7032532796875 0.6059860171875 0.7032532796875 0.6059860171875 0.6929715484375001 0.6011492625 0.6929715484375001 0.6011492625 0.7032532796875
0 0.4924992140625 0.679962009375 0.4857749453125 0.679962009375 0.4857749453125 0.7034631109375 0.4924992140625 0.7034631109375 0.4924992140625 0.679962009375
0 0.3803100765625 0.642821875 0.37382174687499997 0.642821875 0.37382174687499997 0.681011165625 0.3803100765625 0.681011165625 0.3803100765625 0.642821875
0 0.394348465625 0.6528937765625 0.3872702859375 0.6528937765625 0.3872702859375 0.684788128125 0.394348465625 0.684788128125 0.394348465625 0.6528937765625
0 0.2885296890625 0.62456655625 0.28168745 0.62456655625 0.28168745 0.6442906953125 0.2885296890625 0.6442906953125 0.2885296890625 0.62456655625
0 0.26092479062499996 0.6199502671875 0.2539645828125 0.6199502671875 0.2539645828125 0.6373662640625 0.26092479062499996 0.6373662640625 0.26092479062499996 0.6199502671875
0 0.2257698359375 0.593931190625 0.218337746875 0.593931190625 0.218337746875 0.6134454984375 0.2257698359375 0.6134454984375 0.2257698359375 0.593931190625
0 0.2080743875 0.584908446875 0.2011141796875 0.584908446875 0.2011141796875 0.6138651609375 0.2080743875 0.6138651609375 0.2080743875 0.584908446875
0 0.1390621421875 0.6501659703125 0.1311581765625 0.6501659703125 0.1311581765625 0.687306103125 0.1390621421875 0.687306103125 0.1390621421875 0.6501659703125
