0 0.9679316453125001 0.4697305796875 0.9732596749999999 0.4697305796875 0.9732596749999999 0.448720228125 0.9679316453125001 0.448720228125 0.9679316453125001 0.4697305796875
0 0.97217600625 0.43797447656250005 0.9758785359375001 0.43797447656250005 0.9758785359375001 0.4196906578125 0.97217600625 0.4196906578125 0.97217600625 0.43797447656250005
0 0.967904725 0.5 0.967904725 0.4923078109375 0.9629379171875 0.4923078109375 0.9629379171875 0.5 0.967904725 0.5
0 0.9755807000000001 0.5 0.9755807000000001 0.49150589062499994 0.971697559375 0.49150589062499994 0.971697559375 0.5 0.9755807000000001 0.5
0 0.9235840875000001 0.5 0.9235840875000001 0.4906016328125 0.9180528703124999 0.4906016328125 0.9180528703124999 0.5 0.9235840875000001 0.5
0 0.9538247906249999 0.4813733296875 0.9584484374999999 0.4813733296875 0.9584484374999999 0.4617422828125 0.9538247906249999 0.4617422828125 0.9538247906249999 0.4813733296875
0 0.9507905234375 0.4813733296875 0.954691725 0.4813733296875 0.954691725 0.46161397656250003 0.9507905234375 0.46161397656250003 0.9507905234375 0.4813733296875
0 0.979059834375 0.423652415625 0.9836256859375 0.423652415625 0.9836256859375 0.41112960468750004 0.979059834375 0.41112960468750004 0.979059834375 0.423652415625
0 0.9453072171875 0.43094028125 0.949410703125 0.43094028125 0.949410703125 0.4134904625 0.9453072171875 0.4134904625 0.9453072171875 0.43094028125
0 0.9426486203125 0.4302217609375 0.946058559375 0.4302217609375 0.946058559375 0.41523544531249995 0.9426486203125 0.41523544531249995 0.9426486203125 0.4302217609375
0 0.9191383390624999 0.41054974843750003 0.9231146750000001 0.41054974843750003 0.9231146750000001 0.3969183609375 0.9191383390624999 0.3969183609375 0.9191383390624999 0.41054974843750003
0 0.9803987859374999 0.3589175171875 0.9851849828125001 0.3589175171875 0.9851849828125001 0.3465679203125 0.9803987859374999 0.3465679203125 0.9803987859374999 0.3589175171875
0 0.9762447281250001 0.35987982343749997 0.979766646875 0.35987982343749997 0.979766646875 0.346247153125 0.9762447281250001 0.346247153125 0.9762447281250001 0.35987982343749997
0 0.9477118703125 0.35626746875 0.9515498578125001 0.35626746875 0.9515498578125001 0.3424343171875 0.9477118703125 0.3424343171875 0.9477118703125 0.35626746875
0 0.9363598546875 0.3815536796875 0.940694521875 0.3815536796875 0.940694521875 0.36904369843749996 0.9363598546875 0.36904369843749996 0.9363598546875 0.3815536796875
0 0.933470075 0.36006217500000004 0.9368113828125001 0.36006217500000004 0.9368113828125001 0.3499579609375 0.933470075 0.3499579609375 0.933470075 0.36006217500000004
0 0.934824659375 0.3364856734375 0.93861749375 0.3364856734375 0.93861749375 0.32140954375 0.934824659375 0.32140954375 0.934824659375 0.3364856734375
0 0.931212434375 0.3339195234375 0.934824659375 0.3339195234375 0.934824659375 0.32060762187499997 0.931212434375 0.32060762187499997 0.931212434375 0.3339195234375
0 0.9276002109375 0.3339195234375 0.931212434375 0.3339195234375 0.931212434375 0.32590030468750003 0.9276002109375 0.32590030468750003 0.9276002109375 0.3339195234375
0 0.927058378125 0.36134525 0.9298578515625 0.36134525 0.9298578515625 0.3505994984375 0.927058378125 0.3505994984375 0.927058378125 0.36134525
0 0.933108853125 0.36904369843749996 0.9369919937500001 0.36904369843749996 0.9369919937500001 0.361826403125 0.933108853125 0.361826403125 0.933108853125 0.36904369843749996
0 0.908954796875 0.4544274828125 0.9146440484374999 0.4544274828125 0.9146440484374999 0.43341713125 0.908954796875 0.43341713125 0.908954796875 0.4544274828125
0 0.903463440625 0.45673007656250003 0.9098931984374999 0.45673007656250003 0.9098931984374999 0.43697072343750004 0.903463440625 0.43697072343750004 0.903463440625 0.45673007656250003
0 0.8905166140624999 0.461028090625 0.896296171875 0.461028090625 0.896296171875 0.4380931265625 0.8905166140624999 0.4380931265625 0.8905166140624999 0.461028090625
0 0.8837436953125 0.45316925625 0.8880783624999999 0.45316925625 0.8880783624999999 0.4342439015625 0.8837436953125 0.4342439015625 0.8837436953125 0.45316925625
0 0.8878977515625 0.3935062734375 0.8920518093750001 0.3935062734375 0.8920518093750001 0.37939245 0.8878977515625 0.37939245 0.8878977515625 0.3935062734375
0 0.9130241546875 0.35882322968749997 0.9170698453125 0.35882322968749997 0.9170698453125 0.3475321703125 0.9130241546875 0.3475321703125 0.9130241546875 0.35882322968749997
0 0.9084005078124999 0.3580533859375 0.9117959984375 0.3580533859375 0.9117959984375 0.346249096875 0.9084005078124999 0.346249096875 0.9084005078124999 0.3580533859375
0 0.9067388843749999 0.360491228125 0.9097009078125 0.360491228125 0.9097009078125 0.3493284765625 0.9067388843749999 0.3493284765625 0.9067388843749999 0.360491228125
0 0.89879199375 0.3602346125 0.9020429937500001 0.3602346125 0.9020429937500001 0.34663401875 0.89879199375 0.34663401875 0.89879199375 0.3602346125
0 0.8939059765625 0.3580847265625 0.8973737125 0.3580847265625 0.8973737125 0.348128065625 0.8939059765625 0.348128065625 0.8939059765625 0.3580847265625
0 0.890207059375 0.37348162500000004 0.8936747953124999 0.37348162500000004 0.8936747953124999 0.361882628125 0.890207059375 0.361882628125 0.890207059375 0.37348162500000004
0 0.8817351484374999 0.5 0.8817351484374999 0.48651239999999996 0.8757382937500001 0.48651239999999996 0.8757382937500001 0.5 0.8817351484374999 0.5
0 0.874856403125 0.45174157187499997 0.8801477453125 0.45174157187499997 0.8801477453125 0.43325977968749996 0.874856403125 0.43325977968749996 0.874856403125 0.45174157187499997
0 0.8711524624999999 0.4432838015625 0.874856403125 0.4432838015625 0.874856403125 0.4266815140625 0.8711524624999999 0.4266815140625 0.8711524624999999 0.4432838015625
0 0.8663902531249998 0.44516330625 0.870270571875 0.44516330625 0.870270571875 0.42448875937499997 0.8663902531249998 0.42448875937499997 0.8663902531249998 0.44516330625
0 0.8660943046875001 0.39758326093749996 0.8690534375000001 0.39758326093749996 0.8690534375000001 0.383951871875 0.8660943046875001 0.383951871875 0.8660943046875001 0.39758326093749996
0 0.86267280625 0.3971726765625 0.865308284375 0.3971726765625 0.865308284375 0.38230953749999996 0.86267280625 0.38230953749999996 0.86267280625 0.3971726765625
0 0.8796633937500001 0.3671744859375 0.8818827437500001 0.3671744859375 0.8818827437500001 0.3577146296875 0.8796633937500001 0.3577146296875 0.8796633937500001 0.3671744859375
0 0.8716737328124999 0.3696051421875 0.8742259859375 0.3696051421875 0.8742259859375 0.359488353125 0.8716737328124999 0.359488353125 0.8716737328124999 0.3696051421875
0 0.9094438390625001 0.33386170000000004 0.9119868437499999 0.33386170000000004 0.9119868437499999 0.325321553125 0.9094438390625001 0.325321553125 0.9094438390625001 0.33386170000000004
0 0.9038492265624999 0.3312339625 0.9069470687500001 0.3312339625 0.9069470687500001 0.323514984375 0.9038492265624999 0.323514984375 0.9038492265624999 0.3312339625
0 0.8643269531249999 0.367805659375 0.8674479156250001 0.367805659375 0.8674479156250001 0.3578489984375 0.8643269531249999 0.3578489984375 0.8643269531249999 0.367805659375
0 0.8551697218750001 0.429610428125 0.8590073484375 0.429610428125 0.8590073484375 0.41343341875000006 0.8551697218750001 0.41343341875000006 0.8551697218750001 0.429610428125
0 0.850037475 0.4302673625 0.854892303125 0.4302673625 0.854892303125 0.41294071875 0.850037475 0.41294071875 0.850037475 0.4302673625
0 0.8561197890625 0.5 0.8561197890625 0.4797701984375 0.8502679859375 0.4797701984375 0.8502679859375 0.5 0.8561197890625 0.5
0 0.841725359375 0.499514015625 0.846782471875 0.499514015625 0.846782471875 0.4779583578125 0.841725359375 0.4779583578125 0.841725359375 0.499514015625
0 0.8371739578125 0.4741091328125 0.84143638125 0.4741091328125 0.84143638125 0.45422147187500006 0.8371739578125 0.45422147187500006 0.8371739578125 0.4741091328125
0 0.8451150937499999 0.46893962343749995 0.8498774484375 0.46893962343749995 0.8498774484375 0.454076484375 0.8451150937499999 0.454076484375 0.8451150937499999 0.46893962343749995
0 0.8440978906249998 0.48585568281249997 0.8502679859375 0.48585568281249997 0.8502679859375 0.4649159 0.8440978906249998 0.4649159 0.8440978906249998 0.48585568281249997
0 0.8124370125 0.4973047015625 0.8194447265625 0.4973047015625 0.8194447265625 0.47408104531250006 0.8124370125 0.47408104531250006 0.8124370125 0.4973047015625
0 0.7964709843750001 0.4926856328125 0.8034064531249999 0.4926856328125 0.8034064531249999 0.471643203125 0.7964709843750001 0.471643203125 0.7964709843750001 0.4926856328125
0 0.769469671875 0.4891566921875 0.774210715625 0.4891566921875 0.774210715625 0.4719153734375 0.769469671875 0.4719153734375 0.769469671875 0.4891566921875
0 0.746911353125 0.4679578578125 0.753774578125 0.4679578578125 0.753774578125 0.448070196875 0.746911353125 0.448070196875 0.746911353125 0.4679578578125
0 0.7462792140625 0.5 0.7462792140625 0.490892821875 0.7404996546875 0.490892821875 0.7404996546875 0.5 0.7462792140625 0.5
0 0.7538648828125 0.5 0.7538648828125 0.488968209375 0.745917990625 0.488968209375 0.745917990625 0.5 0.7538648828125 0.5
0 0.824295665625 0.4079743765625 0.8284722999999999 0.4079743765625 0.8284722999999999 0.39474266562500004 0.824295665625 0.39474266562500004 0.824295665625 0.4079743765625
0 0.8110884734375 0.395344109375 0.8154908703124999 0.395344109375 0.8154908703124999 0.38070903437500003 0.8110884734375 0.38070903437500003 0.8110884734375 0.395344109375
0 0.8053314921875 0.3730907765625 0.8091694796875 0.3730907765625 0.8091694796875 0.361863871875 0.8053314921875 0.361863871875 0.8053314921875 0.3730907765625
0 0.7943819390625 0.3750955828125 0.7982199265625 0.3750955828125 0.7982199265625 0.3560499390625 0.7943819390625 0.3560499390625 0.7943819390625 0.3750955828125
0 0.7804974546875 0.37689990624999997 0.785012734375 0.37689990624999997 0.785012734375 0.3652720390625 0.7804974546875 0.3652720390625 0.7804974546875 0.37689990624999997
0 0.77225706875 0.40376428750000004 0.779368634375 0.40376428750000004 0.779368634375 0.38612200625000004 0.77225706875 0.38612200625000004 0.77225706875 0.40376428750000004
0 0.78456120625 0.45328295937499996 0.790882596875 0.45328295937499996 0.790882596875 0.43303443281250004 0.78456120625 0.43303443281250004 0.78456120625 0.45328295937499996
0 0.827230596875 0.3638686765625 0.8326489328125 0.3638686765625 0.8326489328125 0.3498350453125 0.827230596875 0.3498350453125 0.827230596875 0.3638686765625
0 0.8006811171875 0.43822670625000004 0.806912203125 0.43822670625000004 0.806912203125 0.4223486546875 0.8006811171875 0.4223486546875 0.8006811171875 0.43822670625000004
0 0.7991459234375 0.47351126718750003 0.8062800640625 0.47351126718750003 0.8062800640625 0.45218014687499997 0.7991459234375 0.45218014687499997 0.7991459234375 0.47351126718750003
0 0.8080861765625 0.455387834375 0.8080861765625 0.4377455546875 0.7995974515625 0.4377455546875 0.7995974515625 0.43950978125000006 0.7995974515625 0.455387834375 0.8080861765625 0.455387834375
0 0.7522223546875 0.44202765 0.7592774796875 0.44202765 0.7592774796875 0.42423500937499997 0.7522223546875 0.42423500937499997 0.7522223546875 0.44202765
0 0.732926590625 0.39157470625 0.7385706890625 0.39157470625 0.7385706890625 0.37478446875000004 0.732926590625 0.37478446875000004 0.732926590625 0.39157470625
0 0.736719565625 0.5 0.736719565625 0.49115981406250003 0.7279147703125 0.49115981406250003 0.7279147703125 0.5 0.736719565625 0.5
0 0.6802468234375001 0.456551875 0.6878099171875001 0.456551875 0.6878099171875001 0.435300946875 0.6802468234375001 0.435300946875 0.6802468234375001 0.456551875
0 0.65786796875 0.48605507968749995 0.6659108109374999 0.48605507968749995 0.6659108109374999 0.46350102968750007 0.65786796875 0.46350102968750007 0.65786796875 0.48605507968749995
0 0.639203284375 0.5 0.639203284375 0.4906970796875 0.6322497546875 0.4906970796875 0.6322497546875 0.5 0.639203284375 0.5
0 0.637577784375 0.48331939999999995 0.6424542859375 0.48331939999999995 0.6424542859375 0.470007496875 0.637577784375 0.470007496875 0.637577784375 0.48331939999999995
0 0.6270120296874999 0.48604593281249997 0.634236478125 0.48604593281249997 0.634236478125 0.46455442812500003 0.6270120296874999 0.46455442812500003 0.6270120296874999 0.48604593281249997
0 0.714559559375 0.5 0.714559559375 0.48276457187500005 0.705077471875 0.48276457187500005 0.705077471875 0.5 0.714559559375 0.5
0 0.459375 0.5 0.46331429062499996 0.5 0.46331429062499996 0.47921735625000006 0.459375 0.47921735625000006 0.459375 0.5
0 0.4715321 0.482264659375 0.47848562968749997 0.482264659375 0.47848562968749997 0.45836738906249996 0.4715321 0.45836738906249996 0.4715321 0.482264659375
0 0.459375 0.4844330546875 0.46568390937500004 0.4844330546875 0.46568390937500004 0.465058625 0.459375 0.465058625 0.459375 0.4844330546875
0 0.47110224531249995 0.5 0.47110224531249995 0.4771195296875 0.46452799687499996 0.4771195296875 0.46452799687499996 0.5 0.47110224531249995 0.5
0 0.4809997375 0.47686291406250003 0.48858540625 0.47686291406250003 0.48858540625 0.454409103125 0.4809997375 0.454409103125 0.4809997375 0.47686291406250003
0 0.50476816875 0.4558204859375 0.5105477265625 0.4558204859375 0.5105477265625 0.4368309765625 0.50476816875 0.4368309765625 0.50476816875 0.4558204859375
0 0.49205314062500005 0.48047958125 0.4973992328125 0.48047958125 0.4973992328125 0.4622599171875 0.49205314062500005 0.4622599171875 0.49205314062500005 0.48047958125
0 0.520218828125 0.4417369625 0.5248887109375 0.4417369625 0.5248887109375 0.422193165625 0.520218828125 0.422193165625 0.520218828125 0.4417369625
0 0.5276166625 0.422193165625 0.5239639828125 0.422193165625 0.5239639828125 0.44017674375000004 0.5276166625 0.44017674375000004 0.5276166625 0.422193165625
0 0.553185290625 0.43832703124999994 0.5574390453125 0.43832703124999994 0.5574390453125 0.41960440156249995 0.553185290625 0.41960440156249995 0.553185290625 0.43832703124999994
0 0.5527229265625 0.4209182703125 0.5558207687500001 0.4209182703125 0.5558207687500001 0.40704053125 0.5527229265625 0.40704053125 0.5527229265625 0.4209182703125
0 0.556283134375 0.4206719203125 0.5594272140625 0.4206719203125 0.5594272140625 0.404330678125 0.556283134375 0.404330678125 0.556283134375 0.4206719203125
0 0.5955729828124999 0.397162396875 0.598791040625 0.397162396875 0.598791040625 0.384286484375 0.5955729828124999 0.384286484375 0.5955729828124999 0.397162396875
0 0.599197921875 0.39952736093749996 0.6028968390625 0.39952736093749996 0.6028968390625 0.3875054609375 0.599197921875 0.3875054609375 0.599197921875 0.39952736093749996
0 0.604857265625 0.39341787031250003 0.608408225 0.39341787031250003 0.608408225 0.3787025421875 0.604857265625 0.3787025421875 0.604857265625 0.39341787031250003
0 0.6093329546875 0.3930237109375 0.6127729468750001 0.3930237109375 0.6127729468750001 0.3778485265625 0.6093329546875 0.3778485265625 0.6093329546875 0.3930237109375
0 0.6094082515625 0.37627335781250004 0.6128112546875 0.37627335781250004 0.6128112546875 0.36418576406250003 0.6094082515625 0.36418576406250003 0.6094082515625 0.37627335781250004
0 0.6146237234375 0.3765361296875 0.6186185546875 0.3765361296875 0.6186185546875 0.3624777359375 0.6146237234375 0.3624777359375 0.6146237234375 0.3765361296875
0 0.5940577453125 0.3892806578125 0.5967579546875 0.3892806578125 0.5967579546875 0.3754193421875 0.5940577453125 0.3754193421875 0.5940577453125 0.3892806578125
0 0.6535858578125 0.3554227734375 0.6559901531250001 0.3554227734375 0.6559901531250001 0.344172771875 0.6535858578125 0.344172771875 0.6535858578125 0.3554227734375
0 0.651274034375 0.3537804375 0.6535858578125 0.3537804375 0.6535858578125 0.342858903125 0.651274034375 0.342858903125 0.651274034375 0.3537804375
0 0.64359878125 0.3554227734375 0.6463267328125 0.3554227734375 0.6463267328125 0.34721109375000003 0.64359878125 0.34721109375000003 0.64359878125 0.3554227734375
0 0.6395299734375 0.3670012421875 0.642951471875 0.3670012421875 0.642951471875 0.3552585390625 0.6395299734375 0.3552585390625 0.6395299734375 0.3670012421875
0 0.6361547109375 0.3680687609375 0.6389751359375 0.3680687609375 0.6389751359375 0.35591547343749996 0.6361547109375 0.35591547343749996 0.6361547109375 0.3680687609375
0 0.668289053125 0.342119853125 0.6726352796875 0.342119853125 0.6726352796875 0.329227515625 0.668289053125 0.329227515625 0.668289053125 0.342119853125
0 0.661584765625 0.342858903125 0.6644514265625 0.342858903125 0.6644514265625 0.33300488906250003 0.661584765625 0.33300488906250003 0.661584765625 0.342858903125
0 0.690075871875 0.369168546875 0.6932546281249999 0.369168546875 0.6932546281249999 0.35672271875 0.690075871875 0.35672271875 0.690075871875 0.369168546875
0 0.6866081375 0.372504540625 0.6898591375 0.372504540625 0.6898591375 0.35864733125 0.6866081375 0.35864733125 0.6866081375 0.372504540625
0 0.6824179578124999 0.37109315781249996 0.6856689593749999 0.37109315781249996 0.6856689593749999 0.3594171765625 0.6824179578124999 0.3594171765625 0.6824179578124999 0.37109315781249996
0 0.6798894015625001 0.37109315781249996 0.6824179578124999 0.37109315781249996 0.6824179578124999 0.35916056093750004 0.6798894015625001 0.35916056093750004 0.6798894015625001 0.37109315781249996
0 0.6943382953125 0.3568510265625 0.698528475 0.3568510265625 0.698528475 0.3451750453125 0.6943382953125 0.3451750453125 0.6943382953125 0.3568510265625
0 0.7024296765625 0.344148584375 0.701923965625 0.344148584375 0.699178675 0.344148584375 0.699178675 0.356337796875 0.7024296765625 0.356337796875 0.7024296765625 0.344148584375
0 0.7042357890625001 0.3536433390625 0.706981078125 0.3536433390625 0.706981078125 0.3428655109375 0.7042357890625001 0.3428655109375 0.7042357890625001 0.3536433390625
0 0.6942505296875 0.39929765 0.697790509375 0.39929765 0.697790509375 0.384670596875 0.6942505296875 0.384670596875 0.6942505296875 0.39929765
0 0.6736608546875 0.3800515265625 0.6777787890625 0.3800515265625 0.6777787890625 0.36760570000000004 0.6736608546875 0.36760570000000004 0.6736608546875 0.3800515265625
0 0.6696151640625001 0.38069306406250003 0.6732273890625 0.38069306406250003 0.6732273890625 0.36953031406250003 0.6696151640625001 0.36953031406250003 0.6696151640625001 0.38069306406250003
0 0.6474439046875 0.4246583828125 0.6532234625 0.4246583828125 0.6532234625 0.405412259375 0.6474439046875 0.405412259375 0.6474439046875 0.4246583828125
0 0.62071345 0.4236319234375 0.62071345 0.422220540625 0.6165232703125 0.422220540625 0.6165232703125 0.4365909796875 0.62071345 0.4365909796875 0.62071345 0.4236319234375
0 0.5917448484375 0.5 0.5917448484375 0.49506957968750004 0.5863265125 0.49506957968750004 0.5863265125 0.5 0.5917448484375 0.5
0 0.5735031187499999 0.5 0.5735031187499999 0.48480498125000004 0.5685363109375 0.48480498125000004 0.5685363109375 0.5 0.5735031187499999 0.5
0 0.5673623375 0.5 0.5673623375 0.4929845828125 0.5622149203125 0.4929845828125 0.5622149203125 0.5 0.5673623375 0.5
0 0.564472559375 0.5 0.564472559375 0.481276525 0.559866975 0.481276525 0.559866975 0.5 0.564472559375 0.5
0 0.563659809375 0.48801266718749997 0.567813865625 0.48801266718749997 0.567813865625 0.46620039375 0.563659809375 0.46620039375 0.563659809375 0.48801266718749997
0 0.543241475 0.5 0.543241475 0.49373661562500004 0.538455278125 0.49373661562500004 0.538455278125 0.5 0.543241475 0.5
0 0.5442132281250001 0.49640412187500005 0.5486634875 0.49640412187500005 0.5486634875 0.47361671093749996 0.5442132281250001 0.47361671093749996 0.5442132281250001 0.49640412187500005
0 0.549530421875 0.49671205937499996 0.553113746875 0.49671205937499996 0.553113746875 0.47402729531250004 0.549530421875 0.47402729531250004 0.549530421875 0.49671205937499996
0 0.5530559515625 0.490963884375 0.558430940625 0.490963884375 0.558430940625 0.4704346859375 0.5530559515625 0.4704346859375 0.5530559515625 0.490963884375
0 0.5691651828125 0.47528140625 0.575147928125 0.47528140625 0.575147928125 0.458641528125 0.5691651828125 0.458641528125 0.5691651828125 0.47528140625
0 0.5786472703125 0.5 0.5786472703125 0.48590687031249996 0.5743577546875 0.48590687031249996 0.5743577546875 0.5 0.5786472703125 0.5
0 0.5767282765624999 0.48991647968749996 0.5810177921874999 0.48991647968749996 0.5810177921874999 0.4780881328125 0.5767282765624999 0.4780881328125 0.5767282765624999 0.48991647968749996
0 0.585533071875 0.49011696093749996 0.591402934375 0.49011696093749996 0.591402934375 0.47447948437500004 0.585533071875 0.47447948437500004 0.585533071875 0.49011696093749996
0 0.6029168968749999 0.5 0.6029168968749999 0.49432705 0.5969341515625001 0.49432705 0.5969341515625001 0.5 0.6029168968749999 0.5
0 0.6125118656249999 0.483902065625 0.61860749375 0.483902065625 0.61860749375 0.45984441093750006 0.6125118656249999 0.45984441093750006 0.6125118656249999 0.483902065625
0 0.5946765125 0.44480837656250005 0.599981965625 0.44480837656250005 0.599981965625 0.4269656171875 0.5946765125 0.4269656171875 0.5946765125 0.44480837656250005
0 0.594224984375 0.47467996562500003 0.5988531453125 0.47467996562500003 0.5988531453125 0.4606463328125 0.594224984375 0.4606463328125 0.594224984375 0.47467996562500003
0 0.6012236671875 0.46445546093749995 0.6058518296875001 0.46445546093749995 0.6058518296875001 0.44901846562500003 0.6012236671875 0.44901846562500003 0.6012236671875 0.46445546093749995
0 0.6051868484374999 0.467255228125 0.6086545828125 0.467255228125 0.6086545828125 0.45801708750000003 0.6051868484374999 0.45801708750000003 0.6051868484374999 0.467255228125
0 0.6068090265625 0.45839698906250004 0.62243189375 0.45839698906250004 0.62243189375 0.434018565625 0.6068090265625 0.434018565625 0.6068090265625 0.45839698906250004
0 0.6031801859375 0.446407103125 0.6064629765625 0.446407103125 0.6064629765625 0.43064067812499995 0.6031801859375 0.43064067812499995 0.6031801859375 0.446407103125
0 0.6405713421875 0.4146831171875 0.6432068203125001 0.4146831171875 0.6432068203125001 0.40096961249999996 0.6405713421875 0.40096961249999996 0.6405713421875 0.4146831171875
0 0.6648775390624999 0.40150967031249996 0.6676228296875 0.40150967031249996 0.6676228296875 0.3866260015625 0.6648775390624999 0.3866260015625 0.6648775390624999 0.40150967031249996
0 0.654402090625 0.4092081203125 0.656930646875 0.4092081203125 0.656930646875 0.3952226046875 0.654402090625 0.3952226046875 0.654402090625 0.4092081203125
0 0.6671171171875001 0.38816569218749997 0.668778740625 0.38816569218749997 0.668778740625 0.3781577078125 0.6671171171875001 0.3781577078125 0.6671171171875001 0.38816569218749997
0 0.6815660125 0.3799540125 0.6846002796875 0.3799540125 0.6846002796875 0.37199894843750003 0.6815660125 0.37199894843750003 0.6815660125 0.3799540125
0 0.6223046125 0.463204146875 0.6470844671875 0.463204146875 0.6470844671875 0.41316422656249996 0.6223046125 0.41316422656249996 0.6223046125 0.463204146875
0 0.65154269375 0.40769358593750005 0.654402090625 0.40769358593750005 0.654402090625 0.3956840046875 0.65154269375 0.3956840046875 0.65154269375 0.40769358593750005
0 0.6563169328125 0.41360122656250004 0.6646702 0.41360122656250004 0.6646702 0.381323871875 0.6563169328125 0.381323871875 0.6563169328125 0.41360122656250004
0 0.7094239265625 0.3710093109375 0.7119091359375 0.3710093109375 0.7119091359375 0.36402938281249997 0.7094239265625 0.36402938281249997 0.7094239265625 0.3710093109375
0 0.7207518593750001 0.3587944390625 0.7232370703125 0.3587944390625 0.7232370703125 0.3500695296875 0.7207518593750001 0.3500695296875 0.7207518593750001 0.3587944390625
0 0.702141684375 0.3682378703125 0.704742484375 0.3682378703125 0.704742484375 0.35951296093749996 0.702141684375 0.35951296093749996 0.702141684375 0.3682378703125
0 0.7221967499999999 0.33847053125 0.7252021203125001 0.33847053125 0.7252021203125001 0.3255371375 0.7221967499999999 0.3255371375 0.7221967499999999 0.33847053125
0 0.7138060312500001 0.34721592343749996 0.7173315625 0.34721592343749996 0.7173315625 0.3390042453125 0.7138060312500001 0.3390042453125 0.7138060312500001 0.34721592343749996
0 0.7260008984375 0.3309978578125 0.7280815390625 0.3309978578125 0.7280815390625 0.322786178125 0.7260008984375 0.322786178125 0.7260008984375 0.3309978578125
0 0.7088356124999999 0.353990559375 0.7122455515625 0.353990559375 0.7122455515625 0.3451630046875 0.7088356124999999 0.3451630046875 0.7088356124999999 0.353990559375
0 0.7166958109375 0.34013335 0.7204525234375 0.34013335 0.7204525234375 0.32781583125 0.7166958109375 0.32781583125 0.7166958109375 0.34013335
0 0.6761857171875001 0.391277596875 0.6799424281249999 0.391277596875 0.6799424281249999 0.3781902328125 0.6761857171875001 0.3781902328125 0.6761857171875001 0.391277596875
0 0.7050835046875 0.367412403125 0.7078287953125 0.367412403125 0.7078287953125 0.35650626875 0.7050835046875 0.35650626875 0.7050835046875 0.367412403125
0 0.667371890625 0.38069306406250003 0.6709118703125 0.38069306406250003 0.6709118703125 0.36895209375000004 0.667371890625 0.36895209375000004 0.667371890625 0.38069306406250003
0 0.680830578125 0.3904135171875 0.6844555156250001 0.3904135171875 0.6844555156250001 0.3787857796875 0.680830578125 0.3787857796875 0.680830578125 0.3904135171875
0 0.714455909375 0.3603380109375 0.7172300968750001 0.3603380109375 0.7172300968750001 0.3489237765625 0.714455909375 0.3489237765625 0.714455909375 0.3603380109375
0 0.719495684375 0.34721592343749996 0.7166290234374999 0.34721592343749996 0.7166290234374999 0.35836720624999996 0.719495684375 0.35836720624999996 0.719495684375 0.34721592343749996
0 0.647558765625 0.3982291359375 0.6521824125 0.3982291359375 0.6521824125 0.38847776562499997 0.647558765625 0.38847776562499997 0.647558765625 0.3982291359375
0 0.8278069140625 0.3291790953125 0.8298043281249999 0.3291790953125 0.8298043281249999 0.3211644953125 0.8278069140625 0.3211644953125 0.8278069140625 0.3291790953125
0 0.82514369375 0.3308214296875 0.8275849781249999 0.3308214296875 0.8275849781249999 0.32293821875 0.82514369375 0.32293821875 0.82514369375 0.3308214296875
0 0.8227763859374999 0.330033109375 0.8248477796875001 0.330033109375 0.8248477796875001 0.32031048125 0.8227763859374999 0.32031048125 0.8227763859374999 0.330033109375
0 0.8210009062499999 0.330033109375 0.8227763859374999 0.330033109375 0.8227763859374999 0.32063894843749996 0.8210009062499999 0.32063894843749996 0.8210009062499999 0.330033109375
0 0.8568443875 0.32733865156249997 0.8604323375 0.32733865156249997 0.8604323375 0.3176160234375 0.8568443875 0.3176160234375 0.8568443875 0.32733865156249997
0 0.888978153125 0.327709215625 0.8909755687499998 0.327709215625 0.8909755687499998 0.3208770984375 0.888978153125 0.3208770984375 0.888978153125 0.327709215625
0 0.8859080515625 0.329220165625 0.8884972937499999 0.329220165625 0.8884972937499999 0.32028585781249996 0.8859080515625 0.32028585781249996 0.8859080515625 0.329220165625
0 0.8780663484375001 0.32856323125000003 0.8822831140625 0.32856323125000003 0.8822831140625 0.3174610390625 0.8780663484375001 0.3174610390625 0.8780663484375001 0.32856323125000003
0 0.8728878640625 0.32994279375 0.8760689328125 0.32994279375 0.8760689328125 0.320023084375 0.8728878640625 0.320023084375 0.8728878640625 0.32994279375
0 0.8691931374999999 0.3293966046875 0.872596140625 0.3293966046875 0.872596140625 0.320265215625 0.8691931374999999 0.320265215625 0.8691931374999999 0.3293966046875
0 0.8929737484375 0.33049699375 0.9030879734374999 0.33049699375 0.9030879734374999 0.31961651875 0.8929737484375 0.31961651875 0.8929737484375 0.33049699375
0 0.8370461140625001 0.33038379375 0.8546159703124999 0.33038379375 0.8546159703124999 0.3188874421875 0.8370461140625001 0.3188874421875 0.8370461140625001 0.33038379375
0 0.7893430921875 0.3319214875 0.810926128125 0.3319214875 0.810926128125 0.3184492015625 0.7893430921875 0.3184492015625 0.7893430921875 0.3319214875
0 0.7441687703125 0.3115493875 0.7463361046875 0.3115493875 0.7463361046875 0.3056472421875 0.7441687703125 0.3056472421875 0.7441687703125 0.3115493875
0 0.773716759375 0.32899920625 0.77704000625 0.32899920625 0.77704000625 0.32001768125 0.773716759375 0.32001768125 0.773716759375 0.32899920625
0 0.7641804890625 0.32964074375 0.767937203125 0.32964074375 0.767937203125 0.3207875265625 0.7641804890625 0.3207875265625 0.7641804890625 0.32964074375
0 0.7607127546875001 0.32964074375 0.7641804890625 0.32964074375 0.7641804890625 0.320915834375 0.7607127546875001 0.320915834375 0.7607127546875001 0.32964074375
0 0.75955684375 0.3286142828125 0.7615796890625 0.3286142828125 0.7615796890625 0.3220706 0.75955684375 0.3220706 0.75955684375 0.3286142828125
0 0.7576888171875 0.29978673125 0.759954403125 0.29978673125 0.759954403125 0.2937100890625 0.7576888171875 0.2937100890625 0.7576888171875 0.29978673125
0 0.7283349421875001 0.33168619062500004 0.7563657984375001 0.33168619062500004 0.7563657984375001 0.31146493125 0.7283349421875001 0.31146493125 0.7283349421875001 0.33168619062500004
0 0.7641426953125 0.2922712609375 0.7674948390624999 0.2922712609375 0.7674948390624999 0.285393978125 0.7641426953125 0.285393978125 0.7641426953125 0.2922712609375
0 0.7780136343749999 0.27933786562499996 0.780787821875 0.27933786562499996 0.780787821875 0.2732817515625 0.7780136343749999 0.2732817515625 0.7780136343749999 0.27933786562499996
0 0.780787821875 0.27092089375 0.782984053125 0.27092089375 0.782984053125 0.263633028125 0.780787821875 0.263633028125 0.780787821875 0.27092089375
0 0.76893504375 0.285746015625 0.77337374375 0.285746015625 0.77337374375 0.27728798593750004 0.76893504375 0.27728798593750004 0.76893504375 0.285746015625
0 0.5774003765625 0.47324772812499993 0.594224984375 0.47324772812499993 0.594224984375 0.4421732578125 0.5774003765625 0.4421732578125 0.5774003765625 0.47324772812499993
0 0.57550535 0.2930385953125 0.5783951296875001 0.2930385953125 0.5783951296875001 0.28931767812500003 0.57550535 0.28931767812500003 0.57550535 0.2930385953125
0 0.5868477328124999 0.2926536734375 0.5887983328125 0.2926536734375 0.5887983328125 0.2872647578125 0.5868477328124999 0.2872647578125 0.5868477328124999 0.2926536734375
0 0.597612159375 0.290985675 0.6006464265625 0.290985675 0.6006464265625 0.2857250671875 0.597612159375 0.2857250671875 0.597612159375 0.290985675
0 0.6632103109375 0.2998731 0.6654065421875 0.2998731 0.6654065421875 0.293406403125 0.6632103109375 0.293406403125 0.6632103109375 0.2998731
0 0.6612452609374999 0.306339796875 0.6635570828125 0.306339796875 0.6635570828125 0.3003863296875 0.6612452609374999 0.3003863296875 0.6612452609374999 0.306339796875
0 0.6570839796875 0.3058265671875 0.6593958015625001 0.3058265671875 0.6593958015625001 0.30069426875 0.6570839796875 0.30069426875 0.6570839796875 0.3058265671875
0 0.702419396875 0.29089047031250004 0.70458673125 0.29089047031250004 0.70458673125 0.2855015546875 0.702419396875 0.2855015546875 0.702419396875 0.29089047031250004
0 0.7001963375 0.29089047031250004 0.702419396875 0.29089047031250004 0.702419396875 0.2861012375 0.7001963375 0.2861012375 0.7001963375 0.29089047031250004
0 0.908397665625 0.2809529796875 0.91146083125 0.2809529796875 0.91146083125 0.27325453125 0.908397665625 0.27325453125 0.908397665625 0.2809529796875
0 0.898283440625 0.27807889218750004 0.9011154234374998 0.27807889218750004 0.9011154234374998 0.27150954843749997 0.898283440625 0.27150954843749997 0.898283440625 0.27807889218750004
0 0.8789219203125 0.27746301562500003 0.8814649265625001 0.27746301562500003 0.8814649265625001 0.2719201328125 0.8789219203125 0.2719201328125 0.8789219203125 0.27746301562500003
0 0.86915446875 0.276539203125 0.8714084968750001 0.276539203125 0.8714084968750001 0.2705857359375 0.86915446875 0.2705857359375 0.86915446875 0.276539203125
0 0.8426473859375001 0.2768002328125 0.8456065203125 0.2768002328125 0.8456065203125 0.2701651953125 0.8426473859375001 0.2701651953125 0.8426473859375001 0.2768002328125
0 0.8416856687500001 0.26543526875 0.8444228671874999 0.26543526875 0.8444228671874999 0.2582746828125 0.8416856687500001 0.2582746828125 0.8416856687500001 0.26543526875
0 0.8145089453125 0.2771457640625 0.816404640625 0.2771457640625 0.816404640625 0.27271145625000004 0.8145089453125 0.27271145625000004 0.8145089453125 0.2771457640625
0 0.8115498125 0.27706364843750003 0.8136766890625001 0.27706364843750003 0.8136766890625001 0.2729578078125 0.8115498125 0.2729578078125 0.8115498125 0.27706364843750003
0 0.8010078984375 0.2773099984375 0.8040595046875 0.2773099984375 0.8040595046875 0.27328627499999997 0.8010078984375 0.27328627499999997 0.8010078984375 0.2773099984375
0 0.798187475 0.277638465625 0.8003143515625 0.277638465625 0.8003143515625 0.27221875624999997 0.798187475 0.27221875624999997 0.798187475 0.277638465625
0 0.8384911390625 0.27707575156250003 0.8414387140624999 0.27707575156250003 0.8414387140624999 0.2727646203125 0.8384911390625 0.2727646203125 0.8384911390625 0.27707575156250003
0 0.8340408796875 0.2781022125 0.837739796875 0.2781022125 0.837739796875 0.2731752046875 0.8340408796875 0.2731752046875 0.8340408796875 0.2781022125
0 0.8546971515624999 0.38178593437499997 0.85856945625 0.38178593437499997 0.85856945625 0.368339309375 0.8546971515624999 0.368339309375 0.8546971515624999 0.38178593437499997
0 0.17107734375 0.6223749359374999 0.1712351578125 0.6359375 0.1734375 0.6359375 0.1734375 0.6223749359374999 0.17107734375 0.6223749359374999
0 0.0001696046875 0.6973952265625 0.0056726625 0.6973952265625 0.0056726625 0.679477084375 0.0001696046875 0.679477084375 0.0001696046875 0.6973952265625
0 0.5257497375 1 0.5257497375 0.96213293125 0.5039206468749999 0.96213293125 0.5039206468749999 1 0.5257497375 1
0 0.7610453328125001 1 0.7610453328125001 0.9790033359375 0.7494693 0.9790033359375 0.7494693 1 0.7610453328125001 1
0 0.7494693 1 0.7494693 0.9710712859375 0.6932355265625001 0.9710712859375 0.6932355265625001 1 0.7494693 1
0 0.6126167296875 1 0.6126167296875 0.9759663453125 0.5915318140625 0.9759663453125 0.5915318140625 1 0.6126167296875 1
0 0.645966728125 1 0.645966728125 0.99285429375 0.6157863578125 0.99285429375 0.6157863578125 1 0.645966728125 1
0 0.7903959109375001 1 0.7903959109375001 0.9774662203125001 0.7703797906250001 0.9774662203125001 0.7703797906250001 1 0.7903959109375001 1
0 0.9321478671874999 1 0.9321478671874999 0.9682776000000001 0.8796078390625001 0.9682776000000001 0.8796078390625001 1 0.9321478671874999 1
0 0.7898591359375 0.9933647718749998 0.8796078390625001 0.9933647718749998 0.8796078390625001 0.963688484375 0.7898591359375 0.963688484375 0.7898591359375 0.9933647718749998
