0 0.08656878125 0.32062672187499996 0.0866996640625 0.328125 0.0875 0.328125 0.0875 0.32063755625 0.08656878125 0.32062672187499996
0 0.1140625 0.30731876874999997 0.1140625 0.31875 0.1282597765625 0.31875 0.1296875 0.31872507968749997 0.1296875 0.307046034375 0.1140625 0.30731876874999997
0 0.1125 0.3217137734375 0.1109375 0.3217137734375 0.1109375 0.328125 0.1125 0.328125 0.1125 0.3217137734375
0 0.12241188750000001 0.335776978125 0.1234375 0.33580682031250003 0.1234375 0.3275299640625 0.1225562875 0.3275043234375 0.12241188750000001 0.335776978125
0 0.119650740625 0.3268459765625 0.11970198750000001 0.33125 0.121875 0.33125 0.121875 0.3267812578125 0.119650740625 0.3268459765625
0 0.12185565312499999 0.32327634375000003 0.121874771875 0.3265625 0.121875 0.3265625 0.121875 0.32327679374999996 0.12185565312499999 0.32327634375000003
0 0.1262803890625 0.328125 0.126171284375 0.3234375 0.1243250171875 0.3234375 0.12443412031250001 0.328125 0.1262803890625 0.328125
0 0.441258365625 0.33880211875 0.4484375 0.3389274296875 0.4484375 0.328893809375 0.441083175 0.328765440625 0.441258365625 0.33880211875
0 0.40797332812500003 0.3640625 0.4296875 0.3640625 0.4296875 0.3550414328125 0.4144811265625 0.3546875 0.4078642390625 0.3546875 0.40797332812500003 0.3640625
0 0.3279206328125 0.3321129546875 0.3278761296875 0.3359375 0.328125 0.3359375 0.328125 0.3321070078125 0.3279206328125 0.3321129546875
0 0.3301094578125 0.33220898125 0.33009685625 0.334375 0.33125 0.334375 0.33125 0.33220898125 0.3301094578125 0.33220898125
0 0.1991840078125 0.40801581875000004 0.1988250640625 0.4234375 0.2078125 0.4234375 0.2078125 0.4078149875 0.1991840078125 0.40801581875000004
0 0.1421875 0.35694913281249996 0.1318175296875 0.3566473984375 0.13177555000000002 0.36386286874999996 0.1386364484375 0.3640625 0.1421875 0.3640625 0.1421875 0.35694913281249996
0 0.275459628125 0.3461031734375 0.27569579843750003 0.35625 0.2859375 0.35625 0.2859375 0.34628606562500003 0.275459628125 0.3461031734375
0 0.10810451875 0.3216224609375 0.1081801828125 0.328125 0.109375 0.328125 0.109375 0.32158549375 0.10810451875 0.3216224609375
0 0.10264993281250001 0.3242018265625 0.1026042828125 0.328125 0.103125 0.328125 0.103125 0.32419076874999997 0.10264993281250001 0.3242018265625
0 0.109375 0.31350593125000004 0.1078125 0.3135241125 0.1078125 0.3203125 0.109375 0.3203125 0.109375 0.31350593125000004
0 0.8946024625 0.5178083250000001 0.8946024625 0.5984375 0.9125 0.5984375 0.9125 0.5178083250000001 0.8946024625 0.5178083250000001
0 0.7520089328124999 0.34840851562499997 0.7521730796874999 0.3578125 0.753125 0.3578125 0.753125 0.34842150156249996 0.7520089328124999 0.34840851562499997
0 0.754539534375 0.35079800625 0.7546211546875 0.3578125 0.7578125 0.3578125 0.7578125 0.3508551359375 0.754539534375 0.35079800625
0 0.70373830625 0.3390625 0.703783759375 0.346875 0.7046875 0.346875 0.7046875 0.3390625 0.70373830625 0.3390625
0 0.7049046984375 0.33870078124999997 0.7050201046875 0.3453125 0.70625 0.3453125 0.70625 0.33870078124999997 0.7049046984375 0.33870078124999997
0 0.7086093453125001 0.3387047734375 0.7087246828125 0.3453125 0.709375 0.3453125 0.709375 0.3387136828125 0.7086093453125001 0.3387047734375
0 0.652884965625 0.321875 0.652884965625 0.3296875 0.6578125 0.3296875 0.6578125 0.321875 0.652884965625 0.321875
0 0.9753829703125 0.3526610609375 0.9755819828125001 0.3640625 0.9796875 0.3640625 0.9796875 0.3526610609375 0.9753829703125 0.3526610609375
0 1 0.557777415625 0.9139658015624998 0.555274075 0.9132123812499999 0.5984375 1 0.5984375 1 0.557777415625
