0 0.292313228125 0.5467835890625 0.29222125781249997 0.5546875 0.29375 0.5546875 0.29375 0.54681703125 0.292313228125 0.5467835890625
0 0.287924575 0.54340765 0.28769840156250004 0.553125 0.2890625 0.553125 0.2890625 0.5434275125 0.287924575 0.54340765
0 0.7677685015625 0.49544426250000007 0.78374770625 0.49544426250000007 0.78374770625 0.47559310625 0.7677685015625 0.47559310625 0.7677685015625 0.49544426250000007
0 0.8157061171875 0.44608463593750003 0.8307808390625 0.44608463593750003 0.8307808390625 0.40262670468749995 0.8157061171875 0.40262670468749995 0.8157061171875 0.44608463593750003
0 0.6145004109375 0.5890625 0.6145004109375 0.5776176125 0.6089529125 0.5776176125 0.6089529125 0.5890625 0.6145004109375 0.5890625
0 0.6087117171875 0.5890625 0.6087117171875 0.5767591828125 0.6026818281249999 0.5767591828125 0.6026818281249999 0.5890625 0.6087117171875 0.5890625
0 0.6026818281249999 0.5394175531250001 0.6082293265625001 0.5394175531250001 0.6082293265625001 0.5196737031249999 0.6026818281249999 0.5196737031249999 0.6026818281249999 0.5394175531250001
0 0.596893134375 0.5394175531250001 0.6026818281249999 0.5394175531250001 0.6026818281249999 0.5170984187500001 0.596893134375 0.5170984187500001 0.596893134375 0.5394175531250001
0 0.6104000859375 0.46430508125000003 0.6171535625 0.46430508125000003 0.6171535625 0.445848871875 0.6104000859375 0.445848871875 0.6104000859375 0.46430508125000003
0 0.6188419296875 0.45786686874999993 0.62318345 0.45786686874999993 0.62318345 0.44241515937500003 0.6188419296875 0.44241515937500003 0.6188419296875 0.45786686874999993
0 0.562643365625 0.3977768890625 0.5665024953125 0.3977768890625 0.5665024953125 0.3861881078125 0.562643365625 0.3861881078125 0.562643365625 0.3977768890625
0 0.6077469343749999 0.41580388125 0.61474160625 0.41580388125 0.61474160625 0.3999229609375 0.6077469343749999 0.3999229609375 0.6077469343749999 0.41580388125
0 0.6699753875 0.42524659375 0.6752816906250001 0.42524659375 0.6752816906250001 0.408078028125 0.6699753875 0.408078028125 0.6699753875 0.42524659375
0 0.7622929859375001 0.456659703125 0.767116896875 0.456659703125 0.767116896875 0.43262371093749996 0.7622929859375001 0.43262371093749996 0.7622929859375001 0.456659703125
0 0.7953367765625 0.4592349875 0.8011254703125001 0.4592349875 0.8011254703125001 0.4373450671875 0.7953367765625 0.4373450671875 0.7953367765625 0.4592349875
0 0.8575652296874999 0.4321944984375 0.8619067499999999 0.4321944984375 0.8619067499999999 0.41631357500000005 0.8575652296874999 0.41631357500000005 0.8575652296874999 0.4321944984375
0 0.8457466484375 0.436057425 0.8496057765625 0.436057425 0.8496057765625 0.4197472875 0.8457466484375 0.4197472875 0.8457466484375 0.436057425
0 0.8645599 0.38025958593750003 0.869142615625 0.38025958593750003 0.869142615625 0.361374165625 0.8645599 0.361374165625 0.8645599 0.38025958593750003
0 0.8730017453125001 0.382834871875 0.8766196781250001 0.382834871875 0.8766196781250001 0.3605157359375 0.8730017453125001 0.3605157359375 0.8730017453125001 0.382834871875
0 0.88361435 0.372962946875 0.8881970656250001 0.372962946875 0.8881970656250001 0.3587988796875 0.88361435 0.3587988796875 0.88361435 0.372962946875
0 0.8980860828124999 0.3969989390625 0.9038747765625 0.3969989390625 0.9038747765625 0.3789719453125 0.8980860828124999 0.3789719453125 0.8980860828124999 0.3969989390625
0 0.9540106500000001 0.38468368124999996 0.957591921875 0.38468368124999996 0.957591921875 0.37193773750000003 0.9540106500000001 0.37193773750000003 0.9540106500000001 0.38468368124999996
0 0.50046531875 0.5662180890624999 0.50683288125 0.5662180890624999 0.50683288125 0.5466459234375 0.50046531875 0.5466459234375 0.50046531875 0.5662180890624999
0 0.51281453125 0.5672482015625 0.5180243546875001 0.5672482015625 0.5180243546875001 0.54939289375 0.51281453125 0.54939289375 0.51281453125 0.5672482015625
0 0.5108849671875 0.5569470625 0.515515921875 0.5569470625 0.515515921875 0.5435555812499999 0.5108849671875 0.5435555812499999 0.5108849671875 0.5569470625
0 0.6644993984375 0.42524659375 0.6699753875 0.42524659375 0.6699753875 0.40596945624999997 0.6644993984375 0.40596945624999997 0.6644993984375 0.42524659375
0 0.7082473 0.3704632171875 0.7134957140625 0.3704632171875 0.7134957140625 0.35315730312500004 0.7082473 0.35315730312500004 0.7082473 0.3704632171875
0 0.714730634375 0.3492919234375 0.7365347140624999 0.3492919234375 0.7365347140624999 0.33006312968749996 0.714730634375 0.33006312968749996 0.714730634375 0.3492919234375
0 0.7870470921875 0.40114865312500003 0.8024836078125 0.40114865312500003 0.8024836078125 0.3788295203125 0.7870470921875 0.3788295203125 0.7870470921875 0.40114865312500003
0 0.8261207703125001 0.392564371875 0.8422808734375 0.392564371875 0.8422808734375 0.37024523593750003 0.8261207703125001 0.37024523593750003 0.8261207703125001 0.392564371875
0 0.62528386875 0.39312364375 0.644425146875 0.39312364375 0.644425146875 0.363731059375 0.62528386875 0.363731059375 0.62528386875 0.39312364375
0 0.6646469828125 0.3727960625 0.6780767515624999 0.3727960625 0.6780767515624999 0.3527431765625 0.6646469828125 0.3527431765625 0.6646469828125 0.3727960625
0 0.9456167781249999 0.370275484375 0.9456167781249999 0.35082671875 0.9384562843750001 0.35082671875 0.9384562843750001 0.3830177796875 0.9456167781249999 0.3830177796875 0.9456167781249999 0.370275484375
0 0.9056687625000001 0.3756406609375 0.913206125 0.3756406609375 0.913206125 0.35686254375000004 0.9056687625000001 0.35686254375000004 0.9056687625000001 0.3756406609375
0 0.5471101453125 0.36888465937500003 0.5527631671875 0.36888465937500003 0.5527631671875 0.3496035546875 0.5471101453125 0.3496035546875 0.5471101453125 0.36888465937500003
0 0.8343996078125 0.34169695624999996 0.84570565 0.34169695624999996 0.84570565 0.3229188390625 0.8343996078125 0.3229188390625 0.8343996078125 0.34169695624999996
0 0.85625795625 0.3484034265625 0.8702020734375001 0.3484034265625 0.8702020734375001 0.318224309375 0.85625795625 0.318224309375 0.85625795625 0.3484034265625
0 0.780145171875 0.5491135 0.7907778984375 0.5491135 0.7907778984375 0.5129021812500001 0.780145171875 0.5129021812500001 0.780145171875 0.5491135
0 0.5911131578125 0.5683244625 0.61089119375 0.5683244625 0.61089119375 0.54343004375 0.5911131578125 0.54343004375 0.5911131578125 0.5683244625
0 0.9391751718750001 0.39904741875 0.9625151828125 0.39904741875 0.9625151828125 0.387620021875 0.9391751718750001 0.387620021875 0.9391751718750001 0.39904741875
0 0.880839615625 0.399994265625 0.89331231875 0.399994265625 0.89331231875 0.3788975328125 0.880839615625 0.3788975328125 0.880839615625 0.399994265625
0 0.8502135671875 0.40087329687500006 0.8621923046875001 0.40087329687500006 0.8621923046875001 0.37582092500000003 0.8502135671875 0.37582092500000003 0.8502135671875 0.40087329687500006
0 0.8328912374999999 0.4102820828125 0.8452997265625001 0.4102820828125 0.8452997265625001 0.3962175921875 0.8328912374999999 0.3962175921875 0.8328912374999999 0.4102820828125
0 0.850335040625 0.44002092187499997 0.8555513484375 0.44002092187499997 0.8555513484375 0.41765838437499997 0.850335040625 0.41765838437499997 0.850335040625 0.44002092187499997
0 0.7588356390625 0.3603536828125 0.8212449890624999 0.3603536828125 0.8212449890624999 0.324407 0.7588356390625 0.324407 0.7588356390625 0.3603536828125
0 0.8795464734374999 0.35082671875 0.9456167781249999 0.35082671875 0.9456167781249999 0.31462992343749996 0.8795464734374999 0.31462992343749996 0.8795464734374999 0.35082671875
0 0.4890625 0.3761009171875 0.509849440625 0.3761009171875 0.509849440625 0.340472790625 0.4890625 0.340472790625 0.4890625 0.3761009171875
