0 0.7143923765625 0.9765855234374999 0.9760719625000001 0.9765855234374999 0.9760719625000001 0.9095854375 0.7143923765625 0.9095854375 0.7143923765625 0.9765855234374999
0 0.7339380671875 0.8954986875 0.7412153921875 0.8954986875 0.7412153921875 0.8853183874999999 0.7339380671875 0.8853183874999999 0.7339380671875 0.8954986875
0 0.765552675 0.8880755515625 0.7706825921875 0.8880755515625 0.7706825921875 0.8774710718750001 0.765552675 0.8774710718750001 0.765552675 0.8880755515625
0 0.7246326359374999 0.9071636171874999 0.7319099609374999 0.9071636171874999 0.7319099609374999 0.899528390625 0.7246326359374999 0.899528390625 0.7246326359374999 0.9071636171874999
0 0.709481484375 0.8916810749999999 0.7180711140625 0.8916810749999999 0.7180711140625 0.8704721140625 0.709481484375 0.8704721140625 0.709481484375 0.8916810749999999
0 0.7617350609375 0.9095854375 0.766507078125 0.9095854375 0.766507078125 0.89974048125 0.7617350609375 0.89974048125 0.7617350609375 0.9095854375
0 0.5295304187500001 0.768607065625 0.5329998640625 0.768607065625 0.5329998640625 0.7614835703125 0.5295304187500001 0.7614835703125 0.5295304187500001 0.768607065625
0 0.531973690625 0.7631341359375 0.5375443515625 0.7631341359375 0.5375443515625 0.7512326859375 0.531973690625 0.7512326859375 0.531973690625 0.7631341359375
0 0.2857136421875 0.9967071375 0.29376641875 0.9967071375 0.29376641875 0.9823910890625 0.2857136421875 0.9823910890625 0.2857136421875 0.9967071375
0 0.1024162578125 0.9767408890624999 0.110319909375 0.9767408890624999 0.110319909375 0.9637504 0.1024162578125 0.9637504 0.1024162578125 0.9767408890624999
0 0.0037044781249999997 0.9600418015625 0.009934821875 0.9600418015625 0.009934821875 0.94777114375 0.0037044781249999997 0.94777114375 0.0037044781249999997 0.9600418015625
0 0.004437459375 0.9520061500000001 0.014210548437500001 0.9520061500000001 0.014210548437500001 0.9351747187499999 0.004437459375 0.9351747187499999 0.004437459375 0.9520061500000001
0 0.3161110875 0.7896159875000001 0.321073984375 0.7896159875000001 0.321073984375 0.7741758640625 0.3161110875 0.7741758640625 0.3161110875 0.7896159875000001
0 0.32307823125 0.7405808687500001 0.32689584374999997 0.7405808687500001 0.32689584374999997 0.7322669578125 0.32307823125 0.7322669578125 0.32307823125 0.7405808687500001
0 0.3213603046875 0.7312489265625 0.32765936562500003 0.7312489265625 0.32765936562500003 0.715978475 0.3213603046875 0.715978475 0.3213603046875 0.7312489265625
0 0.3271821640625 0.7141120875 0.33214506093749996 0.7141120875 0.33214506093749996 0.7027440828125 0.3271821640625 0.7027440828125 0.3271821640625 0.7141120875
0 0.4051093625 0.6519374234375 0.410035 0.6519374234375 0.410035 0.6451266671875 0.4051093625 0.6451266671875 0.4051093625 0.6519374234375
0 0.2791506375 0.6897517375 0.28257121875 0.6897517375 0.28257121875 0.6804130078124999 0.2791506375 0.6804130078124999 0.2791506375 0.6897517375
0 0.2878242546875 0.6721601765624999 0.2919778171875 0.6721601765624999 0.2919778171875 0.6621699078125001 0.2878242546875 0.6621699078125001 0.2878242546875 0.6721601765624999
0 0.27439465625000004 0.681577634375 0.27874368125000004 0.681577634375 0.27874368125000004 0.6775815265625 0.27439465625000004 0.6775815265625 0.27439465625000004 0.681577634375
0 0.084695790625 0.7325907890625001 0.09030290937499999 0.7325907890625001 0.09030290937499999 0.7211379499999999 0.084695790625 0.7211379499999999 0.084695790625 0.7325907890625001
0 0.0857595140625 0.6070157765624999 0.0907437890625 0.6070157765624999 0.0907437890625 0.5992841765625 0.0857595140625 0.5992841765625 0.0857595140625 0.6070157765624999
0 0.0728101703125 0.5957224296875 0.07540003906250001 0.5957224296875 0.07540003906250001 0.592073809375 0.0728101703125 0.592073809375 0.0728101703125 0.5957224296875
0 0.0745204609375 0.59146570625 0.07857629375 0.59146570625 0.07857629375 0.5867746234375 0.0745204609375 0.5867746234375 0.0745204609375 0.59146570625
0 0.009975125 0.576107703125 0.0155488390625 0.576107703125 0.0155488390625 0.5655201890625 0.009975125 0.5655201890625 0.009975125 0.576107703125
0 0.025398281249999998 0.5804512984375 0.03089564375 0.5804512984375 0.03089564375 0.5750218046875 0.025398281249999998 0.5750218046875 0.025398281249999998 0.5804512984375
0 0.030513882812499997 0.5796368734375 0.03509501875 0.5796368734375 0.03509501875 0.5701352609375 0.030513882812499997 0.5701352609375 0.030513882812499997 0.5796368734375
0 0.024814639062499998 0.529761096875 0.028039759375 0.529761096875 0.028039759375 0.526981196875 0.024814639062499998 0.526981196875 0.024814639062499998 0.529761096875
0 0.135737175 0.5059311828124999 0.13847363906250001 0.5059311828124999 0.13847363906250001 0.50002389375 0.135737175 0.50002389375 0.135737175 0.5059311828124999
0 0.0077592484375000005 0.46782042187500006 0.0077592484375000005 0.47443761718750005 0.01310390625 0.47443761718750005 0.01310390625 0.4684064375 0.01310390625 0.46782042187500006 0.0077592484375000005 0.46782042187500006
0 0.017971362499999997 0.4659540328125 0.021216334375 0.4659540328125 0.021216334375 0.459506509375 0.017971362499999997 0.459506509375 0.017971362499999997 0.4659540328125
0 0.0121298828125 0.4490123828125 0.0078989734375 0.4490123828125 0.0078989734375 0.45888103124999996 0.0127872171875 0.45888103124999996 0.013137348437499998 0.45888103124999996 0.013137348437499998 0.4490123828125 0.0121298828125 0.4490123828125
0 0.017460492187500003 0.44721863125 0.011909378125 0.44721863125 0.011909378125 0.4554888359375 0.017460492187500003 0.4554888359375 0.017460492187500003 0.44721863125
0 0.0784419734375 0.47575279375 0.0814960640625 0.47575279375 0.0814960640625 0.470051825 0.0784419734375 0.470051825 0.0784419734375 0.47575279375
0 0.087069778125 0.4405968203125 0.08943669843749999 0.4405968203125 0.08943669843749999 0.4347601140625 0.087069778125 0.4347601140625 0.087069778125 0.4405968203125
0 0.0606977078125 0.4662511796875 0.0638128796875 0.4662511796875 0.0638128796875 0.4586498875 0.0606977078125 0.4586498875 0.0606977078125 0.4662511796875
0 0.060086890625 0.4563695 0.0636907171875 0.4563695 0.0636907171875 0.45148295625 0.060086890625 0.45148295625 0.060086890625 0.4563695
0 0.057032799999999995 0.4586498875 0.0606977078125 0.4586498875 0.0606977078125 0.45398052343749995 0.057032799999999995 0.45398052343749995 0.057032799999999995 0.4586498875
0 0.035457178125 0.44888901406250004 0.0382913734375 0.44888901406250004 0.0382913734375 0.44367670156249994 0.035457178125 0.44367670156249994 0.035457178125 0.44888901406250004
0 0.029573090625 0.4402320265625 0.0334823265625 0.4402320265625 0.0334823265625 0.43058924374999996 0.029573090625 0.43058924374999996 0.029573090625 0.4402320265625
0 0.0233671796875 0.4357146875 0.025321796875000004 0.4357146875 0.025321796875000004 0.42780934375 0.0233671796875 0.42780934375 0.0233671796875 0.4357146875
0 0.0354255875 0.3841842921875 0.039823478125 0.3841842921875 0.039823478125 0.371805046875 0.0354255875 0.371805046875 0.0354255875 0.3841842921875
0 0.028132753125 0.3640788765625 0.0305271609375 0.3640788765625 0.0305271609375 0.3561735328125 0.028132753125 0.3561735328125 0.028132753125 0.3640788765625
0 0.04020251875 0.359648409375 0.0444538125 0.359648409375 0.0444538125 0.3471388546875 0.04020251875 0.3471388546875 0.04020251875 0.359648409375
0 0.056718228125000006 0.35331694062499996 0.0603220546875 0.35331694062499996 0.0603220546875 0.3447383390625 0.056718228125000006 0.3447383390625 0.056718228125000006 0.35331694062499996
0 0.060688545312499995 0.3522310421875 0.0637426359375 0.3522310421875 0.0637426359375 0.34419539062500004 0.060688545312499995 0.34419539062500004 0.060688545312499995 0.3522310421875
0 0.06441453593749999 0.3517966828125 0.0682016078125 0.3517966828125 0.0682016078125 0.3426751328125 0.06441453593749999 0.3426751328125 0.06441453593749999 0.3517966828125
0 0.070423459375 0.3789509390625 0.075195475 0.3789509390625 0.075195475 0.3652075328125 0.070423459375 0.3652075328125 0.070423459375 0.3789509390625
0 0.0772951625 0.37742389374999996 0.081017334375 0.37742389374999996 0.081017334375 0.3682616234375 0.0772951625 0.3682616234375 0.0772951625 0.37742389374999996
0 0.0730003484375 0.3726730875 0.0772951625 0.3726730875 0.0772951625 0.360287053125 0.0730003484375 0.360287053125 0.0730003484375 0.3726730875
0 0.081208215625 0.355196903125 0.08531215 0.355196903125 0.08531215 0.3451862734375 0.081208215625 0.3451862734375 0.081208215625 0.355196903125
0 0.0076026687499999995 0.32950829062500003 0.009984859375 0.32950829062500003 0.009984859375 0.322667128125 0.0076026687499999995 0.322667128125 0.0076026687499999995 0.32950829062500003
0 0.0531459125 0.3271276640625 0.057910293749999994 0.3271276640625 0.057910293749999994 0.3176803453125 0.0531459125 0.3176803453125 0.0531459125 0.3271276640625
0 0.063835228125 0.3140968796875 0.067316890625 0.3140968796875 0.067316890625 0.3036722515625 0.063835228125 0.3036722515625 0.063835228125 0.3140968796875
0 0.047465303125000004 0.319200603125 0.0519242765625 0.319200603125 0.0519242765625 0.3121422609375 0.047465303125000004 0.3121422609375 0.047465303125000004 0.319200603125
0 0.0831370796875 0.30315101875 0.085922409375 0.30315101875 0.085922409375 0.29637501093749996 0.0831370796875 0.29637501093749996 0.0831370796875 0.30315101875
0 0.0880236234375 0.3070602546875 0.0909555515625 0.3070602546875 0.0909555515625 0.2972437296875 0.0880236234375 0.2972437296875 0.0880236234375 0.3070602546875
0 0.0924703796875 0.3066258953125 0.09545117187499999 0.3066258953125 0.09545117187499999 0.2979387046875 0.0924703796875 0.2979387046875 0.0924703796875 0.3066258953125
0 0.0965750765625 0.30679963906249996 0.099702465625 0.30679963906249996 0.099702465625 0.2989811671875 0.0965750765625 0.2989811671875 0.0965750765625 0.30679963906249996
0 0.1037582984375 0.3039328671875 0.1062993015625 0.3039328671875 0.1062993015625 0.2973306015625 0.1037582984375 0.2973306015625 0.1037582984375 0.3039328671875
0 0.5633145500000001 0.523166978125 0.5692795703125 0.523166978125 0.5692795703125 0.5132252765625 0.5633145500000001 0.5132252765625 0.5633145500000001 0.523166978125
0 0.46116357812500003 0.4492670046875 0.4656373421875 0.4492670046875 0.4656373421875 0.44131364375000004 0.46116357812500003 0.44131364375000004 0.46116357812500003 0.4492670046875
0 0.498407553125 0.472487846875 0.5013394796874999 0.472487846875 0.5013394796874999 0.46456078593749994 0.498407553125 0.46456078593749994 0.498407553125 0.472487846875
0 0.49449831718750004 0.41895303593750005 0.497735653125 0.41895303593750005 0.497735653125 0.41276341250000004 0.49449831718750004 0.41276341250000004 0.49449831718750004 0.41895303593750005
0 0.5140464046875 0.4098942640625 0.5160745125 0.4098942640625 0.5160745125 0.40353157656249994 0.5140464046875 0.40353157656249994 0.5140464046875 0.4098942640625
0 0.4928109328125 0.3984414265625 0.49591274375000005 0.3984414265625 0.49591274375000005 0.39250291718749997 0.4928109328125 0.39250291718749997 0.4928109328125 0.3984414265625
0 0.5422663046875 0.3979709859375 0.5453203953125 0.3979709859375 0.5453203953125 0.392215721875 0.5422663046875 0.392215721875 0.5422663046875 0.3979709859375
0 0.53841815 0.39210713125 0.5415944046875001 0.39210713125 0.5415944046875001 0.3868948171875 0.53841815 0.3868948171875 0.53841815 0.39210713125
0 0.533470525 0.3735382625 0.5363413687499999 0.3735382625 0.5363413687499999 0.3650682515625 0.533470525 0.3650682515625 0.533470525 0.3735382625
0 0.5265682796875 0.35898721718750004 0.5290726343750001 0.35898721718750004 0.5290726343750001 0.3525804140625 0.5265682796875 0.3525804140625 0.5265682796875 0.35898721718750004
0 0.5381127421875 0.3641995328125 0.5381127421875 0.37082351406249997 0.54379335 0.37082351406249997 0.54379335 0.3703311875 0.54379335 0.3641995328125 0.5381127421875 0.3641995328125
0 0.542816040625 0.359421578125 0.5472750125 0.359421578125 0.5472750125 0.35355772343749997 0.542816040625 0.35355772343749997 0.542816040625 0.359421578125
0 0.5546048296875 0.372886721875 0.5573535109375001 0.372886721875 0.5573535109375001 0.36702286875 0.5546048296875 0.36702286875 0.5546048296875 0.372886721875
0 0.5499626125 0.38124814375 0.553688603125 0.38124814375 0.553688603125 0.3773389078125 0.5499626125 0.3773389078125 0.5499626125 0.38124814375
0 0.55674269375 0.3900439234375 0.5597967828125 0.3900439234375 0.5597967828125 0.38472301875000003 0.55674269375 0.38472301875000003 0.55674269375 0.3900439234375
0 0.5558875484375 0.3455220734375 0.5582086562499999 0.3455220734375 0.5582086562499999 0.34041834843749996 0.5558875484375 0.34041834843749996 0.5558875484375 0.3455220734375
0 0.58758900625 0.366588509375 0.58972686875 0.366588509375 0.58972686875 0.362353503125 0.58758900625 0.362353503125 0.58758900625 0.366588509375
0 0.631777896875 0.4591294640625 0.635356909375 0.4591294640625 0.635356909375 0.45425140312499995 0.631777896875 0.45425140312499995 0.631777896875 0.4591294640625
0 0.6660171125 0.45319095468750004 0.6699540265625 0.45319095468750004 0.6699540265625 0.448100803125 0.6660171125 0.448100803125 0.6660171125 0.45319095468750004
0 0.6921439015625 0.4381325921875 0.6948878109375001 0.4381325921875 0.6948878109375001 0.43219408281250005 0.6921439015625 0.43219408281250005 0.6921439015625 0.4381325921875
0 0.32454446406250004 0.3948789515625 0.327407675 0.3948789515625 0.327407675 0.3891101140625 0.32454446406250004 0.3891101140625 0.32454446406250004 0.3948789515625
0 0.309369453125 0.411167434375 0.312137221875 0.411167434375 0.312137221875 0.4047199109375 0.309369453125 0.4047199109375 0.309369453125 0.411167434375
0 0.3080332890625 0.4411993234375 0.3110873796875 0.4411993234375 0.3110873796875 0.43441245625 0.3080332890625 0.43441245625 0.3080332890625 0.4411993234375
0 0.30746064687499997 0.37265196093749997 0.30746064687499997 0.3763847375 0.3100375359375 0.3763847375 0.3100375359375 0.3756912109375 0.3100375359375 0.37265196093749997 0.30746064687499997 0.37265196093749997
0 0.3020205484375 0.379778171875 0.305170078125 0.379778171875 0.305170078125 0.374348678125 0.3020205484375 0.374348678125 0.3020205484375 0.379778171875
0 0.2920947546875 0.3809658734375 0.29553060625 0.3809658734375 0.29553060625 0.3751970359375 0.2920947546875 0.3751970359375 0.2920947546875 0.3809658734375
0 0.278733109375 0.44730750312499995 0.2817872 0.44730750312499995 0.2817872 0.4410296515625 0.278733109375 0.4410296515625 0.278733109375 0.44730750312499995
0 0.2673757109375 0.421687078125 0.270525240625 0.421687078125 0.270525240625 0.4159182421875 0.2673757109375 0.4159182421875 0.2673757109375 0.421687078125
0 0.24819220468749997 0.456639446875 0.251914378125 0.456639446875 0.251914378125 0.450191921875 0.24819220468749997 0.450191921875 0.24819220468749997 0.456639446875
0 0.2228050796875 0.44713783124999995 0.2257637296875 0.44713783124999995 0.2257637296875 0.441538665625 0.2228050796875 0.441538665625 0.2228050796875 0.44713783124999995
0 0.232921753125 0.45867550625 0.235880403125 0.45867550625 0.235880403125 0.4532460125 0.232921753125 0.4532460125 0.232921753125 0.45867550625
0 0.2255242328125 0.388450515625 0.2286546765625 0.388450515625 0.2286546765625 0.382885284375 0.2255242328125 0.382885284375 0.2255242328125 0.388450515625
0 0.17529378281250002 0.409508853125 0.17975275468750002 0.409508853125 0.17975275468750002 0.401473203125 0.17529378281250002 0.401473203125 0.17529378281250002 0.409508853125
0 0.1697353375 0.40874872343749996 0.1725451 0.40874872343749996 0.1725451 0.4034278203125 0.1697353375 0.4034278203125 0.1697353375 0.40874872343749996
0 0.122033325 0.2397980359375 0.12423227031249999 0.2397980359375 0.12423227031249999 0.2332826421875 0.122033325 0.2332826421875 0.122033325 0.2397980359375
0 0.137425940625 0.2351938234375 0.1394294234375 0.2351938234375 0.1394294234375 0.228417815625 0.137425940625 0.228417815625 0.137425940625 0.2351938234375
0 0.14016240625 0.21582138906249998 0.1419704265625 0.21582138906249998 0.1419704265625 0.2125202578125 0.14016240625 0.2125202578125 0.14016240625 0.21582138906249998
0 0.1584869484375 0.2256379140625 0.1607836234375 0.2256379140625 0.1607836234375 0.22025185781249998 0.1584869484375 0.22025185781249998 0.1584869484375 0.2256379140625
0 0.1672338625 0.20148752656250002 0.1672338625 0.20739481406250002 0.1688297234375 0.20739481406250002 0.16918848125 0.20739481406250002 0.16918848125 0.20148752656250002 0.1672338625 0.20148752656250002
0 0.1696771359375 0.2056573765625 0.1711430984375 0.2056573765625 0.1711430984375 0.20157439687499998 0.1696771359375 0.20157439687499998 0.1696771359375 0.2056573765625
0 0.16738045937499998 0.20148752656250002 0.16918848125 0.20148752656250002 0.16918848125 0.1947115171875 0.16738045937499998 0.1947115171875 0.16738045937499998 0.20148752656250002
0 0.173488640625 0.20001070312499997 0.1751012 0.20001070312499997 0.1751012 0.1959277234375 0.173488640625 0.1959277234375 0.173488640625 0.20001070312499997
0 0.17573645 0.198794496875 0.17769106875000001 0.198794496875 0.17769106875000001 0.192974078125 0.17573645 0.192974078125 0.17573645 0.198794496875
0 0.1659633609375 0.19384279843750002 0.16840663281249998 0.19384279843750002 0.16840663281249998 0.1861111984375 0.1659633609375 0.1861111984375 0.1659633609375 0.19384279843750002
0 0.1824798828125 0.202095628125 0.1844345 0.202095628125 0.1844345 0.1962752109375 0.1824798828125 0.1962752109375 0.1824798828125 0.202095628125
0 0.19146189062500002 0.1666432671875 0.193318778125 0.1666432671875 0.193318778125 0.16351587812499999 0.19146189062500002 0.16351587812499999 0.19146189062500002 0.1666432671875
0 0.3200800375 0.7820538234375001 0.325943890625 0.7820538234375001 0.325943890625 0.7693488078125 0.3200800375 0.7693488078125 0.3200800375 0.7820538234375001
0 0.013249832812500001 0.4367690984375 0.016817009375 0.4367690984375 0.016817009375 0.43112242343749996 0.013249832812500001 0.43112242343749996 0.013249832812500001 0.4367690984375
0 0.0869746359375 0.272789784375 0.0869746359375 0.27814109375 0.0882713859375 0.27814109375 0.08912471562499999 0.27814109375 0.08912471562499999 0.272789784375 0.0869746359375 0.272789784375
0 0.0890856234375 0.27918355625 0.09100115 0.27918355625 0.09100115 0.272928778125 0.0890856234375 0.272928778125 0.0890856234375 0.27918355625
0 0.2033043078125 0.144860353125 0.20492554687500003 0.144860353125 0.20492554687500003 0.13977202187499999 0.2033043078125 0.13977202187499999 0.2033043078125 0.144860353125
0 0.17168025 0.20701812656250002 0.17370179375 0.20701812656250002 0.17370179375 0.20232120625 0.17168025 0.20232120625 0.17168025 0.20701812656250002
0 0.1957968125 0.165259253125 0.198238678125 0.165259253125 0.198238678125 0.159032275 0.1957968125 0.159032275 0.1957968125 0.165259253125
0 0.1988391359375 0.1643696859375 0.20044035937500002 0.1643696859375 0.20044035937500002 0.160313253125 0.1988391359375 0.160313253125 0.1988391359375 0.1643696859375
0 0.15178597031250002 0.23755779531250001 0.154225334375 0.23755779531250001 0.154225334375 0.22777254375 0.15178597031250002 0.22777254375 0.15178597031250002 0.23755779531250001
0 0.15443799687499998 0.2335480671875 0.156599646875 0.2335480671875 0.156599646875 0.225577534375 0.15443799687499998 0.225577534375 0.15443799687499998 0.2335480671875
0 0.1568598453125 0.232338253125 0.1587412828125 0.232338253125 0.1587412828125 0.2258266140625 0.1568598453125 0.2258266140625 0.1568598453125 0.232338253125
0 0.1479165109375 0.2474292578125 0.15064359375 0.2474292578125 0.15064359375 0.2421363265625 0.1479165109375 0.2421363265625 0.1479165109375 0.2474292578125
0 0.002590153125 0.3373973671875 0.005561171875 0.3373973671875 0.005561171875 0.3301001265625 0.002590153125 0.3301001265625 0.002590153125 0.3373973671875
0 0.5862515265625 0.95178729375 0.5797876734375 0.95178729375 0.5797876734375 0.9629372609375 0.5862515265625 0.9629372609375 0.5862515265625 0.95178729375
0 0.28633134843749997 0.675571421875 0.2879313109375 0.675571421875 0.2879313109375 0.6720443921875 0.28633134843749997 0.6720443921875 0.28633134843749997 0.675571421875
0 0.241105609375 0.464909178125 0.2427832921875 0.464909178125 0.2427832921875 0.45894408281250004 0.241105609375 0.45894408281250004 0.241105609375 0.464909178125
0 0.535022421875 0.778910890625 0.5373030234375 0.778910890625 0.5373030234375 0.7733652156249999 0.535022421875 0.7733652156249999 0.535022421875 0.778910890625
0 0.5396360515625 0.7716875328125 0.5364903953125 0.7716875328125 0.5364903953125 0.7771866046875 0.5396360515625 0.7771866046875 0.5396360515625 0.7716875328125
0 0.858239996875 0.8806365890625001 0.8620159109375001 0.8806365890625001 0.8620159109375001 0.8711932484375 0.858239996875 0.8711932484375 0.858239996875 0.8806365890625001
0 0.7493522390625 0.8561838140625 0.7448723421875 0.8561838140625 0.7448723421875 0.8656271546875001 0.7493522390625 0.8656271546875001 0.7493522390625 0.8561838140625
0 0.3272293484375 0.9819226671875001 0.32206850625 0.9819226671875001 0.32206850625 0.9926266359374999 0.3272293484375 0.9926266359374999 0.3272293484375 0.9819226671875001
0 0.19468955 0.866321096875 0.19852725 0.866321096875 0.19852725 0.86031871875 0.19468955 0.86031871875 0.19468955 0.866321096875
0 0.19229885156249998 0.8651653593749999 0.19653500156249998 0.8651653593749999 0.19653500156249998 0.8572988890625 0.19229885156249998 0.8572988890625 0.19229885156249998 0.8651653593749999
0 0.20255557343750002 0.7213433140625 0.20505151562499999 0.7213433140625 0.20505151562499999 0.71576833125 0.20255557343750002 0.71576833125 0.20255557343750002 0.7213433140625
0 0.18159160000000002 0.6702496390625 0.1908975 0.6702496390625 0.1908975 0.6618029703125 0.18159160000000002 0.6618029703125 0.18159160000000002 0.6702496390625
0 0.06702983125 0.7079512359375 0.063909903125 0.7079512359375 0.063909903125 0.7144933078125 0.06702983125 0.7144933078125 0.06702983125 0.7079512359375
0 0.14143132187500002 0.5711754640625 0.14373526875 0.5711754640625 0.14373526875 0.56651068125 0.14143132187500002 0.56651068125 0.14143132187500002 0.5711754640625
0 0.15359104375 0.55831886875 0.1576229515625 0.55831886875 0.1576229515625 0.548420428125 0.15359104375 0.548420428125 0.15359104375 0.55831886875
0 0.1576229515625 0.5530852109375 0.15359104375 0.5530852109375 0.15359104375 0.5623009999999999 0.1576229515625 0.5623009999999999 0.1576229515625 0.5530852109375
0 0.050588996875 0.5364879874999999 0.053712125 0.5364879874999999 0.053712125 0.5312088187499999 0.050588996875 0.5312088187499999 0.050588996875 0.5364879874999999
0 0.04475233125 0.5340304437500001 0.0417316 0.5340304437500001 0.0417316 0.5373071687500001 0.04475233125 0.5373071687500001 0.04475233125 0.5340304437500001
0 0.0203816890625 0.5169186578125 0.01797534375 0.5169186578125 0.01797534375 0.52046844375 0.0203816890625 0.52046844375 0.0203816890625 0.5169186578125
0 0.007646696875 0.506301340625 0.0057330890625 0.506301340625 0.0057330890625 0.5090508765624999 0.007646696875 0.5090508765624999 0.007646696875 0.506301340625
0 0.01371846875 0.505441528125 0.011537479687500001 0.505441528125 0.011537479687500001 0.5086850484375 0.01371846875 0.5086850484375 0.01371846875 0.505441528125
0 0.14710040156249998 0.49782913593749994 0.1441308703125 0.49782913593749994 0.1441308703125 0.5028352421875 0.14710040156249998 0.5028352421875 0.14710040156249998 0.49782913593749994
0 0.14802198125 0.49555363124999996 0.149762740625 0.49555363124999996 0.149762740625 0.49182180625000005 0.14802198125 0.49182180625000005 0.14802198125 0.49555363124999996
0 0.1439772734375 0.4961907734375 0.14710040156249998 0.4961907734375 0.14710040156249998 0.4923679265625 0.1439772734375 0.4923679265625 0.1439772734375 0.4961907734375
0 0.2386066796875 0.4583079171875 0.23635393124999998 0.4583079171875 0.23635393124999998 0.4624038234375 0.2386066796875 0.4624038234375 0.2386066796875 0.4583079171875
0 0.23838107968750002 0.4648380703125 0.240281559375 0.4648380703125 0.240281559375 0.46134491093749996 0.23838107968750002 0.46134491093749996 0.23838107968750002 0.4648380703125
0 0.35931694062499997 0.39543359218749996 0.3613485109375 0.39543359218749996 0.3613485109375 0.39217143125 0.35931694062499997 0.39217143125 0.35931694062499997 0.39543359218749996
0 0.459994521875 0.41281539062499994 0.4616092921875 0.41281539062499994 0.4616092921875 0.40949730625 0.459994521875 0.40949730625 0.459994521875 0.41281539062499994
0 0.46299338125 0.41173421718750003 0.4648388328125 0.41173421718750003 0.4648388328125 0.407782340625 0.46299338125 0.407782340625 0.46299338125 0.41173421718750003
0 0.50025399375 0.41675445624999996 0.497735653125 0.41675445624999996 0.497735653125 0.42054089375 0.50025399375 0.42054089375 0.50025399375 0.41675445624999996
0 0.5006980453125001 0.36086509218749996 0.497789953125 0.36086509218749996 0.497789953125 0.366253484375 0.5006980453125001 0.366253484375 0.5006980453125001 0.36086509218749996
0 0.5790005093749999 0.34170899375 0.576968940625 0.34170899375 0.576968940625 0.3466022375 0.5790005093749999 0.3466022375 0.5790005093749999 0.34170899375
0 0.5998077140625 0.40718524062499994 0.5965965234375 0.40718524062499994 0.5965965234375 0.4115542078125 0.5998077140625 0.4115542078125 0.5998077140625 0.40718524062499994
0 0.584893371875 0.35732076875 0.5831527750000001 0.35732076875 0.5831527750000001 0.36164546249999996 0.584893371875 0.36164546249999996 0.584893371875 0.35732076875
0 0.5869492046875 0.35464691406250004 0.584372284375 0.35464691406250004 0.584372284375 0.35791101406250003 0.5869492046875 0.35791101406250003 0.5869492046875 0.35464691406250004
0 0.5886886265625 0.3535397921875 0.587121 0.3535397921875 0.587121 0.356918421875 0.5886886265625 0.356918421875 0.5886886265625 0.3535397921875
0 0.00488211875 0.4532606859375 0.0025064921875 0.4532606859375 0.0025064921875 0.4598141359375 0.00488211875 0.4598141359375 0.00488211875 0.4532606859375
0 0 0.46097919374999996 0.001646353125 0.46097919374999996 0.001646353125 0.45282378906250004 0 0.45282378906250004 0 0.46097919374999996
0 0.0231498609375 0.43491102656249997 0.020036971875 0.43491102656249997 0.020036971875 0.4428479828125 0.0231498609375 0.4428479828125 0.0231498609375 0.43491102656249997
0 0.027655357812499996 0.43418286406249995 0.0247063046875 0.43418286406249995 0.0247063046875 0.4415372921875 0.027655357812499996 0.4415372921875 0.027655357812499996 0.43418286406249995
0 0.0403526671875 0.41255648125000005 0.0349460703125 0.41255648125000005 0.0349460703125 0.41816332031250003 0.0403526671875 0.41816332031250003 0.0403526671875 0.41255648125000005
0 0.0581289 0.42872165625 0.060504524999999997 0.42872165625 0.060504524999999997 0.4236973453125 0.0581289 0.4236973453125 0.0581289 0.42872165625
0 0.0162820421875 0.3128566328125 0.019820904687499998 0.3128566328125 0.019820904687499998 0.2994002140625 0.0162820421875 0.2994002140625 0.0162820421875 0.3128566328125
0 0.02086945625 0.311691575 0.024015112499999998 0.311691575 0.024015112499999998 0.3021381015625 0.02086945625 0.3021381015625 0.02086945625 0.311691575
0 0.024899828125000002 0.30691483750000004 0.0272918375 0.30691483750000004 0.0272918375 0.300040996875 0.024899828125000002 0.300040996875 0.024899828125000002 0.30691483750000004
0 0.0930022515625 0.27722330624999997 0.0912826265625 0.27722330624999997 0.0912826265625 0.2812497453125 0.0930022515625 0.2812497453125 0.0930022515625 0.27722330624999997
0 0.090443784375 0.27342055625 0.090443784375 0.27763340625 0.0921424390625 0.27763340625 0.0921424390625 0.27364208125 0.0921424390625 0.27342055625 0.090443784375 0.27342055625
0 0.11570026093750001 0.2372792875 0.1140645203125 0.2372792875 0.1140645203125 0.2422004921875 0.11570026093750001 0.2422004921875 0.11570026093750001 0.2372792875
0 0.1357079328125 0.21097701875000002 0.13400927812500002 0.21097701875000002 0.13400927812500002 0.21716580625 0.1357079328125 0.21716580625 0.1357079328125 0.21097701875000002
0 0.15498031875 0.2029241390625 0.15292515625 0.2029241390625 0.15292515625 0.20713698906250003 0.15498031875 0.20713698906250003 0.15498031875 0.2029241390625
0 0.1808716890625 0.1788511328125 0.1791514078125 0.1788511328125 0.1791514078125 0.18220067499999998 0.1808716890625 0.18220067499999998 0.1808716890625 0.1788511328125
0 0.18537718593750002 0.1773948109375 0.1838617 0.1773948109375 0.1838617 0.1811812484375 0.18537718593750002 0.1811812484375 0.18537718593750002 0.1773948109375
0 0.2119525828125 0.330967090625 0.2146661203125 0.330967090625 0.2146661203125 0.3264160828125 0.2119525828125 0.3264160828125 0.2119525828125 0.330967090625
0 0.22500828281250002 0.312125921875 0.2215267625 0.312125921875 0.2215267625 0.31576672656250004 0.22500828281250002 0.31576672656250004 0.22500828281250002 0.312125921875
0 0.19178024375 0.3085761359375 0.1898346890625 0.3085761359375 0.1898346890625 0.3123989828125 0.19178024375 0.3123989828125 0.19178024375 0.3085761359375
0 0.1873854484375 0.2960620765625 0.1854194140625 0.2960620765625 0.1854194140625 0.2993242375 0.1873854484375 0.2993242375 0.1873854484375 0.2960620765625
