0 0.5965986390625 0.4691609984375 0.6068027203125 0.4691609984375 0.6068027203125 0.43892668125 0.5965986390625 0.43892668125 0.5965986390625 0.4691609984375
0 0.6428571421875 0.47883597812499995 0.65442176875 0.47883597812499995 0.65442176875 0.44981103593749994 0.6428571421875 0.44981103593749994 0.6428571421875 0.47883597812499995
0 0.79251700625 0.5441421015625 0.8122448984374999 0.5441421015625 0.8122448984374999 0.4752078609375 0.79251700625 0.4752078609375 0.79251700625 0.5441421015625
0 0.8231292515625 0.5501889640625001 0.8435374156250001 0.5501889640625001 0.8435374156250001 0.47883597812499995 0.8231292515625 0.47883597812499995 0.8231292515625 0.5501889640625001
0 0.000680271875 0 0.000680271875 0.0640211640625 0.110884353125 0.0640211640625 0.110884353125 0 0.000680271875 0
0 0.0480610765625 0.497630259375 0.0818325015625 0.497630259375 0.0818325015625 0.382930628125 0.0480610765625 0.382930628125 0.0480610765625 0.497630259375
0 0.644759778125 0.757652028125 0.6771803453125 0.757652028125 0.6771803453125 0.592197809375 0.644759778125 0.592197809375 0.644759778125 0.757652028125
0 0.7513970578125 0.7822179359375 0.7824949953125 0.7822179359375 0.7824949953125 0.60076311875 0.7513970578125 0.60076311875 0.7513970578125 0.7822179359375
0 0.7843015140625 0.605580503125 0.74404194375 0.605580503125 0.74404194375 0.801258075 0.7843015140625 0.801258075 0.7843015140625 0.605580503125
0 0.690491553125 0.7845119281249999 0.7317834203125 0.7845119281249999 0.7317834203125 0.6769236734375 0.690491553125 0.6769236734375 0.690491553125 0.7845119281249999
0 1 0.7636170609375 0.9524698015625 0.7636170609375 0.9524698015625 0.9773347328125 1 0.9773347328125 1 0.7636170609375
0 0.8554399625 0.5660290234375001 0.9088693796875 0.5660290234375001 0.9088693796875 0.44236848437500004 0.8554399625 0.44236848437500004 0.8554399625 0.5660290234375001
0 0.748766984375 0.4480768265625 0.748766984375 0.5549768828125 0.7672192875 0.5549768828125 0.7672192875 0.482681246875 0.7672192875 0.4480768265625 0.748766984375 0.4480768265625
0 0.7907153921875001 0.482681246875 0.7672192875 0.482681246875 0.7672192875 0.55585410625 0.7907153921875001 0.55585410625 0.7907153921875001 0.482681246875
