0 0.333032121875 0 0.3340867828125 0.0453125 0.4875 0.0453125 0.4875 0 0.333032121875 0
0 0.6 0 0.49296445312500003 0 0.4921875 0.0667712609375 0.4921875 0.0984375 0.5236456 0.0984375 0.6 0.0975490359375 0.6 0
0 0.3740228765625 0.05867014375 0.3757806859375 0.159375 0.39375 0.159375 0.39375 0.0585553734375 0.3740228765625 0.05867014375
0 0.522929675 0.10817105 0.52326393125 0.165625 0.5421875 0.165625 0.5421875 0.10839513593750001 0.522929675 0.10817105
0 0.2109375 0.157389375 0.2109375 0.10758648906249998 0.1952380640625 0.107312453125 0.19375 0.171245740625 0.19375 0.2 0.2099457265625 0.2 0.2108441171875 0.16140147968750002 0.2109375 0.157389375
0 0.173856478125 0.107219403125 0.1749542609375 0.2015625 0.190625 0.2015625 0.190625 0.10751209843750001 0.173856478125 0.107219403125
0 0.26261310625 0.121875 0.2634987609375 0.0457620015625 0.247632275 0.0461312984375 0.246875 0.111211396875 0.246875 0.121875 0.26261310625 0.121875
0 0.278005734375 0.0456718640625 0.26577531875 0.0459565296875 0.267757721875 0.131128709375 0.278125 0.130887409375 0.278125 0.05079600468749999 0.278005734375 0.0456718640625
0 0.290625 0.04968375625 0.274449596875 0.04968375625 0.2734375 0.107666796875 0.2734375 0.128125 0.2899385421875 0.128125 0.290625 0.08879779531250001 0.290625 0.04968375625
0 0.2724689078125 0.0150500203125 0.27297222187500003 0.1015625 0.2890625 0.1015625 0.2890625 0.014953481250000001 0.2724689078125 0.0150500203125
0 0.2562727609375 0.019853553125 0.25487380000000004 0.1 0.271074128125 0.1 0.271875 0.054118018749999997 0.271875 0.020035101562499998 0.2562727609375 0.019853553125
0 0.1744265890625 0.025821095312499997 0.1752351953125 0.0953125 0.1921875 0.0953125 0.1921875 0.026234485937500003 0.1744265890625 0.025821095312499997
0 0.14064253437500002 0 0.1414061921875 0.04375 0.1515625 0.04375 0.1515625 0 0.14064253437500002 0
0 0.1335317015625 0 0.1338589828125 0.01875 0.1421875 0.01875 0.1421875 0 0.1335317015625 0
0 0.151821709375 0 0.151921703125 0.0171875 0.1578125 0.0171875 0.1578125 0 0.151821709375 0
0 0.1595513953125 0 0.1605696875 0.04375 0.1671875 0.04375 0.1671875 0 0.1595513953125 0
0 0.1664656671875 0 0.1660929625 0.0640625 0.1828125 0.0640625 0.1828125 0 0.1664656671875 0
0 0.0997265640625 0 0.099453853125 0.046875 0.108533478125 0.046875 0.1125 0.0468057640625 0.1125 0 0.0997265640625 0
0 0.0875 0 0.0875 0.040625 0.098789478125 0.040625 0.099735034375 0 0.0875 0
0 0.062311229687500004 0 0.061329304687499996 0.0421875 0.0772000890625 0.0421875 0.07753997812499999 0.0275844546875 0.078125 0.0024495359375 0.078125 0 0.062311229687500004 0
0 0.2484375 0.1609375 0.2398416140625 0.1609375 0.21199949999999998 0.1614234859375 0.212727403125 0.203125 0.2129271734375 0.203125 0.2484375 0.202505165625 0.2484375 0.1609375
0 0.221875 0.092795365625 0.221875 0.0515625 0.195444315625 0.0515625 0.1934304421875 0.051609373437499995 0.1922677703125 0.1015625 0.21643424531250002 0.1015625 0.22167378124999998 0.10144054843750001 0.221875 0.092795365625
0 0.2910551484375 0.07604665000000001 0.291642953125 0.1265625 0.3171875 0.1265625 0.3171875 0.0758946171875 0.2910551484375 0.07604665000000001
0 0.1162552890625 0.0255517484375 0.1170121234375 0.0515625 0.1375 0.0515625 0.1375 0.0259225765625 0.1162552890625 0.0255517484375
0 0.4453125 0.144546346875 0.3921875 0.1451645125 0.3921875 0.165625 0.4453125 0.165625 0.4453125 0.144546346875
0 0.159375 0.0430854828125 0.1592921921875 0.0383414328125 0.15022079375 0.0384469875 0.1504497265625 0.0515625 0.159375 0.0515625 0.159375 0.0430854828125
0 0.1075283546875 0.0287252953125 0.10712972968750001 0.0515625 0.1265625 0.0515625 0.1265625 0.028836031249999998 0.1075283546875 0.0287252953125
0 0.07641033750000001 0.025 0.0764921515625 0.0390625 0.0921875 0.0390625 0.0921875 0.025 0.07641033750000001 0.025
0 0.6680429671875 0.0137875234375 0.6683750500000001 0.0328125 0.6765625 0.0328125 0.6765625 0.013837089062499999 0.6680429671875 0.0137875234375
