0 0.9785772671874999 0.21898369999999998 0.9810571281249999 0.21898369999999998 0.9810571281249999 0.210172903125 0.9785772671874999 0.210172903125 0.9785772671874999 0.21898369999999998
0 0.98587115 0.19370523906249998 0.9880419078125 0.19370523906249998 0.9880419078125 0.18955791093750002 0.98587115 0.18955791093750002 0.98587115 0.19370523906249998
0 0.3398034125 1 0.3398034125 0.994294909375 0.334990328125 0.994294909375 0.334990328125 1 0.3398034125 1
0 0.317663221875 1 0.317663221875 0.9851745859375001 0.31156664843750004 0.9851745859375001 0.31156664843750004 1 0.317663221875 1
0 0.377024603125 1 0.377024603125 0.9999951125 0.377024603125 0.9982850515624999 0.377024603125 0.973204159375 0.3696445390625 0.973204159375 0.3696445390625 1 0.377024603125 1
0 0.3872925171875 1 0.3872925171875 0.9851745859375001 0.38119594375 0.9851745859375001 0.38119594375 1 0.3872925171875 1
0 0.1918812703125 1 0.1918812703125 0.9823244843750001 0.18642644218749999 0.9823244843750001 0.18642644218749999 1 0.1918812703125 1
0 0.201507440625 0.9703540593749999 0.2066413984375 0.9703540593749999 0.2066413984375 0.9338727640624999 0.201507440625 0.9338727640624999 0.201507440625 0.9703540593749999
0 0.19573173906250002 0.9441331265624999 0.201507440625 0.9441331265624999 0.201507440625 0.915632115625 0.19573173906250002 0.915632115625 0.19573173906250002 0.9441331265624999
0 0.1597940390625 0.9429930875 0.16524886875 0.9429930875 0.16524886875 0.9116419734375001 0.1597940390625 0.9116419734375001 0.1597940390625 0.9429930875
0 0.1463174 0.9116419734375001 0.15305571874999999 0.9116419734375001 0.15305571874999999 0.8825709406249999 0.1463174 0.8825709406249999 0.1463174 0.9116419734375001
0 0.0109862875 0.983189165625 0.015298810937499999 0.983189165625 0.015298810937499999 0.9478023078125 0.0109862875 0.9478023078125 0.0109862875 0.983189165625
0 0.015298810937499999 0.983189165625 0.021459559375 0.983189165625 0.021459559375 0.9474374953125 0.015298810937499999 0.9474374953125 0.015298810937499999 0.983189165625
0 0.0348078484375 0.9623948265625 0.0407632390625 0.9623948265625 0.0407632390625 0.9310209125 0.0348078484375 0.9310209125 0.0348078484375 0.9623948265625
0 0.0424061046875 0.9613003875 0.046102554687500005 0.9613003875 0.046102554687500005 0.9277375953125 0.0424061046875 0.9277375953125 0.0424061046875 0.9613003875
0 0.047950778124999996 0.9631244531250001 0.05103115312499999 0.9631244531250001 0.05103115312499999 0.933939415625 0.047950778124999996 0.933939415625 0.047950778124999996 0.9631244531250001
0 0.0512365109375 0.9583818843749998 0.0565758265625 0.9583818843749998 0.0565758265625 0.924454278125 0.0512365109375 0.924454278125 0.0512365109375 0.9583818843749998
0 0.0565758265625 0.9583818843749998 0.0612990671875 0.9583818843749998 0.0612990671875 0.9273727828125 0.0565758265625 0.9273727828125 0.0565758265625 0.9583818843749998
0 0.0637633671875 0.9769873453125001 0.076290221875 0.9769873453125001 0.076290221875 0.9525448765625001 0.0637633671875 0.9525448765625001 0.0637633671875 0.9769873453125001
0 0.0684866078125 0.96531333125 0.0742366390625 0.96531333125 0.0742366390625 0.9361282937500001 0.0684866078125 0.9361282937500001 0.0684866078125 0.96531333125
0 0.07341520625 0.9029303140625 0.07341520625 0.9011062500000001 0.06684374062500001 0.9011062500000001 0.06684374062500001 0.9299264734375001 0.07341520625 0.9299264734375001 0.07341520625 0.9029303140625
0 0.07341520625 0.9266431562499999 0.07834380468749999 0.9266431562499999 0.07834380468749999 0.904024753125 0.07341520625 0.904024753125 0.07341520625 0.9266431562499999
0 0.09415639375 0.921535775 0.10175464999999999 0.921535775 0.10175464999999999 0.8927155515624999 0.09415639375 0.8927155515624999 0.09415639375 0.921535775
0 0.1021653671875 0.9167932078125001 0.10812075624999999 0.9167932078125001 0.10812075624999999 0.8879729828125 0.1021653671875 0.8879729828125 0.1021653671875 0.9167932078125001
0 0.1099689828125 0.9419653015625 0.1157190140625 0.9419653015625 0.1157190140625 0.9186172718750001 0.1099689828125 0.9186172718750001 0.1099689828125 0.9419653015625
0 0.1175672390625 0.9109561984375001 0.124754778125 0.9109561984375001 0.124754778125 0.8792174718750001 0.1175672390625 0.8792174718750001 0.1175672390625 0.9109561984375001
0 0.1263976453125 0.9105913859375001 0.1364602015625 0.9105913859375001 0.1364602015625 0.8784878453125 0.1263976453125 0.8784878453125 0.1263976453125 0.9105913859375001
0 0.1541210140625 0.9952279921875 0.1658264359375 0.9952279921875 0.1658264359375 0.9558281921875 0.1541210140625 0.9558281921875 0.1541210140625 0.9952279921875
0 0.18451404062500001 0.993403928125 0.19396052187499999 0.993403928125 0.19396052187499999 0.9558281921875 0.18451404062500001 0.9558281921875 0.18451404062500001 0.993403928125
0 0.21059454375 0.9707855249999999 0.2173713671875 0.9707855249999999 0.2173713671875 0.9324801640625001 0.21059454375 0.9324801640625001 0.21059454375 0.9707855249999999
0 0.2101838265625 0.9397764234375 0.2157285 0.9397764234375 0.2157285 0.9200765234375 0.2101838265625 0.9200765234375 0.2101838265625 0.9397764234375
0 0.21880887499999999 0.963854078125 0.22147853281250002 0.963854078125 0.22147853281250002 0.9379523593750001 0.21880887499999999 0.9379523593750001 0.21880887499999999 0.963854078125
0 0.21880887499999999 0.9594763234375 0.22394283124999997 0.9594763234375 0.22394283124999997 0.9335746031250001 0.21880887499999999 0.9335746031250001 0.21880887499999999 0.9594763234375
0 0.22455890625000002 0.9529096890625001 0.2327732390625 0.9529096890625001 0.2327732390625 0.9160635812500001 0.22455890625000002 0.9160635812500001 0.22455890625000002 0.9529096890625001
0 0.2327732390625 0.9467078687499999 0.2391393453125 0.9467078687499999 0.2391393453125 0.9189820843749998 0.2327732390625 0.9189820843749998 0.2327732390625 0.9467078687499999
0 0.261934115625 0.9405060500000001 0.270764521875 0.9405060500000001 0.270764521875 0.90657844375 0.261934115625 0.90657844375 0.261934115625 0.9405060500000001
0 0.15658531250000002 0.9116419734375001 0.16524886875 0.9116419734375001 0.16524886875 0.8744749031249999 0.15658531250000002 0.8744749031249999 0.15658531250000002 0.9116419734375001
0 0.1687014515625 0.9127802640624999 0.1728086171875 0.9127802640624999 0.1728086171875 0.8803119109375 0.1687014515625 0.8803119109375 0.1687014515625 0.9127802640624999
0 0.1728086171875 0.9127802640624999 0.175683634375 0.9127802640624999 0.175683634375 0.883960040625 0.1728086171875 0.883960040625 0.1728086171875 0.9127802640624999
0 0.17465684374999998 0.8897970484375 0.177942575 0.8897970484375 0.177942575 0.8657193921874999 0.17465684374999998 0.8657193921874999 0.17465684374999998 0.8897970484375
0 0.1799961578125 0.9058488171875 0.1841033234375 0.9058488171875 0.1841033234375 0.8857841046875 0.1799961578125 0.8857841046875 0.1799961578125 0.9058488171875
0 0.1799961578125 0.9405060500000001 0.19026407343750001 0.9405060500000001 0.19026407343750001 0.9058488171875 0.1799961578125 0.9058488171875 0.1799961578125 0.9405060500000001
0 0.18369260781250002 0.8835952265625 0.18800513125 0.8835952265625 0.18800513125 0.8595175718749999 0.18369260781250002 0.8595175718749999 0.18369260781250002 0.8835952265625
0 0.18471939843750002 0.9058488171875 0.18985335625 0.9058488171875 0.18985335625 0.883960040625 0.18471939843750002 0.883960040625 0.18471939843750002 0.9058488171875
0 0.1908801484375 0.884689665625 0.19375516406249998 0.884689665625 0.19375516406249998 0.8657193921874999 0.1908801484375 0.8657193921874999 0.1908801484375 0.884689665625
0 0.19642482187500002 0.8715564 0.19642482187500002 0.8686378968749999 0.19375516406249998 0.8686378968749999 0.19375516406249998 0.884689665625 0.19642482187500002 0.884689665625 0.19642482187500002 0.8715564
0 0.19642482187500002 0.884689665625 0.2003266296875 0.884689665625 0.2003266296875 0.8722860265625 0.19642482187500002 0.8722860265625 0.19642482187500002 0.884689665625
0 0.192728371875 0.90621363125 0.199094478125 0.90621363125 0.199094478125 0.8876081687500001 0.192728371875 0.8876081687500001 0.192728371875 0.90621363125
0 0.20135342031249998 0.8825007875 0.2042284359375 0.8825007875 0.2042284359375 0.8649897671875 0.20135342031249998 0.8649897671875 0.20135342031249998 0.8825007875
0 0.2025855703125 0.904024753125 0.206487378125 0.904024753125 0.206487378125 0.8773934078125001 0.2025855703125 0.8773934078125001 0.2025855703125 0.904024753125
0 0.206487378125 0.8989173718749999 0.210389184375 0.8989173718749999 0.210389184375 0.8715564 0.206487378125 0.8715564 0.206487378125 0.8989173718749999
0 0.219219590625 0.9160635812500001 0.226612490625 0.9160635812500001 0.226612490625 0.8923507390625 0.219219590625 0.8923507390625 0.219219590625 0.9160635812500001
0 0.2520769171875 0.9175228328125 0.260085890625 0.9175228328125 0.260085890625 0.8879729828125 0.2520769171875 0.8879729828125 0.2520769171875 0.9175228328125
0 0.26419305625 0.90657844375 0.270764521875 0.90657844375 0.270764521875 0.8792174718750001 0.26419305625 0.8792174718750001 0.26419305625 0.90657844375
0 0.28616639374999997 0.86644901875 0.28616639374999997 0.8460194921875 0.2804163609375 0.8460194921875 0.2804163609375 0.8730156515624999 0.28616639374999997 0.8730156515624999 0.28616639374999997 0.86644901875
0 0.293353934375 0.864624953125 0.2839074515625 0.864624953125 0.2839074515625 0.8938099906249999 0.293353934375 0.8938099906249999 0.293353934375 0.864624953125
0 0.290889634375 0.8832304140625 0.2954075171875 0.8832304140625 0.2954075171875 0.8547750031250001 0.290889634375 0.8547750031250001 0.290889634375 0.8832304140625
0 0.2954075171875 0.8748397171875 0.299720040625 0.8748397171875 0.299720040625 0.8562342546874999 0.2954075171875 0.8562342546874999 0.2954075171875 0.8748397171875
0 0.2982825328125 0.889067421875 0.30382720625 0.889067421875 0.30382720625 0.86608420625 0.2982825328125 0.86608420625 0.2982825328125 0.889067421875
0 0.21511242656250001 0.8963636812499999 0.21778208281250003 0.8963636812499999 0.21778208281250003 0.869367521875 0.21511242656250001 0.869367521875 0.21511242656250001 0.8963636812499999
0 0.220041025 0.8817711625000001 0.2237374734375 0.8817711625000001 0.2237374734375 0.8638953265625 0.220041025 0.8638953265625 0.220041025 0.8817711625000001
0 0.222916040625 0.8985525593750001 0.2284607140625 0.8985525593750001 0.2284607140625 0.8766637812500001 0.222916040625 0.8766637812500001 0.222916040625 0.8985525593750001
0 0.24016613750000002 0.9003766234375 0.24488937812499997 0.9003766234375 0.24488937812499997 0.869367521875 0.24016613750000002 0.869367521875 0.24016613750000002 0.9003766234375
0 0.2346214625 0.8978229328125 0.238728628125 0.8978229328125 0.238728628125 0.869367521875 0.2346214625 0.869367521875 0.2346214625 0.8978229328125
0 0.23154108906249998 0.8908914875 0.2346214625 0.8908914875 0.2346214625 0.8657193921874999 0.23154108906249998 0.8657193921874999 0.23154108906249998 0.8908914875
0 0.2492019015625 0.8908914875 0.2520769171875 0.8908914875 0.2520769171875 0.8686378968749999 0.2492019015625 0.8686378968749999 0.2492019015625 0.8908914875
0 0.2602912484375 0.8598823843750001 0.2646037734375 0.8598823843750001 0.2646037734375 0.8339806640624999 0.2602912484375 0.8339806640624999 0.2602912484375 0.8598823843750001
0 0.26439841406250003 0.8682730828124999 0.2703538046875 0.8682730828124999 0.2703538046875 0.8431009890624999 0.26439841406250003 0.8431009890624999 0.26439841406250003 0.8682730828124999
0 0.2662466390625 0.8372639812500001 0.2728181046875 0.8372639812500001 0.2728181046875 0.8128215125 0.2662466390625 0.8128215125 0.2662466390625 0.8372639812500001
0 0.30916652187500004 0.8806767234375 0.314300478125 0.8806767234375 0.314300478125 0.8507620609375 0.30916652187500004 0.8507620609375 0.30916652187500004 0.8806767234375
0 0.321077303125 0.8817711625000001 0.3235416015625 0.8817711625000001 0.3235416015625 0.8544101906249999 0.321077303125 0.8544101906249999 0.321077303125 0.8817711625000001
0 0.3235416015625 0.8755693421874999 0.3276487671875 0.8755693421874999 0.3276487671875 0.8529509390625 0.3235416015625 0.8529509390625 0.3235416015625 0.8755693421874999
0 0.329086275 0.864260140625 0.33216665 0.864260140625 0.33216665 0.8456546796875 0.329086275 0.8456546796875 0.329086275 0.864260140625
0 0.34407743125 0.8711915874999999 0.3485953125 0.8711915874999999 0.3485953125 0.848937996875 0.34407743125 0.848937996875 0.34407743125 0.8711915874999999
0 0.2970503828125 0.8230362765624999 0.3030057734375 0.8230362765624999 0.3030057734375 0.8037011890624999 0.2970503828125 0.8037011890624999 0.2970503828125 0.8230362765624999
0 0.3309345 0.8088085703125 0.335657740625 0.8088085703125 0.335657740625 0.789838296875 0.3309345 0.789838296875 0.3309345 0.8088085703125
0 0.3343005109375 0.7889070640625 0.3379148171875 0.7889070640625 0.3379148171875 0.7725634421875001 0.3343005109375 0.7725634421875001 0.3343005109375 0.7889070640625
0 0.3412005484375 0.7889070640625 0.3448148546875 0.7889070640625 0.3448148546875 0.765850884375 0.3412005484375 0.765850884375 0.3412005484375 0.7889070640625
0 0.3448148546875 0.7889070640625 0.3481005875 0.7889070640625 0.3481005875 0.7696449390625 0.3448148546875 0.7696449390625 0.3448148546875 0.7889070640625
0 0.3482648734375 0.7830700546875 0.3525363265625 0.7830700546875 0.3525363265625 0.7623486796875001 0.3482648734375 0.7623486796875001 0.3482648734375 0.7830700546875
0 0.354672053125 0.766142734375 0.35861493125 0.766142734375 0.35861493125 0.7492154125 0.354672053125 0.7492154125 0.354672053125 0.766142734375
0 0.3556577734375 0.7492154125 0.35861493125 0.7492154125 0.35861493125 0.73958435 0.3556577734375 0.73958435 0.3556577734375 0.7492154125
0 0.360586371875 0.757970925 0.3632149578125 0.757970925 0.3632149578125 0.741043603125 0.360586371875 0.741043603125 0.360586371875 0.757970925
0 0.3696221359375 0.7471724609375 0.3696221359375 0.7398762015625 0.3661721171875 0.7398762015625 0.3661721171875 0.7576790734375 0.3696221359375 0.7576790734375 0.3696221359375 0.7471724609375
0 0.3743864484375 0.7667264359375 0.37717932187500003 0.7667264359375 0.37717932187500003 0.7489235625 0.3743864484375 0.7489235625 0.3743864484375 0.7667264359375
0 0.3701149953125 0.7655590343750001 0.3743864484375 0.7655590343750001 0.3743864484375 0.7489235625 0.3701149953125 0.7489235625 0.3701149953125 0.7655590343750001
0 0.3701149953125 0.7524257671875 0.37307215625 0.7524257671875 0.37307215625 0.73841695 0.3701149953125 0.73841695 0.3701149953125 0.7524257671875
0 0.3773436078125 0.7392925015625 0.38013648125 0.7392925015625 0.38013648125 0.7252836828125 0.3773436078125 0.7252836828125 0.3773436078125 0.7392925015625
0 0.38013648125 0.7392925015625 0.3834222125 0.7392925015625 0.3834222125 0.72324073125 0.38013648125 0.72324073125 0.38013648125 0.7392925015625
0 0.394922278125 0.715944471875 0.397058003125 0.715944471875 0.397058003125 0.7007682515625 0.394922278125 0.7007682515625 0.394922278125 0.715944471875
0 0.40149374218749995 0.7124422671875 0.40477947500000006 0.7124422671875 0.40477947500000006 0.6969741968750001 0.40149374218749995 0.6969741968750001 0.40149374218749995 0.7124422671875
0 0.3973865765625 1 0.3973865765625 0.989116415625 0.3919651171875 0.989116415625 0.3919651171875 1 0.3973865765625 1
0 0.4034651828125 1 0.4034651828125 0.9850305109375 0.39557942343749997 0.9850305109375 0.39557942343749997 1 0.4034651828125 1
0 0.41135094062500005 1 0.41135094062500005 0.979777203125 0.4057651953125 0.979777203125 0.4057651953125 1 0.41135094062500005 1
0 0.418250978125 1 0.418250978125 0.9847386593749998 0.41102236718749996 0.9847386593749998 0.41102236718749996 1 0.418250978125 1
0 0.3081789359375 1 0.3081789359375 0.9850305109375 0.3035789109375 0.9850305109375 0.3035789109375 1 0.3081789359375 1
0 0.31156664843750004 1 0.31156664843750004 0.9666439375 0.307357503125 0.9666439375 0.307357503125 1 0.31156664843750004 1
0 0.3035789109375 0.99145121875 0.3081789359375 0.99145121875 0.3081789359375 0.969270590625 0.3035789109375 0.969270590625 0.3035789109375 0.99145121875
0 0.319186140625 0.957012875 0.319186140625 0.954678071875 0.314586115625 0.954678071875 0.314586115625 0.9832794078125 0.319186140625 0.9832794078125 0.319186140625 0.957012875
0 0.333479078125 0.994294909375 0.3398034125 0.994294909375 0.3398034125 0.954386221875 0.333479078125 0.954386221875 0.333479078125 0.994294909375
0 0.3252647453125 0.954678071875 0.3305219171875 0.954678071875 0.3305219171875 0.9269522875 0.3252647453125 0.9269522875 0.3252647453125 0.954678071875
0 0.3267433265625 0.99174306875 0.332164784375 0.99174306875 0.332164784375 0.9625580312500001 0.3267433265625 0.9625580312500001 0.3267433265625 0.99174306875
0 0.319186140625 0.9791935031250001 0.32395045312500004 0.9791935031250001 0.32395045312500004 0.957012875 0.319186140625 0.957012875 0.319186140625 0.9791935031250001
0 0.3109934265625 0.63242013125 0.31372715625 0.63242013125 0.31372715625 0.6258826828125 0.3109934265625 0.6258826828125 0.3109934265625 0.63242013125
0 0.3248723609375 0.628310878125 0.32697522968750004 0.628310878125 0.32697522968750004 0.6245751937499999 0.3248723609375 0.6245751937499999 0.3248723609375 0.628310878125
0 0.3314963984375 0.6305522890624999 0.33486098750000004 0.6305522890624999 0.33486098750000004 0.6219602140625 0.3314963984375 0.6219602140625 0.3314963984375 0.6305522890624999
0 0.3246620734375 0.6344747578125001 0.32697522968750004 0.6344747578125001 0.32697522968750004 0.630178721875 0.3246620734375 0.630178721875 0.3246620734375 0.6344747578125001
0 0.3862175734375 0.644664140625 0.38949805 0.644664140625 0.38949805 0.6358479234375001 0.3862175734375 0.6358479234375001 0.3862175734375 0.644664140625
0 0.39488139375000003 0.6413767375 0.397573065625 0.6413767375 0.397573065625 0.63480193125 0.39488139375000003 0.63480193125 0.39488139375000003 0.6413767375
0 0.3545873125 0.9799916359375 0.3607480609375 0.9799916359375 0.3607480609375 0.9486177203124999 0.3545873125 0.9486177203124999 0.3545873125 0.9799916359375
0 0.3437033234375 0.9788971953125 0.34883728125 0.9788971953125 0.34883728125 0.9544547265624999 0.3437033234375 0.9544547265624999 0.3437033234375 0.9788971953125
0 0.4094179765625 0.8216628109374999 0.4135251421875 0.8216628109374999 0.4135251421875 0.8012332843750001 0.4094179765625 0.8012332843750001 0.4094179765625 0.8216628109374999
0 0.3628486109375 0.9515203828125 0.368500071875 0.9515203828125 0.368500071875 0.9256040703124999 0.3628486109375 0.9256040703124999 0.3628486109375 0.9515203828125
0 0.3321065515625 0.9486177203124999 0.358097209375 0.9486177203124999 0.358097209375 0.9105915546875 0.3321065515625 0.9105915546875 0.3321065515625 0.9486177203124999
0 0.41875 0.91800181875 0.370932103125 0.91800181875 0.370932103125 0.9727237625 0.41875 0.9727237625 0.41875 0.91800181875
0 0.41875 0.85187946875 0.3613059328125 0.85187946875 0.3613059328125 0.9151517171875 0.41875 0.9151517171875 0.41875 0.85187946875
0 0.3901844421875 0.85187946875 0.40975765312499995 0.85187946875 0.40975765312499995 0.8142581328125 0.3901844421875 0.8142581328125 0.3901844421875 0.85187946875
0 0.288607109375 0.829071296875 0.292936421875 0.829071296875 0.292936421875 0.8160559328125 0.288607109375 0.8160559328125 0.288607109375 0.829071296875
0 0.52455003125 0.6754145312500001 0.5235413859375 0.71875 0.5308236468749999 0.71875 0.53125 0.7004321453125 0.53125 0.6754535109375001 0.52455003125 0.6754145312500001
