0 0.8125 0.029402935937500003 0.765625 0.029402935937500003 0.765625 0.09482028125 0.7656278640625 0.0953125 0.8125 0.0953125 0.8125 0.029402935937500003
0 0.8223957625 0.0250084265625 0.8220049265625 0.0921875 0.8577795 0.0921875 0.8578125 0.0865151796875 0.8578125 0.024596315625 0.8223957625 0.0250084265625
0 0.8750257671874999 0 0.875871246875 0.0484375 0.8837288796875 0.0484375 0.9 0.0480587859375 0.9 0 0.8750257671874999 0
0 0.5063802125000001 0.9713696390625 0.5064740546875 0.9875 0.515625 0.9875 0.515625 0.9713696390625 0.5063802125000001 0.9713696390625
0 0.5080891296875001 0.939810478125 0.5079934890625 0.95625 0.5109375 0.95625 0.5109375 0.939777334375 0.5080891296875001 0.939810478125
0 0.4921875 0.8703125 0.49075671718749997 0.8703125 0.487685928125 0.8703839734375001 0.48793014375 0.884375 0.4921875 0.884375 0.4921875 0.8703125
0 0.4850787875 0.8319680937499999 0.48469545781250006 0.8484375 0.4890625 0.8484375 0.4890625 0.83194491875 0.4850787875 0.8319680937499999
0 0.5061380812499999 0.9244700859375001 0.505762071875 0.940625 0.509375 0.940625 0.509375 0.9244512531249999 0.5061380812499999 0.9244700859375001
0 0.5002520859375 0.90006931875 0.5002520859375 0.9203125 0.50625 0.9203125 0.50625 0.9000344234375 0.5002520859375 0.90006931875
0 0.4828125 0.8203125 0.4782132296875 0.8203125 0.478125 0.8253672265625 0.478125 0.834375 0.48279975156250005 0.834375 0.4828125 0.833644640625 0.4828125 0.8203125
0 0.485360065625 0.8162335515624999 0.48575153593750003 0.8296875 0.4890625 0.8296875 0.4890625 0.8162550906250001 0.485360065625 0.8162335515624999
0 0.47295242968749995 0.784375 0.47295242968749995 0.7734375 0.4695463390625 0.7734375 0.4695463390625 0.784375 0.47295242968749995 0.784375
0 0.475591959375 0.7918409328125 0.4755081296875 0.80625 0.4796875 0.80625 0.4796875 0.7917694453124999 0.475591959375 0.7918409328125
0 0.45333204375 0.6887761828125 0.45333204375 0.696875 0.45625 0.696875 0.45625 0.68875920625 0.45333204375 0.6887761828125
0 0.6381357171875 0.90839795 0.639325534375 0.9765625 0.6671875 0.9765625 0.6671875 0.9089050515625001 0.6381357171875 0.90839795
0 0.5906299546875 0.7583785484375 0.5911720828125 0.8515625 0.628125 0.8515625 0.628125 0.7583785484375 0.5906299546875 0.7583785484375
0 0.5664773921874999 0.696545384375 0.5668247421875 0.75625 0.5859375 0.75625 0.5859375 0.69643216875 0.5664773921874999 0.696545384375
0 0.5625 0.639939515625 0.5505815703125 0.639939515625 0.55 0.6732576984375 0.55 0.7 0.5619392609375 0.7 0.5625 0.667875209375 0.5625 0.639939515625
0 0.4590633421875 0.713356878125 0.459162459375 0.721875 0.4609375 0.721875 0.4609375 0.7134114109375 0.4590633421875 0.713356878125
0 0.5453125 0.921875 0.5453125 0.900344871875 0.54221544375 0.90039893125 0.5421875 0.9028004140625001 0.5421875 0.921875 0.5453125 0.921875
