0 0.1904267890625 0.58592833125 0.1995162359375 0.58592833125 0.1995162359375 0.5639686421875 0.1904267890625 0.5639686421875 0.1904267890625 0.58592833125
0 0.40367919687500003 0.6841254328125 0.40973882812499995 0.6841254328125 0.40973882812499995 0.6605084078125001 0.40367919687500003 0.6605084078125001 0.40367919687500003 0.6841254328125
0 0.4181290875 0.6882687703125 0.4281507859375 0.6882687703125 0.4281507859375 0.66630908125 0.4181290875 0.66630908125 0.4181290875 0.6882687703125
0 0.4349096046875 0.68702576875 0.4432998640625 0.68702576875 0.4432998640625 0.662580078125 0.4349096046875 0.662580078125 0.4349096046875 0.68702576875
0 0.7092319203125 0.2351489375 0.7133559 0.2351489375 0.7133559 0.22890356875 0.7092319203125 0.22890356875 0.7092319203125 0.2351489375
0 0.037911990625 0.31025175781250003 0.042256317187499996 0.31025175781250003 0.042256317187499996 0.302955603125 0.037911990625 0.302955603125 0.037911990625 0.31025175781250003
0 0.1828965921875 0.33702456718749996 0.1879641390625 0.33702456718749996 0.1879641390625 0.3300732 0.1828965921875 0.3300732 0.1828965921875 0.33702456718749996
0 0.40703196718749995 0.2753105921875 0.41560300312500004 0.2753105921875 0.41560300312500004 0.259461475 0.40703196718749995 0.259461475 0.40703196718749995 0.2753105921875
0 0.5992521562500001 0.2905380265625 0.60452885 0.2905380265625 0.60452885 0.2785221859375 0.5992521562500001 0.2785221859375 0.5992521562500001 0.2905380265625
0 0.6015656953125 0.31204168125 0.6082356718749999 0.31204168125 0.6082356718749999 0.30229198749999997 0.6015656953125 0.30229198749999997 0.6015656953125 0.31204168125
0 0.6104589984375 0.3267979765625 0.6189076359375 0.3267979765625 0.6189076359375 0.314676734375 0.6104589984375 0.314676734375 0.6104589984375 0.3267979765625
0 0.6169439125 0.2961735234375 0.6232978953125 0.2961735234375 0.6232978953125 0.2883532359375 0.6169439125 0.2883532359375 0.6169439125 0.2961735234375
