0 0.142768709375 0.0986476609375 0.1426699375 0.115625 0.1462181390625 0.115625 0.146316790625 0.098668303125 0.142768709375 0.0986476609375
0 0.14418773437500002 0.08893989062499999 0.1445542640625 0.1046875 0.1484375 0.1046875 0.1484375 0.088915165625 0.14418773437500002 0.08893989062499999
0 0.15450704531249998 0.10540666875 0.154716853125 0.1234375 0.1578125 0.1234375 0.1578125 0.1053874390625 0.15450704531249998 0.10540666875
0 0.70273946875 0.0376255328125 0.7023311328125 0.1078125 0.715625 0.1078125 0.715625 0.0377004984375 0.70273946875 0.0376255328125
0 0.7015625 0.064654584375 0.690625 0.06471821562499999 0.690625 0.09417785937499999 0.69094235 0.1078125 0.7015625 0.1078125 0.7015625 0.064654584375
0 0.6804374390625 0.10908418281250001 0.6921875 0.1090158234375 0.6921875 0.0629142640625 0.6799010359375 0.06298574375 0.6804374390625 0.10908418281250001
0 0.5532139671875 0.06874054375000001 0.559375 0.0687047 0.559375 0.025548946875 0.5537161640624999 0.025581868749999997 0.5532139671875 0.06874054375000001
0 0.5476509484375 0.0304267578125 0.5472959234375 0.0609375 0.5555817421875 0.0609375 0.5559378890625 0.03033033125 0.5476509484375 0.0304267578125
0 0.50806375 0.0377394 0.508567325 0.059375 0.5171875 0.059375 0.5171875 0.0377394 0.50806375 0.0377394
0 0.5240844859375 0.0585256671875 0.535807475 0.0585256671875 0.535807475 0.0387446078125 0.5240844859375 0.0387446078125 0.5240844859375 0.0585256671875
0 0.9479473375000002 0.0739228359375 0.9524748375 0.0739228359375 0.9524748375 0.060342239062500004 0.9479473375000002 0.060342239062500004 0.9479473375000002 0.0739228359375
0 0.9418675531249999 0.07484355312499999 0.9470418375000001 0.07484355312499999 0.9470418375000001 0.061723315625 0.9418675531249999 0.061723315625 0.9418675531249999 0.07484355312499999
0 0.9359171234375001 0.0730021171875 0.940185909375 0.0730021171875 0.940185909375 0.059651699999999995 0.9359171234375001 0.059651699999999995 0.9359171234375001 0.0730021171875
0 0.9696225437500001 0.3529977546875 0.9696225437500001 0.3386341171875 0.9590666875 0.3386341171875 0.9590666875 0.3529977546875 0.9628488125000001 0.3529977546875 0.9696225437500001 0.3529977546875
0 0.9574108656250001 0.38614460781250004 0.9574108656250001 0.37509565624999996 0.94871780625 0.37509565624999996 0.94871780625 0.38614460781250004 0.9542680812500001 0.38614460781250004 0.9574108656250001 0.38614460781250004
0 0.41875 0.150443234375 0.4270677359375 0.150443234375 0.4270677359375 0.12894639531250002 0.41875 0.12894639531250002 0.41875 0.150443234375
0 0.7381845828125 0.203799196875 0.7827990171874999 0.203799196875 0.7827990171874999 0.1734396265625 0.7381845828125 0.1734396265625 0.7381845828125 0.203799196875
0 0.9321500109375 0.058995809375 0.937098334375 0.058995809375 0.937098334375 0.04748738125 0.9321500109375 0.04748738125 0.9321500109375 0.058995809375
0 0.9375993578124999 0.05548212500000001 0.9416263140625001 0.05548212500000001 0.9416263140625001 0.043036585937499997 0.9375993578124999 0.043036585937499997 0.9375993578124999 0.05548212500000001
0 0.5664715921875001 0.069930340625 0.5750172171875001 0.069930340625 0.5750172171875001 0.053034581250000004 0.5664715921875001 0.053034581250000004 0.5664715921875001 0.069930340625
0 0.228125 0.5944273 0.22795245312499998 0.5795986546874999 0.200404765625 0.5797589234375 0.20124027500000002 0.6515625 0.228125 0.6515625 0.228125 0.5944273
0 0.76517918125 0.4296875 0.7644246812500001 0.559375 0.80625 0.559375 0.80625 0.4296875 0.76517918125 0.4296875
