0 0.441525165625 0.3293566421875 0.44180367656249997 0.3453125 0.4484375 0.3453125 0.4484375 0.329437075 0.441525165625 0.3293566421875
0 0.369990109375 0.291130425 0.369638196875 0.30625 0.3765625 0.30625 0.3765625 0.291130425 0.369990109375 0.291130425
0 0.2042702171875 0.23711103125 0.20412706093750002 0.2453125 0.209375 0.2453125 0.209375 0.23705163125 0.2042702171875 0.23711103125
0 0.30197390468749996 0.2271717734375 0.301739078125 0.240625 0.30912592499999997 0.240625 0.3093585015625 0.227300671875 0.30197390468749996 0.2271717734375
0 0.311507228125 0.2452683796875 0.3203125 0.245063434375 0.3203125 0.2235561875 0.31200808593749996 0.22374947500000003 0.311507228125 0.2452683796875
0 0.331681596875 0.224269178125 0.331758571875 0.2375 0.334375 0.2375 0.334375 0.2243005203125 0.331681596875 0.224269178125
0 0.3671875 0.22588895625 0.3625 0.22583441249999997 0.3625 0.2390625 0.3671875 0.2390625 0.3671875 0.22588895625
0 0.359349884375 0.24642502500000002 0.35901210156249996 0.2609375 0.3640625 0.2609375 0.3640625 0.24642502500000002 0.359349884375 0.24642502500000002
0 0.3625 0.275110909375 0.3623780953125 0.269873378125 0.33962386875 0.269608609375 0.3398220890625 0.278125 0.3625 0.278125 0.3625 0.275110909375
0 0.3632888921875 0.265110853125 0.36306173125 0.278125 0.36875 0.278125 0.36875 0.2652061765625 0.3632888921875 0.265110853125
0 0.385608609375 0.2428052375 0.3856868296875 0.25625 0.390625 0.25625 0.390625 0.2427468671875 0.385608609375 0.2428052375
0 0.35227514531250004 0.22927909999999999 0.3521043765625 0.2390625 0.35625 0.2390625 0.35625 0.2292097203125 0.35227514531250004 0.22927909999999999
0 0.2359375 0.1321839078125 0.1984375 0.133275046875 0.1984375 0.1671875 0.2311980375 0.1671875 0.23578527500000002 0.167054025 0.2359375 0.16051381874999998 0.2359375 0.1321839078125
0 0.47142070937499997 0.251274978125 0.4718075578125 0.2734375 0.478125 0.2734375 0.478125 0.251118934375 0.47142070937499997 0.251274978125
0 0.4314185421875 0.2249447046875 0.434375 0.22487589218749998 0.434375 0.19573965625 0.43158807499999996 0.195804521875 0.4314185421875 0.2249447046875
0 0.403125 0.2074210359375 0.3973088984375 0.2073533609375 0.396875 0.2222654765625 0.396875 0.2328125 0.402863934375 0.2328125 0.403125 0.22384025937500002 0.403125 0.2074210359375
0 0.386902434375 0.2078125 0.3873388109375 0.2328125 0.390625 0.2328125 0.390625 0.2078125 0.386902434375 0.2078125
0 0.44370597656250005 0.2170214234375 0.4484375 0.21710401250000003 0.4484375 0.1988054375 0.4432799 0.1987154109375 0.44370597656250005 0.2170214234375
0 0.4527028515625 0.2171875 0.43919618125 0.217423259375 0.43935702499999996 0.2312461671875 0.45625 0.2309513 0.45625 0.2171875 0.4527028515625 0.2171875
0 0.3897442265625 0.137401375 0.38946977031249996 0.153125 0.39375 0.153125 0.39375 0.1373081390625 0.3897442265625 0.137401375
0 0.40010879062500004 0.1345319625 0.4002260515625 0.1546875 0.403125 0.1546875 0.403125 0.134461759375 0.40010879062500004 0.1345319625
0 0.40576318125000005 0.1390625 0.4060904640625 0.1578125 0.4078125 0.1578125 0.4078125 0.1390625 0.40576318125000005 0.1390625
0 0.40895037500000003 0.15115762187499998 0.4088318484375 0.15625 0.4140625 0.15625 0.4140625 0.1511873625 0.40895037500000003 0.15115762187499998
0 0.35388559375 0.143410996875 0.35625 0.14345226718749998 0.35625 0.12701755625 0.3536943203125 0.126972946875 0.35388559375 0.143410996875
0 0.34082687031250003 0.12521419843749998 0.3410413203125 0.1375 0.3421875 0.1375 0.3421875 0.1252537890625 0.34082687031250003 0.12521419843749998
0 0.33602815 0.128125 0.335728140625 0.1453125 0.3375 0.1453125 0.3375 0.128125 0.33602815 0.128125
0 0.3254824421875 0.1374212625 0.328125 0.137498153125 0.328125 0.12285334218749999 0.3254824421875 0.12277645156250001 0.3254824421875 0.1374212625
0 0.2761758328125 0.145744021875 0.2763526234375 0.1609375 0.2796875 0.1609375 0.2796875 0.14578488437499998 0.2761758328125 0.145744021875
0 0.2690314296875 0.12415572500000001 0.2691090640625 0.1375 0.271875 0.1375 0.271875 0.124089540625 0.2690314296875 0.12415572500000001
0 0.3070061375 0.1171875 0.3069061421875 0.134375 0.309375 0.134375 0.309375 0.1171875 0.3070061375 0.1171875
0 0.310116475 0.1171875 0.310116475 0.134375 0.3109375 0.134375 0.3109375 0.1171875 0.310116475 0.1171875
0 0.328475259375 0.1228008703125 0.3283224 0.1359375 0.32911354843749996 0.1359375 0.33125 0.1359002078125 0.33125 0.1227524359375 0.328475259375 0.1228008703125
0 0.33342384531249997 0.12418192343750001 0.333355453125 0.1359375 0.334375 0.1359375 0.334375 0.12419852499999999 0.33342384531249997 0.12418192343750001
0 0.45911422812499997 0.15427010937500002 0.45855651406250003 0.1734375 0.4640625 0.1734375 0.4640625 0.1543564828125 0.45911422812499997 0.15427010937500002
0 0.2944172328125 0.14269159375 0.29454480156249996 0.15 0.3 0.15 0.3 0.142789040625 0.2944172328125 0.14269159375
0 0.3875 0.3515625 0.3838631828125 0.3515625 0.38214125 0.351612603125 0.3816696359375 0.371875 0.3847504984375 0.371875 0.3875 0.371794996875 0.3875 0.3515625
0 0.2363606578125 0.26167945000000004 0.236159721875 0.2703125 0.240625 0.2703125 0.240625 0.26170425937499997 0.2363606578125 0.26167945000000004
0 0.28495699375 0.26585107343750003 0.2852790390625 0.2796875 0.2896450140625 0.2796875 0.2921875 0.2796135203125 0.2921875 0.2656406859375 0.28495699375 0.26585107343750003
0 0.2871863515625 0.21198145625000003 0.2874408640625 0.2265625 0.290625 0.2265625 0.290625 0.2120614921875 0.2871863515625 0.21198145625000003
0 0.338635153125 0.22420477343749998 0.3383620703125 0.2359375 0.34375 0.2359375 0.34375 0.224294053125 0.338635153125 0.22420477343749998
0 0.303459690625 0.20558975156249998 0.3034194890625 0.2125 0.30625 0.2125 0.30625 0.20560598593749999 0.303459690625 0.20558975156249998
0 0.3237433046875 0.20485697187500002 0.3236988390625 0.2125 0.328125 0.2125 0.328125 0.2048314796875 0.3237433046875 0.20485697187500002
0 0.335636684375 0.24694533125 0.335556090625 0.2515625 0.3390625 0.2515625 0.3390625 0.2469054671875 0.335636684375 0.24694533125
0 0.2182489828125 0.12006138125000002 0.2182489828125 0.128125 0.2203125 0.128125 0.2203125 0.12010941093750001 0.2182489828125 0.12006138125000002
0 0.2342090703125 0.1207360109375 0.23410736875 0.1265625 0.2359375 0.1265625 0.2359375 0.120776240625 0.2342090703125 0.1207360109375
0 0.2088773625 0.111730734375 0.208927290625 0.1203125 0.21049596718750002 0.1203125 0.221875 0.1200476515625 0.221875 0.11142821249999998 0.2088773625 0.111730734375
0 0.24306594218750002 0.106996503125 0.24321655312499998 0.115625 0.2453125 0.115625 0.2453125 0.107061871875 0.24306594218750002 0.106996503125
0 0.2515625 0.1213842734375 0.25 0.12136609218750001 0.25 0.128125 0.2515625 0.128125 0.2515625 0.1213842734375
0 0.2989373171875 0.1224916125 0.2988863640625 0.13125 0.3015625 0.13125 0.3015625 0.122567996875 0.2989373171875 0.1224916125
0 0.2680156484375 0.107803778125 0.26791560468750003 0.125 0.2977769375 0.125 0.2978779921875 0.10763004375 0.2680156484375 0.107803778125
0 0.244893278125 0.1468466578125 0.259375 0.146678146875 0.259375 0.13521898593749998 0.244826615625 0.135388271875 0.244893278125 0.1468466578125
0 0.237980296875 0.12455311718749999 0.23777510156249998 0.1421875 0.240625 0.1421875 0.240625 0.1245992796875 0.237980296875 0.12455311718749999
0 0.255406103125 0.1151466796875 0.2558172796875 0.1328125 0.265625 0.1328125 0.265625 0.1153845265625 0.255406103125 0.1151466796875
