0 0.40873543124999995 0.1622808953125 0.4086341625 0.1796875 0.4125 0.1796875 0.4125 0.16225899375 0.40873543124999995 0.1622808953125
0 1 0.12274449375 0.9589358453125 0.122983396875 0.95798780625 0.2859375 1 0.2859375 1 0.12274449375
0 0 0.8631281890625001 0.01822886875 0.8631281890625001 0.01822886875 0.8297240765625 0 0.8297240765625 0 0.8631281890625001
0 0 1 0.0402471140625 1 0.0402471140625 0.9796740265625001 0 0.9796740265625001 0 1
0 0 0.9878546265625001 0.0192741625 0.9878546265625001 0.0192741625 0.9594952171875001 0 0.9594952171875001 0 0.9878546265625001
0 0.0117728890625 0.9619493953125 0.039940940625 0.9619493953125 0.039940940625 0.9305904328124999 0.0117728890625 0.9305904328124999 0.0117728890625 0.9619493953125
0 0.0368791953125 0.9185922203124999 0.061373153125 0.9185922203124999 0.061373153125 0.8809614640625 0.0368791953125 0.8809614640625 0.0368791953125 0.9185922203124999
0 0.047289128125 0.9289543124999999 0.068721340625 0.9289543124999999 0.068721340625 0.901140275 0.047289128125 0.901140275 0.047289128125 0.9289543124999999
0 0.0806621453125 0.9205010265624999 0.112351203125 0.9205010265624999 0.112351203125 0.8866878843750001 0.0806621453125 0.8866878843750001 0.0806621453125 0.9205010265624999
0 0.086479459375 0.9477696890625001 0.10653388906250001 0.9477696890625001 0.10653388906250001 0.9226825203125 0.086479459375 0.9226825203125 0.086479459375 0.9477696890625001
0 0.14159086406250002 0.9693119359375 0.1692996546875 0.9693119359375 0.1692996546875 0.9395890921875001 0.14159086406250002 0.9395890921875001 0.14159086406250002 0.9693119359375
0 0.2282382421875 0.99848940625 0.26252978125 0.99848940625 0.26252978125 0.9559502906249999 0.2282382421875 0.9559502906249999 0.2282382421875 0.99848940625
0 0.0033716171875 0.7402435468749999 0.0375100703125 0.7402435468749999 0.0375100703125 0.71352025625 0.0033716171875 0.71352025625 0.0033716171875 0.7402435468749999
0 0.0405718140625 0.7347898125000001 0.06032006875 0.7347898125000001 0.06032006875 0.7124295093749999 0.0405718140625 0.7124295093749999 0.0405718140625 0.7347898125000001
0 0.0419496 0.8089605796875 0.0736386578125 0.8089605796875 0.0736386578125 0.7827826625000001 0.0419496 0.7827826625000001 0.0419496 0.8089605796875
0 0.0831300671875 0.8400468578125 0.0972140921875 0.8400468578125 0.0972140921875 0.8111420734375001 0.0831300671875 0.8111420734375001 0.0831300671875 0.8400468578125
0 0.0721077859375 0.87386 0.08971281875 0.87386 0.08971281875 0.8422283499999998 0.0721077859375 0.8422283499999998 0.0721077859375 0.87386
0 0.098744965625 0.8735873140624999 0.1244636203125 0.8735873140624999 0.1244636203125 0.8444098437499999 0.098744965625 0.8444098437499999 0.098744965625 0.8735873140624999
0 0.1287500640625 0.8684062671875001 0.1605922078125 0.8684062671875001 0.1605922078125 0.8405922296874999 0.1287500640625 0.8405922296874999 0.1287500640625 0.8684062671875001
0 0.4028042015625 0.8634188765624999 0.42557592812499995 0.8634188765624999 0.42557592812499995 0.8296739046875 0.4028042015625 0.8296739046875 0.4028042015625 0.8634188765624999
0 0.3739089859375 0.8569425687500001 0.4028042015625 0.8569425687500001 0.4028042015625 0.8170621468749999 0.3739089859375 0.8170621468749999 0.3739089859375 0.8569425687500001
0 0.3959152765625 0.8187664390625 0.411798078125 0.8187664390625 0.411798078125 0.7805903109375001 0.3959152765625 0.7805903109375001 0.3959152765625 0.8187664390625
0 0.342143384375 0.82251588125 0.3696990875 0.82251588125 0.3696990875 0.7921794906249999 0.342143384375 0.7921794906249999 0.342143384375 0.82251588125
0 0.0937471015625 0.496487321875 0.116863275 0.496487321875 0.116863275 0.47849000156250004 0.0937471015625 0.47849000156250004 0.0937471015625 0.496487321875
0 0.028889781250000003 0.5251964515624999 0.0560290859375 0.5251964515624999 0.0560290859375 0.5040795984375 0.028889781250000003 0.5040795984375 0.028889781250000003 0.5251964515624999
0 0.0304397875 0.6566723140625 0.056512459375000004 0.6566723140625 0.056512459375000004 0.62855150625 0.0304397875 0.62855150625 0.0304397875 0.6566723140625
0 0.054421287500000005 0.679446421875 0.06921563750000001 0.679446421875 0.06921563750000001 0.6600747640625 0.054421287500000005 0.6600747640625 0.054421287500000005 0.679446421875
0 0.064414821875 0.6989926000000001 0.0807767859375 0.6989926000000001 0.0807767859375 0.6808425781249999 0.064414821875 0.6808425781249999 0.064414821875 0.6989926000000001
0 0.0761719203125 0.70510078125 0.09939219375 0.70510078125 0.09939219375 0.6838094078125 0.0761719203125 0.6838094078125 0.0761719203125 0.70510078125
0 0.0706068953125 0.7568981546875 0.0963157515625 0.7568981546875 0.0963157515625 0.7330238921875 0.0706068953125 0.7330238921875 0.0706068953125 0.7568981546875
0 0.073506978125 0.7330238921875 0.0901236796875 0.7330238921875 0.0901236796875 0.7105457875 0.073506978125 0.7105457875 0.073506978125 0.7330238921875
0 0.0900453 0.7379104375 0.10971884531250001 0.7379104375 0.10971884531250001 0.7208773390625 0.0900453 0.7208773390625 0.0900453 0.7379104375
0 0.099686121875 0.7229715734375001 0.117165009375 0.7229715734375001 0.117165009375 0.7020292390625 0.099686121875 0.7020292390625 0.099686121875 0.7229715734375001
0 0.093498490625 0.777623525 0.10378595312500001 0.777623525 0.10378595312500001 0.7516637562499999 0.093498490625 0.7516637562499999 0.093498490625 0.777623525
0 0.09949950937499999 0.7968206656250001 0.1330562328125 0.7968206656250001 0.1330562328125 0.7643164171875 0.09949950937499999 0.7643164171875 0.09949950937499999 0.7968206656250001
0 0.12889225937499998 0.8240893281249999 0.1580400703125 0.8240893281249999 0.1580400703125 0.79922030625 0.12889225937499998 0.79922030625 0.12889225937499998 0.8240893281249999
0 0.199557328125 0.8683736390625001 0.199557328125 0.8373964375 0.1690623515625 0.8373964375 0.1690623515625 0.8683736390625001 0.18591000625 0.8683736390625001 0.199557328125 0.8683736390625001
0 0.1521189609375 0.7877451078125001 0.167559953125 0.7877451078125001 0.167559953125 0.76484815625 0.1521189609375 0.76484815625 0.1521189609375 0.7877451078125001
0 0.1377753 0.7705723921875001 0.156586659375 0.7705723921875001 0.156586659375 0.7468377484375 0.1377753 0.7468377484375 0.1377753 0.7705723921875001
0 0.09341184375 0.67018880625 0.113869196875 0.67018880625 0.113869196875 0.6530160921875 0.09341184375 0.6530160921875 0.09341184375 0.67018880625
0 0.112223203125 0.678286509375 0.1282128578125 0.678286509375 0.1282128578125 0.6586007140625 0.112223203125 0.6586007140625 0.112223203125 0.678286509375
0 0.07734380625000001 0.6058260328125 0.09756601875000001 0.6058260328125 0.09756601875000001 0.580555615625 0.07734380625000001 0.580555615625 0.07734380625000001 0.6058260328125
0 0.1027391421875 0.6315152968750001 0.1119880609375 0.6315152968750001 0.1119880609375 0.6112710406249999 0.1027391421875 0.6112710406249999 0.1027391421875 0.6315152968750001
0 0.0346263453125 0.5866987015625 0.058610828125 0.5866987015625 0.058610828125 0.56184713125 0.0346263453125 0.56184713125 0.0346263453125 0.5866987015625
0 0.1070719328125 0.5642291187499999 0.130194228125 0.5642291187499999 0.130194228125 0.5392379328125 0.1070719328125 0.5392379328125 0.1070719328125 0.5642291187499999
0 0.13317269375000002 0.58028490625 0.1593518359375 0.58028490625 0.1593518359375 0.562972578125 0.13317269375000002 0.562972578125 0.13317269375000002 0.58028490625
0 0.1480399625 0.655887125 0.17195984375 0.655887125 0.17195984375 0.63304961875 0.1480399625 0.63304961875 0.1480399625 0.655887125
0 0.140576959375 0.6255507359375 0.1618178140625 0.6255507359375 0.1618178140625 0.6061218125 0.140576959375 0.6061218125 0.140576959375 0.6255507359375
0 0.1138099265625 0.6370960046875 0.126538946875 0.6370960046875 0.126538946875 0.6231344484375001 0.1138099265625 0.6231344484375001 0.1138099265625 0.6370960046875
0 0.1155029484375 0.6209006 0.13462783125 0.6209006 0.13462783125 0.60470519375 0.1155029484375 0.60470519375 0.1155029484375 0.6209006
0 0.117165009375 0.7193976734375 0.13221581093749998 0.7193976734375 0.13221581093749998 0.703254625 0.117165009375 0.703254625 0.117165009375 0.7193976734375
0 0.12939900625 0.7124168953125001 0.144585259375 0.7124168953125001 0.144585259375 0.6969282953125 0.12939900625 0.6969282953125 0.12939900625 0.7124168953125001
0 0.1373595421875 0.70107313125 0.15536260156249998 0.70107313125 0.15536260156249998 0.6803489468749999 0.1373595421875 0.6803489468749999 0.1373595421875 0.70107313125
0 0.1388291796875 0.7172161812500001 0.1601389234375 0.7172161812500001 0.1601389234375 0.6988916390625001 0.1388291796875 0.6988916390625001 0.1388291796875 0.7172161812500001
0 0.15217838749999998 0.7255058546875001 0.175447646875 0.7255058546875001 0.175447646875 0.7015094312500001 0.15217838749999998 0.7015094312500001 0.15217838749999998 0.7255058546875001
0 0.15401543281250002 0.74077630625 0.18059137812499998 0.74077630625 0.18059137812499998 0.7213610171875 0.15401543281250002 0.7213610171875 0.15401543281250002 0.74077630625
0 0.173243190625 0.7523382187500001 0.1981045578125 0.7523382187500001 0.1981045578125 0.7388129625 0.173243190625 0.7388129625 0.173243190625 0.7523382187500001
0 0.199696665625 0.7316140359375 0.215862678125 0.7316140359375 0.215862678125 0.7095809546874999 0.199696665625 0.7095809546874999 0.199696665625 0.7316140359375
0 0.1825508953125 0.82192785 0.21096388593749998 0.82192785 0.21096388593749998 0.7957499328125 0.1825508953125 0.7957499328125 0.1825508953125 0.82192785
0 0.177107490625 0.9289232859375 0.198539703125 0.9289232859375 0.198539703125 0.8999503296875 0.177107490625 0.8999503296875 0.177107490625 0.9289232859375
0 0.1688790515625 0.9169932453125 0.183230978125 0.9169932453125 0.183230978125 0.89074715625 0.1688790515625 0.89074715625 0.1688790515625 0.9169932453125
0 0.1688790515625 0.9019954796875 0.1868668 0.9019954796875 0.1868668 0.8784762562499999 0.1688790515625 0.8784762562499999 0.1688790515625 0.9019954796875
0 0.1688790515625 0.8874694625 0.1841393984375 0.8874694625 0.1841393984375 0.8654102031249999 0.1688790515625 0.8654102031249999 0.1688790515625 0.8874694625
0 0.218028015625 0.9401841546874999 0.2474207640625 0.9401841546874999 0.2474207640625 0.9119120015625001 0.218028015625 0.9119120015625001 0.218028015625 0.9401841546874999
0 0.22880535625 0.90789805625 0.243893634375 0.90789805625 0.243893634375 0.8880028375 0.22880535625 0.8880028375 0.22880535625 0.90789805625
0 0.21175756093749998 0.8909696671875 0.2308628484375 0.8909696671875 0.2308628484375 0.8660133859375 0.21175756093749998 0.8660133859375 0.21175756093749998 0.8909696671875
0 0.259061040625 0.8716179203125 0.2907500984375 0.8716179203125 0.2907500984375 0.8451673171875 0.259061040625 0.8451673171875 0.259061040625 0.8716179203125
0 0.251406678125 0.8915240453125 0.2775845953125 0.8915240453125 0.2775845953125 0.8615285140625 0.251406678125 0.8615285140625 0.251406678125 0.8915240453125
0 0.2665623140625 0.8405316421875 0.30039459375 0.8405316421875 0.30039459375 0.81653521875 0.2665623140625 0.81653521875 0.2665623140625 0.8405316421875
0 0.320755196875 0.7955383484375 0.34402445625 0.7955383484375 0.34402445625 0.7655428171875001 0.320755196875 0.7655428171875001 0.320755196875 0.7955383484375
0 0.2847796953125 0.81653521875 0.309732915625 0.81653521875 0.309732915625 0.7879031203125 0.2847796953125 0.7879031203125 0.2847796953125 0.81653521875
0 0.2142738390625 0.8013302124999999 0.23817994062499998 0.8013302124999999 0.23817994062499998 0.777421046875 0.2142738390625 0.777421046875 0.2142738390625 0.8013302124999999
0 0.2393556515625 0.8029008859375001 0.2680625703125 0.8029008859375001 0.2680625703125 0.7831801890625 0.2393556515625 0.7831801890625 0.2393556515625 0.8029008859375001
0 0.22730462343750002 0.7819585531250001 0.24592003125 0.7819585531250001 0.24592003125 0.7594455453125001 0.22730462343750002 0.7594455453125001 0.22730462343750002 0.7819585531250001
0 0.20815034843750002 0.7556606546875 0.22882324999999998 0.7556606546875 0.22882324999999998 0.7334966828124999 0.20815034843750002 0.7334966828124999 0.20815034843750002 0.7556606546875
0 0.24009047031250003 0.7181389703125 0.24009047031250003 0.7019086625 0.2247082640625 0.7019086625 0.2247082640625 0.7211058015624999 0.24009047031250003 0.7211058015624999 0.24009047031250003 0.7181389703125
0 0.22250090781249998 0.7376463375 0.23891444687500002 0.7376463375 0.23891444687500002 0.7197755453125 0.22250090781249998 0.7197755453125 0.22250090781249998 0.7376463375
0 0.4890625 0.655070875 0.4698736046875 0.655070875 0.4698736046875 0.6787946109374999 0.4890625 0.6787946109374999 0.4890625 0.655070875
0 0.45563649218749996 0.6087141453125 0.4792119265625 0.6087141453125 0.4792119265625 0.5836269749999999 0.45563649218749996 0.5836269749999999 0.45563649218749996 0.6087141453125
0 0.4890625 0.5569076921875 0.46673231875 0.5569076921875 0.46673231875 0.5802514125 0.4890625 0.5802514125 0.4890625 0.5569076921875
0 0.41195058125 0.537164490625 0.43587046249999994 0.537164490625 0.43587046249999994 0.519099 0.41195058125 0.519099 0.41195058125 0.537164490625
0 0.3931973953125 0.46875 0.3931973953125 0.4918303375 0.41883950781249996 0.4918303375 0.41883950781249996 0.46875 0.3931973953125 0.46875
0 0.37578372187500003 0.53375590625 0.4023826296875 0.53375590625 0.4023826296875 0.5102366859374999 0.37578372187500003 0.5102366859374999 0.37578372187500003 0.53375590625
0 0.41022835156250004 0.561365428125 0.4330000765625 0.561365428125 0.4330000765625 0.5443225140625 0.41022835156250004 0.5443225140625 0.41022835156250004 0.561365428125
0 0.3694688734375 0.601586709375 0.39606778125000003 0.601586709375 0.39606778125000003 0.5726137546875 0.3694688734375 0.5726137546875 0.3694688734375 0.601586709375
0 0.3405736578125 0.598178125 0.35645645937500003 0.598178125 0.35645645937500003 0.5777266265625001 0.3405736578125 0.5777266265625001 0.3405736578125 0.598178125
0 0.310721646875 0.5593202796875 0.3313884234375 0.5593202796875 0.3313884234375 0.53682363125 0.310721646875 0.53682363125 0.310721646875 0.5593202796875
0 0.3831645796875 0.7463839953125 0.40727581874999996 0.7463839953125 0.40727581874999996 0.7218421984375001 0.3831645796875 0.7218421984375001 0.3831645796875 0.7463839953125
0 0.4132079484375 0.76479034375 0.43636239374999997 0.76479034375 0.43636239374999997 0.7344539546875 0.4132079484375 0.7344539546875 0.4132079484375 0.76479034375
0 0.4331092890625 0.7862644171875 0.45989955625 0.7862644171875 0.45989955625 0.7545645953125 0.4331092890625 0.7545645953125 0.4331092890625 0.7862644171875
0 0.41665241093749994 0.809783640625 0.4371278296875 0.809783640625 0.4371278296875 0.777402103125 0.41665241093749994 0.777402103125 0.41665241093749994 0.809783640625
0 0.3043246515625 0.775356953125 0.32652230000000004 0.775356953125 0.32652230000000004 0.7460431390625001 0.3043246515625 0.7460431390625001 0.3043246515625 0.775356953125
0 0.441337728125 0.7341130984375 0.4685107125 0.7341130984375 0.4685107125 0.7065035765625 0.441337728125 0.7065035765625 0.441337728125 0.7341130984375
0 0.385269528125 0.6969595421875 0.40938076875 0.6969595421875 0.40938076875 0.6659414375 0.385269528125 0.6659414375 0.385269528125 0.6969595421875
0 0.3263309421875 0.7245690640625 0.35407800312500004 0.7245690640625 0.35407800312500004 0.7051401421875 0.3263309421875 0.7051401421875 0.3263309421875 0.7245690640625
0 0.304516009375 0.6996864078125 0.31504075781249996 0.6996864078125 0.31504075781249996 0.6761671875 0.304516009375 0.6761671875 0.304516009375 0.6996864078125
0 0.27332448593750003 0.737180821875 0.28939864531250004 0.737180821875 0.28939864531250004 0.7065035765625 0.27332448593750003 0.7065035765625 0.27332448593750003 0.737180821875
0 0.2804047703125 0.767176353125 0.301071546875 0.767176353125 0.301071546875 0.7508151546875 0.2804047703125 0.7508151546875 0.2804047703125 0.767176353125
0 0.26165158437499997 0.7709257953125 0.283083796875 0.7709257953125 0.283083796875 0.7542237359375 0.26165158437499997 0.7542237359375 0.26165158437499997 0.7709257953125
0 0.1828551125 0.6144368546875001 0.21155897031249998 0.6144368546875001 0.21155897031249998 0.5973939390625 0.1828551125 0.5973939390625 0.1828551125 0.6144368546875001
0 0.19935983125 0.634888353125 0.2182565359375 0.634888353125 0.2182565359375 0.6199758015625 0.19935983125 0.6199758015625 0.19935983125 0.634888353125
0 0.1850079015625 0.6472444671875 0.2046222046875 0.6472444671875 0.2046222046875 0.6306276234375 0.1850079015625 0.6306276234375 0.1850079015625 0.6472444671875
0 0.1758992125 0.6963553296875 0.19598425625 0.6963553296875 0.19598425625 0.6721407562499999 0.1758992125 0.6721407562499999 0.1758992125 0.6963553296875
0 0.1997808203125 0.69984571875 0.224274778125 0.69984571875 0.224274778125 0.6725770531249999 0.1997808203125 0.6725770531249999 0.1997808203125 0.69984571875
0 0.20896605468749999 0.6699592640625001 0.23039826875 0.6699592640625001 0.23039826875 0.652943615625 0.20896605468749999 0.652943615625 0.20896605468749999 0.6699592640625001
0 0.21729400000000001 0.6503258234375 0.2324802546875 0.6503258234375 0.2324802546875 0.6289471921875001 0.21729400000000001 0.6289471921875001 0.21729400000000001 0.6503258234375
0 0.2504833140625 0.6590517968749999 0.2727728140625 0.6590517968749999 0.2727728140625 0.6429087484375 0.2504833140625 0.6429087484375 0.2504833140625 0.6590517968749999
0 0.24338006562499997 0.6959190312500001 0.26150559375000004 0.6959190312500001 0.26150559375000004 0.673013353125 0.24338006562499997 0.673013353125 0.24338006562499997 0.6959190312500001
0 0.2460113578125 0.7528224546875 0.2727385375 0.7528224546875 0.2727385375 0.7122915 0.2460113578125 0.7122915 0.2460113578125 0.7528224546875
0 0.27628683125000003 0.7014553765625 0.302544353125 0.7014553765625 0.302544353125 0.6463072296875 0.27628683125000003 0.6463072296875 0.27628683125000003 0.7014553765625
0 0.35027722968749997 0.7051401421875 0.3760613328125 0.7051401421875 0.3760613328125 0.6847126546875 0.35027722968749997 0.6847126546875 0.35027722968749997 0.7051401421875
0 0.3786486796875 0.6629717187499999 0.3970681359375 0.6629717187499999 0.3970681359375 0.6415058265625 0.3786486796875 0.6415058265625 0.3786486796875 0.6629717187499999
0 0.35777982656249996 0.663320759375 0.371986321875 0.663320759375 0.371986321875 0.6397606312499999 0.35777982656249996 0.6397606312499999 0.35777982656249996 0.663320759375
0 0.3536648421875 0.6847126546875 0.3835474703125 0.6847126546875 0.3835474703125 0.6685563421875 0.3536648421875 0.6685563421875 0.3536648421875 0.6847126546875
0 0.3217247203125 0.6785039515625 0.3378907328125 0.6785039515625 0.3378907328125 0.6530241109375 0.3217247203125 0.6530241109375 0.3217247203125 0.6785039515625
0 0.3091838140625 0.710441009375 0.336910975 0.710441009375 0.336910975 0.688277040625 0.3091838140625 0.688277040625 0.3091838140625 0.710441009375
0 0.23209654062500001 0.5520290265625001 0.26175719375 0.5520290265625001 0.26175719375 0.522374353125 0.23209654062500001 0.522374353125 0.23209654062500001 0.5520290265625001
0 0.26175719375 0.6403113265625 0.2789795078125 0.6403113265625 0.2789795078125 0.61747381875 0.26175719375 0.61747381875 0.26175719375 0.6403113265625
0 0.2450457296875 0.6401884109375 0.260354453125 0.6401884109375 0.260354453125 0.6240453609375 0.2450457296875 0.6240453609375 0.2450457296875 0.6401884109375
0 0.2838743890625 0.6452436718750001 0.33609550781249997 0.6452436718750001 0.33609550781249997 0.5639176078125 0.2838743890625 0.5639176078125 0.2838743890625 0.6452436718750001
0 0.33609550781249997 0.6370412562500001 0.3823400984375 0.6370412562500001 0.3823400984375 0.6054532359375 0.33609550781249997 0.6054532359375 0.33609550781249997 0.6370412562500001
0 0.4106834078125 0.63483855625 0.4414478203125 0.63483855625 0.4414478203125 0.6053447671875001 0.4106834078125 0.6053447671875001 0.4106834078125 0.63483855625
0 0.43164827656250004 0.710314728125 0.4583466921875 0.710314728125 0.4583466921875 0.6917720359375 0.43164827656250004 0.6917720359375 0.43164827656250004 0.710314728125
0 0.31620158125 0.5211957765624999 0.3711464265625 0.5211957765624999 0.3711464265625 0.475122640625 0.31620158125 0.475122640625 0.31620158125 0.5211957765624999
0 0.3716950921875 0.5013703656249999 0.392779490625 0.5013703656249999 0.392779490625 0.46883993906250004 0.3716950921875 0.46883993906250004 0.3716950921875 0.5013703656249999
0 0.9210036625000001 0.9826024921875 0.9421875 0.9824792484374999 0.9421875 0.9424366093749998 0.92123663125 0.9425584984375 0.9210036625000001 0.9826024921875
0 0.884375 1 0.884375 0.9879492875 0.8679629156249999 0.988331284375 0.86809869375 1 0.884375 1
0 0.8578636484375 0.7372946125000001 0.865678578125 0.7372946125000001 0.865678578125 0.7012550171875 0.8578636484375 0.7012550171875 0.8578636484375 0.7372946125000001
0 0.6562663734375 0.9888866453125 0.6678771265625001 0.9888866453125 0.6678771265625001 0.9504444109375001 0.6562663734375 0.9504444109375001 0.6562663734375 0.9888866453125
0 0.5138113703125 0.9288206546875 0.5236358546875 0.9288206546875 0.5236358546875 0.8639493843749999 0.5138113703125 0.8639493843749999 0.5138113703125 0.9288206546875
0 0.5873967484375 1 0.5873967484375 0.9718439203125001 0.5700922609375 0.9718439203125001 0.5700922609375 1 0.5873967484375 1
0 0.8533100359375 0.5029613890625 0.8576729828125 0.5029613890625 0.8576729828125 0.490157553125 0.8533100359375 0.490157553125 0.8533100359375 0.5029613890625
0 0.8257441437499999 0.46875 0.8257441437499999 0.4741527578125 0.8309003546875001 0.4741527578125 0.8309003546875001 0.46875 0.8257441437499999 0.46875
0 0.563723171875 0.5082038953125 0.5680797921874999 0.5082038953125 0.5680797921874999 0.4900496453125 0.563723171875 0.4900496453125 0.563723171875 0.5082038953125
