0 0.340625 1 0.340625 0.9962680140625 0.3367267953125 0.996245334375 0.3367923328125 1 0.340625 1
0 0.3524349671875 0.9496852546875001 0.35217306718749997 0.9609375 0.3546875 0.9609375 0.3546875 0.9496983609375 0.3524349671875 0.9496852546875001
0 0.3515625 0.9484375 0.3484375 0.9484375 0.3484375 0.9508523468749999 0.34873094843749997 0.9609375 0.3515625 0.9609375 0.3515625 0.9484375
0 0.38585396875 0.932553221875 0.385937290625 0.946875 0.3890625 0.946875 0.3890625 0.932553221875 0.38585396875 0.932553221875
0 0.3679635140625 0.93125 0.36799987500000003 0.9375 0.371875 0.9375 0.371875 0.93125 0.3679635140625 0.93125
0 0.365625 0.9303763125 0.3625 0.9304672406249999 0.3625 0.9375 0.365625 0.9375 0.365625 0.9303763125
0 0.371875 0.91424329375 0.36875 0.9142069312500001 0.36875 0.9250979562499999 0.3687585203125 0.9265625 0.371875 0.9265625 0.371875 0.91424329375
0 0.3657892234375 0.9172250078124999 0.365843546875 0.9265625 0.3671875 0.9265625 0.3671875 0.9171924624999999 0.3657892234375 0.9172250078124999
0 0.3625 0.901466396875 0.3578125 0.901466396875 0.3578125 0.909375 0.3625 0.909375 0.3625 0.901466396875
0 0.306950509375 0.79462246875 0.3068333921875 0.8046875 0.3078125 0.8046875 0.3078125 0.7946324984375 0.306950509375 0.79462246875
0 0.3107567703125 0.776144865625 0.3108525375 0.784375 0.3125 0.784375 0.3125 0.776144865625 0.3107567703125 0.776144865625
0 0.3197119921875 0.76758164375 0.3198164921875 0.7765625 0.3203125 0.7765625 0.3203125 0.7675746562500001 0.3197119921875 0.76758164375
0 0.321368678125 0.76728339375 0.321098684375 0.7765625 0.3234375 0.7765625 0.3234375 0.7673074671875 0.321368678125 0.76728339375
0 0.3369683390625 0.7561147203124999 0.33702445625 0.7609375 0.3390625 0.7609375 0.3390625 0.756151275 0.3369683390625 0.7561147203124999
0 0.77117139375 0.64524348125 0.7711990671875 0.65 0.7729876984375 0.65 0.7729600859375 0.6452538875 0.77117139375 0.64524348125
0 0.76951954375 0.6438693828125001 0.7695908796875 0.65 0.7703125 0.65 0.7703125 0.643873996875 0.76951954375 0.6438693828125001
0 0.74823930625 0.6756073328125 0.7482867828125 0.6796875 0.75 0.6796875 0.75 0.675597090625 0.74823930625 0.6756073328125
0 0.34607075625 0.7359375 0.3462162265625 0.7421875 0.346875 0.7421875 0.346875 0.7359375 0.34607075625 0.7359375
0 0.347773865625 0.7356700546875 0.34788762812499996 0.7421875 0.3484375 0.7421875 0.3484375 0.7356855015624999 0.347773865625 0.7356700546875
0 0.34884627031250004 0.728902159375 0.348914525 0.7328125 0.35 0.7328125 0.35 0.728908871875 0.34884627031250004 0.728902159375
0 0.3512674515625 0.7324211093749999 0.35142203125 0.7390625 0.3515625 0.7390625 0.3515625 0.732412525 0.3512674515625 0.7324211093749999
0 0.35365335625 0.7369199265624999 0.3535920625 0.7421875 0.3546875 0.7421875 0.3546875 0.736913909375 0.35365335625 0.7369199265624999
0 0.3521368421875 0.728125 0.3520822953125 0.73125 0.353125 0.73125 0.353125 0.728125 0.3521368421875 0.728125
0 0.359204853125 0.7243639 0.35760785781250004 0.7243824828125 0.3565786328125 0.7243944578124999 0.3565387484375 0.73125 0.359164790625 0.73125 0.359204853125 0.7243639
0 0.3584913328125 0.7321322265625 0.3604441625 0.7321322265625 0.3604441625 0.7263026578125 0.3584913328125 0.7263026578125 0.3584913328125 0.7321322265625
0 0.361723603125 0.7304951562499999 0.361723603125 0.7246655875 0.3606233734375 0.7246655875 0.3596809875 0.7246655875 0.3596809875 0.7304951562499999 0.361723603125 0.7304951562499999
0 0.3951097125 0.7370119515625 0.39752970625 0.7370119515625 0.39752970625 0.7272169796875 0.3951097125 0.7272169796875 0.3951097125 0.7370119515625
0 0.3794926421875 0.78890346875 0.3819477078125 0.78890346875 0.3819477078125 0.7811049234375 0.3794926421875 0.7811049234375 0.3794926421875 0.78890346875
0 0.376336128125 0.7896053375000001 0.37944880156250005 0.7896053375000001 0.37944880156250005 0.7811049234375 0.376336128125 0.7811049234375 0.376336128125 0.7896053375000001
0 0.3692778125 0.790697134375 0.3717328796875 0.790697134375 0.3717328796875 0.781650821875 0.3692778125 0.781650821875 0.3692778125 0.790697134375
0 0.3653321703125 0.798027765625 0.3680941203125 0.798027765625 0.3680941203125 0.791165046875 0.3653321703125 0.791165046875 0.3653321703125 0.798027765625
0 0.3601589953125 0.7864859203125001 0.36318398749999997 0.7864859203125001 0.36318398749999997 0.7763478109374999 0.3601589953125 0.7763478109374999 0.3601589953125 0.7864859203125001
0 0.3548542984375 0.786173978125 0.3576600890625 0.786173978125 0.3576600890625 0.778687375 0.3548542984375 0.778687375 0.3548542984375 0.786173978125
0 0.35270611562500004 0.787109803125 0.3549419796875 0.787109803125 0.3549419796875 0.7820407484375 0.35270611562500004 0.7820407484375 0.35270611562500004 0.787109803125
0 0.35108401875 0.7914769890625 0.35384596875 0.7914769890625 0.35384596875 0.7871877890625 0.35108401875 0.7871877890625 0.35108401875 0.7914769890625
0 0.35432821406250004 0.792100871875 0.3566517578125 0.792100871875 0.3566517578125 0.7882016000000001 0.35432821406250004 0.7882016000000001 0.35432821406250004 0.792100871875
0 0.35551190625 0.8034087624999999 0.35853689843750003 0.8034087624999999 0.35853689843750003 0.7938165515625 0.35551190625 0.7938165515625 0.35551190625 0.8034087624999999
0 0.379255903125 0.828878809375 0.38318400937499997 0.828878809375 0.38318400937499997 0.815777253125 0.379255903125 0.815777253125 0.379255903125 0.828878809375
0 0.38075692031249997 0.85031589375 0.384396021875 0.85031589375 0.384396021875 0.8398442156249999 0.38075692031249997 0.8398442156249999 0.38075692031249997 0.85031589375
0 0.3810780171875 0.8775422593750001 0.3853593140625 0.8775422593750001 0.3853593140625 0.8642146687500001 0.3810780171875 0.8642146687500001 0.3810780171875 0.8775422593750001
0 0.365023159375 0.8687841281249999 0.369197421875 0.8687841281249999 0.369197421875 0.8571700843750001 0.365023159375 0.8571700843750001 0.365023159375 0.8687841281249999
0 0.312898384375 0.8530290109374998 0.315440403125 0.8530290109374998 0.315440403125 0.8432713109375001 0.312898384375 0.8432713109375001 0.312898384375 0.8530290109374998
0 0.303399259375 0.863500690625 0.3074129734375 0.863500690625 0.3074129734375 0.85279101875 0.303399259375 0.85279101875 0.303399259375 0.863500690625
0 0.339228353125 0.9078910890625 0.3429102671875 0.9078910890625 0.3429102671875 0.8947919703124999 0.339228353125 0.8947919703124999 0.339228353125 0.9078910890625
0 0.3373445828125 0.9165730609375 0.3420540078125 0.9165730609375 0.3420540078125 0.9010368984374999 0.3373445828125 0.9010368984374999 0.3373445828125 0.9165730609375
0 0.332035775 0.9081957187499998 0.335717690625 0.9081957187499998 0.335717690625 0.8993614296875 0.332035775 0.8993614296875 0.332035775 0.9081957187499998
0 0.32835386093749996 0.9097188718750001 0.332035775 0.9097188718750001 0.332035775 0.896924384375 0.32835386093749996 0.896924384375 0.32835386093749996 0.9097188718750001
0 0.31148555624999996 0.9077387734375 0.3215037890625 0.9077387734375 0.3215037890625 0.89875216875 0.31148555624999996 0.89875216875 0.31148555624999996 0.9077387734375
0 0.319962521875 0.9255596656249999 0.3282682359375 0.9255596656249999 0.3282682359375 0.9168776921875 0.319962521875 0.9168776921875 0.319962521875 0.9255596656249999
0 0.306121353125 0.8487945015625 0.311382209375 0.8487945015625 0.311382209375 0.8409959562499999 0.306121353125 0.8409959562499999 0.306121353125 0.8487945015625
0 0.3 0.8562031187500001 0.30204418906249997 0.8562031187500001 0.30204418906249997 0.848248603125 0.3 0.848248603125 0.3 0.8562031187500001
