0 0.3171875 0.4890625 0.3171875 0.4396178953125 0.2950297375 0.4400046609375 0.294458896875 0.4890625 0.3171875 0.4890625
0 0.25 0.3828125 0.2546875 0.3828125 0.2546875 0.340104221875 0.25 0.3401860421875 0.25 0.3828125
0 0.3109375 0.3192451 0.3026235328125 0.3192451 0.3015625 0.36483144375 0.3015625 0.365625 0.3102492078125 0.365625 0.3109375 0.336053134375 0.3109375 0.3192451
0 0.340698109375 0.38064645 0.34112330156250004 0.4171875 0.359375 0.4171875 0.359375 0.380755109375 0.340698109375 0.38064645
0 0.366373878125 0.321459078125 0.366585375 0.3578125 0.384375 0.3578125 0.384375 0.321040096875 0.366373878125 0.321459078125
0 0.37072358437499997 0.369222271875 0.37072358437499997 0.3859375 0.3828125 0.3859375 0.3828125 0.3690112609375 0.37072358437499997 0.369222271875
0 0.380496309375 0.4085318953125 0.3803410484375 0.421875 0.3921875 0.421875 0.3921875 0.40846387812499996 0.380496309375 0.4085318953125
0 0.4709426828125 0.42582614999999996 0.4709426828125 0.446875 0.48243351875 0.446875 0.48243351875 0.4256255765625 0.4709426828125 0.42582614999999996
0 0.9667421203125001 0.42223193906249995 0.966437190625 0.4484375 0.98125 0.4484375 0.98125 0.4218942640625 0.9667421203125001 0.42223193906249995
0 0.9323954999999999 0.3163104671875 0.9321631390625 0.35625 0.9515625 0.35625 0.9515625 0.31586435156250003 0.9323954999999999 0.3163104671875
0 0.8796875 0.3231502140625 0.8796875 0.2926180234375 0.8586353921875001 0.2928629875 0.8578125 0.328217775 0.8578125 0.3390625 0.8788145281249999 0.3390625 0.8793172734375 0.33905664999999996 0.8796875 0.3231502140625
0 0.9395026093750001 0.217372375 0.9396924312500001 0.25 0.953125 0.25 0.953125 0.21721386250000002 0.9395026093750001 0.217372375
0 0.93125 0.2696619796875 0.930997028125 0.25516921406250004 0.9192450375 0.2550324671875 0.919593571875 0.275 0.93125 0.275 0.93125 0.2696619796875
0 0.8093689234374999 0.301754665625 0.8086096765625002 0.334375 0.81875 0.334375 0.81875 0.30164550625 0.8093689234374999 0.301754665625
0 0.75625 0.3779848328125 0.75625 0.3421875 0.748975315625 0.3421875 0.739240871875 0.342357415625 0.7390625 0.3500209984375 0.7390625 0.3890625 0.7559921640625 0.3890625 0.75625 0.3779848328125
0 0.7815809218750001 0.3071049765625 0.7813404546875 0.3484375 0.796875 0.3484375 0.796875 0.3069270140625 0.7815809218750001 0.3071049765625
0 0.7616113312499999 0.265159234375 0.763185978125 0.3328125 0.78125 0.3328125 0.78125 0.2648164421875 0.7616113312499999 0.265159234375
0 0.8105226328124999 0.25885780468749997 0.811080184375 0.2828125 0.8171875 0.2828125 0.8171875 0.258974140625 0.8105226328124999 0.25885780468749997
0 0.8292761687500001 0.259228934375 0.8294042828125001 0.28125 0.834375 0.28125 0.834375 0.2591992703125 0.8292761687500001 0.259228934375
0 0.853125 0.253852871875 0.85265093125 0.22669351718750003 0.8413342 0.22695691718750002 0.8419000609375 0.259375 0.8459723562499999 0.259375 0.853125 0.25920852031249997 0.853125 0.253852871875
0 0.8592713328125001 0.184413384375 0.85875380625 0.2140625 0.86875 0.2140625 0.86875 0.1846891859375 0.8592713328125001 0.184413384375
0 0.5207348671875 0.30685016875 0.5204656484375001 0.353125 0.5328125 0.353125 0.5328125 0.30685016875 0.5207348671875 0.30685016875
0 0.5287642625 0.3871237046875 0.5285053468750001 0.409375 0.5385176578124999 0.409375 0.53877521875 0.3872401921875 0.5287642625 0.3871237046875
0 0.60907791875 0.341360153125 0.608217996875 0.390625 0.6203125 0.390625 0.6203125 0.341621640625 0.60907791875 0.341360153125
0 0.6328125 0.312303246875 0.6219616453125 0.31224011875 0.621875 0.3159627546875 0.621875 0.353125 0.632328303125 0.353125 0.6328125 0.3323219125 0.6328125 0.312303246875
0 0.5943680812500001 0.371755446875 0.593682640625 0.3953125 0.603125 0.3953125 0.603125 0.37155162656249996 0.5943680812500001 0.371755446875
0 0.590625 0.2722225 0.5796875 0.271967928125 0.5796875 0.28621863593749997 0.580452209375 0.3125 0.590625 0.3125 0.590625 0.2722225
0 0.551128475 0.32633298593750004 0.56875 0.3258202515625 0.56875 0.303363315625 0.5508672546875 0.30388365156249997 0.551128475 0.32633298593750004
0 0.54762095625 0.264747003125 0.5473198390625 0.290625 0.560809209375 0.290625 0.5609375 0.2795997265625 0.5609375 0.26443705781250004 0.54762095625 0.264747003125
0 0.5195478828125 0.2397633671875 0.519771065625 0.278125 0.528125 0.278125 0.528125 0.23991308125000002 0.5195478828125 0.2397633671875
0 0.48821459375 0.294961496875 0.48766507031249995 0.3421875 0.505074246875 0.3421875 0.50562495 0.29486020625 0.48821459375 0.294961496875
0 0.4625543859375 0.31963770937499997 0.4625543859375 0.3359375 0.478125 0.3359375 0.478125 0.32000011875 0.4625543859375 0.31963770937499997
0 0.4195629546875 0.35864027656249997 0.4200260375 0.3984375 0.440625 0.3984375 0.440625 0.35925311875 0.4195629546875 0.35864027656249997
0 0.43199848906250005 0.3324950125 0.440625 0.33274601875 0.440625 0.3025606453125 0.431822846875 0.30230452812499997 0.43199848906250005 0.3324950125
0 0.44775070625 0.265625 0.44757798906249996 0.2953125 0.45625 0.2953125 0.45625 0.265625 0.44775070625 0.265625
0 0.471875 0.2395419078125 0.4625 0.2397601125 0.4625 0.278125 0.471875 0.278125 0.471875 0.2395419078125
0 0.4890625 0.24873071093750002 0.4765968421875 0.2490208515625 0.4765625 0.2504963328125 0.4765625 0.278125 0.4889701296875 0.278125 0.4890625 0.27415636875 0.4890625 0.24873071093750002
0 0.4187468234375 0.2727502703125 0.4176811515625 0.309375 0.4307367078125 0.309375 0.43125 0.2917343265625 0.43125 0.27267752968750003 0.4187468234375 0.2727502703125
0 0.39563030625 0.2609375 0.39620305 0.29375 0.40625 0.29375 0.40625 0.2609375 0.39563030625 0.2609375
0 0.3697616015625 0.2585876921875 0.3704026359375 0.2953125 0.3875 0.2953125 0.3875 0.2590005578125 0.3697616015625 0.2585876921875
0 0.3320014875 0.2524356484375 0.33164802031249996 0.2828125 0.34600767499999996 0.2828125 0.3463650328125 0.252101334375 0.3320014875 0.2524356484375
0 0.34156156718749997 0.2003068140625 0.340950459375 0.2265625 0.3484375 0.2265625 0.3484375 0.20034681718749997 0.34156156718749997 0.2003068140625
0 0.3671875 0.20096629843749997 0.35625 0.20064805 0.35625 0.21299527031249998 0.35691755000000003 0.2359375 0.3671875 0.2359375 0.3671875 0.20096629843749997
0 0.30729873906250005 0.184375 0.307144203125 0.2109375 0.325 0.2109375 0.325 0.184375 0.30729873906250005 0.184375
0 0.327088690625 0.152410746875 0.3267762140625 0.1703125 0.334375 0.1703125 0.334375 0.15224115625 0.327088690625 0.152410746875
0 0.286153815625 0.1580844203125 0.28553127031250003 0.19375 0.296875 0.19375 0.296875 0.158333959375 0.286153815625 0.1580844203125
0 0.25 0.2125 0.256021703125 0.2125 0.256224575 0.177629334375 0.25 0.177520684375 0.25 0.2125
0 0.265576925 0.2203125 0.26669546718750003 0.18187069218750002 0.26007953125 0.181793709375 0.259375 0.20600687812500001 0.259375 0.2203125 0.265576925 0.2203125
0 0.424880140625 0.22532275624999998 0.41478213437499994 0.22538150468749998 0.41478213437499994 0.2575846859375 0.424880140625 0.25752593749999997 0.424880140625 0.22532275624999998
0 0.44202728437500005 0.23061971250000002 0.44128151875 0.25625 0.4484375 0.25625 0.4484375 0.230694303125 0.44202728437500005 0.23061971250000002
0 0.45342774375 0.22463402187499998 0.4538977812500001 0.2515625 0.4609375 0.2515625 0.4609375 0.22476510468750002 0.45342774375 0.22463402187499998
0 0.48418113281249997 0.21539745 0.48495014843750006 0.2484375 0.4921875 0.2484375 0.4921875 0.21558380000000002 0.48418113281249997 0.21539745
0 0.4991970859375 0.2171187640625 0.49886902187499993 0.2453125 0.5046875 0.2453125 0.5046875 0.2170548765625 0.4991970859375 0.2171187640625
0 0.5067932781250001 0.24375 0.5125 0.24375 0.5125 0.20629596874999998 0.5098664890625 0.20625 0.5059204546875 0.20625 0.5067932781250001 0.24375
0 0.5234375 0.221875 0.5234375 0.181699925 0.5163948578124999 0.1816179765625 0.515625 0.20807627499999998 0.515625 0.221875 0.5234375 0.221875
0 0.5355952359374999 0.234375 0.5354679703125 0.25625 0.5390625 0.25625 0.5390625 0.234375 0.5355952359374999 0.234375
0 0.53883318125 0.1953125 0.539196809375 0.2265625 0.546875 0.2265625 0.546875 0.1953125 0.53883318125 0.1953125
0 0.5304431765625 0.1857782890625 0.529968609375 0.2265625 0.53867555625 0.2265625 0.5390625 0.193308575 0.5390625 0.185928740625 0.5304431765625 0.1857782890625
0 0.556728296875 0.19981026562499998 0.556251103125 0.2203125 0.5632161874999999 0.2203125 0.5636924390625 0.1998507828125 0.556728296875 0.19981026562499998
0 0.5474910093750001 0.233937496875 0.5469924484375 0.2625 0.5605752078125 0.2625 0.5609375 0.24174432812500002 0.5609375 0.23378103125 0.5474910093750001 0.233937496875
0 0.5618716453125 0.177219475 0.5620405406250001 0.20625 0.5640625 0.20625 0.5640625 0.17719398125000002 0.5618716453125 0.177219475
0 0.578125 0.1619923203125 0.5690511468749999 0.1619923203125 0.56875 0.174930809375 0.56875 0.1984375 0.5779526734375 0.1984375 0.578125 0.191033665625 0.578125 0.1619923203125
0 0.4296875 0.1406166640625 0.4296776890625 0.13893030312500002 0.41435657500000006 0.13866287187499998 0.41460433906249994 0.18125 0.4296875 0.18125 0.4296875 0.1406166640625
0 0.4552968218749999 0.0945185171875 0.4549421390625 0.125 0.4625 0.125 0.4625 0.09443470000000001 0.4552968218749999 0.0945185171875
0 0.496875 0.135356865625 0.484375 0.1354295890625 0.484375 0.14816474531249998 0.4852012890625 0.1765625 0.496875 0.1765625 0.496875 0.135356865625
0 0.510121459375 0.1334521046875 0.5099070109375 0.1703125 0.5234375 0.1703125 0.5234375 0.1334521046875 0.510121459375 0.1334521046875
0 0.5382368921875 0.14375 0.55 0.14375 0.55 0.0968755796875 0.5499751171874999 0.096875 0.53796418125 0.096875 0.5382368921875 0.14375
0 0.429799259375 0.182463440625 0.4299467359375 0.2078125 0.4375 0.2078125 0.4375 0.18237383437500002 0.429799259375 0.182463440625
0 0.3765625 0.172207990625 0.3690597859375 0.1721643421875 0.36875 0.18281099843749998 0.36875 0.196875 0.376002634375 0.196875 0.3765625 0.1776336484375 0.3765625 0.172207990625
0 0.3720881875 0.2125 0.37156092812499997 0.2578125 0.3765625 0.2578125 0.3765625 0.2125 0.3720881875 0.2125
0 0.38615473749999996 0.2123176171875 0.3859445984375 0.2484375 0.396875 0.2484375 0.396875 0.2123176171875 0.38615473749999996 0.2123176171875
0 0.26323470625 0.1423385140625 0.26345199531249996 0.1796875 0.2794706078125 0.1796875 0.279252440625 0.1421875 0.2762127921875 0.1421875 0.26323470625 0.1423385140625
0 0.2539731453125 0.06976370781249999 0.25373360312500004 0.1109375 0.2638302421875 0.1109375 0.2640625 0.0710157484375 0.2640625 0.069528875 0.2539731453125 0.06976370781249999
0 0.3125 0.140625 0.3125 0.10036011250000001 0.30346989375 0.10014993593749999 0.303125 0.119908903125 0.303125 0.140625 0.3125 0.140625
0 0.30625 0.1328125 0.30625 0.095202034375 0.2945777625 0.0949303609375 0.29375 0.1233787109375 0.29375 0.1328125 0.30625 0.1328125
0 0.34501709062499997 0.1484375 0.35625 0.1484375 0.35625 0.104873965625 0.3482386875 0.1046875 0.3445080140625 0.1046875 0.34501709062499997 0.1484375
0 0.3595181328125 0.09324383281250001 0.359021346875 0.1359375 0.3703125 0.1359375 0.3703125 0.0931810328125 0.3595181328125 0.09324383281250001
0 0.3779355875 0.1068901828125 0.37841903437499996 0.1484375 0.3875 0.1484375 0.3875 0.10666756718749999 0.3779355875 0.1068901828125
0 0.4078125 0.1322428484375 0.39783856875 0.1319526375 0.397413409375 0.1684908640625 0.4063193375 0.16875 0.40751181875000003 0.16875 0.4078125 0.1429094734375 0.4078125 0.1322428484375
0 0.4422765734375 0.18166750781250002 0.4422765734375 0.2125 0.4484375 0.2125 0.4484375 0.18159581875 0.4422765734375 0.18166750781250002
0 0.44375 0.1376109203125 0.43459994375 0.1376109203125 0.434375 0.15049791875000001 0.434375 0.1734375 0.44337617968750004 0.1734375 0.44375 0.15202138125 0.44375 0.1376109203125
0 0.46061526875 0.159375 0.46044255156249997 0.1890625 0.46875 0.1890625 0.46875 0.159375 0.46061526875 0.159375
0 0.4522298765625 0.18456910937499998 0.45317897656249995 0.2171875 0.4578125 0.2171875 0.4578125 0.18450415 0.4522298765625 0.18456910937499998
0 0.4046875 0.19389275156250002 0.3941844765625 0.1937705390625 0.39375 0.2124374234375 0.39375 0.2265625 0.40421857968749997 0.2265625 0.4046875 0.20641573906250002 0.4046875 0.19389275156250002
0 0.47153603281249995 0.1947056203125 0.47136887656250004 0.2234375 0.484375 0.2234375 0.484375 0.1947056203125 0.47153603281249995 0.1947056203125
0 0.9778052562500001 0.0346173953125 0.9778052562500001 0.0953125 0.990625 0.0953125 0.990625 0.034915778125000005 0.9778052562500001 0.0346173953125
0 0.8721784359375 0.14979790312500002 0.890625 0.14958325781249998 0.890625 0.10469370781250001 0.8729621453124998 0.104899234375 0.8721784359375 0.14979790312500002
0 0.904809078125 0.0895524484375 0.903765821875 0.134375 0.9081247187500001 0.134375 0.9140625 0.13427135625 0.9140625 0.0893909296875 0.904809078125 0.0895524484375
0 0.9407737015625 0.0416609796875 0.9415860421875 0.0765625 0.9453125 0.0765625 0.9453125 0.0415817546875 0.9407737015625 0.0416609796875
0 0.928125 0.059023459375 0.928125 0.0921875 0.9357187625 0.0921875 0.9359375 0.07965599062499999 0.9359375 0.0589780078125 0.928125 0.059023459375
0 0.908588084375 0.045944968749999995 0.908140909375 0.084375 0.9185857093750001 0.084375 0.91875 0.07025591249999999 0.91875 0.0458267234375 0.908588084375 0.045944968749999995
0 0.9290841796875 0 0.9294478546875 0.015625 0.9359375 0.015625 0.9359375 0 0.9290841796875 0
0 0.9206309625 0.01746264375 0.9210625374999999 0.0421875 0.928125 0.0421875 0.928125 0.017593453125 0.9206309625 0.01746264375
0 0.690930215625 0.1371049 0.6914825828125 0.16875 0.7 0.16875 0.7 0.1369465875 0.690930215625 0.1371049
0 0.7328125 0.110103615625 0.72390195625 0.11025915 0.7234375 0.15017452343749998 0.7234375 0.153125 0.7325417484375001 0.153125 0.7328125 0.12985667343750001 0.7328125 0.110103615625
0 0.7326756296875 0.1046875 0.7324211 0.1484375 0.7421875 0.1484375 0.7421875 0.1046875 0.7326756296875 0.1046875
0 0.6746308203125 0.1379259421875 0.674065509375 0.1703125 0.68276715 0.1703125 0.6828125 0.1677144015625 0.6828125 0.1377355109375 0.6746308203125 0.1379259421875
0 0.6609375 0.1239605109375 0.6484375 0.1241059609375 0.6484375 0.1474052265625 0.6486464328125 0.159375 0.6609375 0.159375 0.6609375 0.1239605109375
0 0.6322782312499999 0.1234375 0.6316509406249999 0.159375 0.6421013984374999 0.159375 0.6421875 0.1544422265625 0.6421875 0.1234375 0.6322782312499999 0.1234375
0 0.640625 0.1652073625 0.628125 0.1651346390625 0.628125 0.20625 0.640625 0.20625 0.640625 0.1652073625
0 0.5664290125 0.1296875 0.56711313125 0.10029492656250001 0.5566669171875 0.1003557 0.55625 0.1182681796875 0.55625 0.1296875 0.5664290125 0.1296875
0 0.606967846875 0.0872713296875 0.6065106531250001 0.1265625 0.6203125 0.1265625 0.6203125 0.087348965625 0.606967846875 0.0872713296875
0 0.62646644375 0.11065842343750001 0.6359375 0.11043798125 0.6359375 0.06938210156249999 0.6252726484375 0.0696303296875 0.62646644375 0.11065842343750001
0 0.6534141531250001 0.0890625 0.653595959375 0.1203125 0.6671875 0.1203125 0.6671875 0.0890625 0.6534141531250001 0.0890625
0 0.674124690625 0.05964044843750001 0.6746124984375 0.1015625 0.68125 0.1015625 0.68125 0.0597648203125 0.674124690625 0.05964044843750001
0 0.6866216859375001 0.061195414062499995 0.6866216859375001 0.1015625 0.69375 0.1015625 0.69375 0.0610295015625 0.6866216859375001 0.061195414062499995
0 0.6932097390624999 0.1095727578125 0.6930290828125 0.140625 0.703125 0.140625 0.703125 0.1098612640625 0.6932097390624999 0.1095727578125
0 0.7112847953125 0.106471128125 0.7116822109375 0.140625 0.71875 0.140625 0.71875 0.106427696875 0.7112847953125 0.106471128125
0 0.725 0.0984375 0.725 0.06735060625 0.72083959375 0.0673748109375 0.7203125 0.09757206406249999 0.7203125 0.0984375 0.725 0.0984375
0 0.7462738843750001 0.1078125 0.7468358281249999 0.08366909375 0.737695390625 0.08388183906249999 0.7375 0.09227661718749999 0.7375 0.1078125 0.7462738843750001 0.1078125
0 0.751873603125 0.077286584375 0.7515625 0.10402274375000001 0.7515625 0.11831757968750001 0.7609375 0.1184812203125 0.7609375 0.07744479531250001 0.751873603125 0.077286584375
0 0.4963976921875 0.073499090625 0.4954447390625 0.10625 0.5054556953125 0.10625 0.50625 0.078951490625 0.50625 0.073499090625 0.4963976921875 0.073499090625
0 0.5125 0.0600845453125 0.508151953125 0.060059248437500004 0.5078125 0.071725490625 0.5078125 0.09375 0.51239564375 0.09375 0.5125 0.090163515625 0.5125 0.0600845453125
0 0.5271656796874999 0.05048255625 0.5273446796875 0.08125 0.5375 0.08125 0.5375 0.05048255625 0.5271656796874999 0.05048255625
0 0.546875 0.0683467234375 0.5376591390625001 0.0681322203125 0.5383248375 0.0967333484375 0.54441073125 0.096875 0.546875 0.096875 0.546875 0.0683467234375
0 0.5609375 0.066710559375 0.5539042046875 0.0666287203125 0.5531608984374999 0.0921745140625 0.554276925 0.0921875 0.560562428125 0.0921875 0.5609375 0.07929708125 0.5609375 0.066710559375
0 0.5582344828125001 0.0397715234375 0.5576327359375 0.065625 0.5609375 0.065625 0.5609375 0.0397243421875 0.5582344828125001 0.0397715234375
0 0.815625 0.0984375 0.815625 0.056690721875 0.8036082890625 0.0564110296875 0.803125 0.08409862343749999 0.803125 0.0984375 0.815625 0.0984375
0 0.791450078125 0.06416885624999999 0.792320425 0.1015625 0.7953125 0.1015625 0.7953125 0.0641239125 0.791450078125 0.06416885624999999
0 0.77399385625 0.104312353125 0.778125 0.1043363875 0.778125 0.0711468328125 0.77322125625 0.071118303125 0.77399385625 0.104312353125
0 0.8359375 0.07040281875 0.828125 0.07022098125000001 0.828125 0.1125 0.8359375 0.1125 0.8359375 0.07040281875
0 0.8453125 0.08775401875 0.8453125 0.1234375 0.8561731625 0.1234375 0.85625 0.11023010312499999 0.85625 0.0878812890625 0.8453125 0.08775401875
0 0.774452215625 0.1883520453125 0.774452215625 0.215625 0.784375 0.215625 0.784375 0.1881788421875 0.774452215625 0.1883520453125
0 0.7640625 0.2078125 0.7524136453125 0.2078125 0.74933445 0.2078483296875 0.74933445 0.2421875 0.7640625 0.2421875 0.7640625 0.2078125
0 0.728125 0.271875 0.728125 0.240625 0.7242313421875 0.240625 0.7234375 0.2679075546875 0.7234375 0.271875 0.728125 0.271875
0 0.6777939234375 0.2448844234375 0.6784221359375 0.271875 0.6890625 0.271875 0.6890625 0.24501554531249997 0.6777939234375 0.2448844234375
0 0.6640625 0.2809205671875 0.6640625 0.24402214687499998 0.6535642640625 0.2443276140625 0.653125 0.2694930125 0.653125 0.28125 0.660996671875 0.28125 0.6640583046875 0.281160915625 0.6640625 0.2809205671875
0 0.6037236531250001 0.25169864375 0.604765365625 0.2875 0.615625 0.2875 0.615625 0.251837128125 0.6037236531250001 0.25169864375
0 0.595005821875 0.23006070781250001 0.59536510625 0.2609375 0.603125 0.2609375 0.603125 0.23024968281249997 0.595005821875 0.23006070781250001
0 0.6390625 0.229132765625 0.629725778125 0.229241409375 0.6296875 0.23143436562500003 0.6296875 0.265625 0.6388385203125 0.265625 0.6390625 0.2527932234375 0.6390625 0.229132765625
0 0.5943288171875001 0.17441428125 0.5954369984375 0.2125 0.6078125 0.2125 0.6078125 0.174021946875 0.5943288171875001 0.17441428125
0 0.6761681312500001 0.20659266718749997 0.676816715625 0.24375 0.6875 0.24375 0.6875 0.20639486875 0.6761681312500001 0.20659266718749997
0 0.6366893796875 0.2152766859375 0.63764304375 0.25625 0.6453125 0.25625 0.6453125 0.21522651874999998 0.6366893796875 0.2152766859375
0 0.7355206703125 0.28406515312499997 0.74375 0.28401727656250003 0.74375 0.2503266515625 0.7353246703125 0.25037566875 0.7355206703125 0.28406515312499997
0 0.7123031656250001 0.038663496874999995 0.712616890625 0.065625 0.7203125 0.065625 0.7203125 0.0385703 0.7123031656250001 0.038663496874999995
0 0.7302903046875 0.0451163640625 0.7305096140625 0.0828125 0.7390625 0.0828125 0.7390625 0.04486111875 0.7302903046875 0.0451163640625
0 0.73629756875 0.0350236921875 0.73629756875 0.0765625 0.742967621875 0.0765625 0.74375 0.076553396875 0.74375 0.0349369765625 0.73629756875 0.0350236921875
0 0.78029361875 0.0508739359375 0.78051579375 0.0890625 0.7875 0.0890625 0.7875 0.0509997234375 0.78029361875 0.0508739359375
0 0.86875 0.0815247578125 0.86875 0.0640625 0.8668861484375 0.0640625 0.8612556265624999 0.06416078124999999 0.8609375 0.08238625000000001 0.8609375 0.1015625 0.868400240625 0.1015625 0.86875 0.0815247578125
0 0.88514324375 0.053386840625 0.8843841546875 0.096875 0.8921875 0.096875 0.8921875 0.0535097984375 0.88514324375 0.053386840625
0 0.8935928890625 0.0161456515625 0.8927896859375 0.04375 0.8984375 0.04375 0.8984375 0.0160046890625 0.8935928890625 0.0161456515625
0 0.8868973140625 0.013315148437499999 0.8870561984374999 0.040625 0.8890625 0.040625 0.8890625 0.0133529421875 0.8868973140625 0.013315148437499999
0 0.8738410453124998 0.0445285984375 0.8744820203125 0.08125 0.884375 0.08125 0.884375 0.0447737796875 0.8738410453124998 0.0445285984375
0 0.7125 0.0089410578125 0.7015625 0.0089410578125 0.7015625 0.0107047984375 0.7023680046874999 0.0453125 0.7125 0.0453125 0.7125 0.0089410578125
0 0.6481590921875 0.039258240625 0.6476886546875 0.0796875 0.65625 0.0796875 0.65625 0.039258240625 0.6481590921875 0.039258240625
0 0.2658274609375 0.06036016875 0.26654665 0.1015625 0.2734375 0.1015625 0.2734375 0.06036016875 0.2658274609375 0.06036016875
0 0.3308888796875 0.07838828437499999 0.330735875 0.1046875 0.3375 0.1046875 0.3375 0.07823440781249999 0.3308888796875 0.07838828437499999
0 0.46695231562499995 0.065972909375 0.4674755265625 0.1109375 0.478125 0.1109375 0.478125 0.0657128625 0.46695231562499995 0.065972909375
0 0.48056431093749996 0.055370601562499996 0.4813705921875 0.1015625 0.4890625 0.1015625 0.4890625 0.055222265625 0.48056431093749996 0.055370601562499996
0 0.44130625000000007 0.0710170609375 0.44130625000000007 0.1015625 0.4484375 0.1015625 0.4484375 0.0710170609375 0.44130625000000007 0.0710170609375
0 0.399518821875 0.081974934375 0.39890418437499997 0.1171875 0.40625 0.1171875 0.40625 0.082092428125 0.399518821875 0.081974934375
0 0.41323036562500004 0.08357552812499999 0.41323036562500004 0.1125 0.4203125 0.1125 0.4203125 0.08369914687499999 0.41323036562500004 0.08357552812499999
0 0.5265625 0.046875 0.5265625 0.0219580328125 0.52225091875 0.0218827734375 0.521875 0.0380337703125 0.521875 0.046875 0.5265625 0.046875
0 0.5556491390625 0.0053465375 0.5556491390625 0.03125 0.5609375 0.03125 0.5609375 0.005315771875 0.5556491390625 0.0053465375
0 0.5653235984375 0.057393078125 0.565535115625 0.09375 0.571875 0.09375 0.571875 0.057583703124999996 0.5653235984375 0.057393078125
0 0.5806574375 0.0887516859375 0.5808501421875001 0.121875 0.5859375 0.121875 0.5859375 0.0888745796875 0.5806574375 0.0887516859375
0 0.5997178890624999 0.078125 0.6002633609375 0.109375 0.60625 0.109375 0.60625 0.0781802 0.6052757265625 0.0781688640625 0.601506028125 0.078125 0.5997178890624999 0.078125
0 0.5900228875 0.0666875078125 0.5900228875 0.1015625 0.59375 0.1015625 0.59375 0.066709190625 0.5900228875 0.0666875078125
0 0.5807721671875 0.0363916421875 0.58145258125 0.065625 0.5875 0.065625 0.5875 0.03627420625 0.5807721671875 0.0363916421875
0 0.45570279375 0.055250807812500004 0.45637479843750006 0.09375 0.4625 0.09375 0.4625 0.0554090140625 0.45570279375 0.055250807812500004
0 0.46471753437499996 0.027760367187500003 0.464367846875 0.0578125 0.4703125 0.0578125 0.4703125 0.0279231640625 0.46471753437499996 0.027760367187500003
0 0.47425064687499996 0.037627354687499996 0.47444915937500004 0.0546875 0.4796875 0.0546875 0.4796875 0.037627354687499996 0.47425064687499996 0.037627354687499996
0 0.4150570765625 0.0444838828125 0.41525279531250003 0.078125 0.421875 0.078125 0.421875 0.04452355 0.4150570765625 0.0444838828125
0 0.40372996875 0.0605058953125 0.40324714375 0.08125 0.4091264671875 0.08125 0.409375 0.070572040625 0.409375 0.0603416421875 0.40372996875 0.0605058953125
0 0.38523855625000003 0.07304540625 0.38523855625000003 0.115625 0.3952223515625 0.115625 0.3952223515625 0.07304540625 0.38523855625000003 0.07304540625
0 0.3931034953125 0.063202884375 0.39377306562500003 0.1015625 0.4 0.1015625 0.4 0.063202884375 0.3931034953125 0.063202884375
0 0.42006239687499997 0.1228243640625 0.419393509375 0.1515625 0.428125 0.1515625 0.428125 0.12268363125 0.42006239687499997 0.1228243640625
0 0.41107560625 0.118006846875 0.41072151406249996 0.1484375 0.41875 0.1484375 0.41875 0.117917546875 0.41107560625 0.118006846875
0 0.4274025625 0.045957556249999997 0.427188146875 0.0828125 0.4328125 0.0828125 0.4328125 0.0460205078125 0.4274025625 0.045957556249999997
0 0.4515625 0.071875 0.4515625 0.03881891875 0.4439345484375 0.038863296874999995 0.44375 0.0494360734375 0.44375 0.071875 0.4515625 0.071875
0 0.4364879515625 0.0761424984375 0.440625 0.0761424984375 0.440625 0.0396785859375 0.43606365625 0.0396785859375 0.4364879515625 0.0761424984375
0 0.40094126875 0.026113962499999997 0.4005906046875 0.05625 0.4078125 0.05625 0.4078125 0.026193915625 0.40094126875 0.026113962499999997
0 0.4133405265625 0.0265625 0.4133405265625 0.04375 0.41875 0.04375 0.41875 0.0265625 0.4133405265625 0.0265625
0 0.49375 0.009375 0.486252815625 0.009375 0.4859375 0.0202117 0.4859375 0.040625 0.493008365625 0.040625 0.49375 0.015136678125 0.49375 0.009375
0 0.5371752671875 0.0087474796875 0.5368043375 0.040625 0.5421875 0.040625 0.5421875 0.008659990624999999 0.5371752671875 0.0087474796875
0 0.5515625 0.0044339078125 0.5453125 0.004579378125 0.5453125 0.018855325 0.54551126875 0.0359375 0.5515625 0.0359375 0.5515625 0.0044339078125
0 0.5328125 0.008239726562499999 0.52863146875 0.00831270625 0.528125 0.025718914062499997 0.528125 0.04375 0.532233328125 0.04375 0.5328125 0.023845134375 0.5328125 0.008239726562499999
0 0.5749571765624999 0.013075298437499999 0.5741555625 0.040625 0.5796875 0.040625 0.5796875 0.013157865625000001 0.5749571765624999 0.013075298437499999
0 0.575 0.0517505765625 0.575 0.0890625 0.5792852015625 0.0890625 0.5796875 0.0717781453125 0.5796875 0.05185967968750001 0.575 0.0517505765625
0 0.50708825625 0.1891952390625 0.50654655 0.2078125 0.5162149390625 0.2078125 0.516755009375 0.1892514796875 0.50708825625 0.1891952390625
0 0.296123825 0.185647109375 0.29740526875 0.2296875 0.3015625 0.2296875 0.3015625 0.18571039375 0.296123825 0.185647109375
0 0.36021075468749997 0.1603537453125 0.3598039734375 0.1953125 0.3671875 0.1953125 0.3671875 0.1604349265625 0.36021075468749997 0.1603537453125
0 0.25 0.1765625 0.259375 0.1765625 0.259375 0.150901028125 0.25 0.15073738750000001 0.25 0.1765625
0 0.290625 0.063037615625 0.2832929328125 0.062866959375 0.2828125 0.083508315625 0.2828125 0.1078125 0.2900954734375 0.1078125 0.290625 0.08506185468750001 0.290625 0.063037615625
0 0.31019952812499996 0.07085053125 0.30971489375 0.1125 0.3168452109375 0.1125 0.3171875 0.08308368125 0.3171875 0.07076921875 0.31019952812499996 0.07085053125
0 0.325 0.07169251875 0.318933796875 0.0716572265625 0.31875 0.08745269375 0.31875 0.1140625 0.3248589546875 0.1140625 0.325 0.10194107968749999 0.325 0.07169251875
0 0.3433744453125 0.0482979390625 0.3435752453125 0.0828125 0.3484375 0.0828125 0.3484375 0.0481800953125 0.3433744453125 0.0482979390625
0 0.3322724265625 0.055196673437499996 0.3322724265625 0.0875 0.3390625 0.0875 0.3390625 0.055236178125 0.3322724265625 0.055196673437499996
0 0.36917674375000004 0.063094859375 0.3687654953125 0.0984375 0.375 0.0984375 0.375 0.0629932140625 0.36917674375000004 0.063094859375
0 0.359863303125 0.07283821562500001 0.3597234609375 0.096875 0.365625 0.096875 0.365625 0.07283821562500001 0.359863303125 0.07283821562500001
0 0.35276325937499997 0.0905045671875 0.359375 0.090389159375 0.359375 0.048847790625 0.352521603125 0.048967415624999996 0.35276325937499997 0.0905045671875
0 0.2921875 0.032300109375000004 0.29195485468750004 0.022304715625 0.2837538796875 0.0222092875 0.28447345 0.053125 0.2921875 0.053125 0.2921875 0.032300109375000004
0 0.2572969578125 0.04616671875 0.2579540640625 0.06875 0.2640625 0.06875 0.2640625 0.04624544375 0.2572969578125 0.04616671875
0 0.2984375 0.0585959078125 0.2934566203125 0.058566929687500005 0.2940432890625 0.09217714375 0.29582333437499997 0.0921875 0.2984375 0.0921875 0.2984375 0.0585959078125
0 0.29768221875 0.0473036234375 0.2983632265625 0.0765625 0.3046875 0.0765625 0.3046875 0.047222109375 0.29768221875 0.0473036234375
0 0.3086644796875 0.040508040625000005 0.3079791140625 0.0640625 0.3161856421875 0.0640625 0.31686545312500003 0.0406989203125 0.3086644796875 0.040508040625000005
0 0.31940720312500004 0.0710645734375 0.32600363906249996 0.0710645734375 0.32600363906249996 0.052039925 0.31940720312500004 0.052039925 0.31940720312500004 0.0710645734375
0 0.3072840234375 0.0406251359375 0.3145935875 0.0406251359375 0.3145935875 0.0200150984375 0.3072840234375 0.0200150984375 0.3072840234375 0.0406251359375
0 0.3329566390625 0.062186404687499995 0.34097933124999996 0.062186404687499995 0.34097933124999996 0.0342835859375 0.3329566390625 0.0342835859375 0.3329566390625 0.062186404687499995
0 0.37449635781249996 0.10911387343750001 0.3810927921875 0.10911387343750001 0.3810927921875 0.07011334218750001 0.37449635781249996 0.07011334218750001 0.37449635781249996 0.10911387343750001
0 0.8405351359375001 0.0549879484375 0.8451704687500001 0.0549879484375 0.8451704687500001 0.015036184375 0.8405351359375001 0.015036184375 0.8405351359375001 0.0549879484375
0 0.8276988281250001 0.05150009531250001 0.8319775968750001 0.05150009531250001 0.8319775968750001 0.015036184375 0.8276988281250001 0.015036184375 0.8276988281250001 0.05150009531250001
0 0.8319775968750001 0.05150009531250001 0.837326059375 0.05150009531250001 0.837326059375 0.028036360937499998 0.8319775968750001 0.028036360937499998 0.8319775968750001 0.05150009531250001
0 0.8300164953125 0 0.8300164953125 0.021377734375 0.837504340625 0.021377734375 0.837504340625 0 0.8300164953125 0
0 0.8441007765624999 0.038182842187499996 0.849092675 0.038182842187499996 0.849092675 0.006475092187500001 0.8441007765624999 0.006475092187500001 0.8441007765624999 0.038182842187499996
0 0.823420059375 0.1044520359375 0.8321558796874999 0.1044520359375 0.8321558796874999 0.0562562578125 0.823420059375 0.0562562578125 0.823420059375 0.1044520359375
0 0.837504340625 0.0943055578125 0.8416048281249999 0.0943055578125 0.8416048281249999 0.06481735 0.837504340625 0.06481735 0.837504340625 0.0943055578125
0 0.8451704687500001 0.0936714015625 0.8489143921875 0.0936714015625 0.8489143921875 0.0689393578125 0.8451704687500001 0.0689393578125 0.8451704687500001 0.0936714015625
0 0.8489143921875 0.0883510640625 0.8546194171875001 0.0883510640625 0.8546194171875001 0.0568904125 0.8489143921875 0.0568904125 0.8489143921875 0.0883510640625
0 0.792933828125 0.048329321875 0.8007782390625 0.048329321875 0.8007782390625 0.010914176562499999 0.792933828125 0.010914176562499999 0.792933828125 0.048329321875
0 0.7588819578125 0.0549879484375 0.765656675 0.0549879484375 0.765656675 0.0235972765625 0.7588819578125 0.0235972765625 0.7588819578125 0.0549879484375
0 0.7542466234375 0.07496382968750001 0.7603082125 0.07496382968750001 0.7603082125 0.047061010937499995 0.7542466234375 0.047061010937499995 0.7542466234375 0.07496382968750001
0 0.7471153421875 0.077220259375 0.7524529546875 0.077220259375 0.7524529546875 0.040402384375 0.7471153421875 0.040402384375 0.7471153421875 0.077220259375
0 0.7633390078125 0.10064710624999999 0.7704702906249999 0.10064710624999999 0.7704702906249999 0.0610124203125 0.7633390078125 0.0610124203125 0.7633390078125 0.10064710624999999
0 0.7701137265625 0.080354146875 0.777601571875 0.080354146875 0.777601571875 0.0473780890625 0.7701137265625 0.0473780890625 0.7701137265625 0.080354146875
0 0.7674394953125 0.0578416453125 0.773322803125 0.0578416453125 0.773322803125 0.034060834375 0.7674394953125 0.034060834375 0.7674394953125 0.0578416453125
0 0.773322803125 0.0407194609375 0.777601571875 0.0407194609375 0.777601571875 0.0121824875 0.773322803125 0.0121824875 0.773322803125 0.0407194609375
0 0.8200327 0.0454756234375 0.824668034375 0.0454756234375 0.824668034375 0.006475092187500001 0.8200327 0.006475092187500001 0.8200327 0.0454756234375
0 0.8125448546874999 0.041987771875 0.8180715984375 0.041987771875 0.8180715984375 0.011231254687500001 0.8125448546874999 0.011231254687500001 0.8125448546874999 0.041987771875
0 0.8041655984375 0.04801224375 0.8089792124999999 0.04801224375 0.8089792124999999 0.0188411140625 0.8041655984375 0.0188411140625 0.8041655984375 0.04801224375
0 0.86032444375 0.054353793750000004 0.8633552390624999 0.054353793750000004 0.8633552390624999 0.027719284374999997 0.86032444375 0.027719284374999997 0.86032444375 0.054353793750000004
0 0.8647814953124999 0.048963476562500004 0.8692385453125 0.048963476562500004 0.8692385453125 0.02264604375 0.8647814953124999 0.02264604375 0.8647814953124999 0.048963476562500004
0 0.6316763921874999 0.043679471875 0.638807675 0.043679471875 0.638807675 0.015776653125 0.6316763921874999 0.015776653125 0.6316763921874999 0.043679471875
0 0.6325321468749999 0.07487989687499999 0.64037655625 0.07487989687499999 0.64037655625 0.0459624296875 0.6325321468749999 0.0459624296875 0.6325321468749999 0.07487989687499999
0 0.6095694187499999 0.0662553890625 0.615987571875 0.0662553890625 0.615987571875 0.0320110203125 0.6095694187499999 0.0320110203125 0.6095694187499999 0.0662553890625
0 0.596305234375 0.05509426093749999 0.6042922703125 0.05509426093749999 0.6042922703125 0.030996371875 0.596305234375 0.030996371875 0.596305234375 0.05509426093749999
0 0.5907428343750001 0.07031398125 0.5981593671875001 0.07031398125 0.5981593671875001 0.04849905 0.5907428343750001 0.04849905 0.5907428343750001 0.07031398125
0 0.5985872437499999 0.07640186875 0.6051480234375 0.07640186875 0.6051480234375 0.057884543749999996 0.5985872437499999 0.057884543749999996 0.5985872437499999 0.07640186875
0 0.5838968031249999 0.03277200625 0.588746075 0.03277200625 0.588746075 0.00791313125 0.5838968031249999 0.00791313125 0.5838968031249999 0.03277200625
0 0.588746075 0.0419038375 0.59288221875 0.0419038375 0.59288221875 0.022118203125 0.588746075 0.022118203125 0.588746075 0.0419038375
0 0.651929234375 0.0368305984375 0.65677850625 0.0368305984375 0.65677850625 0.0145083421875 0.651929234375 0.0145083421875 0.651929234375 0.0368305984375
0 0.6592031421875 0.060674825 0.6654786703125 0.060674825 0.6654786703125 0.029728062500000003 0.6592031421875 0.029728062500000003 0.6592031421875 0.060674825
0 0.6620556546875 0.0472307390625 0.668759059375 0.0472307390625 0.668759059375 0.0170449625 0.6620556546875 0.0170449625 0.6620556546875 0.0472307390625
0 0.6697574390625001 0.0421575 0.6768887203125 0.0421575 0.6768887203125 0.015015667187500002 0.6697574390625001 0.015015667187500002 0.6697574390625001 0.0421575
0 0.6795986078125 0.056616234375 0.685588884375 0.056616234375 0.685588884375 0.026937779687500003 0.6795986078125 0.026937779687500003 0.6795986078125 0.056616234375
0 0.6873003921875 0.050021021875 0.693718546875 0.050021021875 0.693718546875 0.019074257812500002 0.6873003921875 0.019074257812500002 0.6873003921875 0.050021021875
0 0.6935759203125 0.03302566875 0.6982825671875 0.03302566875 0.6982825671875 0.0056301734375 0.6935759203125 0.0056301734375 0.6935759203125 0.03302566875
0 0.67830745625 0 0.67830745625 0.013253621875 0.682688915625 0.013253621875 0.682688915625 0 0.67830745625 0
0 0.45870460937500007 0 0.45870460937500007 0.029713850000000003 0.46473728125 0.029713850000000003 0.46473728125 0 0.45870460937500007 0
0 0.45824820625000007 0.0613708671875 0.46577884062499997 0.0613708671875 0.46577884062499997 0.04046911875 0.45824820625000007 0.04046911875 0.45824820625000007 0.0613708671875
0 0.47399407656250003 0 0.47399407656250003 0.029307990625000002 0.48049780625 0.029307990625000002 0.48049780625 0 0.47399407656250003 0
0 0.5085665328125 0 0.5085665328125 0.033975371875 0.515868965625 0.033975371875 0.515868965625 0 0.5085665328125 0
0 0.49955259218750003 0 0.49955259218750003 0.031134357812500003 0.5068550249999999 0.031134357812500003 0.5068550249999999 0 0.49955259218750003 0
0 0.4929347625 0 0.4929347625 0.028293343749999998 0.49955259218750003 0.028293343749999998 0.49955259218750003 0 0.4929347625 0
0 0.5184932765625 0.0295109203125 0.5226789484375 0.0295109203125 0.5226789484375 0.006376946875 0.5184932765625 0.006376946875 0.5184932765625 0.0295109203125
0 0.2533896640625 0 0.2533896640625 0.0395889234375 0.257771125 0.0395889234375 0.257771125 0 0.2533896640625 0
0 0.2571321609375 0 0.2571321609375 0.0274131484375 0.2639781921875 0.0274131484375 0.2639781921875 0 0.2571321609375 0
0 0.324808625 0 0.324808625 0.0064288328125 0.3323848984375 0.0064288328125 0.3323848984375 0 0.324808625 0
0 0.3038141296875 0.0200150984375 0.31093400312499997 0.0200150984375 0.31093400312499997 0.004643053124999999 0.3038141296875 0.004643053124999999 0.3038141296875 0.0200150984375
0 0.31257704999999997 0 0.31257704999999997 0.01097445625 0.32006204375 0.01097445625 0.32006204375 0 0.31257704999999997 0
0 0.32170509062499997 0.029481634375 0.32608655 0.029481634375 0.32608655 0.005454771875 0.32170509062499997 0.005454771875 0.32170509062499997 0.029481634375
0 0.3463508015625 0.0478264703125 0.3510973828125 0.0478264703125 0.3510973828125 0.018117578125 0.3463508015625 0.018117578125 0.3463508015625 0.0478264703125
0 0.7853438500000001 0.0408827546875 0.7893601890624999 0.0408827546875 0.7893601890624999 0.0058165203125 0.7853438500000001 0.0058165203125 0.7853438500000001 0.0408827546875
0 0.7858002515625 0 0.7858002515625 0.0087387078125 0.7912770765625 0.0087387078125 0.7912770765625 0 0.7858002515625 0
0 0.7263767062500001 0.0413697859375 0.7324012125 0.0413697859375 0.7324012125 0.0111738625 0.7263767062500001 0.0111738625 0.7263767062500001 0.0413697859375
0 0.75275674375 0.028057604687499998 0.7573207640625 0.028057604687499998 0.7573207640625 0.0071152703125 0.75275674375 0.0071152703125 0.75275674375 0.028057604687499998
0 0.7473712 0.0399086921875 0.7533044265625 0.0399086921875 0.7533044265625 0.01231026875 0.7473712 0.01231026875 0.7473712 0.0399086921875
0 0.7675441703125 0.0353630703125 0.7725645921875001 0.0353630703125 0.7725645921875001 0.0072776140625 0.7675441703125 0.0072776140625 0.7675441703125 0.0353630703125
0 0.7711953859375 0 0.7711953859375 0.004030740624999999 0.7763983703124999 0.004030740624999999 0.7763983703124999 0 0.7711953859375 0
0 0.7649883187500001 0 0.7649883187500001 0.009225737500000001 0.77046514375 0.009225737500000001 0.77046514375 0 0.7649883187500001 0
0 0.3703353875 0 0.3703353875 0.012790282812500001 0.37709013750000003 0.012790282812500001 0.37709013750000003 0 0.3703353875 0
0 0.391786284375 0.0312974625 0.39826719375 0.0312974625 0.39826719375 0.0046731 0.391786284375 0.0046731 0.391786284375 0.0312974625
0 0.41880528593750005 0 0.41880528593750005 0.0256154328125 0.42528619531250006 0.0256154328125 0.42528619531250006 0 0.41880528593750005 0
0 0.46713498593749997 0 0.46713498593749997 0.022250484374999997 0.47399407656250003 0.022250484374999997 0.47399407656250003 0 0.46713498593749997 0
0 0.4372406515625 0.031585245312499996 0.4440866828125 0.031585245312499996 0.4440866828125 0.0100747078125 0.4372406515625 0.0100747078125 0.4372406515625 0.031585245312499996
0 0.5506850859375 0.0304184 0.5563901109375 0.0304184 0.5563901109375 0.010886426562499999 0.5506850859375 0.010886426562499999 0.5506850859375 0.0304184
0 0.55795899375 0 0.55795899375 0.020779243750000002 0.5652329015625 0.020779243750000002 0.5652329015625 0 0.55795899375 0
0 0.5904776390625 0 0.5904776390625 0.0392965703125 0.596305234375 0.0392965703125 0.596305234375 0 0.5904776390625 0
0 0.56407868125 0 0.56407868125 0.019116020312500002 0.5695555046875 0.019116020312500002 0.5695555046875 0 0.56407868125 0
0 0.6007734046875 0 0.6007734046875 0.0144080546875 0.6052461453125 0.0144080546875 0.6052461453125 0 0.6007734046875 0
0 0.6228632640624999 0.0413571046875 0.6282488078125 0.0413571046875 0.6282488078125 0.005641496875000001 0.6228632640624999 0.005641496875000001 0.6228632640624999 0.0413571046875
0 0.6203074125000001 0.0674944359375 0.6259667984374999 0.0674944359375 0.6259667984374999 0.032590545312500004 0.6203074125000001 0.032590545312500004 0.6203074125000001 0.0674944359375
0 0.44087613125 0 0.44087613125 0.0080955 0.4451663109375 0.0080955 0.4451663109375 0 0.44087613125 0
0 0.448634965625 0 0.448634965625 0.0045239390625 0.4542943515625 0.0045239390625 0.4542943515625 0 0.448634965625 0
0 0.4501867328125 0.013452840625 0.45621124062499996 0.013452840625 0.45621124062499996 0.00046534687499999997 0.4501867328125 0.00046534687499999997 0.4501867328125 0.013452840625
0 0.38354167656250004 0.02415719375 0.3889614515625 0.02415719375 0.3889614515625 0.0094447984375 0.38354167656250004 0.0094447984375 0.38354167656250004 0.02415719375
0 0.35387554374999997 0 0.35387554374999997 0.0142643765625 0.3597231953125 0.0142643765625 0.3597231953125 0 0.35387554374999997 0
0 0.3729873796875 0.041913534375 0.3772661484375 0.041913534375 0.3772661484375 0.022635221875 0.3729873796875 0.022635221875 0.3729873796875 0.041913534375
0 0.40251088749999997 0.02567815625 0.40857843593750004 0.02567815625 0.40857843593750004 0.006400854687500001 0.40251088749999997 0.006400854687500001 0.40251088749999997 0.02567815625
0 0.40322401562500004 0 0.40322401562500004 0.0046252203125 0.40821591250000006 0.0046252203125 0.40821591250000006 0 0.40322401562500004 0
0 0.4812402406249999 0 0.4812402406249999 0.0112204328125 0.48380750156249996 0.0112204328125 0.4886567734374999 0.0112204328125 0.4886567734374999 0 0.4812402406249999 0
0 0.5323002203125 0 0.5323002203125 0.0099521234375 0.535723234375 0.0099521234375 0.535723234375 0 0.5323002203125 0
0 0.521460671875 0 0.521460671875 0.0162936734375 0.5283839734375 0.0162936734375 0.5283839734375 0 0.521460671875 0
0 0.6197668859375 0.28184913125 0.6289038421875001 0.28184913125 0.6289038421875001 0.25965370781249997 0.6197668859375 0.25965370781249997 0.6197668859375 0.28184913125
0 0.6070435515625 0.03822939375 0.610968609375 0.03822939375 0.610968609375 0.01160503125 0.6070435515625 0.01160503125 0.6070435515625 0.03822939375
0 0.6275816437499999 0 0.6275816437499999 0.018748153125 0.6316763921874999 0.018748153125 0.6316763921874999 0 0.6275816437499999 0
0 0.6357968812499999 0 0.6357968812499999 0.01241675 0.6434644359374999 0.01241675 0.6434644359374999 0 0.6357968812499999 0
0 0.6462028484375001 0.0164753421875 0.6404521828125 0.0164753421875 0.6404521828125 0.045697203125 0.6462028484375001 0.045697203125 0.6462028484375001 0.0164753421875
0 0.6444685203125 0 0.6444685203125 0.0346578328125 0.6491238203125 0.0346578328125 0.6491238203125 0 0.6444685203125 0
0 0.6492151015625 0 0.6492151015625 0.0237808078125 0.6511319906249999 0.0237808078125 0.6511319906249999 0 0.6492151015625 0
0 0.7185531390625 0.04453228125 0.723391 0.04453228125 0.723391 0.011251828125 0.7185531390625 0.011251828125 0.7185531390625 0.04453228125
0 0.712893753125 0.038807707812499995 0.717640334375 0.038807707812499995 0.717640334375 0.0052451125 0.712893753125 0.0052451125 0.712893753125 0.038807707812499995
0 0.7343446499999999 0 0.7343446499999999 0.017907918749999998 0.7399127546875001 0.017907918749999998 0.7399127546875001 0 0.7343446499999999 0
0 0.6526829125 0 0.6526829125 0.012225890625 0.658958440625 0.012225890625 0.658958440625 0 0.6526829125 0
0 0.7162939484375 0 0.7162939484375 0.005884340625 0.721571096875 0.005884340625 0.721571096875 0 0.7162939484375 0
0 0.7790492296875 0.03530913125 0.7831853734374999 0.03530913125 0.7831853734374999 0.0041087078125 0.7790492296875 0.0041087078125 0.7790492296875 0.03530913125
0 0.8132793828124999 0 0.8132793828124999 0.0114649046875 0.8200327 0.0114649046875 0.8200327 0 0.8132793828124999 0
0 0.261847934375 0 0.261847934375 0.02364655 0.2677811609375 0.02364655 0.2677811609375 0 0.261847934375 0
0 0.2705195734375 0 0.2705195734375 0.0207243640625 0.27663536093749996 0.0207243640625 0.27663536093749996 0 0.2705195734375 0
0 0.277548165625 0 0.277548165625 0.013418898437499998 0.284941878125 0.013418898437499998 0.284941878125 0 0.277548165625 0
0 0.3332292140625 0 0.3332292140625 0.02315951875 0.33751939374999995 0.02315951875 0.33751939374999995 0 0.3332292140625 0
0 0.340622928125 0 0.340622928125 0.016016396874999998 0.3459171921875 0.016016396874999998 0.3459171921875 0 0.340622928125 0
0 0.33897988125 0.030464984374999997 0.34400030312499996 0.030464984374999997 0.34400030312499996 0.015042334374999999 0.33897988125 0.015042334374999999 0.33897988125 0.030464984374999997
0 0.32428373437499997 0.06861574687500001 0.33112976562499996 0.06861574687500001 0.33112976562499996 0.031439045312500004 0.32428373437499997 0.031439045312500004 0.32428373437499997 0.06861574687500001
0 0.3180766671875 0.05075794375 0.3249226984375 0.05075794375 0.3249226984375 0.0329001390625 0.3180766671875 0.0329001390625 0.3180766671875 0.05075794375
0 0.5803147515625 0.252070503125 0.590441171875 0.252070503125 0.590441171875 0.218333459375 0.5803147515625 0.218333459375 0.5803147515625 0.252070503125
0 0.2440820859375 0.506698309375 0.2440820859375 0.525 0.2484375 0.525 0.2484375 0.506799684375 0.2440820859375 0.506698309375
0 0.2401275953125 0.5082089359374999 0.24032297656249998 0.525 0.24375 0.525 0.24375 0.5083143375 0.2401275953125 0.5082089359374999
0 0.2136123921875 0.515625 0.2134396765625 0.5453125 0.2171875 0.5453125 0.2171875 0.515625 0.2136123921875 0.515625
0 0.199178796875 0.5419382734375 0.198792615625 0.5640625 0.2046875 0.5640625 0.2046875 0.5418100578125 0.199178796875 0.5419382734375
0 0.1765625 0.5426465296874999 0.1765625 0.565625 0.1827534328125 0.565625 0.1828125 0.563087246875 0.1828125 0.5425010578125 0.1765625 0.5426465296874999
0 0.17561052187499998 0.55625 0.176547109375 0.5240615359375 0.1695116546875 0.5241024671875 0.16875 0.5502788515625 0.16875 0.55625 0.17561052187499998 0.55625
0 0.1654251265625 0.575927140625 0.171875 0.575964665625 0.171875 0.55698698125 0.1650938359375 0.5569475296874999 0.1654251265625 0.575927140625
0 0.21014574062500002 0.4890625 0.2102275609375 0.49375 0.224505865625 0.49375 0.22442404531250001 0.4890625 0.21014574062500002 0.4890625
0 0.10247127812500001 0.49954372812500003 0.1021750671875 0.525 0.1078125 0.525 0.1078125 0.499419409375 0.10247127812500001 0.49954372812500003
0 0.1015625 0.49941004062500005 0.0954631078125 0.4993745546875 0.0953125 0.505845278125 0.0953125 0.53125 0.1010513015625 0.53125 0.1015625 0.509286803125 0.1015625 0.49941004062500005
0 0.05131181875 0.4890625 0.0518573875 0.5078125 0.0546875 0.5078125 0.0546875 0.4890625 0.05131181875 0.4890625
0 0.0460269765625 0.4890625 0.0459451640625 0.503125 0.05 0.503125 0.05 0.4890625 0.0460269765625 0.4890625
0 0.1882843390625 0.7912242765624999 0.18815147031249999 0.8140625 0.2015625 0.8140625 0.2015625 0.791456046875 0.1882843390625 0.7912242765624999
0 0.152599921875 0.909347353125 0.152008084375 0.9296875 0.1625 0.9296875 0.1625 0.9094625515625001 0.152599921875 0.909347353125
0 0.134375 0.9272029515625 0.121875 0.927275675 0.121875 0.9453125 0.134375 0.9453125 0.134375 0.9272029515625
0 0.1609375 0.9875 0.1609375 0.9634631531250001 0.148896753125 0.963323046875 0.1484375 0.9791065609375 0.1484375 0.9875 0.1609375 0.9875
0 0.100595725 0.575146621875 0.1011931828125 0.609375 0.10625 0.609375 0.10625 0.5752453171875 0.100595725 0.575146621875
0 0.6706147578125 0.9229606015625 0.675 0.9228330031249999 0.675 0.899186940625 0.6713033703125 0.8992945015625 0.6706147578125 0.9229606015625
0 0.678125 0.9016233343749999 0.675 0.9015687890624999 0.675 0.91875 0.678125 0.91875 0.678125 0.9016233343749999
0 0.56689354375 0.8686718015625001 0.5663911625 0.8859375 0.571875 0.8859375 0.571875 0.8685848500000001 0.56689354375 0.8686718015625001
0 0.5636916953125001 0.9118479296875 0.5639485390625 0.9265625 0.565625 0.9265625 0.565625 0.911814184375 0.5636916953125001 0.9118479296875
0 0.5904129625 0.9073586828125 0.5904129625 0.925 0.5953125 0.925 0.5953125 0.90741569375 0.5904129625 0.9073586828125
0 0.6959232984375 0.8590878421875001 0.6954802046874999 0.878125 0.6984375 0.878125 0.6984375 0.8591024703125001 0.6959232984375 0.8590878421875001
0 0.699381171875 0.8622821093749999 0.6991046328125 0.878125 0.703125 0.878125 0.703125 0.8623910437500001 0.699381171875 0.8622821093749999
0 0.4671875 0.809375 0.4671875 0.7855491609375 0.4610667515625 0.785691621875 0.4609375 0.7967994734375 0.4609375 0.809375 0.4671875 0.809375
0 0.373034225 0.7974326828125 0.372982928125 0.80625 0.375 0.80625 0.375 0.7973869296875 0.373034225 0.7974326828125
0 0.362891909375 0.7856772921875 0.36270401406249997 0.79375 0.365625 0.79375 0.365625 0.7856454890625 0.362891909375 0.7856772921875
0 0.8241103078125 0.9070688875 0.8252960500000001 0.975 0.8953125 0.975 0.8953125 0.9078973984375001 0.8241103078125 0.9070688875
0 0.9176229375 0.805911753125 0.9172150203125 0.8234375 0.9234375 0.8234375 0.9234375 0.8058440953125 0.9176229375 0.805911753125
0 0.34557859375 0.718912425 0.34521869843749997 0.734375 0.35 0.734375 0.35 0.71883525 0.34557859375 0.718912425
0 0.8105462734375 0.7640670921874999 0.8106189703125001 0.7765625 0.8140625 0.7765625 0.8140625 0.7640466359375 0.8105462734375 0.7640670921874999
0 0.8121124250000001 0.778879946875 0.812344709375 0.7921875 0.81875 0.7921875 0.81875 0.7787254546875 0.8121124250000001 0.778879946875
0 0.735460884375 0.738268425 0.7352561078125001 0.75 0.7390625 0.75 0.7390625 0.738373221875 0.735460884375 0.738268425
0 0.4952078390625 0.8485301953125 0.49510838437500004 0.865625 0.5 0.865625 0.5 0.8485301953125 0.4952078390625 0.8485301953125
0 0.5140625 0.868065159375 0.5109375 0.8680287953124999 0.5109375 0.8859375 0.5140625 0.8859375 0.5140625 0.868065159375
0 0.25 0.6983468328125 0.2529567109375 0.6982780140625 0.253125 0.692494278125 0.253125 0.6812530812500001 0.25 0.6813258156249999 0.25 0.6983468328125
0 0.25 0.7296875 0.253125 0.7296875 0.253125 0.71350721875 0.25 0.713434484375 0.25 0.7296875
0 0.313739784375 0.686053284375 0.31390206875 0.7 0.3171875 0.7 0.3171875 0.6859529656250001 0.313739784375 0.686053284375
0 0.3330286796875 0.668196928125 0.33284043125 0.684375 0.3375 0.684375 0.3375 0.6680928578125 0.3330286796875 0.668196928125
0 0.395592753125 0.6854108859375 0.395668540625 0.6984375 0.3984375 0.6984375 0.3984375 0.6854605406250001 0.395592753125 0.6854108859375
0 0.3662873640625 0.7880802734375 0.366221390625 0.79375 0.36875 0.79375 0.36875 0.7880659453125001 0.3662873640625 0.7880802734375
0 0.3758672984375 0.7980954265625 0.3758672984375 0.809375 0.378125 0.809375 0.378125 0.798147975 0.3758672984375 0.7980954265625
0 0.388113503125 0.7776972765625001 0.38826393125 0.790625 0.390625 0.790625 0.390625 0.777770353125 0.388113503125 0.7776972765625001
0 0.383427315625 0.7768769093750001 0.3835072984375 0.790625 0.3859375 0.790625 0.3859375 0.7769499484375 0.383427315625 0.7768769093750001
0 0.3802001 0.7905492578125 0.38125 0.7905675828125001 0.38125 0.7784832875000001 0.3802703984375 0.7784661890625 0.3802001 0.7905492578125
0 0.3477188640625 0.7860346109374999 0.34744782343749997 0.8015625 0.35 0.8015625 0.35 0.7859815171875 0.3477188640625 0.7860346109374999
0 0.46972099062500006 0.88227531875 0.46945391406250003 0.89375 0.471875 0.89375 0.471875 0.8822251828125001 0.46972099062500006 0.88227531875
0 0.49009458281249996 0.8956502640625 0.489513378125 0.915625 0.4953125 0.915625 0.4953125 0.8956199078125 0.49009458281249996 0.8956502640625
0 0.5125 0.8979130421875 0.5078125 0.8978857687499999 0.5078125 0.8990601765624999 0.5079652734375 0.9078125 0.5125 0.9078125 0.5125 0.8979130421875
0 0.617524325 0.8781584812500001 0.6178782968750001 0.8984375 0.6203125 0.8984375 0.6203125 0.8782233765624999 0.617524325 0.8781584812500001
0 0.6171875 0.9 0.6171875 0.8802361609375 0.614182034375 0.8803061140625001 0.6140625 0.8905788421875 0.6140625 0.9 0.6171875 0.9
0 0.6270903125 0.908714609375 0.6266111234375 0.929302575 0.6325291453125 0.9293370046875001 0.6328125 0.9171629031249999 0.6328125 0.9087479 0.6270903125 0.908714609375
0 0.6583758265624999 0.914681790625 0.6589033765625001 0.9328125 0.6640625 0.9328125 0.6640625 0.9148472562500001 0.6583758265624999 0.914681790625
0 0.7244809453125 0.8643790796874999 0.724373703125 0.8828125 0.72958955625 0.8828125 0.7296875 0.865977346875 0.7296875 0.8643184953125 0.7244809453125 0.8643790796874999
0 0.7488390546875 0.9132899406250001 0.7485528343750001 0.9296875 0.753125 0.9296875 0.753125 0.9131901843750001 0.7488390546875 0.9132899406250001
0 0.7365242203125 0.9723515671874999 0.7362598046875 0.9875 0.740625 0.9875 0.740625 0.9724470140625 0.7365242203125 0.9723515671874999
0 0.74375 0.950692103125 0.7359375 0.9506011953125 0.7359375 0.96875 0.74375 0.96875 0.74375 0.950692103125
0 0.7265625 1 0.7265625 0.9902142999999999 0.721875 0.9902142999999999 0.721875 0.9989613375000002 0.7218931296875 1 0.7265625 1
0 0.728597803125 0.9716645578125 0.7285147656250001 0.9859375 0.7328125 0.9859375 0.7328125 0.9717381249999999 0.728597803125 0.9716645578125
0 0.7130890109375 0.9529625453125 0.712584178125 0.9703125 0.7177230890625 0.9703125 0.7182261828125001 0.9530223218749999 0.7130890109375 0.9529625453125
0 0.73125 0.9398184296875 0.7265625 0.9398456984374999 0.7265625 0.953125 0.73125 0.953125 0.73125 0.9398184296875
0 0.7125 0.9390625 0.7125 0.9220360968750001 0.707850940625 0.9219820015625 0.7078125 0.92330311875 0.7078125 0.9390625 0.7125 0.9390625
0 0.6827243562499999 0.9140625 0.6829698171875 0.928125 0.6859375 0.928125 0.6859375 0.9140625 0.6827243562499999 0.9140625
0 0.675489890625 0.9194632390624999 0.6758369656250001 0.934375 0.6796875 0.934375 0.6796875 0.9195609390625 0.675489890625 0.9194632390624999
0 0.77939664375 0.8149466203125 0.7791887546875 0.8328125 0.784375 0.8328125 0.784375 0.8148886921875 0.77939664375 0.8149466203125
0 0.688719228125 0.79306110625 0.6889898359375 0.8046875 0.69375 0.8046875 0.69375 0.79314891875 0.688719228125 0.79306110625
0 0.9579789671875 0.9587651515625 0.9640625 0.9588359390625001 0.9640625 0.938284565625 0.9585767484375001 0.9382207328125001 0.9579789671875 0.9587651515625
0 0.9233164859375 0.9526553249999999 0.928125 0.9527672453125 0.928125 0.9352055343749999 0.92341864375 0.9350959921875 0.9233164859375 0.9526553249999999
0 0.871875 1 0.871875 0.9937597796875 0.8710345875 0.99375 0.8681431625 0.99375 0.8682158874999999 1 0.871875 1
