0 0.571875 0.559375 0.571875 0.501305996875 0.5716448390625 0.493395878125 0.5491355890625 0.493002978125 0.5510668171875001 0.559375 0.571875 0.559375
0 0.56875 0.559375 0.56875 0.48286582187500005 0.542835384375 0.48316736562499996 0.543722140625 0.559375 0.56875 0.559375
0 0.2203125 0.559375 0.2203125 0.5310521140625 0.187110634375 0.5310521140625 0.187110634375 0.559375 0.2203125 0.559375
0 0.2785536703125 0.559375 0.2796083296875 0.5140625 0.2592618375 0.5140625 0.247704753125 0.5142642296875 0.246875 0.5499138171875 0.246875 0.559375 0.2785536703125 0.559375
0 0.4296875 0.559375 0.4296875 0.531631834375 0.4049310796875 0.5317758625 0.40573413281250004 0.559375 0.4296875 0.559375
0 0.059375 0.559375 0.059375 0.53365239375 0.0478782609375 0.53365239375 0.0478782609375 0.559375 0.059375 0.559375
0 0.14316057499999998 0.5267662203125 0.14316057499999998 0.5390625 0.1484375 0.5390625 0.1484375 0.5267662203125 0.14316057499999998 0.5267662203125
0 0.1726342125 0.5314192578125 0.1723472125 0.54375 0.1795491953125 0.54375 0.1796875 0.5378078765625001 0.1796875 0.5313782218750001 0.1726342125 0.5314192578125
0 0.128728225 0.494520303125 0.1285917375 0.50625 0.1355197625 0.50625 0.13565765624999998 0.49439935 0.128728225 0.494520303125
0 0.0804527765625 0.4813363265625 0.080560859375 0.490625 0.0875 0.490625 0.0875 0.4813363265625 0.0804527765625 0.4813363265625
0 0.303851653125 0.525372634375 0.30374473750000003 0.54375 0.31875 0.54375 0.31875 0.525719396875 0.303851653125 0.525372634375
0 0.3203125 0.559375 0.3203125 0.5435718656249999 0.3089794546875 0.5436377984375 0.3088878984375 0.559375 0.3203125 0.559375
0 0.33265201875 0.524101075 0.3331093515625 0.54375 0.3453125 0.54375 0.3453125 0.52417473125 0.33265201875 0.524101075
0 0.5241655953125 0.510739896875 0.5243872328125 0.5234375 0.5296875 0.5234375 0.5296875 0.51067564375 0.5241655953125 0.510739896875
0 0.4993204171875 0.5138384984375 0.4993204171875 0.5296875 0.5046875 0.5296875 0.5046875 0.513713578125 0.4993204171875 0.5138384984375
0 0.5231083734374999 0.447436940625 0.5230207390625 0.4625 0.528125 0.4625 0.528125 0.4472909703125 0.5231083734374999 0.447436940625
0 0.5122200718750001 0.4477785890625 0.511791721875 0.4625 0.51875 0.4625 0.51875 0.44789256875000005 0.5122200718750001 0.4477785890625
0 0.5174439640624999 0.4484375 0.5174439640624999 0.4640625 0.521875 0.4640625 0.521875 0.4484375 0.5174439640624999 0.4484375
0 0.5265625 0.43496441093750005 0.521875 0.4348553078125 0.521875 0.4363861453125 0.522228234375 0.4515625 0.5265625 0.4515625 0.5265625 0.43496441093750005
0 0.505334546875 0.44402201249999995 0.50542386875 0.459375 0.5109375 0.459375 0.5109375 0.44398941406250003 0.505334546875 0.44402201249999995
0 0.49904119687500004 0.4469478359375 0.49904119687500004 0.459375 0.503125 0.459375 0.503125 0.4469478359375 0.49904119687500004 0.4469478359375
0 0.4376791578125 0.4504005484375 0.43778126093749997 0.45625 0.440625 0.45625 0.440625 0.45045196875000004 0.4376791578125 0.4504005484375
0 0.4037115125 0.44822699843749997 0.4037490984375 0.4546875 0.40625 0.4546875 0.40625 0.44825653593750003 0.4037115125 0.44822699843749997
0 0.020617840625 0.45238071875 0.0205000921875 0.4625 0.0264831578125 0.4625 0.0265625 0.45568132187500004 0.0265625 0.45234613437500004 0.020617840625 0.45238071875
0 0.07222435625 0.45243774375 0.072385821875 0.459375 0.0765625 0.459375 0.0765625 0.45241250468749994 0.07222435625 0.45243774375
0 0.40021325937499996 0.5164093671875001 0.40060867031249997 0.5390625 0.4078125 0.5390625 0.4078125 0.51623249375 0.40021325937499996 0.5164093671875001
0 0.3793358 0.5300492484375 0.3795204 0.540625 0.390625 0.540625 0.390625 0.5300492484375 0.3793358 0.5300492484375
0 0.48823913281250003 0.5129843562499999 0.48823913281250003 0.5328125 0.4953125 0.5328125 0.4953125 0.5129843562499999 0.48823913281250003 0.5129843562499999
0 0.5296875 0.559375 0.5296875 0.5501271125 0.5220588562499999 0.5500383453125 0.5221674968750001 0.559375 0.5296875 0.559375
0 0.5203125 0.559375 0.5203125 0.5485486859375001 0.5117855796875 0.548449465625 0.5117855796875 0.559375 0.5203125 0.559375
0 0.455955521875 0.460450415625 0.455810653125 0.46875 0.459375 0.46875 0.459375 0.4604902046875 0.455955521875 0.460450415625
0 0.44473290781249997 0.46694489843750003 0.4484375 0.46694489843750003 0.4484375 0.46143295625 0.44463669687499996 0.46143295625 0.44473290781249997 0.46694489843750003
0 1 0.2390625 0.989804465625 0.2390625 0.992896025 0.3453125 1 0.3453125 1 0.2390625
0 0.76947441875 0 0.7696108109375001 0.0046875 0.7828125 0.0046875 0.7828125 0 0.76947441875 0
0 1 0.3450894703125 0.9894558484375 0.3453348875 0.9875 0.429366078125 0.9875 0.4515625 1 0.4515625 1 0.3450894703125
