0 0.008712398437500001 0.3650178984375 0.008407328125 0.378125 0.01875 0.378125 0.01875 0.364784271875 0.008712398437500001 0.3650178984375
0 0.097810240625 0.311758628125 0.098009334375 0.3203125 0.103125 0.3203125 0.103125 0.311634925 0.097810240625 0.311758628125
0 0.1556384953125 0.3188942796875 0.15621701875 0.34375 0.1703125 0.34375 0.1703125 0.3185527375 0.1556384953125 0.3188942796875
0 0.17967316875 0.3125935140625 0.1800175265625 0.3421875 0.2140625 0.3421875 0.2140625 0.3133939359375 0.17967316875 0.3125935140625
0 0.178125 0.2890625 0.1600469296875 0.2890625 0.1445732125 0.2894226546875 0.14432702343749998 0.3 0.163634553125 0.3 0.178125 0.29966273125 0.178125 0.2890625
0 0.1182501078125 0.30393859375 0.1186356109375 0.3171875 0.125 0.3171875 0.125 0.30382077343749997 0.1182501078125 0.30393859375
0 0.394134646875 0.9696536968749999 0.3940490015625 0.984375 0.3984375 0.984375 0.3984375 0.9696286624999999 0.394134646875 0.9696536968749999
0 0.3905173078125 0.9615847546874999 0.3906226265625 0.9796875 0.3921875 0.9796875 0.3921875 0.9615361578125 0.3905173078125 0.9615847546874999
0 0.41189220156250006 0.9497893125000001 0.4117442984375 0.9625 0.4140625 0.9625 0.4140625 0.9497261640625 0.41189220156250006 0.9497893125000001
0 0.45625 0.9625 0.45625 0.9208664093750001 0.4207738 0.921072803125 0.4203125 0.9607168999999999 0.4203125 0.9625 0.45625 0.9625
0 0.4370503046875 0.9851885171875001 0.43681466562500004 0.9953125 0.4390625 0.9953125 0.4390625 0.9851416828125 0.4370503046875 0.9851885171875001
0 0.4078125 0.9738214078125 0.4078125 0.9769612875 0.40794402031250004 0.98261191875 0.4109375 0.98254224375 0.4109375 0.973748671875 0.4078125 0.9738214078125
0 0.40017781250000006 0.9774239484375 0.400448703125 0.9890625 0.403125 0.9890625 0.403125 0.9773553515625 0.40017781250000006 0.9774239484375
0 0.434375 1 0.434375 0.9776601359375 0.41193567499999995 0.9771378546874999 0.41220169999999995 1 0.434375 1
0 0.41875 1 0.41875 0.9911467 0.39797549062500004 0.9915093203125 0.39777786718749997 1 0.41875 1
0 0.4796875 0.9328125 0.4603220140625 0.9328125 0.46008322812499997 0.9328180578125 0.46090133906249997 0.9796875 0.4796875 0.9796875 0.4796875 0.9328125
0 0.2494763109375 0.9398911984375001 0.2495078515625 0.9453125 0.2578125 0.9453125 0.2578125 0.9400367078125 0.2494763109375 0.9398911984375001
0 0.2921875 0.885662109375 0.25706614375000003 0.8846401828125 0.25625 0.9126892218750001 0.25625 0.91875 0.2916373359375 0.91875 0.2921875 0.899842109375 0.2921875 0.885662109375
0 0.5209521203125 0.6748349484375 0.5212712421875 0.7296875 0.553125 0.7296875 0.553125 0.675022125 0.5209521203125 0.6748349484375
0 0.653062275 0.6298691609375 0.65264621875 0.665625 0.675 0.665625 0.675 0.6297415296875 0.653062275 0.6298691609375
0 0.9798894 0.779345975 0.9811115218750001 0.884375 0.9984375 0.884375 0.9984375 0.7796697328125 0.9798894 0.779345975
