0 0.1468099921875 0.4560130171875 0.150527596875 0.4560130171875 0.150527596875 0.44095901406250004 0.1468099921875 0.44095901406250004 0.1468099921875 0.4560130171875
0 0.1091174796875 0.4874647203125 0.11174217812500001 0.4874647203125 0.11174217812500001 0.4775970046875 0.1091174796875 0.4775970046875 0.1091174796875 0.4874647203125
0 0.12295447343749999 0.45219341718750006 0.1267822296875 0.45219341718750006 0.1267822296875 0.43946482812500004 0.12295447343749999 0.43946482812500004 0.12295447343749999 0.45219341718750006
0 0.15217477968749998 0.435915346875 0.156202184375 0.435915346875 0.156202184375 0.4208001484375 0.15217477968749998 0.4208001484375 0.15217477968749998 0.435915346875
0 0.1486292859375 0.433100371875 0.15217477968749998 0.433100371875 0.15217477968749998 0.41810756250000003 0.1486292859375 0.41810756250000003 0.1486292859375 0.433100371875
0 0.41063184062499997 0.4739052609375 0.41428920625 0.4739052609375 0.41428920625 0.4592757984375 0.41063184062499997 0.4592757984375 0.41063184062499997 0.4739052609375
0 0.42429317656250004 0.475721990625 0.42821946562499996 0.475721990625 0.42821946562499996 0.45994512031249996 0.42429317656250004 0.45994512031249996 0.42429317656250004 0.475721990625
0 0.4320919703125 0.47581760781250004 0.43725530937499996 0.47581760781250004 0.43725530937499996 0.45698098125 0.4320919703125 0.45698098125 0.4320919703125 0.47581760781250004
0 0.13177695 0.438498090625 0.13177695 0.44743258125 0.13256409375 0.44743258125 0.1352191765625 0.44743258125 0.1352191765625 0.438498090625 0.13177695 0.438498090625
0 0.8219644562499999 0.37397537812500004 0.81512303125 0.37397537812500004 0.81512303125 0.38889169218749997 0.8219644562499999 0.38889169218749997 0.8219644562499999 0.37397537812500004
0 0.83147360625 0.39126300468749997 0.835044915625 0.39126300468749997 0.835044915625 0.376576171875 0.83147360625 0.376576171875 0.83147360625 0.39126300468749997
0 0.891807753125 0.39990199843749996 0.89547028125 0.39990199843749996 0.89547028125 0.3863901125 0.891807753125 0.3863901125 0.891807753125 0.39990199843749996
0 0.2354813171875 0.359861871875 0.2377669546875 0.359861871875 0.2377669546875 0.3492873515625 0.2354813171875 0.3492873515625 0.2354813171875 0.359861871875
0 0.8312370546875 0.36280655624999997 0.8335433468750001 0.36280655624999997 0.8335433468750001 0.351852628125 0.8312370546875 0.351852628125 0.8312370546875 0.36280655624999997
0 0.8370199953125 0.354361628125 0.8330958578125 0.354361628125 0.8330958578125 0.3624393859375 0.8370199953125 0.3624393859375 0.8370199953125 0.354361628125
0 0.5066904375 0.43510166874999995 0.5104080421875 0.43510166874999995 0.5104080421875 0.4213327640625 0.5066904375 0.4213327640625 0.5066904375 0.43510166874999995
0 0.246687809375 0.36251680468749997 0.24916621249999998 0.36251680468749997 0.24916621249999998 0.35425546093750004 0.246687809375 0.35425546093750004 0.246687809375 0.36251680468749997
0 0.26367037656250003 0.3645869484375 0.265697159375 0.3645869484375 0.265697159375 0.35710645625000004 0.26367037656250003 0.35710645625000004 0.26367037656250003 0.3645869484375
0 0.248988765625 0.413891103125 0.25226963750000003 0.413891103125 0.25226963750000003 0.402895103125 0.248988765625 0.402895103125 0.248988765625 0.413891103125
0 0.14358997499999998 0.4477981796875 0.1322951703125 0.4477981796875 0.1322951703125 0.4586746578125 0.14358997499999998 0.4586746578125 0.14358997499999998 0.4477981796875
0 0.3822763640625 0.5402696828125 0.386688396875 0.5402696828125 0.386688396875 0.529251271875 0.3822763640625 0.529251271875 0.3822763640625 0.5402696828125
0 0.3870264015625 0.53773919375 0.3911140453125 0.53773919375 0.3911140453125 0.521751965625 0.3870264015625 0.521751965625 0.3870264015625 0.53773919375
0 0.397611246875 0.527871478125 0.3902534890625 0.527871478125 0.3902534890625 0.5385806265624999 0.397611246875 0.5385806265624999 0.397611246875 0.527871478125
0 0.53185605625 0.541058575 0.536330771875 0.541058575 0.536330771875 0.5333754765625 0.53185605625 0.5333754765625 0.53185605625 0.541058575
0 0.5285353390624999 0.52591414375 0.53398105 0.52591414375 0.53398105 0.5185037968749999 0.5285353390624999 0.5185037968749999 0.5285353390624999 0.52591414375
0 0.501888759375 0.54849961875 0.507855509375 0.54849961875 0.507855509375 0.5389378796875001 0.501888759375 0.5389378796875001 0.501888759375 0.54849961875
0 0.49535516875 0.5641672125 0.500142015625 0.5641672125 0.500142015625 0.5566134390624999 0.49535516875 0.5566134390624999 0.49535516875 0.5641672125
0 0.9377233390624999 0.41922583125 0.9377233390624999 0.42475371093750003 0.9393078640624999 0.42475371093750003 0.9415050812500001 0.42475371093750003 0.9415050812500001 0.41922583125 0.9377233390624999 0.41922583125
0 0.947219715625 0.418628221875 0.947219715625 0.42340909218749995 0.9491027031250001 0.42340909218749995 0.9503291484374999 0.42340909218749995 0.9503291484374999 0.418628221875 0.947219715625 0.418628221875
0 0.976268490625 0.41905721875 0.98164696875 0.41905721875 0.98164696875 0.4097345234375 0.976268490625 0.4097345234375 0.976268490625 0.41905721875
0 0.63893765625 0.494235040625 0.6429177296875 0.494235040625 0.6429177296875 0.4887848484375 0.63893765625 0.4887848484375 0.63893765625 0.494235040625
0 0.665074540625 0.4838221359375 0.66917563125 0.4838221359375 0.66917563125 0.4718699609375 0.665074540625 0.4718699609375 0.665074540625 0.4838221359375
0 0.2155593921875 0.8194553140625 0.2195394671875 0.8194553140625 0.2195394671875 0.8112322187500001 0.2155593921875 0.8112322187500001 0.2155593921875 0.8194553140625
0 0.22620878125 0.8308337859374999 0.2318023984375 0.8308337859374999 0.2318023984375 0.8163955578125 0.22620878125 0.8163955578125 0.22620878125 0.8308337859374999
0 0.080936321875 0.5745266484375 0.0843510109375 0.5745266484375 0.0843510109375 0.5652739437500001 0.080936321875 0.5652739437500001 0.080936321875 0.5745266484375
0 0.440817690625 0.55206006875 0.4498518546875 0.55206006875 0.4498518546875 0.5374933562499999 0.440817690625 0.5374933562499999 0.440817690625 0.55206006875
0 0.19456810156249998 0.5670785046875 0.19732457187500002 0.5670785046875 0.19732457187500002 0.563253809375 0.19456810156249998 0.563253809375 0.19456810156249998 0.5670785046875
0 0.11372115625000001 0.5534299921875 0.11609629218749999 0.5534299921875 0.11609629218749999 0.5490239421875 0.11372115625000001 0.5490239421875 0.11372115625000001 0.5534299921875
0 0.719673134375 0.3665012421875 0.719673134375 0.37434186875000003 0.722900221875 0.37434186875000003 0.722900221875 0.370426603125 0.722900221875 0.3665012421875 0.719673134375 0.3665012421875
0 0.778309153125 0.49615262031249996 0.7817083515625 0.49615262031249996 0.7817083515625 0.48880920312500004 0.778309153125 0.48880920312500004 0.778309153125 0.49615262031249996
0 0.8025782687499999 0.47174049843750004 0.8084644750000001 0.47174049843750004 0.8084644750000001 0.4623776421875 0.8025782687499999 0.4623776421875 0.8025782687499999 0.47174049843750004
0 0.491937978125 0.43444276875 0.49606865000000006 0.43444276875 0.49606865000000006 0.4261814265625 0.491937978125 0.4261814265625 0.491937978125 0.43444276875
0 0.4898296140625 0.42633441406249994 0.4853977484375 0.42633441406249994 0.4853977484375 0.438114478125 0.4898296140625 0.438114478125 0.4898296140625 0.42633441406249994
0 0.512526121875 0.43661089375 0.512526121875 0.4411672765625 0.512526121875 0.44640211562500004 0.515667153125 0.44640211562500004 0.515667153125 0.43661089375 0.512526121875 0.43661089375
0 0.5325128421875001 0.45192518281250005 0.5369231953125 0.45192518281250005 0.5369231953125 0.4391124515625 0.5325128421875001 0.4391124515625 0.5325128421875001 0.45192518281250005
0 0.5204994015625 0.44036269062500005 0.5204994015625 0.44594674687499997 0.5235974046874999 0.44594674687499997 0.5235974046874999 0.44036269062500005 0.521819146875 0.44036269062500005 0.5204994015625 0.44036269062500005
0 0.28042381875 0.44067445625 0.2855871578125 0.44067445625 0.2855871578125 0.43004180156249994 0.28042381875 0.43004180156249994 0.28042381875 0.44067445625
0 0.27646525781250003 0.44189835781250003 0.279348121875 0.44189835781250003 0.279348121875 0.43195414843749996 0.27646525781250003 0.43195414843749996 0.27646525781250003 0.44189835781250003
0 0.2561491890625 0.41297148124999994 0.2594193046875 0.41297148124999994 0.2594193046875 0.40119141718750007 0.2561491890625 0.40119141718750007 0.2561491890625 0.41297148124999994
0 0.27428794375 0.3952210265625 0.2813100859375 0.3952210265625 0.2813100859375 0.3853074140625 0.27428794375 0.3853074140625 0.27428794375 0.3952210265625
0 0.204499296875 0.3975772125 0.21590167187499998 0.3975772125 0.21590167187499998 0.39000431406249997 0.204499296875 0.39000431406249997 0.204499296875 0.3975772125
0 0.2384629640625 0.4438384390625 0.24335737968750001 0.4438384390625 0.24335737968750001 0.43408546406250004 0.2384629640625 0.43408546406250004 0.2384629640625 0.4438384390625
0 0.23459045937499998 0.4451770828125 0.2395386609375 0.4451770828125 0.2395386609375 0.4352328734375 0.23459045937499998 0.4352328734375 0.23459045937499998 0.4451770828125
0 0.2582983953125 0.3715864265625 0.2626872328125 0.3715864265625 0.2626872328125 0.36194819218749996 0.2582983953125 0.36194819218749996 0.2582983953125 0.3715864265625
0 0.114086984375 0.36707573125000004 0.1184973375 0.36707573125000004 0.1184973375 0.35196818125 0.114086984375 0.35196818125 0.114086984375 0.36707573125000004
0 0.3455927921875 0.4206802109375 0.3544134984375 0.4206802109375 0.3544134984375 0.4105447671875 0.3455927921875 0.4105447671875 0.3455927921875 0.4206802109375
0 0.3720925578125 0.44934835624999997 0.38521604531250003 0.44934835624999997 0.38521604531250003 0.44062804843750003 0.3720925578125 0.44062804843750003 0.3720925578125 0.44934835624999997
0 0.3533216671875 0.43471650312500004 0.3636913734375 0.43471650312500004 0.3636913734375 0.42377787343750006 0.3533216671875 0.42377787343750006 0.3533216671875 0.43471650312500004
0 0.2995446515625 0.546082921875 0.312453 0.546082921875 0.312453 0.5352064421875 0.2995446515625 0.5352064421875 0.2995446515625 0.546082921875
0 0.4002697859375 0.41435709374999996 0.383462040625 0.41435709374999996 0.383462040625 0.43243475781249996 0.4002697859375 0.43243475781249996 0.4002697859375 0.41435709374999996
0 0.19068719843749998 0.42050266406250003 0.1778649046875 0.42050266406250003 0.1778649046875 0.43266519687500005 0.19068719843749998 0.43266519687500005 0.19068719843749998 0.42050266406250003
0 0.227011803125 0.42214263750000003 0.22223840468749997 0.42214263750000003 0.22223840468749997 0.4299115515625 0.227011803125 0.4299115515625 0.227011803125 0.42214263750000003
0 0.3009545390625 0.39734875937499997 0.28759238125 0.39734875937499997 0.28759238125 0.41034674843749996 0.3009545390625 0.41034674843749996 0.3009545390625 0.39734875937499997
0 0.4388956765625 0.4579247015625 0.4349371171875 0.4579247015625 0.4349371171875 0.4706226921875 0.4388956765625 0.4706226921875 0.4388956765625 0.4579247015625
0 0.7687912421875 0.41887912031249996 0.7720721140625 0.41887912031249996 0.7720721140625 0.4126639890625 0.7687912421875 0.4126639890625 0.7687912421875 0.41887912031249996
0 0.9434017171875 0.389723921875 0.9401316015625 0.389723921875 0.9401316015625 0.39607291718750004 0.9434017171875 0.39607291718750004 0.9434017171875 0.389723921875
0 0.9548015796874999 0.36674861875000003 0.9753910687499999 0.36674861875000003 0.9753910687499999 0.3544229390625 0.9548015796874999 0.3544229390625 0.9548015796874999 0.36674861875000003
0 0.9961709578125 0.35584692812499996 0.9838802937500001 0.35584692812499996 0.9838802937500001 0.3698533828125 0.9961709578125 0.3698533828125 0.9961709578125 0.35584692812499996
0 0.903413621875 0.3641770375 0.8938332062500001 0.3641770375 0.8938332062500001 0.3749339953125 0.903413621875 0.3749339953125 0.903413621875 0.3641770375
