0 0.3817433625 0.1568340625 0.38162858593750004 0.1765625 0.3921875 0.1765625 0.3921875 0.156712534375 0.3817433625 0.1568340625
0 0.3796875 0.1459263953125 0.37952210937499997 0.13171275468750002 0.371063359375 0.1318604015625 0.37125625156250003 0.1484375 0.3796875 0.1484375 0.3796875 0.1459263953125
0 0.396402175 0.14616152031250002 0.396402175 0.159375 0.4078125 0.159375 0.4078125 0.14616152031250002 0.396402175 0.14616152031250002
0 0.046875 0.3984375 0.046755134375 0.3984375 0.025066035937499998 0.3989423203125 0.025066035937499998 0.4453125 0.046875 0.4453125 0.046875 0.3984375
0 0.434375 0.0986102484375 0.4204302421875 0.0986913765625 0.4203125 0.103750065625 0.4203125 0.1109375 0.4341898546875 0.1109375 0.434375 0.10298286718750001 0.434375 0.0986102484375
0 0.422792440625 0.1497272328125 0.428125 0.14975825625 0.428125 0.1320968828125 0.42268968593749995 0.13206526093749998 0.422792440625 0.1497272328125
0 0.47313409375 0.2254952453125 0.47331014375 0.240625 0.4796875 0.240625 0.4796875 0.2255715015625 0.47313409375 0.2254952453125
0 0.5263023359375001 0.0510569734375 0.5261814671875 0.05625 0.5359375 0.05625 0.5359375 0.05077661875 0.5263023359375001 0.0510569734375
0 0.5564788015625 0.0702332390625 0.556708428125 0.078125 0.565625 0.078125 0.565625 0.0702332390625 0.5564788015625 0.0702332390625
0 0.597501275 0.05798675625000001 0.5977235265624999 0.065625 0.6029945484375 0.065625 0.6027687296875001 0.0578641546875 0.597501275 0.05798675625000001
0 0.5931011765624999 0.0393530234375 0.5931011765624999 0.0484375 0.59375 0.0484375 0.59375 0.0393643484375 0.5931011765624999 0.0393530234375
0 0.309375 0.240625 0.309375 0.21636983281250002 0.298918875 0.2163090015625 0.2984375 0.2369908 0.2984375 0.240625 0.309375 0.240625
0 0.6828125 0.6046875 0.6828125 0.5390625 0.675299453125 0.5390625 0.6484375 0.5395313765624999 0.6484375 0.5792422359375 0.6487335828125 0.6046875 0.6828125 0.6046875
