0 0.9280290609375001 0.2975893078125 0.9290934484375001 0.3890625 0.94375 0.3890625 0.94375 0.2975893078125 0.9280290609375001 0.2975893078125
0 0.9296875 0.30261879999999997 0.9146201796875001 0.3025311421875 0.9140625 0.3264913390625 0.9140625 0.3859375 0.9278204046875 0.3859375 0.9296875 0.30571948125000004 0.9296875 0.30261879999999997
0 0.903961903125 0.395214996875 0.9192794937500001 0.395214996875 0.9192794937500001 0.3115756046875 0.903961903125 0.3115756046875 0.903961903125 0.395214996875
0 0.8921174859375001 0.39315569375 0.9059211296874998 0.39315569375 0.9059211296874998 0.31902077812499996 0.8921174859375001 0.31902077812499996 0.8921174859375001 0.39315569375
0 0.8881099765624999 0.37034495 0.9089490250000001 0.37034495 0.9089490250000001 0.294467546875 0.8881099765624999 0.294467546875 0.8881099765624999 0.37034495
0 0.86210569375 0.402184946875 0.8761765046875001 0.402184946875 0.8761765046875001 0.33058455625 0.86210569375 0.33058455625 0.86210569375 0.402184946875
0 0.8754640578124999 0.395848628125 0.8900692031249999 0.395848628125 0.8900692031249999 0.313793315625 0.8754640578124999 0.313793315625 0.8754640578124999 0.395848628125
0 0.8724361625 0.386502559375 0.89087070625 0.386502559375 0.89087070625 0.29716048125 0.8724361625 0.29716048125 0.8724361625 0.386502559375
0 0.5708812828125 0.0879126921875 0.5777831046874999 0.0879126921875 0.5777831046874999 0.0661316 0.5708812828125 0.0661316 0.5708812828125 0.0879126921875
0 0.772611184375 0.24287549687499999 0.7826744859375 0.24287549687499999 0.7826744859375 0.2197479375 0.772611184375 0.2197479375 0.772611184375 0.24287549687499999
0 0.7402700359375001 0.23175774374999997 0.7536936609375 0.23175774374999997 0.7536936609375 0.19313885 0.7402700359375001 0.19313885 0.7402700359375001 0.23175774374999997
0 0.778570103125 0.2269562375 0.78679936875 0.2269562375 0.78679936875 0.194514290625 0.778570103125 0.194514290625 0.778570103125 0.2269562375
0 0.7847858249999999 0.2256066515625 0.7944158171875 0.2256066515625 0.7944158171875 0.188908321875 0.7847858249999999 0.188908321875 0.7847858249999999 0.2256066515625
0 0.35535886250000004 0.9416858874999999 0.35561923906250004 0.9640625 0.3640625 0.9640625 0.3640625 0.9416858874999999 0.35535886250000004 0.9416858874999999
0 0.340625 0.93197794375 0.3176593359375 0.9318443328124999 0.3171875 0.9521163375 0.3171875 0.9901072484375 0.34045345781249997 0.99024260625 0.340625 0.9828724515625 0.340625 0.93197794375
0 0.24566422187499998 0.9113849640625 0.25917677031249997 0.9113849640625 0.25917677031249997 0.8863443421875001 0.24566422187499998 0.8863443421875001 0.24566422187499998 0.9113849640625
0 0.19111651875 0.783433775 0.2006040515625 0.783433775 0.2006040515625 0.7558379890625 0.19111651875 0.7558379890625 0.19111651875 0.783433775
0 0.17731646875 0.751133853125 0.17731646875 0.745617328125 0.167828934375 0.745617328125 0.167828934375 0.768613815625 0.17731646875 0.768613815625 0.17731646875 0.751133853125
0 0.17214145 0.7767903453125 0.17214145 0.75532695625 0.1617914140625 0.75532695625 0.1617914140625 0.7615142125000001 0.1617914140625 0.7767903453125 0.17214145 0.7767903453125
0 0.141378840625 0.787522040625 0.141378840625 0.761459353125 0.13189130625 0.761459353125 0.13189130625 0.7694991046874999 0.13189130625 0.787522040625 0.141378840625 0.787522040625
0 0 0.9301002687500001 0.0059658546875 0.9301002687500001 0.0059658546875 0.90046035 0 0.90046035 0 0.9301002687500001
0 0.98997336875 0.58525523125 0.9949775640624999 0.58525523125 0.9949775640624999 0.5745006218750001 0.98997336875 0.5745006218750001 0.98997336875 0.58525523125
0 0.584399259375 0.786501290625 0.5888189640625 0.786501290625 0.5888189640625 0.7721618140625 0.584399259375 0.7721618140625 0.584399259375 0.786501290625
0 0.8157236687499999 0.6487017625 0.8184395453125 0.6487017625 0.8184395453125 0.6381479062500001 0.8157236687499999 0.6381479062500001 0.8157236687499999 0.6487017625
0 0.8184395453125 0.6487017625 0.8210016937500001 0.6487017625 0.8210016937500001 0.639524496875 0.8184395453125 0.639524496875 0.8184395453125 0.6487017625
0 0.822705009375 0.6461174453125 0.826345309375 0.6461174453125 0.826345309375 0.6338419328125 0.822705009375 0.6338419328125 0.822705009375 0.6461174453125
0 0.8283130390625001 0.6427108421875001 0.8309694750000001 0.6427108421875001 0.8309694750000001 0.6320211640625 0.8283130390625001 0.6320211640625 0.8283130390625001 0.6427108421875001
0 0.8328388171875 0.6395391796875 0.8350033203125001 0.6395391796875 0.8350033203125001 0.630082925 0.8328388171875 0.630082925 0.8328388171875 0.6395391796875
0 0.8351017078125 0.638247021875 0.8377581421875 0.638247021875 0.8377581421875 0.62679379375 0.8351017078125 0.62679379375 0.8351017078125 0.638247021875
0 0.83744320625 0.637814903125 0.8400647484375 0.637814903125 0.8400647484375 0.62842489375 0.83744320625 0.62842489375 0.83744320625 0.637814903125
0 0.7626266859374999 0.6861594515625 0.80777333125 0.6861594515625 0.80777333125 0.6602859890625 0.7626266859374999 0.6602859890625 0.7626266859374999 0.6861594515625
