0 0.2882728625 0.172516521875 0.2886434953125 0.19375 0.3 0.19375 0.3 0.1725847484375 0.2882728625 0.172516521875
0 0.2773723609375 0.1460415890625 0.277276609375 0.1625 0.2859375 0.1625 0.2859375 0.1460415890625 0.2773723609375 0.1460415890625
0 0.3044751625 0.1616172296875 0.30438821250000003 0.1765625 0.3171875 0.1765625 0.3171875 0.161987121875 0.3044751625 0.1616172296875
0 0.330652159375 0.10980717343749999 0.330334909375 0.1234375 0.3453125 0.1234375 0.3453125 0.10955127499999999 0.330652159375 0.10980717343749999
0 0.340062275 0.1640625 0.34048127968749997 0.1460603625 0.3330179609375 0.14619063593749998 0.3328125 0.1550180796875 0.3328125 0.1640625 0.340062275 0.1640625
0 0.3875 0.2461163765625 0.3875 0.2500906546875 0.38789605312500003 0.263702115625 0.3953125 0.2638315703125 0.3953125 0.2462527453125 0.3875 0.2461163765625
0 0.44401693125 0.0585843171875 0.444112553125 0.0640625 0.4546875 0.0640625 0.4546875 0.05864639687499999 0.44401693125 0.0585843171875
0 0.477442965625 0.0792150078125 0.47734655937500003 0.0875 0.4859375 0.0875 0.4859375 0.07931384999999999 0.477442965625 0.0792150078125
0 0.5214030703125 0.06672368437500001 0.5214421296875 0.0734375 0.5265625 0.0734375 0.5265625 0.06687380937500001 0.5214030703125 0.06672368437500001
0 0.517002959375 0.0467357328125 0.517002959375 0.05625 0.51875 0.05625 0.51875 0.0467052375 0.517002959375 0.0467357328125
0 0.581908790625 0.03365114375 0.5818773078125 0.0390625 0.588432259375 0.0390625 0.5884644078125 0.0335367140625 0.581908790625 0.03365114375
0 0.1997518921875 0.2367724734375 0.20020096718749997 0.2625 0.2109375 0.2625 0.2109375 0.23644700468750002 0.1997518921875 0.2367724734375
0 0.5140625 0.847261403125 0.496875 0.8471614109375001 0.496875 0.8476006187499999 0.49729871093750005 0.871875 0.5140625 0.871875 0.5140625 0.847261403125
0 0.5795491953125 0.6971618609375 0.5794690499999999 0.7109375 0.5921875 0.7109375 0.5921875 0.6971618609375 0.5795491953125 0.6971618609375
0 0.0836674390625 0.7670275249999999 0.08335649375000001 0.79375 0.090625 0.79375 0.090625 0.7671084828125 0.0836674390625 0.7670275249999999
0 0.0759590921875 0.7381066015625001 0.07609191875 0.7609375 0.0828125 0.7609375 0.0828125 0.738306015625 0.0759590921875 0.7381066015625001
0 0.1015625 0.759375 0.09375 0.759375 0.09375 0.7796875 0.1015625 0.7796875 0.1015625 0.759375
0 0.1132047078125 0.7336237359375 0.11304580156249999 0.7609375 0.121875 0.7609375 0.121875 0.7334723953125 0.1132047078125 0.7336237359375
0 0.12814142343749998 0.6296875 0.12814142343749998 0.6441607296875 0.1396376359375 0.6441607296875 0.1396376359375 0.6296875 0.12814142343749998 0.6296875
0 0.3843982828125 0.86325288125 0.3945618125 0.86325288125 0.3945618125 0.8392032125 0.3843982828125 0.8392032125 0.3843982828125 0.86325288125
0 0.43367397656250006 0.8336774953124999 0.4547898453125 0.8336774953124999 0.4547898453125 0.8187612953125001 0.43367397656250006 0.8187612953125001 0.43367397656250006 0.8336774953124999
0 0.5453021046875001 0.6296875 0.5453021046875001 0.6485008453125001 0.5524475203125 0.6485008453125001 0.5524475203125 0.6296875 0.5453021046875001 0.6296875
0 0.2236900640625 0.6500962171875 0.2317298703125 0.6500962171875 0.2317298703125 0.637125609375 0.2236900640625 0.637125609375 0.2236900640625 0.6500962171875
0 0.172447678125 0.6296875 0.172447678125 0.6373711234375 0.1769135625 0.6373711234375 0.1769135625 0.6296875 0.172447678125 0.6296875
0 0.1840978109375 0.6296875 0.1840978109375 0.633739353125 0.18827244375000002 0.633739353125 0.18827244375000002 0.6296875 0.1840978109375 0.6296875
0 0.9682036734375 1 0.96875 0.9765275515624999 0.96875 0.9472393578125 0.959968253125 0.94739264375 0.9481052875 0.9475997125 0.9468856578124999 1 0.9682036734375 1
0 0.9796875 1 0.9796875 0.9478756765625 0.9625 0.9475756687500001 0.9625 0.9551060093749999 0.9638062812499999 1 0.9796875 1
0 0.9046875 1 0.9046875 0.9495927140625 0.8637391921875001 0.9493544843749999 0.8646232125000001 1 0.9046875 1
0 0.9433389703125 1 0.94375 0.96467616875 0.94375 0.9027509703125001 0.9109375 0.9023691609375 0.9109375 1 0.9433389703125 1
0 0.84375 0.92322811875 0.83125 0.9228644062499999 0.83125 0.947346371875 0.8314472453124999 0.98125 0.84375 0.98125 0.84375 0.92322811875
0 0.79731575625 0.90898031875 0.79731575625 0.996875 0.8171875 0.996875 0.8171875 0.9086334562499999 0.79731575625 0.90898031875
0 0.7895418578125 0.9031790109375001 0.78933309375 0.9390625 0.7998287546875 0.9390625 0.8 0.9096278921875001 0.8 0.9029964625 0.7895418578125 0.9031790109375001
0 0.796875 1 0.796875 0.898465471875 0.7770422406249999 0.8990425468750001 0.778804459375 1 0.796875 1
0 0.76789341875 0.95104154375 0.767420675 0.978125 0.7765625 0.978125 0.7765625 0.9511928640624999 0.76789341875 0.95104154375
0 0.71875 1 0.71875 0.9614182437500001 0.6953125 0.9610091421875 0.6953125 0.9783988859375 0.6955638515625 1 0.71875 1
0 0.7287174359375 1 0.7287174359375 0.952218578125 0.704391690625 0.952218578125 0.704391690625 1 0.7287174359375 1
0 0.666236925 1 0.666236925 0.9575552437500001 0.6459099312500001 0.9575552437500001 0.6459099312500001 1 0.666236925 1
0 0.6850643859375001 0.9667461656249999 0.67056890625 0.9667461656249999 0.67056890625 0.9874998640625 0.6850643859375001 0.9874998640625 0.6850643859375001 0.9667461656249999
0 0.6597806046875 1 0.6597806046875 0.9530820796875 0.6152111734375 0.9530820796875 0.6152111734375 1 0.6597806046875 1
0 0.6040986890625 0.9919237140625 0.61796103125 0.9919237140625 0.61796103125 0.9603780937499999 0.6040986890625 0.9603780937499999 0.6040986890625 0.9919237140625
0 0.621293325 0.987417196875 0.6302238734375 0.987417196875 0.6302238734375 0.96535898125 0.621293325 0.96535898125 0.621293325 0.987417196875
0 0.61304785625 0.9449200828125001 0.6181662593749999 0.9449200828125001 0.6181662593749999 0.9359336140625001 0.61304785625 0.9359336140625001 0.61304785625 0.9449200828125001
0 0.6261134796875 0.933767896875 0.6186883812499999 0.933767896875 0.6186883812499999 0.956404084375 0.6261134796875 0.956404084375 0.6261134796875 0.933767896875
0 0.6339907015625 0.9440714453125001 0.6432678093749999 0.9440714453125001 0.6432678093749999 0.9296505906250001 0.6339907015625 0.9296505906250001 0.6339907015625 0.9440714453125001
0 0.6749004109375 0.9650832640625 0.684250028125 0.9650832640625 0.684250028125 0.9409169453124999 0.6749004109375 0.9409169453124999 0.6749004109375 0.9650832640625
0 0.681110740625 0.9253727812499999 0.6746274296875 0.9253727812499999 0.6746274296875 0.9438314765625 0.681110740625 0.9438314765625 0.681110740625 0.9253727812499999
0 0.7539474796875 0.920791515625 0.745485053125 0.920791515625 0.745485053125 0.934999853125 0.7539474796875 0.934999853125 0.7539474796875 0.920791515625
0 0.75817869375 0.91994144375 0.7530602890625 0.91994144375 0.7530602890625 0.93123525 0.75817869375 0.93123525 0.75817869375 0.91994144375
0 0.762185959375 0.9573332484374999 0.766859403125 0.9573332484374999 0.766859403125 0.9472295421875 0.762185959375 0.9472295421875 0.762185959375 0.9573332484374999
0 0.7726734093750001 0.9281631484374999 0.7763313609375 0.9281631484374999 0.7763313609375 0.9191281015625 0.7726734093750001 0.9191281015625 0.7726734093750001 0.9281631484374999
0 0.990759375 0.9265265328125001 0.9798827671874999 0.9265265328125001 0.9798827671874999 0.9447423515625001 0.990759375 0.9447423515625001 0.990759375 0.9265265328125001
0 0.9763672437500001 0.9562530078125 0.9798963484375001 0.9562530078125 0.9798963484375001 0.9489783390625 0.9763672437500001 0.9489783390625 0.9763672437500001 0.9562530078125
0 0.9726027593750001 0.9234128890625 0.9763699046875001 0.9234128890625 0.9763699046875001 0.9166123171875 0.9726027593750001 0.9166123171875 0.9726027593750001 0.9234128890625
0 0.968726421875 0.9249673046875 0.9720022 0.9249673046875 0.9720022 0.917583828125 0.968726421875 0.917583828125 0.968726421875 0.9249673046875
0 0.96212026875 0.9296305546875001 0.9658328171875 0.9296305546875001 0.9658328171875 0.9213727171875 0.96212026875 0.9213727171875 0.96212026875 0.9296305546875001
0 0.9877057390624999 0.8866158890625 0.9912544984375 0.8866158890625 0.9912544984375 0.880689675 0.9877057390624999 0.880689675 0.9877057390624999 0.8866158890625
0 0.8996198812499999 0.9489057609374999 0.9084064734374999 0.9489057609374999 0.9084064734374999 0.9323597265625001 0.8996198812499999 0.9323597265625001 0.8996198812499999 0.9489057609374999
0 0.8858001921875001 0.9449590000000001 0.8996198812499999 0.9449590000000001 0.8996198812499999 0.924769803125 0.8858001921875001 0.924769803125 0.8858001921875001 0.9449590000000001
0 0.8695402640625 0.92870743125 0.8744454000000002 0.92870743125 0.8744454000000002 0.919030278125 0.8695402640625 0.919030278125 0.8695402640625 0.92870743125
0 0.8652923593749999 0.927339721875 0.8688752421875 0.927339721875 0.8688752421875 0.917928215625 0.8652923593749999 0.917928215625 0.8652923593749999 0.927339721875
0 0.8725434312499999 0.8913634828125 0.8759557000000001 0.8913634828125 0.8759557000000001 0.885595140625 0.8725434312499999 0.885595140625 0.8725434312499999 0.8913634828125
0 0.8626478515624999 0.89272966875 0.8666572671875 0.89272966875 0.8666572671875 0.8845325515625 0.8626478515624999 0.8845325515625 0.8626478515624999 0.89272966875
0 0.896770540625 0.89531024375 0.8995003562499999 0.89531024375 0.8995003562499999 0.8898454984375 0.896770540625 0.8898454984375 0.896770540625 0.89531024375
0 0.8201585640625 0.8966786953125 0.8246900578125 0.8966786953125 0.8246900578125 0.8883237062500001 0.8201585640625 0.8883237062500001 0.8201585640625 0.8966786953125
0 0.8031898515625 0.8865085453124999 0.8096868109375001 0.8865085453124999 0.8096868109375001 0.878347859375 0.8031898515625 0.878347859375 0.8031898515625 0.8865085453124999
0 0.8314799890625 0.91871044375 0.835233484375 0.91871044375 0.835233484375 0.9111205203124999 0.8314799890625 0.9111205203124999 0.8314799890625 0.91871044375
0 0.7153036078125 0.8772924984374999 0.7198355281250001 0.8772924984374999 0.7198355281250001 0.87136286875 0.7153036078125 0.87136286875 0.7153036078125 0.8772924984374999
0 0.7774410265625 0.8750541343750001 0.7820134671875 0.8750541343750001 0.7820134671875 0.8615744296875001 0.7774410265625 0.8615744296875001 0.7774410265625 0.8750541343750001
0 0.7610621359375 0.8793615671874999 0.7646654921875 0.8793615671874999 0.7646654921875 0.8708122765624999 0.7610621359375 0.8708122765624999 0.7610621359375 0.8793615671874999
0 0.7654844359374999 0.8786815109375 0.76832344375 0.8786815109375 0.76832344375 0.8707151265625 0.7654844359374999 0.8707151265625 0.7654844359374999 0.8786815109375
0 0.7768404671875 0.8822760984375 0.7768404671875 0.8832476078125 0.7815903453125 0.8832476078125 0.7815903453125 0.8742125625 0.7768404671875 0.8742125625 0.7768404671875 0.8822760984375
0 0.772909534375 0.879167265625 0.7754755609374999 0.879167265625 0.7754755609374999 0.8708122765624999 0.772909534375 0.8708122765624999 0.772909534375 0.879167265625
0 0.774551353125 0.8809147015625 0.776396271875 0.8809147015625 0.776396271875 0.8734037609375 0.774551353125 0.8734037609375 0.774551353125 0.8809147015625
0 0.7693520390625 0.881660821875 0.7720635093749999 0.881660821875 0.7720635093749999 0.8726576406250001 0.7693520390625 0.8726576406250001 0.7693520390625 0.881660821875
0 0.7266489703125 0.8873876921875 0.729890625 0.8873876921875 0.729890625 0.8813157531249999 0.7266489703125 0.8813157531249999 0.7266489703125 0.8873876921875
0 0.75326466875 0.8843517234375 0.7553120296875 0.8843517234375 0.7553120296875 0.8779761859375 0.75326466875 0.8779761859375 0.75326466875 0.8843517234375
0 0.793102909375 0.87721719375 0.7970270187499999 0.87721719375 0.7970270187499999 0.87220784375 0.793102909375 0.87220784375 0.793102909375 0.87721719375
0 0.6037815281250001 0.8765841546875001 0.606647834375 0.8765841546875001 0.606647834375 0.8720909203125 0.6037815281250001 0.8720909203125 0.6037815281250001 0.8765841546875001
0 0.6621878999999999 0.87788295625 0.6651736359375 0.87788295625 0.6651736359375 0.87275975625 0.6621878999999999 0.87275975625 0.6621878999999999 0.87788295625
0 0.6908722859374999 0.8767444671875 0.6934314890625 0.8767444671875 0.6934314890625 0.8723802609375 0.6908722859374999 0.8723802609375 0.6908722859374999 0.8767444671875
0 0.63467648125 0.8765547187500001 0.636382615625 0.8765547187500001 0.636382615625 0.8718110156249999 0.63467648125 0.8718110156249999 0.63467648125 0.8765547187500001
