0 0.871875 0.31734003906249997 0.8527431640625001 0.31778533750000004 0.8515625 0.358362146875 0.8515625 0.4078125 0.8701363671875001 0.4078125 0.871875 0.348059540625 0.871875 0.31734003906249997
0 0.109375 0.4462221859375 0.103125 0.446076715625 0.103125 0.478125 0.109375 0.478125 0.109375 0.4462221859375
0 0.116448440625 0.4390625 0.1163938984375 0.4484375 0.1203125 0.4484375 0.1203125 0.4390625 0.116448440625 0.4390625
0 0.1078125 0.4390625 0.1078125 0.4453125 0.1125 0.4453125 0.1125 0.4390625 0.1078125 0.4390625
0 0.223577265625 0.4390625 0.2236408984375 0.45 0.228125 0.45 0.228125 0.4390625 0.223577265625 0.4390625
0 0.2296875 0.4390625 0.2296875 0.4484375 0.2359375 0.4484375 0.2359375 0.4390625 0.2296875 0.4390625
0 0.2976787296875 0.48131657656249993 0.298168490625 0.509375 0.3046875 0.509375 0.3046875 0.48147970781250005 0.2976787296875 0.48131657656249993
0 0.3002080203125 0.4546875 0.300344375 0.478125 0.30625 0.478125 0.30625 0.4546875 0.3002080203125 0.4546875
0 0.3068421140625 0.46344033281249997 0.3070311671875 0.4796875 0.3109375 0.4796875 0.3109375 0.46346415937499996 0.3068421140625 0.46344033281249997
0 0.27462046406249996 0.57075078125 0.274246284375 0.5921875 0.2796875 0.5921875 0.2796875 0.5706033453125 0.27462046406249996 0.57075078125
0 0.253791425 0.5872683890625 0.259375 0.5873983484374999 0.259375 0.563039071875 0.2543580859375 0.5629223015625 0.253791425 0.5872683890625
0 0.23503218593750003 0.5149979984375 0.23577785625 0.540625 0.240625 0.540625 0.240625 0.5150305359375 0.23503218593750003 0.5149979984375
0 0.23031580312500002 0.5203125 0.229724771875 0.540625 0.234375 0.540625 0.234375 0.5203125 0.23031580312500002 0.5203125
0 0.11687789687500001 0.679598625 0.121875 0.679656771875 0.121875 0.6600152921875 0.11642061249999999 0.659951825 0.11687789687500001 0.679598625
0 0.1143867390625 0.6778814546875 0.11469100000000002 0.6953125 0.121875 0.6953125 0.121875 0.6776635671875 0.1143867390625 0.6778814546875
0 0 0.55 0.0015625 0.55 0.0015625 0.5227104296875 0 0.522746796875 0 0.55
0 0.037014595312499995 0.4828125 0.036550943749999995 0.509375 0.0421875 0.509375 0.0421875 0.4828125 0.037014595312499995 0.4828125
0 0.0171875 0.4869835109375 0.0168988453125 0.47044649843749997 0.0102719875 0.4703693890625 0.0108437390625 0.503125 0.0171875 0.503125 0.0171875 0.4869835109375
0 0.0807534265625 0.5611283609375001 0.0805545484375 0.5953125 0.0875 0.5953125 0.0875 0.5610105984375 0.0807534265625 0.5611283609375001
0 0.0674119578125 0.5704921125 0.0673130078125 0.5875 0.078125 0.5875 0.078125 0.5705544390625 0.0674119578125 0.5704921125
0 0.0057517171875 0.500478528125 0.011755778125000001 0.500478528125 0.011755778125000001 0.469191103125 0.0057517171875 0.469191103125 0.0057517171875 0.500478528125
0 0.04778078125 0.55207168125 0.055670734374999996 0.55207168125 0.055670734374999996 0.5331441578125 0.04778078125 0.5331441578125 0.04778078125 0.55207168125
0 0.057707367187500004 0.55207168125 0.04778078125 0.55207168125 0.04778078125 0.5729090625 0.057707367187500004 0.5729090625 0.057707367187500004 0.55207168125
0 0.043675440625 0.509737715625 0.0371806640625 0.509737715625 0.0371806640625 0.5275856234375 0.043675440625 0.5275856234375 0.043675440625 0.509737715625
0 0.018893073437499998 0.500784096875 0.00437043125 0.500784096875 0.00437043125 0.5153788140625 0.018893073437499998 0.5153788140625 0.018893073437499998 0.500784096875
0 0.297414328125 0.5538762765625 0.3065350796875 0.5538762765625 0.3065350796875 0.52483649375 0.297414328125 0.52483649375 0.297414328125 0.5538762765625
0 0.2824803484375 0.5931901484375001 0.2752639296875 0.5931901484375001 0.2752639296875 0.610352415625 0.2824803484375 0.610352415625 0.2824803484375 0.5931901484375001
0 0.2347717984375 0.5410488875 0.2295599390625 0.5410488875 0.2295599390625 0.563674975 0.2347717984375 0.563674975 0.2347717984375 0.5410488875
