0 0.33135858125 0.8722222234375 0.34530680468749997 0.8722222234375 0.34530680468749997 0.8219855687500001 0.33135858125 0.8219855687500001 0.33135858125 0.8722222234375
0 0.278502159375 0.9479034171875 0.28657744531249996 0.9479034171875 0.28657744531249996 0.8957094906249999 0.278502159375 0.8957094906249999 0.278502159375 0.9479034171875
0 0.263452759375 0.93942190625 0.2733633390625 0.93942190625 0.2733633390625 0.887880403125 0.263452759375 0.887880403125 0.263452759375 0.93942190625
0 0.29281744062500004 0.9818294703125 0.297956259375 0.9818294703125 0.297956259375 0.9400743296874999 0.29281744062500004 0.9400743296874999 0.29281744062500004 0.9818294703125
0 0.30493037031250003 0.9400743296874999 0.297956259375 0.9400743296874999 0.297956259375 0.9824818953125 0.30493037031250003 0.9824818953125 0.30493037031250003 0.9400743296874999
0 0.3166762421875 0.960299475 0.34530680468749997 0.960299475 0.34530680468749997 0.9531228109375001 0.3166762421875 0.9531228109375001 0.3166762421875 0.960299475
0 0.3607232609375 0.9531228109375001 0.32805505468749996 0.9531228109375001 0.32805505468749996 0.9674761421875001 0.3607232609375 0.9674761421875001 0.3607232609375 0.9531228109375001
0 0.2300504375 1 0.2300504375 0.968128565625 0.2201398578125 0.968128565625 0.2201398578125 1 0.2300504375 1
0 0.41027615781250004 1 0.41027615781250004 0.994877953125 0.37026678281250003 0.994877953125 0.37026678281250003 1 0.41027615781250004 1
0 0.1125917203125 1 0.1125917203125 0.953775234375 0.099744671875 0.953775234375 0.099744671875 1 0.1125917203125 1
0 0.1342481703125 0.9426840265624999 0.11222466093750001 0.9426840265624999 0.11222466093750001 0.9622567484375001 0.1342481703125 0.9622567484375001 0.1342481703125 0.9426840265624999
0 0.0821258640625 0.9622567484375001 0.11222466093750001 0.9622567484375001 0.11222466093750001 0.9452937218749999 0.0821258640625 0.9452937218749999 0.0821258640625 0.9622567484375001
0 0.1625116734375 0.87548434375 0.198850465625 0.87548434375 0.198850465625 0.8546067734375 0.1625116734375 0.8546067734375 0.1625116734375 0.87548434375
0 0.127274059375 0.8833134328125001 0.138652871875 0.8833134328125001 0.138652871875 0.8552591968750001 0.127274059375 0.8552591968750001 0.127274059375 0.8833134328125001
0 0.06450705625 0.8513446531250001 0.0744176359375 0.8513446531250001 0.0744176359375 0.8076322390625 0.06450705625 0.8076322390625 0.06450705625 0.8513446531250001
0 0.0461541328125 0.9172394859375 0.0101824 0.9172394859375 0.0101824 0.9296355437500001 0.0461541328125 0.9296355437500001 0.0461541328125 0.9172394859375
0 0.0259659140625 0.9296355437500001 0.0340412015625 0.9296355437500001 0.0340412015625 0.904843428125 0.0259659140625 0.904843428125 0.0259659140625 0.9296355437500001
0 0.0331090734375 0.8317441390625 0.019277487500000003 0.8317441390625 0.019277487500000003 0.8471974437500001 0.0331090734375 0.8471974437500001 0.0331090734375 0.8317441390625
0 0.05039365 0.8378039625 0.042658465625 0.8378039625 0.042658465625 0.8564016953125 0.05039365 0.8564016953125 0.05039365 0.8378039625
0 0.05616050625 0.838786021875 0.05146414375 0.838786021875 0.05146414375 0.8606368218749999 0.05616050625 0.8606368218749999 0.05616050625 0.838786021875
0 0.043452703125 0.82110896875 0.0379966359375 0.82110896875 0.0379966359375 0.8349191656249999 0.043452703125 0.8349191656249999 0.043452703125 0.82110896875
