0 0.660207653125 0.41978441875000005 0.6653437609374999 0.41978441875000005 0.6653437609374999 0.40880419375 0.660207653125 0.40880419375 0.660207653125 0.41978441875000005
0 0.6879549500000001 0.7780470953124999 0.6923836234375 0.7780470953124999 0.6923836234375 0.7588706968750001 0.6879549500000001 0.7588706968750001 0.6879549500000001 0.7780470953124999
0 0.7315480703125 0.63873786875 0.7346531390625 0.63873786875 0.7346531390625 0.626350615625 0.7315480703125 0.626350615625 0.7315480703125 0.63873786875
0 0.6494324687499999 0.40929870625 0.6549238203125001 0.40929870625 0.6549238203125001 0.39531538125 0.6494324687499999 0.39531538125 0.6494324687499999 0.40929870625
0 0.709057475 0.692180209375 0.712550115625 0.692180209375 0.712550115625 0.675129615625 0.709057475 0.675129615625 0.709057475 0.692180209375
0 0.23028259375000001 0.38342814999999997 0.2383124828125 0.38342814999999997 0.2383124828125 0.3733464140625 0.23028259375000001 0.3733464140625 0.23028259375000001 0.38342814999999997
0 0.6822214609375 0.4880658890625 0.6875278953125 0.4880658890625 0.6875278953125 0.476100709375 0.6822214609375 0.476100709375 0.6822214609375 0.4880658890625
0 0.504543590625 0.700973003125 0.5195858953125 0.700973003125 0.5195858953125 0.6654505421875 0.504543590625 0.6654505421875 0.504543590625 0.700973003125
0 0.7409791 0.676732846875 0.7442755703125 0.676732846875 0.7442755703125 0.660254371875 0.7409791 0.660254371875 0.7409791 0.676732846875
0 0.62749209375 0.3949546390625 0.633490228125 0.3949546390625 0.633490228125 0.384667671875 0.62749209375 0.384667671875 0.62749209375 0.3949546390625
0 0.7744695187499999 0.6086205375 0.7778547765625 0.6086205375 0.7778547765625 0.5928883875000001 0.7744695187499999 0.5928883875000001 0.7744695187499999 0.6086205375
0 0.47755241406250004 0.5917440625 0.4819048875 0.5917440625 0.4819048875 0.57752414375 0.47755241406250004 0.57752414375 0.47755241406250004 0.5917440625
0 0.690890884375 0.65192476875 0.690890884375 0.6527116421875 0.690890884375 0.6620354125000001 0.697195053125 0.6620354125000001 0.697195053125 0.65192476875 0.690890884375 0.65192476875
0 0.7499983796875 0.6700778546875 0.7535418515625001 0.6700778546875 0.7535418515625001 0.657503509375 0.7499983796875 0.657503509375 0.7499983796875 0.6700778546875
0 0.69298353125 0.57424244375 0.6977115625 0.57424244375 0.6977115625 0.558054225 0.69298353125 0.558054225 0.69298353125 0.57424244375
0 0.681995821875 0.66520665625 0.6879800328125001 0.66520665625 0.6879800328125001 0.653643459375 0.681995821875 0.653643459375 0.681995821875 0.66520665625
0 0.6870226859375 0.4864320125 0.6934184078125 0.4864320125 0.6934184078125 0.47687483906250006 0.6870226859375 0.47687483906250006 0.6870226859375 0.4864320125
0 0.7015591156250001 0.6058245765625 0.704778909375 0.6058245765625 0.704778909375 0.5923861609375 0.7015591156250001 0.5923861609375 0.7015591156250001 0.6058245765625
0 0.718777990625 0.6048265671874999 0.722041178125 0.6048265671874999 0.722041178125 0.5957456375 0.718777990625 0.5957456375 0.718777990625 0.6048265671874999
0 0.3141975875 0.58478876875 0.3214992046875 0.58478876875 0.3214992046875 0.5588072046875 0.3141975875 0.5588072046875 0.3141975875 0.58478876875
0 0.744030190625 0.63896831875 0.7465991984375 0.63896831875 0.7465991984375 0.628482140625 0.744030190625 0.628482140625 0.744030190625 0.63896831875
0 0.7318212984375 0.6728972546875001 0.7363693703124999 0.6728972546875001 0.7363693703124999 0.6621654078125 0.7318212984375 0.6621654078125 0.7318212984375 0.6728972546875001
0 0.670437240625 0.5831447187500001 0.673370265625 0.5831447187500001 0.673370265625 0.5715575312500001 0.670437240625 0.5715575312500001 0.670437240625 0.5831447187500001
0 0.46084222812500003 0.4521683578125 0.46515674531249995 0.4521683578125 0.46515674531249995 0.43994395 0.46084222812500003 0.43994395 0.46084222812500003 0.4521683578125
0 0.7682600500000001 0.660980309375 0.7711820125 0.660980309375 0.7711820125 0.6469272187499999 0.7682600500000001 0.6469272187499999 0.7682600500000001 0.660980309375
0 0.4735788828125 0.589054234375 0.4777823921875 0.589054234375 0.4777823921875 0.5758787796875 0.4735788828125 0.5758787796875 0.4735788828125 0.589054234375
0 0.7490469453124999 0.5744667906250001 0.7531858921875 0.5744667906250001 0.7531858921875 0.5613298203125 0.7490469453124999 0.5613298203125 0.7490469453124999 0.5744667906250001
0 0.7797982703125 0.8437469484375001 0.7858020296875 0.8437469484375001 0.7858020296875 0.8327616375 0.7797982703125 0.8327616375 0.7797982703125 0.8437469484375001
0 0.9001461984375 0.5775065953125 0.90347509375 0.5775065953125 0.90347509375 0.5660245265625 0.9001461984375 0.5660245265625 0.9001461984375 0.5775065953125
0 0.9426110265625001 0.683591928125 0.9457303046875 0.683591928125 0.9457303046875 0.67158885625 0.9426110265625001 0.67158885625 0.9426110265625001 0.683591928125
0 0.9363733296874999 0.6878695171875 0.94024171875 0.6878695171875 0.94024171875 0.6749190859375 0.9363733296874999 0.6749190859375 0.9363733296874999 0.6878695171875
0 0.8300899515625 0.8839829328125001 0.8347750671874999 0.8839829328125001 0.8347750671874999 0.8631947828125 0.8300899515625 0.8631947828125 0.8300899515625 0.8839829328125001
0 0.9103235249999999 0.623243459375 0.9145036703124999 0.623243459375 0.9145036703124999 0.6113787328125 0.9103235249999999 0.6113787328125 0.9103235249999999 0.623243459375
0 0.7684518812500001 0.60506396875 0.7715311046875 0.60506396875 0.7715311046875 0.5943520437500001 0.7684518812500001 0.5943520437500001 0.7684518812500001 0.60506396875
0 0.8939167031249999 0.616114765625 0.8976395609375001 0.616114765625 0.8976395609375001 0.60180774375 0.8939167031249999 0.60180774375 0.8939167031249999 0.616114765625
0 0.9056953421875 0.6224951843750001 0.9093188281250001 0.6224951843750001 0.9093188281250001 0.61048749375 0.9056953421875 0.61048749375 0.9056953421875 0.6224951843750001
0 0.8045592296875 0.77543004375 0.808003521875 0.77543004375 0.808003521875 0.7555158828125 0.8045592296875 0.7555158828125 0.8045592296875 0.77543004375
0 0.877477646875 0.31733330625 0.8819719312500001 0.31733330625 0.8819719312500001 0.3110527890625 0.877477646875 0.3110527890625 0.877477646875 0.31733330625
0 0.8149179453125001 0.71979353125 0.8179758078124999 0.71979353125 0.8179758078124999 0.699024115625 0.8149179453125001 0.699024115625 0.8149179453125001 0.71979353125
0 0.746072959375 0.6472125156249999 0.749052715625 0.6472125156249999 0.749052715625 0.6369361453125 0.746072959375 0.6369361453125 0.746072959375 0.6472125156249999
0 0.8153888703125001 0.76138543125 0.81927146875 0.76138543125 0.81927146875 0.74001558125 0.8153888703125001 0.74001558125 0.8153888703125001 0.76138543125
0 0.7572245125 0.40610775468750004 0.7610599984374999 0.40610775468750004 0.7610599984374999 0.398933665625 0.7572245125 0.398933665625 0.7572245125 0.40610775468750004
0 0.8832461359374999 0.3171174578125 0.8856505390624999 0.3171174578125 0.8856505390624999 0.3114949125 0.8832461359374999 0.3114949125 0.8832461359374999 0.3171174578125
0 0.8475501062499999 0.74835806875 0.8511172296874999 0.74835806875 0.8511172296874999 0.7328496296875 0.8475501062499999 0.7328496296875 0.8475501062499999 0.74835806875
0 0.8999971390624999 0.624299621875 0.9039984703125 0.624299621875 0.9039984703125 0.6158469734375001 0.8999971390624999 0.6158469734375001 0.8999971390624999 0.624299621875
0 0.7949998375 0.7495970828125 0.797718953125 0.7495970828125 0.797718953125 0.7402075875 0.7949998375 0.7402075875 0.7949998375 0.7495970828125
0 0.7916463375 0.845555115625 0.7951255796875001 0.845555115625 0.7951255796875001 0.82844746875 0.7916463375 0.82844746875 0.7916463375 0.845555115625
0 0.865511703125 0.890958828125 0.8693745609375 0.890958828125 0.8693745609375 0.878894296875 0.865511703125 0.878894296875 0.865511703125 0.890958828125
0 0.8283701890625 0.5499309546875 0.831020928125 0.5499309546875 0.831020928125 0.541477584375 0.8283701890625 0.541477584375 0.8283701890625 0.5499309546875
0 0.887139415625 0.6039901734375 0.887139415625 0.609331121875 0.887139415625 0.6143486874999999 0.8905797953125001 0.6143486874999999 0.8905797953125001 0.6039901734375 0.887139415625 0.6039901734375
0 0.75480795 0.6316974640625 0.7577960015625 0.6316974640625 0.7577960015625 0.62522443125 0.75480795 0.62522443125 0.75480795 0.6316974640625
0 0.863692759375 0.7318233921874999 0.867367171875 0.7318233921874999 0.867367171875 0.7207108390625 0.863692759375 0.7207108390625 0.863692759375 0.7318233921874999
0 0.8604987140624999 0.7227028734375 0.86370725625 0.7227028734375 0.86370725625 0.711578878125 0.8604987140624999 0.711578878125 0.8604987140624999 0.7227028734375
0 0.8010065078125 0.7631471421875 0.8038721078125001 0.7631471421875 0.8038721078125001 0.7444753859375 0.8010065078125 0.7444753859375 0.8010065078125 0.7631471421875
0 0.7467496875 0.551290384375 0.749610425 0.551290384375 0.749610425 0.5453143218750001 0.7467496875 0.5453143218750001 0.7467496875 0.551290384375
0 0.786426734375 0.6850250250000001 0.789771746875 0.6850250250000001 0.789771746875 0.6737080046874999 0.786426734375 0.6737080046874999 0.786426734375 0.6850250250000001
0 0.879005240625 0.803685590625 0.883314990625 0.803685590625 0.883314990625 0.7943595890624999 0.879005240625 0.7943595890624999 0.879005240625 0.803685590625
0 0.806521034375 0.76430341875 0.8097253796875 0.76430341875 0.8097253796875 0.7455986875 0.806521034375 0.7455986875 0.806521034375 0.76430341875
0 0.8231646546875 0.5426170781249999 0.8253811828125001 0.5426170781249999 0.8253811828125001 0.5353418984375 0.8231646546875 0.5353418984375 0.8231646546875 0.5426170781249999
0 0.8668918609375 0.3194978703125 0.8723525999999999 0.3194978703125 0.8723525999999999 0.31231098125 0.8668918609375 0.31231098125 0.8668918609375 0.3194978703125
0 0.8428282734374999 0.6103363453124999 0.8459662437500001 0.6103363453124999 0.8459662437500001 0.598838296875 0.8428282734374999 0.598838296875 0.8428282734374999 0.6103363453124999
0 0.8079654703125 0.712264675 0.81119880625 0.712264675 0.81119880625 0.69268781875 0.8079654703125 0.69268781875 0.8079654703125 0.712264675
0 0.8735706328124999 0.316495534375 0.876566790625 0.316495534375 0.876566790625 0.31130036250000004 0.8735706328124999 0.31130036250000004 0.8735706328124999 0.316495534375
0 0.8733839031249999 0.7374508328125 0.876758575 0.7374508328125 0.876758575 0.7218477890624999 0.8733839031249999 0.7218477890624999 0.8733839031249999 0.7374508328125
0 0.8633350375 0.5729171328125 0.8670977593750001 0.5729171328125 0.8670977593750001 0.562213134375 0.8633350375 0.562213134375 0.8633350375 0.5729171328125
0 0.9391640656250001 0.6879419953125 0.9430336 0.6879419953125 0.9430336 0.6777885859375 0.9391640656250001 0.6777885859375 0.9391640656250001 0.6879419953125
0 0.8113331796875001 0.7202507859375 0.8147602078125 0.7202507859375 0.8147602078125 0.6943049953125 0.8113331796875001 0.6943049953125 0.8113331796875001 0.7202507859375
0 0.786105728125 0.692977184375 0.789429903125 0.692977184375 0.789429903125 0.680027346875 0.786105728125 0.680027346875 0.786105728125 0.692977184375
0 0.8319607734375 0.3535655125 0.8342597953125 0.3535655125 0.8342597953125 0.34556363437500004 0.8319607734375 0.34556363437500004 0.8319607734375 0.3535655125
0 0.7978374484375 0.7609981953125 0.800321484375 0.7609981953125 0.800321484375 0.7477133015625 0.7978374484375 0.7477133015625 0.7978374484375 0.7609981953125
0 0.8033615109375001 0.74432644375 0.806327915625 0.74432644375 0.806327915625 0.7327336625 0.8033615109375001 0.7327336625 0.8033615109375001 0.74432644375
0 0.9122445046875001 0.7655290984375 0.915412196875 0.7655290984375 0.915412196875 0.7505118984375 0.9122445046875001 0.7505118984375 0.9122445046875001 0.7655290984375
0 0.893766309375 0.772474553125 0.901579946875 0.772474553125 0.901579946875 0.7561433484375 0.893766309375 0.7561433484375 0.893766309375 0.772474553125
0 0.7056373734375 0.7753497828125 0.78183089375 0.7753497828125 0.78183089375 0.69290535625 0.7056373734375 0.69290535625 0.7056373734375 0.7753497828125
0 0.7751576250000001 0.69290535625 0.7807327609375 0.69290535625 0.7807327609375 0.675785746875 0.7751576250000001 0.675785746875 0.7751576250000001 0.69290535625
0 0.7836050859375 0.7762097578125 0.79479759375 0.7762097578125 0.79479759375 0.7495542296875 0.7836050859375 0.7495542296875 0.7836050859375 0.7762097578125
0 0.8481203859375 0.69436601875 0.8562507921875 0.69436601875 0.8562507921875 0.6757822328125 0.8481203859375 0.6757822328125 0.8481203859375 0.69436601875
0 0.7801665921875001 0.5297616359374999 0.7906410875 0.5297616359374999 0.7906410875 0.508587384375 0.7801665921875001 0.508587384375 0.7801665921875001 0.5297616359374999
0 0.9492790359375001 0.405118875 0.9566280781250001 0.405118875 0.9566280781250001 0.38349410625 0.9492790359375001 0.38349410625 0.9492790359375001 0.405118875
0 0.8806035031249999 0.38289341875 0.9112667484375001 0.38289341875 0.9112667484375001 0.360217446875 0.8806035031249999 0.360217446875 0.8806035031249999 0.38289341875
0 0.929681590625 0.48831416406250006 0.9336517625 0.48831416406250006 0.9336517625 0.47825264062499995 0.929681590625 0.47825264062499995 0.929681590625 0.48831416406250006
0 0.881279278125 0.53006198125 0.8842357890624999 0.53006198125 0.8842357890624999 0.5210516609375 0.881279278125 0.5210516609375 0.881279278125 0.53006198125
0 0.8767178031249999 0.530212153125 0.87984325625 0.530212153125 0.87984325625 0.5224032078125 0.8767178031249999 0.5224032078125 0.8767178031249999 0.530212153125
0 0.8467303312500001 0.501078784375 0.8501092015625 0.501078784375 0.8501092015625 0.4907169171875 0.8467303312500001 0.4907169171875 0.8467303312500001 0.501078784375
0 0.8557688078125001 0.5570929421875 0.8582184890625 0.5570929421875 0.8582184890625 0.54507918125 0.8557688078125001 0.54507918125 0.8557688078125001 0.5570929421875
0 0.86066816875 0.54312694375 0.8586408484374999 0.54312694375 0.8586408484374999 0.5542396734375 0.86066816875 0.5542396734375 0.86066816875 0.54312694375
0 0.7932597125 0.6836879390624999 0.8430980453125001 0.6836879390624999 0.8430980453125001 0.6294758453125 0.7932597125 0.6294758453125 0.7932597125 0.6836879390624999
0 0.7359033937499999 0.5224032078125 0.7391133203125 0.5224032078125 0.7391133203125 0.51249185625 0.7359033937499999 0.51249185625 0.7359033937499999 0.5224032078125
0 0.76935420625 0.45167219531249997 0.79503361875 0.45167219531249997 0.79503361875 0.42283917187500003 0.76935420625 0.42283917187500003 0.76935420625 0.45167219531249997
0 0.8465613875000001 0.43064811562500005 0.84901106875 0.43064811562500005 0.84901106875 0.422689 0.8465613875000001 0.422689 0.8465613875000001 0.43064811562500005
0 0.8388744578124999 0.43169931874999995 0.8412396671875 0.43169931874999995 0.8412396671875 0.42178796875 0.8388744578124999 0.42178796875 0.8388744578124999 0.43169931874999995
0 0.501021771875 0.4974516609375 0.539203003125 0.4974516609375 0.539203003125 0.4682582234375 0.501021771875 0.4682582234375 0.501021771875 0.4974516609375
0 0.5975832046875 0.611780684375 0.6005397140625 0.611780684375 0.6005397140625 0.6001423546875 0.5975832046875 0.6001423546875 0.5975832046875 0.611780684375
0 0.595577 0.55340131875 0.5995894078124999 0.55340131875 0.5995894078124999 0.5438278546875 0.595577 0.5438278546875 0.595577 0.55340131875
0 0.615955809375 0.555466184375 0.6184899625 0.555466184375 0.6184899625 0.5464558640625 0.615955809375 0.5464558640625 0.615955809375 0.555466184375
0 0.6742159765625 0.580567434375 0.677054228125 0.580567434375 0.677054228125 0.5684335359375 0.6742159765625 0.5684335359375 0.6742159765625 0.580567434375
0 0.655632190625 0.5709564265625 0.6592137921875 0.5709564265625 0.6592137921875 0.552094821875 0.655632190625 0.552094821875 0.655632190625 0.5709564265625
0 0.7281427421875 0.57708344375 0.7304403734375 0.57708344375 0.7304403734375 0.566391196875 0.7281427421875 0.566391196875 0.7281427421875 0.57708344375
0 0.7399012093749999 0.522420834375 0.7415906453125001 0.522420834375 0.7415906453125001 0.5111279 0.7399012093749999 0.5111279 0.7399012093749999 0.522420834375
0 0.63427773125 0.53311308125 0.63637263125 0.53311308125 0.63637263125 0.5262652390625 0.63427773125 0.5262652390625 0.63427773125 0.53311308125
0 0.6237356578125001 0.5677127109375 0.644617075 0.5677127109375 0.644617075 0.5412824390625001 0.6237356578125001 0.5412824390625001 0.6237356578125001 0.5677127109375
0 0.3663866078125 0.3308168984375 0.3945157015625 0.3308168984375 0.3945157015625 0.304987315625 0.3663866078125 0.304987315625 0.3663866078125 0.3308168984375
0 0.4159086796875 0.3743660578125 0.4664227859375 0.3743660578125 0.4664227859375 0.326461190625 0.4159086796875 0.326461190625 0.4159086796875 0.3743660578125
0 0.329156190625 0.30123229375 0.38228892187499997 0.30123229375 0.38228892187499997 0.2847133734375 0.329156190625 0.2847133734375 0.329156190625 0.30123229375
0 0.45552592968749994 0.4215200671875 0.4690414109375 0.4215200671875 0.4690414109375 0.404700803125 0.45552592968749994 0.404700803125 0.45552592968749994 0.4215200671875
0 0.4807829828125 0.44209363125 0.5065468671875 0.44209363125 0.5065468671875 0.411909059375 0.4807829828125 0.411909059375 0.4807829828125 0.44209363125
0 0.5641566015625 0.382775690625 0.5663528671875 0.382775690625 0.5663528671875 0.3736151984375 0.5641566015625 0.3736151984375 0.5641566015625 0.382775690625
0 0.539744265625 0.35634541875000003 0.5422784171874999 0.35634541875000003 0.5422784171874999 0.3465842390625 0.539744265625 0.3465842390625 0.539744265625 0.35634541875000003
0 0.5634808265625 0.40440045781249995 0.5657615640625 0.40440045781249995 0.5657615640625 0.39343790312500004 0.5634808265625 0.39343790312500004 0.5634808265625 0.40440045781249995
0 0.7034174484375 0.4325103046875 0.7521998859375 0.4325103046875 0.7521998859375 0.39215157968750003 0.7034174484375 0.39215157968750003 0.7034174484375 0.4325103046875
0 0.7455744671875 0.444553428125 0.7484127171875 0.444553428125 0.7484127171875 0.438065996875 0.7455744671875 0.438065996875 0.7455744671875 0.444553428125
0 0.7877563484375 0.71672095625 0.7904053828125 0.71672095625 0.7904053828125 0.7036499843749999 0.7877563484375 0.7036499843749999 0.7877563484375 0.71672095625
0 0.73839291875 0.373448953125 0.7402308515625 0.373448953125 0.7402308515625 0.36691408281250004 0.73839291875 0.36691408281250004 0.73839291875 0.373448953125
0 0.7637154359375 0.46107889531249996 0.7657914140625001 0.46107889531249996 0.7657914140625001 0.45529691406249995 0.7637154359375 0.45529691406249995 0.7637154359375 0.46107889531249996
0 0.5252070015625 0.45452793593749996 0.527974971875 0.45452793593749996 0.527974971875 0.4466545984375 0.5252070015625 0.4466545984375 0.5252070015625 0.45452793593749996
0 0.5146773125 0.38065764375 0.5166798296875 0.38065764375 0.5166798296875 0.3720943296875 0.5146773125 0.3720943296875 0.5146773125 0.38065764375
0 0.5125124296875 0.379984125 0.51502910625 0.379984125 0.51502910625 0.3717094609375 0.5125124296875 0.3717094609375 0.5125124296875 0.379984125
0 0.7137442187499999 0.5846788640625 0.7173805468750001 0.5846788640625 0.7173805468750001 0.571073175 0.7137442187499999 0.571073175 0.7137442187499999 0.5846788640625
