0 0.3236903015625 0.3677293296875 0.3240839875 0.4015625 0.3328125 0.4015625 0.3328125 0.3676762578125 0.3236903015625 0.3677293296875
0 0.7984375 0.29666052187499997 0.71293691875 0.29616309375 0.7125 0.3211941546875 0.7125 0.490625 0.7954382140625 0.490625 0.7984375 0.31879603125 0.7984375 0.29666052187499997
0 0.7650123093750001 0.7729073078125 0.76475759375 0.7875 0.76875 0.7875 0.76875 0.772929053125 0.7650123093750001 0.7729073078125
0 0.7838584234375 0.8463554953125 0.7890625 0.84623436875 0.7890625 0.8285844734375001 0.7840638546875001 0.82870081875 0.7838584234375 0.8463554953125
0 0.8403429984375 0.84291928125 0.8398872515625 0.8625 0.8453125 0.8625 0.8453125 0.84289036875 0.8403429984375 0.84291928125
0 0.8277749 0.8469678828125 0.8275310609375 0.8609375 0.83125 0.8609375 0.83125 0.846907225 0.8277749 0.8469678828125
0 0.734375 0.7890625 0.734375 0.7762875109375 0.7315150046875 0.776354078125 0.73125 0.7877397359375 0.73125 0.7890625 0.734375 0.7890625
0 0.71527913125 0.775460890625 0.7150417140625001 0.7890625 0.71875 0.7890625 0.71875 0.7754205046875 0.71527913125 0.775460890625
0 0.8573254562500001 0.7702750640625 0.8573254562500001 0.7828125 0.8609375 0.7828125 0.8609375 0.7703591359375 0.8573254562500001 0.7702750640625
0 0.741055253125 0.7792750374999999 0.7408638140624999 0.7875 0.7453125 0.7875 0.7453125 0.7792998046874999 0.741055253125 0.7792750374999999
0 0.746409340625 0.7724953484375 0.7463220453125 0.7875 0.75 0.7875 0.75 0.772578921875 0.746409340625 0.7724953484375
0 0.8275516953125 0.859375 0.8279108296875 0.847032340625 0.823720709375 0.84705671875 0.8234375 0.85679000625 0.8234375 0.859375 0.8275516953125 0.859375
0 0.6426951203125 0.77868699375 0.642347759375 0.790625 0.646875 0.790625 0.646875 0.7787356296875 0.6426951203125 0.77868699375
0 0.7543568046875 0.7734375 0.7540294953125001 0.7875 0.7578125 0.7875 0.7578125 0.7734375 0.7543568046875 0.7734375
0 0.7628407421875 0.7746481578125 0.7624667921875 0.7875 0.765625 0.7875 0.765625 0.77456714375 0.7628407421875 0.7746481578125
0 0.760051115625 0.7744243109375 0.7599171484375 0.7859375 0.7636701374999999 0.7859375 0.7638041046875 0.7744243109375 0.760051115625 0.7744243109375
0 0.8218218671875 0.8476169812500001 0.8217032312500001 0.8578125 0.825 0.8578125 0.825 0.8475430093749999 0.8218218671875 0.8476169812500001
0 0.79156405625 0.7713985015625 0.7917514140625 0.7875 0.79375 0.7875 0.79375 0.771385784375 0.79156405625 0.7713985015625
0 0.8204159125 0.8209915796875 0.8205210468749999 0.8390625 0.8234375 0.8390625 0.8234375 0.820974 0.8204159125 0.8209915796875
0 0.5142127671875001 0.8545396999999999 0.51875 0.8544605031250001 0.51875 0.8271023296875001 0.5146904515624999 0.8271731890625 0.5142127671875001 0.8545396999999999
0 0.8973150203125 0.7785503484375 0.8973150203125 0.7723512359375 0.8933497484374999 0.7723512359375 0.8933497484374999 0.7893595859375 0.8973150203125 0.7893595859375 0.8973150203125 0.7785503484375
0 0.8663174140625 0.7832958796875 0.87038325625 0.7832958796875 0.87038325625 0.7674604953124999 0.8663174140625 0.7674604953124999 0.8663174140625 0.7832958796875
0 0.8525906921875 0.8668219374999999 0.8579498875 0.8668219374999999 0.8579498875 0.8370786359375 0.8525906921875 0.8370786359375 0.8525906921875 0.8668219374999999
0 0.8196949984374999 0.856757059375 0.82357101875 0.856757059375 0.82357101875 0.8466201109375 0.8196949984374999 0.8466201109375 0.8196949984374999 0.856757059375
0 0.7792687078125 0.78666939375 0.78276124375 0.78666939375 0.78276124375 0.7722436140625 0.7792687078125 0.7722436140625 0.7792687078125 0.78666939375
0 0.8022127453125 0.788515365625 0.8066571796875 0.788515365625 0.8066571796875 0.7702972234375001 0.8022127453125 0.7702972234375001 0.8022127453125 0.788515365625
0 0.709579946875 0.787950321875 0.71395806875 0.787950321875 0.71395806875 0.7743600265625 0.709579946875 0.7743600265625 0.709579946875 0.787950321875
0 0.7267114890624999 0.7891318546875 0.73082138125 0.7891318546875 0.73082138125 0.7742824109375 0.7267114890624999 0.7742824109375 0.7267114890624999 0.7891318546875
0 0.6146469125 0.7951036671875 0.6192279078125 0.7951036671875 0.6192279078125 0.780426928125 0.6146469125 0.780426928125 0.6146469125 0.7951036671875
0 0.8080993750000001 0.8558471593749999 0.8144358984375 0.8558471593749999 0.8144358984375 0.8339143124999999 0.8080993750000001 0.8339143124999999 0.8080993750000001 0.8558471593749999
0 0.861398709375 0.7845191390624999 0.865569540625 0.7845191390624999 0.865569540625 0.77160875625 0.861398709375 0.77160875625 0.861398709375 0.7845191390624999
0 0.6274527296875 0.7915216890625001 0.6325536765625 0.7915216890625001 0.6325536765625 0.7825543796875 0.6274527296875 0.7825543796875 0.6274527296875 0.7915216890625001
0 0.8549420812499999 0.7842348078125 0.8598235515624999 0.7842348078125 0.8598235515624999 0.771328003125 0.8549420812499999 0.771328003125 0.8549420812499999 0.7842348078125
0 0.781253934375 0.7873233890625 0.7849763109375 0.7873233890625 0.7849763109375 0.7719010171875 0.781253934375 0.7719010171875 0.781253934375 0.7873233890625
0 0.7752510406249999 0.8449859703125 0.779591446875 0.8449859703125 0.779591446875 0.8297612796875 0.7752510406249999 0.8297612796875 0.7752510406249999 0.8449859703125
0 0.692612078125 0.7903247265625 0.6975076546875 0.7903247265625 0.6975076546875 0.7793352437500001 0.692612078125 0.7793352437500001 0.692612078125 0.7903247265625
0 0.5750487703125 0.8739129265625 0.5789257515624999 0.8739129265625 0.5789257515624999 0.8486839249999999 0.5750487703125 0.8486839249999999 0.5750487703125 0.8739129265625
0 0.73242365 0.832093571875 0.7380987687499999 0.832093571875 0.7380987687499999 0.8242792828125 0.73242365 0.8242792828125 0.73242365 0.832093571875
0 0.7874932921875001 0.7872897171875 0.7921553796875 0.7872897171875 0.7921553796875 0.772308059375 0.7874932921875001 0.772308059375 0.7874932921875001 0.7872897171875
0 0.8143593171875001 0.78561253125 0.8188797578125 0.78561253125 0.8188797578125 0.768987865625 0.8143593171875001 0.768987865625 0.8143593171875001 0.78561253125
0 0.48392712031249996 0.8103074734375 0.48759805937499995 0.8103074734375 0.48759805937499995 0.791469859375 0.48392712031249996 0.791469859375 0.48392712031249996 0.8103074734375
0 0.8274674328125 0.7839691421875 0.83280330625 0.7839691421875 0.83280330625 0.7727754984375 0.8274674328125 0.7727754984375 0.8274674328125 0.7839691421875
0 0.6339702968750001 0.7929605750000001 0.6383702984374999 0.7929605750000001 0.6383702984374999 0.7790768671875 0.6339702968750001 0.7790768671875 0.6339702968750001 0.7929605750000001
0 0.7973927421875 0.7883425328125 0.8020065593750001 0.7883425328125 0.8020065593750001 0.770436728125 0.7973927421875 0.770436728125 0.7973927421875 0.7883425328125
0 0.6784911234375001 0.7889307624999999 0.6821795296875 0.7889307624999999 0.6821795296875 0.7772125234375 0.6784911234375001 0.7772125234375 0.6784911234375001 0.7889307624999999
0 0.6104437875000001 0.7960191109375 0.614300421875 0.7960191109375 0.614300421875 0.779114246875 0.6104437875000001 0.779114246875 0.6104437875000001 0.7960191109375
0 0.7034516234374999 0.78802486875 0.7077554671875 0.78802486875 0.7077554671875 0.778952878125 0.7034516234374999 0.778952878125 0.7034516234374999 0.78802486875
0 0.6836067046875 0.7885712015624999 0.6889781828125 0.7885712015624999 0.6889781828125 0.776650421875 0.6836067046875 0.776650421875 0.6836067046875 0.7885712015624999
0 0.6729342859375 0.79020875 0.67684543125 0.79020875 0.67684543125 0.7774757593749999 0.6729342859375 0.7774757593749999 0.6729342859375 0.79020875
0 0.8745134468749999 0.784978821875 0.8796930843750002 0.784978821875 0.8796930843750002 0.77191704375 0.8745134468749999 0.77191704375 0.8745134468749999 0.784978821875
0 0.625982896875 0.791407971875 0.630488365625 0.791407971875 0.630488365625 0.78339199375 0.625982896875 0.78339199375 0.625982896875 0.791407971875
0 0.6733143171875 0.7768223609375 0.6722323875 0.7768223609375 0.66978310625 0.7768223609375 0.66978310625 0.7898892546875 0.6733143171875 0.7898892546875 0.6733143171875 0.7768223609375
0 0.8053166609375 0.786252121875 0.8091506484375 0.786252121875 0.8091506484375 0.77042406875 0.8053166609375 0.77042406875 0.8053166609375 0.786252121875
0 0.660130721875 0.7902191921874999 0.6641871609375001 0.7902191921874999 0.6641871609375001 0.7793341359375 0.660130721875 0.7793341359375 0.660130721875 0.7902191921874999
0 0.5516146296875 0.79320693125 0.555899278125 0.79320693125 0.555899278125 0.7747102953125 0.5516146296875 0.7747102953125 0.5516146296875 0.79320693125
0 0.8706101234375 0.7842168203125001 0.8758840984375 0.7842168203125001 0.8758840984375 0.772505996875 0.8706101234375 0.772505996875 0.8706101234375 0.7842168203125001
0 0.5494967281250001 0.8640668734375 0.5549828875 0.8640668734375 0.5549828875 0.8350320406249999 0.5494967281250001 0.8350320406249999 0.5494967281250001 0.8640668734375
0 0.665482959375 0.79008876875 0.669670871875 0.79008876875 0.669670871875 0.7747625515625 0.665482959375 0.7747625515625 0.665482959375 0.79008876875
0 0.5545665328125 0.794094115625 0.558597540625 0.794094115625 0.558597540625 0.7743792484375 0.5545665328125 0.7743792484375 0.5545665328125 0.794094115625
0 0.5123564046875 0.8155597796875 0.5157734140625 0.8155597796875 0.5157734140625 0.7967295812499999 0.5123564046875 0.7967295812499999 0.5123564046875 0.8155597796875
0 0.88040736875 0.7843637390625 0.8842579578125 0.7843637390625 0.8842579578125 0.77099525 0.88040736875 0.77099525 0.88040736875 0.7843637390625
0 0.653333459375 0.7909232703125 0.6570777171875 0.7909232703125 0.6570777171875 0.781909246875 0.653333459375 0.781909246875 0.653333459375 0.7909232703125
0 0.723508534375 0.7876658609375 0.7279061375 0.7876658609375 0.7279061375 0.77334544375 0.723508534375 0.77334544375 0.723508534375 0.7876658609375
0 0.8686026328124999 0.783783053125 0.8731087734375 0.783783053125 0.8731087734375 0.7706026125000001 0.8686026328124999 0.7706026125000001 0.8686026328124999 0.783783053125
0 0.7511390359375 0.78959128125 0.754959778125 0.78959128125 0.754959778125 0.7740808484375 0.7511390359375 0.7740808484375 0.7511390359375 0.78959128125
0 0.6759647390625 0.7897484718750001 0.679762259375 0.7897484718750001 0.679762259375 0.7783517765625 0.6759647390625 0.7783517765625 0.6759647390625 0.7897484718750001
0 0.5581528765625 0.794972178125 0.56248455 0.794972178125 0.56248455 0.7745108234375 0.5581528765625 0.7745108234375 0.5581528765625 0.794972178125
0 0.5683491546875 0.8694272265624999 0.5724913875000001 0.8694272265624999 0.5724913875000001 0.8456797765624999 0.5683491546875 0.8456797765624999 0.5683491546875 0.8694272265624999
0 0.8081682796875 0.7865797171875 0.8121822046875 0.7865797171875 0.8121822046875 0.7717405859375 0.8081682796875 0.7717405859375 0.8081682796875 0.7865797171875
0 0.46757572031250005 0.7872373359375 0.47131834687499996 0.7872373359375 0.47131834687499996 0.769874709375 0.46757572031250005 0.769874709375 0.46757572031250005 0.7872373359375
0 0.8449732453125 0.783511634375 0.8490674 0.783511634375 0.8490674 0.7720119624999999 0.8449732453125 0.7720119624999999 0.8449732453125 0.783511634375
0 0.8342436781250001 0.7835404031250001 0.839166796875 0.7835404031250001 0.839166796875 0.7665514046874999 0.8342436781250001 0.7665514046874999 0.8342436781250001 0.7835404031250001
0 0.5412072234374999 0.8425271750000001 0.545301378125 0.8425271750000001 0.545301378125 0.8147036671875 0.5412072234374999 0.8147036671875 0.5412072234374999 0.8425271750000001
0 0.69536264375 0.7895671562500001 0.7002119625000001 0.7895671562500001 0.7002119625000001 0.7795718828125 0.69536264375 0.7795718828125 0.69536264375 0.7895671562500001
0 0.509930471875 0.8354180703124999 0.5133767515625001 0.8354180703124999 0.5133767515625001 0.814893209375 0.509930471875 0.814893209375 0.509930471875 0.8354180703124999
0 0.6479190375 0.7922833484374999 0.6524577109375 0.7922833484374999 0.6524577109375 0.7823982109375 0.6479190375 0.7823982109375 0.6479190375 0.7922833484374999
0 0.5001216625 0.8056846578125001 0.5043908125 0.8056846578125001 0.5043908125 0.786358590625 0.5001216625 0.786358590625 0.5001216625 0.8056846578125001
0 0.667277978125 0.7893698578125 0.6712630171875 0.7893698578125 0.6712630171875 0.775707275 0.667277978125 0.775707275 0.667277978125 0.7893698578125
0 0.7527556515625 0.7881099 0.7572796421875 0.7881099 0.7572796421875 0.7733992328125 0.7527556515625 0.7733992328125 0.7527556515625 0.7881099
0 0.8483116578125 0.7840909140625 0.85381979375 0.7840909140625 0.85381979375 0.7733013296875 0.8483116578125 0.7733013296875 0.8483116578125 0.7840909140625
0 0.650950065625 0.7917947265625 0.6546810796875 0.7917947265625 0.6546810796875 0.7821710328125 0.650950065625 0.7821710328125 0.650950065625 0.7917947265625
0 0.77634665 0.7854581953124999 0.7801210421875 0.7854581953124999 0.7801210421875 0.772610125 0.77634665 0.772610125 0.77634665 0.7854581953124999
0 0.8432086484375001 0.7836110296875 0.8469850546875 0.7836110296875 0.8469850546875 0.771204525 0.8432086484375001 0.771204525 0.8432086484375001 0.7836110296875
0 0.4693874625 0.7876055921875 0.47287054531250006 0.7876055921875 0.47287054531250006 0.7710279828125 0.4693874625 0.7710279828125 0.4693874625 0.7876055921875
0 0.6627209734375 0.7905444859374999 0.6663224328125 0.7905444859374999 0.6663224328125 0.7780801015625001 0.6627209734375 0.7780801015625001 0.6627209734375 0.7905444859374999
0 0.5030449203125 0.8054732937499999 0.50649 0.8054732937499999 0.50649 0.789382346875 0.5030449203125 0.789382346875 0.5030449203125 0.8054732937499999
0 0.7329222 0.789069328125 0.737155121875 0.789069328125 0.737155121875 0.776168746875 0.7329222 0.776168746875 0.7329222 0.789069328125
0 0.8373193796875 0.980077571875 0.8491402390625 0.980077571875 0.8491402390625 0.9126379015625 0.8373193796875 0.9126379015625 0.8373193796875 0.980077571875
0 0.820970978125 0.960418965625 0.83034419375 0.960418965625 0.83034419375 0.9112964046875 0.820970978125 0.9112964046875 0.820970978125 0.960418965625
0 0.7838353093749999 0.94373931875 0.793370996875 0.94373931875 0.793370996875 0.8915897218750001 0.7838353093749999 0.8915897218750001 0.7838353093749999 0.94373931875
0 0.8069454640625 0.9540750171875001 0.8175367921875001 0.9540750171875001 0.8175367921875001 0.9003778890625 0.8069454640625 0.9003778890625 0.8069454640625 0.9540750171875001
0 0.9670724921874999 0.9305405078125 0.973678971875 0.9305405078125 0.973678971875 0.8962217875 0.9670724921874999 0.8962217875 0.9670724921874999 0.9305405078125
0 0.8893216203125001 0.779510084375 0.8893216203125001 0.7729409578124999 0.8861054718750001 0.7729409578124999 0.8861054718750001 0.78579559375 0.8893216203125001 0.78579559375 0.8893216203125001 0.779510084375
0 0.873117459375 0.78640603125 0.87763981875 0.78640603125 0.87763981875 0.7729885249999999 0.873117459375 0.7729885249999999 0.873117459375 0.78640603125
0 0.9476651374999999 0.773433715625 0.9456712265625 0.773433715625 0.9435633046875 0.773433715625 0.9435633046875 0.7905519453125 0.9476651374999999 0.7905519453125 0.9476651374999999 0.773433715625
0 0.9857580796875001 0.9206126640625 0.99271474375 0.9206126640625 0.99271474375 0.8843192500000001 0.9857580796875001 0.8843192500000001 0.9857580796875001 0.9206126640625
0 0.9714770046875 1 0.9714770046875 0.962041725 0.9653521843749999 0.962041725 0.9653521843749999 1 0.9714770046875 1
0 0.9398797 0.9976233453125 0.9531639625 0.9976233453125 0.9531639625 0.964188953125 0.9398797 0.964188953125 0.9398797 0.9976233453125
0 0.6714748953124999 1 0.6714748953124999 0.9518668234375 0.6615174078124999 0.9518668234375 0.6615174078124999 1 0.6714748953124999 1
0 0.7299239015625 1 0.7299239015625 0.9749124625000001 0.7153377375 0.9749124625000001 0.7153377375 1 0.7299239015625 1
0 0.7153377375 1 0.7153377375 0.9486797031249999 0.7030925640625 0.9486797031249999 0.7030925640625 1 0.7153377375 1
0 0.7299239015625 1 0.7299239015625 0.945160675 0.7182189546875 0.945160675 0.7182189546875 1 0.7299239015625 1
0 0.74234915 1 0.74234915 0.9515589078125 0.7299239015625 0.9515589078125 0.7299239015625 1 0.74234915 1
0 0.7270426828125001 0.9845098140624999 0.7394679328125 0.9845098140624999 0.7394679328125 0.9304447359375001 0.7270426828125001 0.9304447359375001 0.7270426828125001 0.9845098140624999
0 0.6898682265625 0.9797511265625 0.7010329437499999 0.9797511265625 0.7010329437499999 0.9234466671874999 0.6898682265625 0.9234466671874999 0.6898682265625 0.9797511265625
0 0.6355640328125001 0.963535603125 0.6454682171874999 0.963535603125 0.6454682171874999 0.9158687593749999 0.6355640328125001 0.9158687593749999 0.6355640328125001 0.963535603125
0 0.626380153125 0.9590568390625 0.6370046421875 0.9590568390625 0.6370046421875 0.9113899953125 0.626380153125 0.9113899953125 0.626380153125 0.9590568390625
0 0.6508705 0.95745728125 0.6600543812499999 0.95745728125 0.6600543812499999 0.908190878125 0.6508705 0.908190878125 0.6508705 0.95745728125
0 0.6152154359375 0.9500993109374999 0.6236790109375 0.9500993109374999 0.6236790109375 0.9085107906250001 0.6152154359375 0.9085107906250001 0.6152154359375 0.9500993109374999
0 0.5779396859375 0.9235466390625 0.5918055453125 0.9235466390625 0.5918055453125 0.8803585593750001 0.5779396859375 0.8803585593750001 0.5779396859375 0.9235466390625
0 0.585863034375 0.9101103484374999 0.5955871421875 0.9101103484374999 0.5955871421875 0.8704412968749999 0.585863034375 0.8704412968749999 0.585863034375 0.9101103484374999
0 0.5993687390625 0.9107501718750001 0.6085526203125 0.9107501718750001 0.6085526203125 0.8790789140624999 0.5993687390625 0.8790789140624999 0.5993687390625 0.9107501718750001
0 0.605131175 0.9453006359374999 0.6137748265624999 0.9453006359374999 0.6137748265624999 0.9037121140625001 0.605131175 0.9037121140625001 0.605131175 0.9453006359374999
0 0.6074721640625 0.9270656687500001 0.6152154359375 0.9270656687500001 0.6152154359375 0.890595734375 0.6074721640625 0.890595734375 0.6074721640625 0.9270656687500001
0 0.6137748265624999 0.93186434375 0.6243993156250001 0.93186434375 0.6243993156250001 0.8886762640625001 0.6137748265624999 0.8886762640625001 0.6137748265624999 0.93186434375
0 0.6512306515625 0.9337838140624999 0.6584336953125 0.9337838140624999 0.6584336953125 0.89699396875 0.6512306515625 0.89699396875 0.6512306515625 0.9337838140624999
0 0.5819373750000001 0.8739003421875001 0.588276053125 0.8739003421875001 0.588276053125 0.8429328890625 0.5819373750000001 0.8429328890625 0.5819373750000001 0.8739003421875001
0 0.5559451937500001 0.9033738078125 0.5637821046875 0.9033738078125 0.5637821046875 0.8663152359375001 0.5559451937500001 0.8663152359375001 0.5559451937500001 0.9033738078125
0 0.570812275 0.8642678015625 0.5626296171874999 0.8642678015625 0.5626296171874999 0.9013263734375 0.570812275 0.9013263734375 0.570812275 0.8642678015625
0 0.5610161359375 0.8319183296875 0.555023203125 0.8319183296875 0.555023203125 0.862220365625 0.5610161359375 0.862220365625 0.5610161359375 0.8319183296875
0 0.5576739234375 0.8568970359375001 0.5642430984375 0.8568970359375001 0.5642430984375 0.8220906421875 0.5576739234375 0.8220906421875 0.5576739234375 0.8568970359375001
0 0.5234450625 0.84604563125 0.5295532421875 0.84604563125 0.5295532421875 0.8214764125 0.5234450625 0.8214764125 0.5234450625 0.84604563125
0 0.5323192109375 0.8472740921874999 0.53831214375 0.8472740921874999 0.53831214375 0.8182005171875 0.5323192109375 0.8182005171875 0.5323192109375 0.8472740921874999
0 0.487233921875 0.814162975 0.49084812031249997 0.814162975 0.49084812031249997 0.7949007078125 0.487233921875 0.7949007078125 0.487233921875 0.814162975
0 0.4955687078125 0.79503174375 0.49136443593749995 0.79503174375 0.49136443593749995 0.814949190625 0.4955687078125 0.814949190625 0.4955687078125 0.79503174375
0 0.5320815109375 0.82772620625 0.53831214375 0.82772620625 0.53831214375 0.8087260109375001 0.5320815109375 0.8087260109375001 0.5320815109375 0.82772620625
0 0.5070033953124999 0.8072518593750001 0.5117055421875 0.8072518593750001 0.5117055421875 0.7875964828125 0.5070033953124999 0.7875964828125 0.5070033953124999 0.8072518593750001
0 0.51585449375 0.819208878125 0.52037224375 0.819208878125 0.52037224375 0.7918551484374999 0.51585449375 0.7918551484374999 0.51585449375 0.819208878125
0 0.5195424531249999 0.8121657031249999 0.5133651218749999 0.8121657031249999 0.5133651218749999 0.8257606703124999 0.5195424531249999 0.8257606703124999 0.5195424531249999 0.8121657031249999
0 0.523414809375 0.821010621875 0.5179750703125 0.821010621875 0.5179750703125 0.8536057843750001 0.523414809375 0.8536057843750001 0.523414809375 0.821010621875
0 0.5218474265624999 0.8201916468749999 0.5294999406249999 0.8201916468749999 0.5294999406249999 0.7988983234375 0.5218474265624999 0.7988983234375 0.5218474265624999 0.8201916468749999
0 0.47487084843750005 0.7994543046875 0.478883346875 0.7994543046875 0.478883346875 0.7816334312500001 0.47487084843750005 0.7816334312500001 0.47487084843750005 0.7994543046875
0 0.479532428125 0.7969384171875 0.48260080937499994 0.7969384171875 0.48260080937499994 0.7816334312500001 0.479532428125 0.7816334312500001 0.479532428125 0.7969384171875
0 0.49608029687500005 0.817275178125 0.4989384640625 0.817275178125 0.4989384640625 0.7968008296875 0.49608029687500005 0.7968008296875 0.49608029687500005 0.817275178125
0 0.47384190937500004 0.78736625 0.47730858906249995 0.78736625 0.47730858906249995 0.7712488421875 0.47384190937500004 0.7712488421875 0.47384190937500004 0.78736625
0 0.8544075015624999 0.9772443375 0.8624749093750002 0.9772443375 0.8624749093750002 0.920939878125 0.8544075015624999 0.920939878125 0.8544075015624999 0.9772443375
0 0.8866771359375001 0.99669496875 0.8969054562500001 0.99669496875 0.8969054562500001 0.9275940421875 0.8866771359375001 0.9275940421875 0.8866771359375001 0.99669496875
0 0.8656442484374999 0.9874815109374999 0.8807706390625001 0.9874815109374999 0.8807706390625001 0.9168450078125 0.8656442484374999 0.9168450078125 0.8656442484374999 0.9874815109374999
0 0.794622240625 0.9470446734374999 0.8044183796875 0.9470446734374999 0.8044183796875 0.895602871875 0.794622240625 0.895602871875 0.794622240625 0.9470446734374999
0 0.625054946875 0.9098685328125 0.6484504328125 0.9098685328125 0.6484504328125 0.88755149375 0.625054946875 0.88755149375 0.625054946875 0.9098685328125
0 0.49354253750000004 0.778417025 0.49642209531250003 0.778417025 0.49642209531250003 0.76743098125 0.49354253750000004 0.76743098125 0.49354253750000004 0.778417025
0 0.48877474374999996 0.77950724375 0.4921735671875 0.77950724375 0.4921735671875 0.7690243765625 0.48877474374999996 0.7690243765625 0.48877474374999996 0.77950724375
0 0.47499063281250004 0.7683534734374999 0.477870190625 0.7683534734374999 0.477870190625 0.7580383328125 0.47499063281250004 0.7580383328125 0.47499063281250004 0.7683534734374999
0 0.57992410625 0.770445625 0.57992410625 0.7590193000000001 0.57650168125 0.7590193000000001 0.57650168125 0.761115553125 0.57650168125 0.770445625 0.57992410625 0.770445625
0 0.6485238171875001 0.7494979078125 0.6494459828125 0.7494979078125 0.6522117749999999 0.7494979078125 0.6522117749999999 0.7414719640625 0.6497166984375 0.7414719640625 0.6485238171875001 0.7414719640625 0.6485238171875001 0.7494979078125
0 0.6443748640625 0.7480237562500001 0.6472330312500001 0.7480237562500001 0.6472330312500001 0.7404891953125 0.6443748640625 0.7404891953125 0.6443748640625 0.7480237562500001
0 0.640318109375 0.7473685765625 0.6428996812500001 0.7473685765625 0.6428996812500001 0.74130816875 0.640318109375 0.74130816875 0.640318109375 0.7473685765625
0 0.6154243921875 0.7480237562500001 0.6180059625000001 0.7480237562500001 0.6180059625000001 0.742618528125 0.6154243921875 0.742618528125 0.6154243921875 0.7480237562500001
0 0.6203109359375001 0.7494979078125 0.6239066953125001 0.7494979078125 0.6239066953125001 0.7429461171875 0.6203109359375001 0.7429461171875 0.6203109359375001 0.7494979078125
0 0.593481040625 0.7501530875 0.59652360625 0.7501530875 0.59652360625 0.744256475 0.593481040625 0.744256475 0.593481040625 0.7501530875
0 0.5926512500000001 0.750480678125 0.5926512500000001 0.7444202703125 0.5899774796875 0.7444202703125 0.5899774796875 0.7462526828125 0.5899774796875 0.750480678125 0.5926512500000001 0.750480678125
0 0.5688985515625 0.74720478125 0.5672965375000001 0.74720478125 0.5672965375000001 0.751115340625 0.5672965375000001 0.75310139375 0.5676909203125 0.75310139375 0.570339103125 0.75310139375 0.570339103125 0.74720478125 0.5688985515625 0.74720478125
0 0.56487199375 0.75415095 0.5667602281249999 0.75415095 0.5667602281249999 0.7471903265625001 0.56487199375 0.7471903265625001 0.56487199375 0.75415095
0 0.6293332375 0.7417785265625 0.627159071875 0.7417785265625 0.6257927984375 0.7417785265625 0.6257927984375 0.7467578875 0.6293332375 0.7467578875 0.6293332375 0.7417785265625
0 0.5384619484375001 0.75121310625 0.5411910375 0.75121310625 0.5411910375 0.7441371718750001 0.5384619484375001 0.7441371718750001 0.5384619484375001 0.75121310625
0 0.534773990625 0.750557928125 0.53772435625 0.750557928125 0.53772435625 0.74138541875 0.534773990625 0.74138541875 0.534773990625 0.750557928125
0 0.5323399375 0.750557928125 0.534773990625 0.750557928125 0.534773990625 0.74439924375 0.5323399375 0.74439924375 0.5323399375 0.750557928125
0 0.542223665625 0.7508199984375 0.5452477921875001 0.7508199984375 0.5452477921875001 0.7429578484375 0.542223665625 0.7429578484375 0.542223665625 0.7508199984375
0 0.5240789109375 0.7513441421875 0.5279143890625 0.7513441421875 0.5279143890625 0.7424337046875 0.5240789109375 0.7424337046875 0.5240789109375 0.7513441421875
0 0.52325373125 0.7707425640625 0.5258353015624999 0.7707425640625 0.5258353015624999 0.76075108125 0.52325373125 0.76075108125 0.52325373125 0.7707425640625
0 0.9525178624999999 0.7688977171875 0.95039655 0.7688977171875 0.9489036640624999 0.7688977171875 0.9489036640624999 0.781739228125 0.9525178624999999 0.781739228125 0.9525178624999999 0.7688977171875
0 0.9534649312500001 0.783563246875 0.9562028703125 0.783563246875 0.9562028703125 0.7669583859375 0.9534649312500001 0.7669583859375 0.9534649312500001 0.783563246875
0 0.9809642953125 0.781205871875 0.984504734375 0.781205871875 0.984504734375 0.7711161125 0.9809642953125 0.7711161125 0.9809642953125 0.781205871875
0 0.9850948078125 0.77937136875 0.9889302843750001 0.77937136875 0.9889302843750001 0.7677091796875001 0.9850948078125 0.7677091796875001 0.9850948078125 0.77937136875
0 0.9876026187499999 0.7850059109374999 0.9915856140624999 0.7850059109374999 0.9915856140624999 0.776226509375 0.9876026187499999 0.776226509375 0.9876026187499999 0.7850059109374999
0 0.9920281703124999 0.7746540796875 0.9961586828125 0.7746540796875 0.9961586828125 0.7648263921874999 0.9920281703124999 0.7648263921874999 0.9920281703124999 0.7746540796875
0 1 0.771771290625 0.9961586828125 0.771771290625 0.9961586828125 0.78631626875 0.9965859312500001 0.78631626875 1 0.78631626875 1 0.771771290625
0 1 0.9308679062499999 0.9868646484374999 0.9308679062499999 0.9868646484374999 0.957279815625 1 0.957279815625 1 0.9308679062499999
0 0.94146926875 0.937694821875 0.9512654078124999 0.937694821875 0.9512654078124999 0.9071880421875 0.94146926875 0.9071880421875 0.94146926875 0.937694821875
0 0.959448065625 0.9528458390625 0.959448065625 0.9266386734375001 0.9506891640624999 0.9266386734375001 0.9506891640624999 0.9528458390625 0.954953365625 0.9528458390625 0.959448065625 0.9528458390625
0 1 0.8671325375000001 0.997729359375 0.8671325375000001 0.997729359375 0.90071046875 1 0.90071046875 1 0.8671325375000001
0 0.9908144374999999 0.8659859734375001 0.9964385734375 0.8659859734375001 0.9964385734375 0.8369942953124999 0.9908144374999999 0.8369942953124999 0.9908144374999999 0.8659859734375001
0 0.9769845937500001 0.8754860718749999 0.9838073171874999 0.8754860718749999 0.9838073171874999 0.8482961375 0.9769845937500001 0.8482961375 0.9769845937500001 0.8754860718749999
0 0.9886938609375001 0.8442012671875 0.982885328125 0.8442012671875 0.982885328125 0.873356740625 0.9886938609375001 0.873356740625 0.9886938609375001 0.8442012671875
0 0.9653675265625001 0.8620549000000001 0.97043846875 0.8620549000000001 0.97043846875 0.840106396875 0.9653675265625001 0.840106396875 0.9653675265625001 0.8620549000000001
0 0.97707679375 0.8379770640625 0.9713604578125 0.8379770640625 0.9713604578125 0.8617273093750001 0.97707679375 0.8617273093750001 0.97707679375 0.8379770640625
0 0.9707150656250001 0.8545203390625 0.97707679375 0.8545203390625 0.97707679375 0.8294597359375 0.9707150656250001 0.8294597359375 0.9707150656250001 0.8545203390625
0 0.97707679375 0.8510806484375 0.9833463218750002 0.8510806484375 0.9833463218750002 0.8314252734375 0.97707679375 0.8314252734375 0.97707679375 0.8510806484375
0 0.986665484375 0.8563220812499999 0.9915520296875 0.8563220812499999 0.9915520296875 0.8317528624999999 0.986665484375 0.8317528624999999 0.986665484375 0.8563220812499999
0 0.9561994921875 0.8975676578125 0.9632296625000001 0.8975676578125 0.9632296625000001 0.8619422906249999 0.9561994921875 0.8619422906249999 0.9561994921875 0.8975676578125
0 0.9517047937499999 0.8619422906249999 0.9578129734375 0.8619422906249999 0.9578129734375 0.8357351234374999 0.9517047937499999 0.8357351234374999 0.9517047937499999 0.8619422906249999
0 0.9438678828124999 0.8541620375000001 0.95055230625 0.8541620375000001 0.95055230625 0.8312307671875001 0.9438678828124999 0.8312307671875001 0.9438678828124999 0.8541620375000001
0 0.9260043343749998 0.863989725 0.9324582625 0.863989725 0.9324582625 0.8365540984375001 0.9260043343749998 0.8365540984375001 0.9260043343749998 0.863989725
0 0.9324582625 0.8621470328124999 0.9384511937500001 0.8621470328124999 0.9384511937500001 0.837168328125 0.9324582625 0.837168328125 0.9324582625 0.8621470328124999
0 0.9431763906249999 0.8942917609375 0.9507828046875 0.8942917609375 0.9507828046875 0.8705415171875 0.9431763906249999 0.8705415171875 0.9431763906249999 0.8942917609375
0 0.9526267828125 0.8920395828125001 0.9421391515625 0.8920395828125001 0.9421391515625 0.905143165625 0.9526267828125 0.905143165625 0.9526267828125 0.8920395828125001
0 0.9325735109375 0.898591375 0.9409866656249999 0.898591375 0.9409866656249999 0.8674703640625001 0.9325735109375 0.8674703640625001 0.9325735109375 0.898591375
0 0.9163234453125 0.8629660062500001 0.923814609375 0.8629660062500001 0.923814609375 0.8361446109375 0.9163234453125 0.8361446109375 0.9163234453125 0.8629660062500001
0 0.9086017828124999 0.8910158656250001 0.91586245 0.8910158656250001 0.91586245 0.8660371609374999 0.9086017828124999 0.8660371609374999 0.9086017828124999 0.8910158656250001
0 0.9089475281249999 0.8643992125000001 0.913672725 0.8643992125000001 0.913672725 0.8398299937499999 0.9089475281249999 0.8398299937499999 0.9089475281249999 0.8643992125000001
0 0.9021478546874999 0.8549810109375 0.9073340468750001 0.8549810109375 0.9073340468750001 0.8283643578125 0.9021478546874999 0.8283643578125 0.9021478546874999 0.8549810109375
0 0.9060663109375 0.8549810109375 0.9125202375000001 0.8549810109375 0.9125202375000001 0.8281596140625 0.9060663109375 0.8281596140625 0.9060663109375 0.8549810109375
0 0.8871583218750001 0.88164885 0.8933817515625 0.88164885 0.8933817515625 0.8730496249999999 0.8871583218750001 0.8730496249999999 0.8871583218750001 0.88164885
0 0.8975307046874998 0.885538978125 0.9045608749999999 0.885538978125 0.9045608749999999 0.8701832156249999 0.8975307046874998 0.8701832156249999 0.8975307046874998 0.885538978125
0 0.9014491609374999 0.882467825 0.90617435625 0.882467825 0.90617435625 0.8576938625 0.9014491609374999 0.8576938625 0.9014491609374999 0.882467825
0 0.8801281515625 0.8738685984375 0.88750406875 0.8738685984375 0.88750406875 0.8513468140625001 0.8801281515625 0.8513468140625001 0.8801281515625 0.8738685984375
0 0.896493465625 0.866088346875 0.9014491609374999 0.866088346875 0.9014491609374999 0.8368100265624999 0.896493465625 0.8368100265624999 0.896493465625 0.866088346875
0 0.8851308671875 0.8516727671875 0.8889663437500002 0.8516727671875 0.8889663437500002 0.8307070328125 0.8851308671875 0.8307070328125 0.8851308671875 0.8516727671875
0 0.8928018203124999 0.8350050078125001 0.8889663437500002 0.8350050078125001 0.8889663437500002 0.8554465984374999 0.8928018203124999 0.8554465984374999 0.8928018203124999 0.8350050078125001
0 0.8915036593749999 0.852196909375 0.8956931796875001 0.852196909375 0.8956931796875001 0.8313360062499999 0.8915036593749999 0.8313360062499999 0.8915036593749999 0.852196909375
0 0.8618528203124999 0.8603294234375 0.8688599421875001 0.8603294234375 0.8688599421875001 0.8442775328125001 0.8618528203124999 0.8442775328125001 0.8618528203124999 0.8603294234375
0 0.8208142484375 0.7846390203125 0.8244774234375001 0.7846390203125 0.8244774234375001 0.7718247640625 0.8208142484375 0.7718247640625 0.8208142484375 0.7846390203125
0 0.60150614375 0.787017925 0.6041163578125 0.787017925 0.6041163578125 0.7801985968749999 0.60150614375 0.7801985968749999 0.60150614375 0.787017925
0 0.5776159 0.8034310093749999 0.5806771937499999 0.8034310093749999 0.5806771937499999 0.7938336578125 0.5776159 0.7938336578125 0.5776159 0.8034310093749999
0 0.57023278125 0.7877553359375 0.573113996875 0.7877553359375 0.573113996875 0.77975754375 0.57023278125 0.77975754375 0.57023278125 0.7877553359375
0 0.5696579500000001 0.80050550625 0.5730001625 0.80050550625 0.5730001625 0.792725253125 0.5696579500000001 0.792725253125 0.5696579500000001 0.80050550625
0 0.5874753984375001 0.809227578125 0.591532153125 0.809227578125 0.591532153125 0.7972705578125 0.5874753984375001 0.7972705578125 0.5874753984375001 0.809227578125
0 0.6060073890625001 0.8159431640625 0.60987974375 0.8159431640625 0.60987974375 0.8026757859375 0.6060073890625001 0.8026757859375 0.6060073890625001 0.8159431640625
0 0.5421979703125 0.7690184765625 0.544632021875 0.7690184765625 0.544632021875 0.7595838968749999 0.5421979703125 0.7595838968749999 0.5421979703125 0.7690184765625
0 0.5345244359375 0.7708798406249999 0.5371207578125 0.7708798406249999 0.5371207578125 0.76417080625 0.5345244359375 0.76417080625 0.5345244359375 0.7708798406249999
0 0.539292228125 0.7687832671875 0.5413692859375 0.7687832671875 0.5413692859375 0.762409684375 0.539292228125 0.762409684375 0.539292228125 0.7687832671875
0 0.474932703125 0.8420242703125 0.474932703125 0.8205671515624999 0.46958516406250006 0.8205671515624999 0.46958516406250006 0.8420242703125 0.470814575 0.8420242703125 0.474932703125 0.8420242703125
0 0.9596014203125 0.89694914375 0.951764509375 0.89694914375 0.951764509375 0.9194709281250001 0.9596014203125 0.9194709281250001 0.9596014203125 0.89694914375
0 0.9278547265625001 0.858613484375 0.9207554078125 0.858613484375 0.9207554078125 0.8831827046875 0.9278547265625001 0.8831827046875 0.9278547265625001 0.858613484375
0 0.865464846875 0.8752796046875 0.8719187734375 0.8752796046875 0.8719187734375 0.8570983828125 0.865464846875 0.8570983828125 0.865464846875 0.8752796046875
0 0.8733017578125001 0.8779003218749999 0.880862071875 0.8779003218749999 0.880862071875 0.8631587906250001 0.8733017578125001 0.8631587906250001 0.8733017578125001 0.8779003218749999
0 0.6547250124999999 0.8975406234375001 0.6599112046875 0.8975406234375001 0.6599112046875 0.878499478125 0.6547250124999999 0.878499478125 0.6547250124999999 0.8975406234375001
0 0.7186880375 0.883822809375 0.7228369906250001 0.883822809375 0.7228369906250001 0.8610962828125001 0.7186880375 0.8610962828125001 0.7186880375 0.883822809375
0 0.730558653125 0.8868939609375 0.7362058390625 0.8868939609375 0.7362058390625 0.86621486875 0.730558653125 0.86621486875 0.730558653125 0.8868939609375
0 0.674200025 0.85525284375 0.677740465625 0.85525284375 0.677740465625 0.8408389015625 0.674200025 0.8408389015625 0.674200025 0.85525284375
0 0.6107475515624999 0.8171296046875 0.6142879921875 0.8171296046875 0.6142879921875 0.8025846281250001 0.6107475515624999 0.8025846281250001 0.6107475515624999 0.8171296046875
0 0.5302602390625 0.7802003984375 0.533431884375 0.7802003984375 0.533431884375 0.7648692046875001 0.5302602390625 0.7648692046875001 0.5302602390625 0.7802003984375
0 0.6156282796875 0.8234321281250001 0.6375347515625001 0.8234321281250001 0.6375347515625001 0.797880140625 0.6156282796875 0.797880140625 0.6156282796875 0.8234321281250001
0 0.683836490625 0.8656806906250001 0.702622028125 0.8656806906250001 0.702622028125 0.84479685625 0.683836490625 0.84479685625 0.683836490625 0.8656806906250001
0 0.581065196875 0.7950733640625 0.597365971875 0.7950733640625 0.597365971875 0.7792180281250001 0.581065196875 0.7792180281250001 0.581065196875 0.7950733640625
0 0.7093253234375 0.8750304312499999 0.714783503125 0.8750304312499999 0.714783503125 0.8576026640624999 0.7093253234375 0.8576026640624999 0.7093253234375 0.8750304312499999
0 0.9441572546875001 0.8025541374999999 0.9474764171875 0.8025541374999999 0.9474764171875 0.7923988609375 0.9441572546875001 0.7923988609375 0.9441572546875001 0.8025541374999999
0 0.9302462765625 0.787485015625 0.9302462765625 0.7765828359375 0.925879734375 0.7765828359375 0.925879734375 0.787485015625 0.9265239375000001 0.787485015625 0.9302462765625 0.787485015625
0 0.9298283484375001 0.787485015625 0.9265239375000001 0.787485015625 0.9265239375000001 0.7981758890625 0.9298283484375001 0.7981758890625 0.9298283484375001 0.787485015625
0 0.9146850765625001 0.7608002796875 0.9182198515625 0.7608002796875 0.9182198515625 0.750709890625 0.9146850765625001 0.750709890625 0.9146850765625001 0.7608002796875
0 0.9148965578125001 0.7692805 0.9180385812499999 0.7692805 0.9180385812499999 0.7619810703125001 0.9148965578125001 0.7619810703125001 0.9148965578125001 0.7692805
0 1 0.7873056109375 0.9962171359374998 0.7873056109375 0.9962171359374998 0.800147121875 1 0.800147121875 1 0.7873056109375
0 0.992044671875 0.786568125 0.9884452249999999 0.786568125 0.9884452249999999 0.7979944484375 0.992044671875 0.7979944484375 0.992044671875 0.786568125
0 0.866541134375 0.8074717046875 0.8696759000000001 0.8074717046875 0.8696759000000001 0.7912560203125001 0.866541134375 0.7912560203125001 0.866541134375 0.8074717046875
0 0.8623921812500001 0.806325140625 0.8652503484375 0.806325140625 0.8652503484375 0.7897818671875 0.8623921812500001 0.7897818671875 0.8623921812500001 0.806325140625
0 0.8584276265625 0.8043596031250001 0.8611013968750001 0.8043596031250001 0.8611013968750001 0.790600840625 0.8584276265625 0.790600840625 0.8584276265625 0.8043596031250001
0 0.82827856875 0.8096010375 0.8320587249999999 0.8096010375 0.8320587249999999 0.7928939671874999 0.82827856875 0.7928939671874999 0.82827856875 0.8096010375
0 0.8353778890625 0.7940405328125 0.8320587249999999 0.7940405328125 0.8320587249999999 0.8073079109375 0.8353778890625 0.8073079109375 0.8353778890625 0.7940405328125
0 0.7279423359375 0.8142547296875 0.7308927015625001 0.8142547296875 0.7308927015625001 0.7995787156249999 0.7279423359375 0.7995787156249999 0.7279423359375 0.8142547296875
0 0.7348019375 0.800102859375 0.73163029375 0.800102859375 0.73163029375 0.8121581546875 0.7348019375 0.8121581546875 0.7348019375 0.800102859375
0 0.7429154453125 0.8077029375 0.7456445359374999 0.8077029375 0.7456445359374999 0.7969579984374999 0.7429154453125 0.7969579984374999 0.7429154453125 0.8077029375
0 0.7512714375 0.8091508828125 0.75534294375 0.8091508828125 0.75534294375 0.79835353125 0.7512714375 0.79835353125 0.7512714375 0.8091508828125
0 0.7594144484375001 0.7959424703125 0.755578971875 0.7959424703125 0.755578971875 0.8106184843750001 0.7594144484375001 0.8106184843750001 0.7594144484375001 0.7959424703125
0 0.7640170203125 0.795627984375 0.7605945953125 0.795627984375 0.7605945953125 0.80799776875 0.7640170203125 0.80799776875 0.7640170203125 0.795627984375
0 0.76661334375 0.7999259609375 0.7640170203125 0.7999259609375 0.7640170203125 0.8111426265624999 0.76661334375 0.8111426265624999 0.76661334375 0.7999259609375
0 0.6157730875 0.754789440625 0.6181333812500001 0.754789440625 0.6181333812500001 0.7493383484375 0.6157730875 0.7493383484375 0.6157730875 0.754789440625
0 0.593481040625 0.7568966265625 0.59576771875 0.7568966265625 0.59576771875 0.7501530875 0.593481040625 0.7501530875 0.593481040625 0.7568966265625
0 0.57009841875 0.75310139375 0.5676909203125 0.75310139375 0.5676909203125 0.758501990625 0.57009841875 0.758501990625 0.57009841875 0.75310139375
0 0.580753915625 0.770445625 0.5774022984375 0.770445625 0.5774022984375 0.7775167359374999 0.580753915625 0.7775167359374999 0.580753915625 0.770445625
0 0.5363122671875 0.78463241875 0.5508280703125 0.78463241875 0.5508280703125 0.772367465625 0.5363122671875 0.772367465625 0.5363122671875 0.78463241875
0 0.49949906874999994 0.7731528625 0.5230282421875 0.7731528625 0.5230282421875 0.7558561312500001 0.49949906874999994 0.7558561312500001 0.49949906874999994 0.7731528625
0 0.4753128796875 0.8444275593749999 0.4707146125 0.8444275593749999 0.4707146125 0.8623638109374999 0.4753128796875 0.8623638109374999 0.4753128796875 0.8444275593749999
0 0.6408889671875 0.7538668515625 0.6432473734374999 0.7538668515625 0.6432473734374999 0.7481873515624999 0.6408889671875 0.7481873515624999 0.6408889671875 0.7538668515625
0 0.644505190625 0.7540065125 0.6469684156250001 0.7540065125 0.6469684156250001 0.7486063328125 0.644505190625 0.7486063328125 0.644505190625 0.7540065125
0 0.6772691625 0.7450675859375 0.6772691625 0.7395116671874999 0.673020634375 0.7395116671874999 0.673020634375 0.7450675859375 0.673728721875 0.7450675859375 0.6772691625 0.7450675859375
0 0.677446184375 0.7450675859375 0.673728721875 0.7450675859375 0.673728721875 0.7499945328125 0.677446184375 0.7499945328125 0.677446184375 0.7450675859375
0 0.6818613484375 0.744237846875 0.6845441531249999 0.744237846875 0.6845441531249999 0.7386129921875 0.6818613484375 0.7386129921875 0.6818613484375 0.744237846875
0 0.6821732859375 0.7513433765624999 0.685066265625 0.7513433765624999 0.685066265625 0.7458687109375 0.6821732859375 0.7458687109375 0.6821732859375 0.7513433765624999
0 0.5723065328125 0.7523103859375 0.5753200515625 0.7523103859375 0.5753200515625 0.7462119046875 0.5723065328125 0.7462119046875 0.5723065328125 0.7523103859375
