0 0.22126255156250002 0.86278325 0.226539471875 0.86278325 0.226539471875 0.8448933828125 0.22126255156250002 0.8448933828125 0.22126255156250002 0.86278325
0 0.2298975125 0.83254085625 0.2310968125 0.83254085625 0.23253597187500002 0.83254085625 0.23637373281250001 0.83254085625 0.23637373281250001 0.8167807359375001 0.2298975125 0.8167807359375001 0.2298975125 0.83254085625
0 0.238052753125 0.83254085625 0.23253597187500002 0.83254085625 0.23253597187500002 0.8465971796874999 0.238052753125 0.8465971796874999 0.238052753125 0.83254085625
0 0.23589401250000003 0.7034782500000001 0.24045135156250003 0.7034782500000001 0.24045135156250003 0.68601433125 0.23589401250000003 0.68601433125 0.23589401250000003 0.7034782500000001
0 0.21875 0.7290352015625 0.2258198921875 0.7290352015625 0.2258198921875 0.688570028125 0.21875 0.688570028125 0.21875 0.7290352015625
0 0.309531034375 0.6753656015624999 0.313128934375 0.6753656015624999 0.313128934375 0.6579016859375 0.309531034375 0.6579016859375 0.309531034375 0.6753656015624999
0 0.323922634375 0.701774453125 0.32632123437500005 0.701774453125 0.32632123437500005 0.6919776203125 0.323922634375 0.6919776203125 0.323922634375 0.701774453125
0 0.38556665625 0.5842124734375 0.38892469687500003 0.5842124734375 0.38892469687500003 0.57100805 0.38556665625 0.57100805 0.38556665625 0.5842124734375
0 0.384607215625 0.60039854375 0.38868483593750003 0.60039854375 0.38868483593750003 0.58719411875 0.384607215625 0.58719411875 0.384607215625 0.60039854375
0 0.4097925171875 0.58719411875 0.41363027656250007 0.58719411875 0.41363027656250007 0.5812308296875 0.4097925171875 0.5812308296875 0.4097925171875 0.58719411875
0 0.4018771359375 0.58762006875 0.4018771359375 0.585916271875 0.3985190953125 0.585916271875 0.3985190953125 0.5961390515625 0.4018771359375 0.5961390515625 0.4018771359375 0.58762006875
0 0.41482957656249997 0.5744156421875 0.4184274765625 0.5744156421875 0.4184274765625 0.5616371671875 0.41482957656249997 0.5616371671875 0.41482957656249997 0.5744156421875
0 0.423704396875 0.5748415921875 0.42802187656249996 0.5748415921875 0.42802187656249996 0.5578036234375 0.423704396875 0.5578036234375 0.423704396875 0.5748415921875
0 0.42298481718750003 0.5578036234375 0.42802187656249996 0.5578036234375 0.42802187656249996 0.5463029953125 0.42298481718750003 0.5463029953125 0.42298481718750003 0.5578036234375
0 0.43425823750000003 0.5539700812499999 0.436896696875 0.5539700812499999 0.436896696875 0.5420435031249999 0.43425823750000003 0.5420435031249999 0.43425823750000003 0.5539700812499999
0 0.4517680171875 0.5262833828125 0.454886196875 0.5262833828125 0.454886196875 0.5130789578125 0.4517680171875 0.5130789578125 0.4517680171875 0.5262833828125
0 0.4181876171875 0.5352283171875 0.44888969687499997 0.5352283171875 0.44888969687499997 0.5105232625 0.4181876171875 0.5105232625 0.4181876171875 0.5352283171875
0 0.481990378125 0.5083935171875 0.48654771874999997 0.5083935171875 0.48654771874999997 0.49902263593749996 0.481990378125 0.49902263593749996 0.481990378125 0.5083935171875
0 0.48822673749999995 0.565470709375 0.4932637984375 0.565470709375 0.4932637984375 0.5484327421875 0.48822673749999995 0.5484327421875 0.48822673749999995 0.565470709375
0 0.4728756984375 0.49348529531250007 0.47695331875 0.49348529531250007 0.47695331875 0.48155871718750004 0.4728756984375 0.48155871718750004 0.4728756984375 0.49348529531250007
0 0.45056871718749997 0.49902263593749996 0.45296731718750005 0.49902263593749996 0.45296731718750005 0.49050364999999996 0.45056871718749997 0.49050364999999996 0.45056871718749997 0.49902263593749996
0 0.5148512000000001 0.475595428125 0.5184490984375 0.475595428125 0.5184490984375 0.46196505468750004 0.5148512000000001 0.46196505468750004 0.5148512000000001 0.475595428125
0 0.5626389859375001 0.46467231875000004 0.5644811109375001 0.46467231875000004 0.5644811109375001 0.45573079375000003 0.5626389859375001 0.45573079375000003 0.5626389859375001 0.46467231875000004
0 0.58867435 0.4428637203125 0.592112984375 0.4428637203125 0.592112984375 0.43348602343750003 0.58867435 0.43348602343750003 0.58867435 0.4428637203125
0 0.5546564453125 0.44853395625000003 0.557358228125 0.44853395625000003 0.557358228125 0.4378477421875 0.5546564453125 0.4378477421875 0.5546564453125 0.44853395625000003
0 0.602183265625 0.4108050796875 0.60488505 0.4108050796875 0.60488505 0.40382632812499997 0.602183265625 0.40382632812499997 0.602183265625 0.4108050796875
0 0.6158149906249999 0.3990284359375 0.6183939640625 0.3990284359375 0.6183939640625 0.390304996875 0.6158149906249999 0.390304996875 0.6158149906249999 0.3990284359375
0 0.6233062968749999 0.3968475765625 0.626253696875 0.3968475765625 0.626253696875 0.3868156203125 0.6233062968749999 0.3868156203125 0.6233062968749999 0.3968475765625
0 0.626990546875 0.39401245781250005 0.63006075625 0.39401245781250005 0.63006075625 0.38354433125 0.626990546875 0.38354433125 0.626990546875 0.39401245781250005
0 0.6659207859375 0.3765655796875 0.6680085265625 0.3765655796875 0.6680085265625 0.3678421390625 0.6659207859375 0.3678421390625 0.6659207859375 0.3765655796875
0 0.5993586750000001 0.40709761718750004 0.602183265625 0.40709761718750004 0.602183265625 0.39619331875 0.5993586750000001 0.39619331875 0.5993586750000001 0.40709761718750004
0 0.4255536484375 0.9135262874999999 0.4293914093750001 0.9135262874999999 0.4293914093750001 0.903167203125 0.4255536484375 0.903167203125 0.4255536484375 0.9135262874999999
0 0.385487434375 0.8461922390625001 0.39132082968750004 0.8461922390625001 0.39132082968750004 0.8374687984375001 0.385487434375 0.8374687984375001 0.385487434375 0.8461922390625001
0 0.41572898281250004 0.7753142921875 0.42110184687499996 0.7753142921875 0.42110184687499996 0.7646826 0.41572898281250004 0.7646826 0.41572898281250004 0.7753142921875
0 0.3468028125 0.7875816296875 0.352943228125 0.7875816296875 0.352943228125 0.78103905 0.3468028125 0.78103905 0.3468028125 0.7875816296875
0 0.5009272578124999 0.7766773296875 0.5059931015625001 0.7766773296875 0.5059931015625001 0.7679538906250001 0.5009272578124999 0.7679538906250001 0.5009272578124999 0.7766773296875
0 0.6074634781249999 0.5795821171875 0.6120687890625 0.5795821171875 0.6120687890625 0.5719491078125 0.6074634781249999 0.5719491078125 0.6074634781249999 0.5795821171875
0 0.5850509578125 0.5648613124999999 0.5895027609375 0.5648613124999999 0.5895027609375 0.558591340625 0.5850509578125 0.558591340625 0.5850509578125 0.5648613124999999
0 0.5597217421874999 0.559954378125 0.5629454609375 0.559954378125 0.5629454609375 0.5498679015625 0.5597217421874999 0.5498679015625 0.5597217421874999 0.559954378125
0 0.5466733578125 0.5555926578125 0.5494365453125 0.5555926578125 0.5494365453125 0.54959529375 0.5466733578125 0.54959529375 0.5466733578125 0.5555926578125
0 0.5414540046875 0.5730395375 0.5459058062500001 0.5730395375 0.5459058062500001 0.56049959375 0.5414540046875 0.56049959375 0.5414540046875 0.5730395375
0 0.7112647515625 0.615450634375 0.7151025125 0.615450634375 0.7151025125 0.6026380828125 0.7112647515625 0.6026380828125 0.7112647515625 0.615450634375
0 0.7465721453125 0.5851912031250001 0.7505634156250001 0.5851912031250001 0.7505634156250001 0.5745595109374999 0.7465721453125 0.5745595109374999 0.7465721453125 0.5851912031250001
0 0.7874059124999999 0.58328295 0.78970856875 0.58328295 0.78970856875 0.5742869046875001 0.7874059124999999 0.5742869046875001 0.7874059124999999 0.58328295
0 0.7889410156250001 0.5895529234375 0.79247175625 0.5895529234375 0.79247175625 0.5791938390625 0.7889410156250001 0.5791938390625 0.7889410156250001 0.5895529234375
0 0.8019894000000001 0.611361521875 0.8065947125000001 0.611361521875 0.8065947125000001 0.60209286875 0.8019894000000001 0.60209286875 0.8019894000000001 0.611361521875
0 0.8644681343750001 0.6293536171875 0.8698409999999999 0.6293536171875 0.8698409999999999 0.6200849609375 0.8644681343750001 0.6200849609375 0.8644681343750001 0.6293536171875
0 0.8446652921875 0.62308364375 0.849424115625 0.62308364375 0.849424115625 0.615450634375 0.8446652921875 0.615450634375 0.8446652921875 0.62308364375
0 0.9266398484374999 0.62308364375 0.9318592031249999 0.62308364375 0.9318592031249999 0.615178028125 0.9266398484374999 0.615178028125 0.9266398484374999 0.62308364375
0 0.9326267546875 0.6443470281250001 0.9383066390625 0.6443470281250001 0.9383066390625 0.634805765625 0.9326267546875 0.634805765625 0.9326267546875 0.6443470281250001
0 0.4030043109375 0.594580634375 0.3996850609375 0.594580634375 0.3996850609375 0.6063694421875001 0.4030043109375 0.6063694421875001 0.4030043109375 0.594580634375
0 0.41690366875 0.6026854390625 0.41960055937499996 0.6026854390625 0.41960055937499996 0.59089663125 0.41690366875 0.59089663125 0.41690366875 0.6026854390625
0 0.40642728593750005 0.5778184234375 0.40922790312499996 0.5778184234375 0.40922790312499996 0.56934521875 0.40642728593750005 0.56934521875 0.40642728593750005 0.5778184234375
0 0.4908607 0.49290216875 0.4932464109375 0.49290216875 0.4932464109375 0.4824027625 0.4908607 0.4824027625 0.4908607 0.49290216875
0 0.5445495625 0.4851487875 0.5469394218750001 0.4851487875 0.5469394218750001 0.47835843593750005 0.5445495625 0.47835843593750005 0.5445495625 0.4851487875
0 0.6476240265625 0.3811264359375 0.6495784 0.3811264359375 0.6495784 0.373732496875 0.6476240265625 0.373732496875 0.6476240265625 0.3811264359375
0 0.652382503125 0.3872377546875 0.6545917953125 0.3872377546875 0.6545917953125 0.3790138828125 0.652382503125 0.3790138828125 0.652382503125 0.3872377546875
0 0.65901038125 0.379466571875 0.66087978125 0.379466571875 0.66087978125 0.3729025640625 0.65901038125 0.3729025640625 0.65901038125 0.379466571875
0 0.3533979328125 0.9929507171874998 0.3594756609375 0.9929507171874998 0.3594756609375 0.9792796124999998 0.3533979328125 0.9792796124999998 0.3533979328125 0.9929507171874998
0 0.31708717656249996 0.7101663140625 0.3217893671875 0.7101663140625 0.3217893671875 0.689683190625 0.31708717656249996 0.689683190625 0.31708717656249996 0.7101663140625
0 0.323396953125 0.6725544453125 0.32761686875 0.6725544453125 0.32761686875 0.6533559765625 0.323396953125 0.6533559765625 0.323396953125 0.6725544453125
0 0.3315375703125 0.6298057359375 0.337479209375 0.6298057359375 0.337479209375 0.6131794359375 0.3315375703125 0.6131794359375 0.3315375703125 0.6298057359375
0 0.3397523375 0.646083753125 0.3453387 0.646083753125 0.3453387 0.6121117421875001 0.3397523375 0.6121117421875001 0.3397523375 0.646083753125
0 0.40329005625000003 0.5976739953125 0.40614512812500003 0.5976739953125 0.40614512812500003 0.5873510718749999 0.40329005625000003 0.5873510718749999 0.40329005625000003 0.5976739953125
0 0.5083767734375 0.486828890625 0.5115417093750001 0.486828890625 0.5115417093750001 0.4760342125 0.5083767734375 0.4760342125 0.5083767734375 0.486828890625
0 0.5369114328125 0.46639929375 0.5399758953125 0.46639929375 0.5399758953125 0.459351528125 0.5369114328125 0.459351528125 0.5369114328125 0.46639929375
0 0.661911015625 0.3390625 0.661911015625 0.346545790625 0.6643726328125 0.346545790625 0.6643726328125 0.3390625 0.661911015625 0.3390625
0 0.6643726328125 0.3390625 0.6643726328125 0.346545790625 0.6664960125 0.346545790625 0.6664960125 0.3390625 0.6643726328125 0.3390625
0 0.6642321296875 0.36979977656249996 0.66657791875 0.36979977656249996 0.66657791875 0.363003090625 0.6642321296875 0.363003090625 0.6642321296875 0.36979977656249996
0 0.6948695109374999 0.354685371875 0.69663785625 0.354685371875 0.69663785625 0.348690309375 0.6948695109374999 0.348690309375 0.6948695109374999 0.354685371875
0 0.6901271312499999 0.3553276984375 0.6943872343749999 0.3553276984375 0.6943872343749999 0.3504745546875 0.6901271312499999 0.3504745546875 0.6901271312499999 0.3553276984375
0 0.678230990625 0.36068043125 0.683093940625 0.36068043125 0.683093940625 0.35233016875 0.678230990625 0.35233016875 0.678230990625 0.36068043125
0 0.6567218625 0.376194971875 0.6584709156249999 0.376194971875 0.6584709156249999 0.3689323828125 0.6567218625 0.3689323828125 0.6567218625 0.376194971875
0 0.6004015218750001 0.42231971562500004 0.6031987234375 0.42231971562500004 0.6031987234375 0.413869534375 0.6004015218750001 0.413869534375 0.6004015218750001 0.42231971562500004
0 0.6318930546875 0.39940095468750003 0.6343211546874999 0.39940095468750003 0.6343211546874999 0.3927869765625 0.6318930546875 0.3927869765625 0.6318930546875 0.39940095468750003
0 0.7084266890625 0.35050562812499997 0.7116367171875 0.35050562812499997 0.7116367171875 0.342868490625 0.7084266890625 0.342868490625 0.7084266890625 0.35050562812499997
0 0.5775120546875 0.4550568453125 0.5804700140625 0.4550568453125 0.5804700140625 0.44363768124999997 0.5775120546875 0.44363768124999997 0.5775120546875 0.4550568453125
0 0.3687715609375 0.646595815625 0.374438303125 0.646595815625 0.374438303125 0.6356048703124999 0.3687715609375 0.6356048703124999 0.3687715609375 0.646595815625
0 0.3461475953125 0.6405850531249999 0.3507260015625 0.6405850531249999 0.3507260015625 0.6284807406249999 0.3461475953125 0.6284807406249999 0.3461475953125 0.6405850531249999
0 0.3406623625 0.668382890625 0.34367658749999996 0.668382890625 0.34367658749999996 0.66146894375 0.3406623625 0.66146894375 0.3406623625 0.668382890625
0 0.35174110625 0.6669167765624999 0.35431324374999995 0.6669167765624999 0.35431324374999995 0.6616548265625 0.35174110625 0.6616548265625 0.35174110625 0.6669167765624999
0 0.48264822656249995 0.66897474375 0.4857144546875 0.66897474375 0.4857144546875 0.6617872359375 0.48264822656249995 0.6617872359375 0.48264822656249995 0.66897474375
