0 0.020757249999999998 0.09122807031249999 0.1425617609375 0.09122807031249999 0.1425617609375 0.0385248828125 0.020757249999999998 0.0385248828125 0.020757249999999998 0.09122807031249999
0 0.2965896890625 0.203508771875 0.30819011875 0.203508771875 0.30819011875 0.18059434218749998 0.2965896890625 0.18059434218749998 0.2965896890625 0.203508771875
0 0.5820891515625 0.3684926609375 0.5643662734375 0.3684926609375 0.5643662734375 0.3839599 0.5820891515625 0.3839599 0.5820891515625 0.3684926609375
0 0.38165950625 0.1496598640625 0.3884264234375 0.1496598640625 0.3884264234375 0.135338346875 0.38165950625 0.135338346875 0.38165950625 0.1496598640625
0 0.59852309375 0.18575008906249998 0.6040010734375 0.18575008906249998 0.6040010734375 0.1679914078125 0.59852309375 0.1679914078125 0.59852309375 0.18575008906249998
0 0.6107679921875 0.1616899390625 0.5917561765625 0.1616899390625 0.5917561765625 0.16913712812499998 0.6107679921875 0.16913712812499998 0.6107679921875 0.1616899390625
0 0.52988721875 0.15825277499999998 0.5356874328125001 0.15825277499999998 0.5356874328125001 0.1445041171875 0.52988721875 0.1445041171875 0.52988721875 0.15825277499999998
0 0.4809076265625 0.1227354109375 0.4850966703125 0.1227354109375 0.4850966703125 0.1084138921875 0.4809076265625 0.1084138921875 0.4809076265625 0.1227354109375
0 0.42593447968750003 0.140035803125 0.4318635875 0.140035803125 0.4318635875 0.1313283203125 0.42593447968750003 0.1313283203125 0.42593447968750003 0.140035803125
0 0.43005907656250003 0.1285785890625 0.435472609375 0.1285785890625 0.435472609375 0.11345506718750001 0.43005907656250003 0.11345506718750001 0.43005907656250003 0.1285785890625
0 0.46743823906250004 0.110247046875 0.47053168593750005 0.110247046875 0.47053168593750005 0.097414965625 0.46743823906250004 0.097414965625 0.46743823906250004 0.110247046875
0 0.5215735765625 0.140035803125 0.5262137484375 0.140035803125 0.5262137484375 0.123995703125 0.5215735765625 0.123995703125 0.5215735765625 0.140035803125
0 0.5272448984375 0.0864160390625 0.5321428578125 0.0864160390625 0.5321428578125 0.0790834234375 0.5272448984375 0.0790834234375 0.5272448984375 0.0864160390625
0 0.8904448609375001 0.42934199531250006 0.8493600062500001 0.42934199531250006 0.8493600062500001 0.46442971406250005 0.8904448609375001 0.46442971406250005 0.8904448609375001 0.42934199531250006
0 0.925487825 0.33123959687500004 0.8916532390624999 0.33123959687500004 0.8916532390624999 0.3641790875 0.925487825 0.3641790875 0.925487825 0.33123959687500004
0 0.365765596875 0.1168894234375 0.37360233125 0.1168894234375 0.37360233125 0.10845691406249999 0.365765596875 0.10845691406249999 0.365765596875 0.1168894234375
0 0.784295240625 0.1825632875 0.791301665625 0.1825632875 0.791301665625 0.1708763015625 0.784295240625 0.1708763015625 0.784295240625 0.1825632875
0 0.727880190625 0.26345321093749996 0.7455178921875001 0.26345321093749996 0.7455178921875001 0.25059848749999997 0.727880190625 0.25059848749999997 0.727880190625 0.26345321093749996
0 0.7205522656250001 0.21625415 0.73575718125 0.21625415 0.73575718125 0.20003557343749997 0.7205522656250001 0.20003557343749997 0.7205522656250001 0.21625415
0 0.4007929 0.13072204375000002 0.4055908953125 0.13072204375000002 0.4055908953125 0.12039021093749999 0.4007929 0.12039021093749999 0.4007929 0.13072204375000002
0 0.41511541406249997 0.055252924999999994 0.418436978125 0.055252924999999994 0.418436978125 0.0485113796875 0.41511541406249997 0.0485113796875 0.41511541406249997 0.055252924999999994
0 0.377858534375 0.05264488125 0.3801005890625 0.05264488125 0.3801005890625 0.0495447546875 0.377858534375 0.0495447546875 0.377858534375 0.05264488125
0 0.3748968046875 0.0528417140625 0.37705582187500003 0.0528417140625 0.37705582187500003 0.049790796875 0.3748968046875 0.049790796875 0.3748968046875 0.0528417140625
0 0.4232853828125 0.05620119999999999 0.4255052328125 0.05620119999999999 0.4255052328125 0.0518789515625 0.4232853828125 0.0518789515625 0.4232853828125 0.05620119999999999
0 0.4278836453125 0.05516761875 0.43079059218750004 0.05516761875 0.43079059218750004 0.0507514078125 0.4278836453125 0.0507514078125 0.4278836453125 0.05516761875
0 0.4342789296875 0.054321960937500004 0.43850721562499995 0.054321960937500004 0.43850721562499995 0.048496321875 0.4342789296875 0.048496321875 0.4342789296875 0.054321960937500004
0 0.4408327734375 0.0514091421875 0.4433168921875 0.0514091421875 0.4433168921875 0.0470868921875 0.4408327734375 0.0470868921875 0.4408327734375 0.0514091421875
