0 0.334498328125 0 0.334143771875 0.0203125 0.3490190140625 0.0203125 0.3733233375 0.0197468109375 0.3734375 0.0132064421875 0.3734375 0 0.334498328125 0
0 0.48084162656250007 0.29746565625 0.48099838437500003 0.3109375 0.484375 0.3109375 0.484375 0.297547896875 0.48084162656250007 0.29746565625
0 0.7903322515625 0.3126860609375 0.78653149375 0.312752403125 0.786211853125 0.326485496875 0.7900126109375 0.3264191546875 0.7903322515625 0.3126860609375
0 0.646875 0.1992997609375 0.64621868125 0.1993188578125 0.6456409093750001 0.19933566875 0.6456902265625001 0.2078125 0.646875 0.2078125 0.646875 0.1992997609375
0 0.6546875 0.19297786875 0.6538892390625 0.1929639359375 0.6532165062499999 0.19295219375 0.653239328125 0.196875 0.6546875 0.196875 0.6546875 0.19297786875
0 0.6432745046875 0.19887678125 0.6425609359375001 0.19887263125000001 0.6425609359375001 0.20464462968750002 0.64375 0.204651546875 0.64375 0.1988795484375 0.6432745046875 0.19887678125
0 0.648215803125 0.20072680156249997 0.648339484375 0.2078125 0.6484375 0.2078125 0.6484375 0.20072293125 0.648215803125 0.20072680156249997
0 0.49127019218749995 0.3116265046875 0.49142180625 0.3203125 0.49530709218749996 0.3203125 0.49515745156249996 0.3117396125 0.49127019218749995 0.3116265046875
0 0.6087390140625001 0.18677905781249998 0.60858164375 0.1921875 0.6109375 0.1921875 0.6109375 0.186740684375 0.6087390140625001 0.18677905781249998
0 0.02712256875 0.6806483906249999 0.027711371875 0.73125 0.0421875 0.73125 0.0421875 0.68099903125 0.02712256875 0.6806483906249999
0 1 0.672250209375 0.997236984375 0.6721858984375 0.9973969984375 0.6859375 1 0.6859375 1 0.672250209375
