0 0.6898450375 0.06602049531250001 0.689661025 0.0765625 0.6959762078125 0.0765625 0.696163428125 0.0658366484375 0.6898450375 0.06602049531250001
0 0.6353209671875 0.38672270625 0.6353209671875 0.3984375 0.6375 0.3984375 0.6375 0.38673538281250003 0.6353209671875 0.38672270625
0 0.6689987515625 0.358981765625 0.669046490625 0.3671875 0.6734375 0.3671875 0.6734375 0.35911091875 0.6689987515625 0.358981765625
0 0.691340984375 0.32517369375 0.6913945171875 0.334375 0.69375 0.334375 0.69375 0.32522976406250004 0.691340984375 0.32517369375
0 0.6536364375 0.3204889171875 0.6537969984374999 0.3296875 0.65625 0.3296875 0.65625 0.3205649640625 0.6536364375 0.3204889171875
0 0.5869826015624999 0.28092042500000003 0.5890625 0.280908325 0.5890625 0.27087544218750004 0.5870993515625 0.2708868625 0.5869826015624999 0.28092042500000003
0 0.602609728125 0.26761572031249997 0.602738621875 0.275 0.60625 0.275 0.60625 0.26753099062499996 0.602609728125 0.26761572031249997
0 0.5640625 0.384375 0.5634942390625 0.384375 0.561418478125 0.3844233140625 0.561526728125 0.390625 0.5640625 0.390625 0.5640625 0.384375
0 0.5647063921875 0.39428581406249996 0.5649152281250001 0.40625 0.56875 0.40625 0.56875 0.3942387625 0.5647063921875 0.39428581406249996
0 0.669906234375 0.44986726875 0.675 0.44995618125 0.675 0.44262978437499995 0.6698209671875001 0.442539384375 0.669906234375 0.44986726875
0 0.629012984375 0.29250919375 0.6290474749999999 0.2984375 0.63125 0.2984375 0.63125 0.2924571265625 0.629012984375 0.29250919375
0 0.630138053125 0.29902072031250004 0.6301858124999999 0.303125 0.6328125 0.303125 0.6328125 0.29902072031250004 0.630138053125 0.29902072031250004
0 0.589735615625 0.212689684375 0.5898243140625 0.2203125 0.59375 0.2203125 0.59375 0.21275975625000002 0.589735615625 0.212689684375
0 0.6040737265625 0.22555225625 0.6042550015625 0.2359375 0.6125 0.2359375 0.6125 0.2254542078125 0.6040737265625 0.22555225625
0 0.5772136484375 0.263936096875 0.577158371875 0.2734375 0.5828125 0.2734375 0.5828125 0.263936096875 0.5772136484375 0.263936096875
0 0.6688353874999999 0.29337927656249996 0.669098590625 0.3046875 0.6765625 0.3046875 0.6765625 0.2934242296875 0.6688353874999999 0.29337927656249996
0 0.144543134375 0.9056068578125 0.144543134375 0.9109375 0.1484375 0.9109375 0.1484375 0.9057201718750001 0.144543134375 0.9056068578125
0 0.1602464484375 0.8697821078124999 0.16010082187500002 0.878125 0.1625 0.878125 0.1625 0.8698083296875 0.1602464484375 0.8697821078124999
0 0.1572170578125 0.864159396875 0.1572170578125 0.8765625 0.159375 0.8765625 0.159375 0.8641468421875 0.1572170578125 0.864159396875
0 0.1722285015625 0.87516905 0.1722638796875 0.88125 0.175 0.88125 0.175 0.8752174265624999 0.1722285015625 0.87516905
0 0.17753305625 0.860113828125 0.1772817703125 0.86875 0.178125 0.86875 0.178125 0.860110384375 0.17753305625 0.860113828125
0 0.167682603125 0.8569557109374999 0.16776529843750002 0.8640625 0.1702715640625 0.8640625 0.1701892078125 0.856984878125 0.167682603125 0.8569557109374999
0 0.17305439375 0.8604838781249999 0.173006303125 0.86875 0.1765625 0.86875 0.1765625 0.8604022265625 0.17305439375 0.8604838781249999
0 0.19023760625 0.871875 0.19034669531249998 0.88125 0.1921875 0.88125 0.1921875 0.871875 0.19023760625 0.871875
0 0.192336078125 0.8657708015625 0.19238068125000002 0.8734375 0.1953054484375 0.8734375 0.19526045 0.8657027359375 0.192336078125 0.8657708015625
0 0.1835177921875 0.8723602265625001 0.183560421875 0.8796875 0.184375 0.8796875 0.184375 0.872380178125 0.1835177921875 0.8723602265625001
0 0.1708610859375 0.852179190625 0.17077735624999998 0.859375 0.1734375 0.859375 0.1734375 0.852179190625 0.1708610859375 0.852179190625
0 0.2230184828125 0.86637683125 0.22308683281250002 0.878125 0.225 0.878125 0.225 0.866388359375 0.2230184828125 0.86637683125
