0 0.756949359375 0.3717779625 0.7291168703124999 0.3717779625 0.7291168703124999 0.47055618906249996 0.756949359375 0.47055618906249996 0.756949359375 0.3717779625
0 0.088539303125 0.7570910546875 0.08863440312500001 0.7734375 0.096875 0.7734375 0.096875 0.7570425593750001 0.088539303125 0.7570910546875
0 0.125617846875 0.7046875 0.12620888125000002 0.725 0.1359375 0.725 0.1359375 0.7046875 0.125617846875 0.7046875
0 0.09847685 0.7572546734375 0.1088328765625 0.7572546734375 0.1088328765625 0.733478353125 0.09847685 0.733478353125 0.09847685 0.7572546734375
0 0.0435980828125 0.7516889359375 0.056679379687499996 0.7516889359375 0.056679379687499996 0.7296400375000001 0.0435980828125 0.7296400375000001 0.0435980828125 0.7516889359375
0 0.082357965625 0.7017006 0.090729996875 0.7017006 0.090729996875 0.6885333703125001 0.082357965625 0.6885333703125001 0.082357965625 0.7017006
0 0.784375 0.73203125 0.43125 0.0046875
0 0.784375 0.7265625 0.43125 0.003125
0 0.784375 0.73203125 0.43125 0.0078125
0 0.784375 0.7234375 0.43125 0.003125
0 0.784375 0.71953125 0.43125 0.0046875
0 0.784375 0.99609375 0.43125 0.0046875
0 0.784375 0.97578125 0.43125 0.0078125
0 0.784375 0.98984375 0.43125 0.0078125
0 0.784375 0.9640625 0.43125 0.00625
0 0.784375 0.94765625 0.43125 0.0046875
0 0.784375 0.9421875 0.43125 0.00625
0 0.784375 0.91484375 0.43125 0.0046875
0 0.784375 0.88515625 0.43125 0.0046875
0 0.784375 0.8921875 0.43125 0.00625
0 0.784375 0.88359375 0.43125 0.0046875
0 0.784375 0.91875 0.43125 0.00625
0 0.784375 0.90859375 0.43125 0.0046875
0 0.784375 0.95234375 0.43125 0.0015625
0 0.784375 0.97421875 0.43125 0.0046875
0 0.784375 0.97578125 0.43125 0.0046875
0 0.784375 0.9859375 0.43125 0.003125
0 0.784375 0.9890625 0.43125 0.003125
0 0.784375 0.925 0.43125 0.003125
0 0.784375 0.91015625 0.43125 0.0046875
0 0.784375 0.89296875 0.43125 0.0046875
0 0.784375 0.87109375 0.43125 0.0046875
0 0.784375 0.65 0.43125 0.003125
0 0.784375 0.63515625 0.43125 0.0046875
0 0.784375 0.63046875 0.43125 0.0046875
0 0.784375 0.66796875 0.43125 0.0046875
0 0.784375 0.6609375 0.43125 0.003125
0 0.784375 0.71171875 0.43125 0.0046875
0 0.784375 0.7203125 0.43125 0.003125
0 0.784375 0.7015625 0.43125 0.00625
0 0.784375 0.69296875 0.43125 0.0046875
0 0.784375 0.58515625 0.43125 0.0046875
0 0.784375 0.5609375 0.43125 0.003125
0 0.784375 0.56640625 0.43125 0.0046875
0 0.784375 0.57265625 0.43125 0.0015625
0 0.784375 0.57578125 0.43125 0.0046875
0 0.784375 0.57890625 0.43125 0.0078125
0 0.784375 0.61328125 0.43125 0.0015625
0 0.784375 0.596875 0.43125 0.003125
0 0.784375 0.5734375 0.43125 0.003125
0 0.784375 0.60078125 0.43125 0.0046875
0 0.784375 0.615625 0.43125 0.003125
0 0.784375 0.60859375 0.43125 0.0015625
0 0.784375 0.60625 0.43125 0.003125
0 0.784375 0.61640625 0.43125 0.0046875
0 0.784375 0.6203125 0.43125 0.003125
0 0.784375 0.62578125 0.43125 0.0015625
0 0.784375 0.76875 0.43125 0.003125
0 0.784375 0.76171875 0.43125 0.0046875
0 0.784375 0.7453125 0.43125 0.003125
0 0.784375 0.79921875 0.43125 0.0015625
0 0.784375 0.79609375 0.43125 0.0046875
0 0.784375 0.85546875 0.43125 0.0046875
