0 0.3796875 0.157374303125 0.36875 0.157374303125 0.36875 0.1864379234375 0.3688379921875 0.2015625 0.3796875 0.2015625 0.3796875 0.157374303125
0 0.352467471875 0.1491272671875 0.35275435 0.1984375 0.3671875 0.1984375 0.3671875 0.14878465624999998 0.352467471875 0.1491272671875
0 0.95625 0.35 0.95625 0.30029201250000004 0.93717699375 0.3007359421875 0.9374636046875 0.35 0.95625 0.35
0 0.601813434375 0.25032013750000004 0.605741234375 0.25032013750000004 0.605741234375 0.24359945624999998 0.601813434375 0.24359945624999998 0.601813434375 0.25032013750000004
0 0.2001843390625 0.6327782140625 0.20085722499999997 0.7484375 0.2234375 0.7484375 0.2234375 0.6327782140625 0.2001843390625 0.6327782140625
0 0.059375 0.41136066250000003 0.05926756875 0.3928948046875 0.050327132812499994 0.3931028953125 0.050567246875000006 0.434375 0.059375 0.434375 0.059375 0.41136066250000003
0 0.26008653437499996 0.6434621921874999 0.2236133921875 0.6434621921874999 0.2236133921875 0.7433986328125 0.26008653437499996 0.7433986328125 0.26008653437499996 0.6434621921874999
0 0.653512215625 0.6560517078125001 0.6659123265625 0.6560517078125001 0.6659123265625 0.6032664703125 0.653512215625 0.6032664703125 0.653512215625 0.6560517078125001
0 0.616471446875 0.35 0.616471446875 0.391016815625 0.6405422484375001 0.391016815625 0.6405422484375001 0.35 0.616471446875 0.35
0 0.657805146875 0.43558139999999995 0.68600931875 0.43558139999999995 0.68600931875 0.3784695046875 0.657805146875 0.3784695046875 0.657805146875 0.43558139999999995
0 0.695248615625 0.35 0.695248615625 0.38409416093750004 0.7227233703125 0.38409416093750004 0.7227233703125 0.35 0.695248615625 0.35
0 0.9726495296875001 0.8400813234375001 0.978728015625 0.8400813234375001 0.978728015625 0.8253706843749999 0.9726495296875001 0.8253706843749999 0.9726495296875001 0.8400813234375001
0 0.975586959375 0.7749651078124999 0.982978396875 0.7749651078124999 0.982978396875 0.7611198 0.975586959375 0.7611198 0.975586959375 0.7749651078124999
0 0.9578256249999999 0.6956358187499999 0.9648158828125 0.6956358187499999 0.9648158828125 0.6831966749999999 0.9578256249999999 0.6831966749999999 0.9578256249999999 0.6956358187499999
0 0.8683464296875 0.59915998125 0.8749442609375 0.59915998125 0.8749442609375 0.587862209375 0.8683464296875 0.587862209375 0.8683464296875 0.59915998125
0 1 0.5698503609375 0.994722328125 0.5698503609375 0.994722328125 0.6037713671875 1 0.6037713671875 1 0.5698503609375
0 1 0.52961784375 0.9943268703125 0.52961784375 0.9943268703125 0.5474653109375 1 0.5474653109375 1 0.52961784375
0 0.9082593156250001 0.47245862499999997 0.9200363812500001 0.47245862499999997 0.9200363812500001 0.44000868437499996 0.9082593156250001 0.44000868437499996 0.9082593156250001 0.47245862499999997
0 0.9242153406250001 0.41026290468750004 0.9375120265625 0.41026290468750004 0.9375120265625 0.389981690625 0.9242153406250001 0.389981690625 0.9242153406250001 0.41026290468750004
0 0.9211760984375001 0.38186920625 0.9211760984375001 0.369700478125 0.9131980859375 0.369700478125 0.9131980859375 0.38186920625 0.920633103125 0.38186920625 0.9211760984375001 0.38186920625
0 0.924600715625 0.3702943109375 0.9334704421875 0.3702943109375 0.9334704421875 0.35423375468749996 0.924600715625 0.35423375468749996 0.924600715625 0.3702943109375
0 0.7347520578125 0.8307333312499999 0.7258200875 0.8307333312499999 0.7258200875 0.8748514703125 0.7347520578125 0.8748514703125 0.7347520578125 0.8307333312499999
0 0.6328608234375 0.7387239859375001 0.621240915625 0.7387239859375001 0.621240915625 0.7864963546875 0.6328608234375 0.7864963546875 0.6328608234375 0.7387239859375001
0 0.961254309375 0.9107080953125 0.9557114796875 0.9107080953125 0.9557114796875 0.9204527062500001 0.961254309375 0.9204527062500001 0.961254309375 0.9107080953125
0 0.8942061046875001 0.8758889296875001 0.8897985531250001 0.8758889296875001 0.8897985531250001 0.8843263390625001 0.8942061046875001 0.8843263390625001 0.8942061046875001 0.8758889296875001
0 0.8903328015625 0.8509332140625 0.8841889421874999 0.8509332140625 0.8841889421874999 0.8706601124999999 0.8903328015625 0.8706601124999999 0.8903328015625 0.8509332140625
0 0.9635916468750001 0.8649559499999999 0.9711379093750001 0.8649559499999999 0.9711379093750001 0.8535476234375 0.9635916468750001 0.8535476234375 0.9635916468750001 0.8649559499999999
0 0.9734084656249999 0.8202733359375 0.9806208234374999 0.8202733359375 0.9806208234374999 0.8066071109374999 0.9734084656249999 0.8066071109374999 0.9734084656249999 0.8202733359375
0 0.9763256421875 0.7302132359375 0.9799986015624998 0.7302132359375 0.9799986015624998 0.7233801234375 0.9763256421875 0.7233801234375 0.9763256421875 0.7302132359375
0 0.9870940906250001 0.6932253 0.977828215625 0.6932253 0.977828215625 0.7107537203125001 0.9870940906250001 0.7107537203125001 0.9870940906250001 0.6932253
0 1 0.6268252734375 0.9965269187499999 0.6268252734375 0.9965269187499999 0.6544548156250001 1 0.6544548156250001 1 0.6268252734375
0 0.7529648171875 0.506030571875 0.7583907812499999 0.506030571875 0.7583907812499999 0.49247575781249997 0.7529648171875 0.49247575781249997 0.7529648171875 0.506030571875
0 0.760821221875 0.39843435937500005 0.7521663937499999 0.39843435937500005 0.7521663937499999 0.4135503921875 0.760821221875 0.4135503921875 0.760821221875 0.39843435937500005
0 0.7545705125 0.3740965953125 0.7489074765625 0.3740965953125 0.7489074765625 0.3913041546875 0.7545705125 0.3913041546875 0.7545705125 0.3740965953125
