0 0.1737938578125 0 0.17374840625000001 0.0078125 0.1796875 0.0078125 0.1796875 0 0.1737938578125 0
0 0.1984375 0 0.1984375 0.009375 0.203125 0.009375 0.203125 0 0.1984375 0
0 0.20463350937499997 0.0017083140625 0.204228575 0.015625 0.2125 0.015625 0.2125 0.0016625484375 0.20463350937499997 0.0017083140625
0 0.11642499843750001 0.29542251406250003 0.11675036093749999 0.3140625 0.121875 0.3140625 0.121875 0.29539080625 0.11642499843750001 0.29542251406250003
0 0.1335736546875 0.2671875 0.1335736546875 0.2796875 0.14375 0.2796875 0.14375 0.2671875 0.1335736546875 0.2671875
0 0.1114784421875 0.34483745312499997 0.11154483906249998 0.35625 0.121875 0.35625 0.121875 0.34483745312499997 0.1114784421875 0.34483745312499997
0 0.11533981093750001 0.356308840625 0.11533981093750001 0.3734375 0.1203125 0.3734375 0.1203125 0.356395640625 0.11533981093750001 0.356308840625
0 0.252886959375 0.305094709375 0.253568465625 0.334375 0.2609375 0.334375 0.2609375 0.3052352328125 0.252886959375 0.305094709375
0 0.172270028125 0.12067467031250001 0.17195115 0.134375 0.1796434140625 0.134375 0.1796875 0.1324809046875 0.1796875 0.12084731562499999 0.172270028125 0.12067467031250001
0 0.12227102187500001 0.019766909375 0.12198236093749999 0.0296875 0.1265625 0.0296875 0.1265625 0.0197169734375 0.12227102187500001 0.019766909375
0 0.1202252375 0.271330959375 0.12045610625 0.28125 0.125 0.28125 0.125 0.2712198265625 0.1202252375 0.271330959375
0 0.21971238125 0.0444190171875 0.21966173125 0.053125 0.225 0.053125 0.225 0.0445113140625 0.21971238125 0.0444190171875
0 0.20094794375 0.0939634875 0.2010545484375 0.103125 0.209375 0.103125 0.209375 0.0940125140625 0.20094794375 0.0939634875
0 0.984375 0.4 0.984375 0.3734375 0.975 0.3734375 0.975 0.3739285203125 0.9756068203125 0.4 0.984375 0.4
0 0.709375 0.4 0.709375 0.377014046875 0.6967505265625 0.376720209375 0.6966150890625 0.4 0.709375 0.4
0 0.6453125 0.4 0.6453125 0.37569373281249996 0.6320480984375 0.375848078125 0.6326102406249999 0.4 0.6453125 0.4
0 0.6484375 0.328125 0.6397012265625 0.328125 0.6390625 0.350076603125 0.6390625 0.365625 0.6482157984375 0.365625 0.6484375 0.35800562187499996 0.6484375 0.328125
0 0.6494103203125 0.316875603125 0.6505449765625 0.365625 0.659375 0.365625 0.659375 0.31670166875 0.6494103203125 0.316875603125
0 0.9729894890625002 0.25221608125 0.9731311312500001 0.2765625 0.98125 0.2765625 0.98125 0.25221608125 0.9729894890625002 0.25221608125
0 0.9826364046875 0.25221608125 0.9832030734374999 0.2765625 0.9890625 0.2765625 0.9890625 0.25221608125 0.9826364046875 0.25221608125
0 1 0.26000243749999996 0.9964425515625 0.260023134375 0.997058528125 0.2953125 1 0.2953125 1 0.26000243749999996
0 0.625 0.0889361421875 0.6203125 0.088854321875 0.6203125 0.1109375 0.625 0.1109375 0.625 0.0889361421875
0 0.625929346875 0.0851534203125 0.6257793390625 0.1109375 0.6296875 0.1109375 0.6296875 0.08504406875000001 0.625929346875 0.0851534203125
0 0.6372075125000001 0.0820666265625 0.6366446375 0.10625 0.640580334375 0.10625 0.640625 0.104330971875 0.640625 0.082086509375 0.6372075125000001 0.0820666265625
0 0.651979696875 0.0696729296875 0.6524984109374999 0.0875 0.65625 0.0875 0.65625 0.069772321875 0.651979696875 0.0696729296875
0 0.68975876875 0.0938164515625 0.689432646875 0.1125 0.69375 0.1125 0.69375 0.0939093484375 0.68975876875 0.0938164515625
0 0.6988953890625 0.07296775 0.6991972625 0.0859375 0.70625 0.0859375 0.70625 0.073096125 0.6988953890625 0.07296775
0 0.615625 0 0.615625 0.01875 0.6870371734375 0.01875 0.687473584375 0 0.615625 0
0 0.9300251328125 0.1615290265625 0.9302762203124999 0.2046875 0.971875 0.2046875 0.971875 0.1625030921875 0.9300251328125 0.1615290265625
0 0.6696854515624999 0.32451135 0.6703093015625 0.378125 0.678125 0.378125 0.678125 0.3246586625 0.6696854515624999 0.32451135
0 0.53125 0.4 0.53125 0.3736445046875 0.5238363140625 0.3738170609375 0.524445728125 0.4 0.53125 0.4
0 0.51730371875 0.398272653125 0.5234375 0.39820127968749996 0.5234375 0.3789525078125 0.51730371875 0.37902388125 0.51730371875 0.398272653125
0 0.640670465625 0.207989971875 0.640670465625 0.2296875 0.65 0.2296875 0.65 0.207989971875 0.640670465625 0.207989971875
0 0.971875 0.4 0.971875 0.37324074218750003 0.961663140625 0.3730030578125 0.9610347796875001 0.4 0.971875 0.4
0 0.641711959375 0.035683312499999995 0.6415817328125 0.046875 0.6421875 0.046875 0.6421875 0.035694381250000004 0.641711959375 0.035683312499999995
0 0.7453125 0.0738076828125 0.7421875 0.0737531375 0.7421875 0.0906140078125 0.7428172859375 0.090625 0.7453125 0.090625 0.7453125 0.0738076828125
0 0.7498230125 0.0705869671875 0.7456659453125 0.0706837234375 0.74531790625 0.0906228234375 0.7494749734375 0.0905260671875 0.7498230125 0.0705869671875
