0 0 0.559375 0.10625 0.559375 0.10625 0.5026302828125 0 0.501393953125 0 0.559375
0 0.6828125 0.17754455 0.680628440625 0.17755725625000002 0.6806125921875 0.1802814203125 0.6806069562499999 0.18125 0.6828125 0.18125 0.6828125 0.17754455
0 0.6924231031250001 0.172026509375 0.6924494921875001 0.1765625 0.6953125 0.1765625 0.6953125 0.1720433203125 0.6924231031250001 0.172026509375
0 0.6896346281250001 0.1467341859375 0.6895784468749999 0.1515625 0.690625 0.1515625 0.690625 0.1467168984375 0.6896346281250001 0.1467341859375
0 0.6771351859375001 0.1479255453125 0.677165434375 0.153125 0.678125 0.153125 0.678125 0.147914028125 0.6771351859375001 0.1479255453125
0 0.66875 0.15587877187500002 0.6671875 0.15586059218749998 0.6671875 0.159375 0.66875 0.159375 0.66875 0.15587877187500002
0 0.6725860906250001 0.1558289671875 0.67250355625 0.159375 0.675 0.159375 0.675 0.1558149234375 0.6725860906250001 0.1558289671875
0 0.6720494859375 0.1303733640625 0.6720494859375 0.1375 0.675 0.1375 0.675 0.13040769531250002 0.6720494859375 0.1303733640625
0 0.63951438125 0.1323622203125 0.640625 0.13236868125 0.640625 0.12579466718750001 0.639667371875 0.1257890953125 0.63951438125 0.1323622203125
0 0.6214854 0.13083155468750002 0.6213301890625 0.1375 0.6234375 0.1375 0.6234375 0.13083155468750002 0.6214854 0.13083155468750002
0 0.6053280859375001 0.1375 0.6051462296875 0.14375 0.6077102875 0.14375 0.6078125 0.1402372125 0.6078125 0.1375 0.6053280859375001 0.1375
0 0.6130712640625 0.1211456578125 0.610505034375 0.1211456578125 0.610505034375 0.1266456171875 0.6130712640625 0.1266456171875 0.6130712640625 0.1211456578125
0 0.6157129734375 0.1184627484375 0.6131467421875 0.1184627484375 0.6131467421875 0.1262431828125 0.6157129734375 0.1262431828125 0.6157129734375 0.1184627484375
0 0.61910945625 0.11859689375 0.6166941796875001 0.11859689375 0.6166941796875001 0.1242310015625 0.61910945625 0.1242310015625 0.61910945625 0.11859689375
0 0.6304310640625 0.117389584375 0.6275629234375 0.117389584375 0.6275629234375 0.121413946875 0.6304310640625 0.121413946875 0.6304310640625 0.117389584375
0 0.615486540625 0.14395037500000002 0.6134486515625 0.14395037500000002 0.6134486515625 0.1483771734375 0.615486540625 0.1483771734375 0.615486540625 0.14395037500000002
0 0.609523828125 0.1485434296875 0.609523828125 0.1498527734375 0.6113352843750001 0.1498527734375 0.6113352843750001 0.1455601203125 0.609523828125 0.1455601203125 0.609523828125 0.1485434296875
0 0.67146213125 0.17700465468749998 0.67146213125 0.1722573234375 0.6690878171875 0.1722573234375 0.6690878171875 0.1745257078125 0.6690878171875 0.17700465468749998 0.67146213125 0.17700465468749998
0 0.6760612890625 0.1481327578125 0.6777628796874999 0.1481327578125 0.6777628796874999 0.143948075 0.6760612890625 0.143948075 0.6760612890625 0.1481327578125
0 0.6800580500000001 0.14131066875 0.6776639515625 0.14131066875 0.6776639515625 0.1471481265625 0.6800580500000001 0.1471481265625 0.6800580500000001 0.14131066875
0 0.6721041 0.146339321875 0.6753489953124999 0.146339321875 0.6753489953124999 0.1412403375 0.6721041 0.1412403375 0.6721041 0.146339321875
0 0.676869421875 0.14005185625 0.6793040203125 0.14005185625 0.6793040203125 0.1356561796875 0.676869421875 0.1356561796875 0.676869421875 0.14005185625
0 0.63914125625 0.10950543906250002 0.6412435125 0.10950543906250002 0.6412435125 0.10329654531250002 0.63914125625 0.10329654531250002 0.63914125625 0.10950543906250002
0 0.6383065375 0.10093387031250001 0.635616884375 0.10093387031250001 0.635616884375 0.10978016875 0.6383065375 0.10978016875 0.6383065375 0.10093387031250001
0 0.5956785453125 0.11944516875 0.598097178125 0.11944516875 0.598097178125 0.1113655640625 0.5956785453125 0.1113655640625 0.5956785453125 0.11944516875
0 0.6012882562499999 0.11557416093749999 0.598692340625 0.11557416093749999 0.598692340625 0.1206604859375 0.6012882562499999 0.1206604859375 0.6012882562499999 0.11557416093749999
0 0.58594134375 0.12807639375 0.5881969421875001 0.12807639375 0.5881969421875001 0.1236103859375 0.58594134375 0.1236103859375 0.58594134375 0.12807639375
0 0.5904921109375 0.12055099531249999 0.5874252906249999 0.12055099531249999 0.5874252906249999 0.1247708453125 0.5904921109375 0.1247708453125 0.5904921109375 0.12055099531249999
0 0.5786799015625 0.1257554765625 0.5815488640625001 0.1257554765625 0.5815488640625001 0.1204454984375 0.5786799015625 0.1204454984375 0.5786799015625 0.1257554765625
0 0.5872472156249999 0.1137992359375 0.590472325 0.1137992359375 0.590472325 0.1044100703125 0.5872472156249999 0.1044100703125 0.5872472156249999 0.1137992359375
0 0.5553441125 0.1402074375 0.5591776390625001 0.1402074375 0.5591776390625001 0.13614143750000002 0.5553441125 0.13614143750000002 0.5553441125 0.1402074375
0 0.561929121875 0.121910434375 0.5593013015625 0.121910434375 0.5593013015625 0.1332842484375 0.561929121875 0.1332842484375 0.561929121875 0.121910434375
0 0.625116621875 0.13088967812500002 0.6275318984375 0.13088967812500002 0.6275318984375 0.12702629062499998 0.625116621875 0.12702629062499998 0.625116621875 0.13088967812500002
0 0.7042773062500001 0.146879809375 0.7042773062500001 0.1434456859375 0.7017412671875001 0.1434456859375 0.7017412671875001 0.145118175 0.7017412671875001 0.146879809375 0.7042773062500001 0.146879809375
0 0.8786152078124999 0.1666780046875 0.8805860734375 0.1666780046875 0.8805860734375 0.159397665625 0.8786152078124999 0.159397665625 0.8786152078124999 0.1666780046875
0 0.6704722015625 0.08587363906249999 0.6725744578125 0.08587363906249999 0.6725744578125 0.07840098906250001 0.6704722015625 0.07840098906250001 0.6704722015625 0.08587363906249999
0 0.6668859984375001 0.083280190625 0.6696312984375 0.083280190625 0.6696312984375 0.07514818906250001 0.6668859984375001 0.07514818906250001 0.6668859984375001 0.083280190625
0 0.5935422921875 0.09693749375 0.5969430015625 0.09693749375 0.5969430015625 0.0899044109375 0.5935422921875 0.0899044109375 0.5935422921875 0.09693749375
0 0.5985370421875 0.0783913953125 0.6011262187499999 0.0783913953125 0.6011262187499999 0.0678142984375 0.5985370421875 0.0678142984375 0.5985370421875 0.0783913953125
0 0.606034059375 0.08876244375 0.61159885625 0.08876244375 0.61159885625 0.0744078140625 0.606034059375 0.0744078140625 0.606034059375 0.08876244375
0 0.7206509203125 0.15598173906249999 0.7227917390625 0.15598173906249999 0.7227917390625 0.1516131921875 0.7206509203125 0.1516131921875 0.7206509203125 0.15598173906249999
0 0.7085336234375 0.134558421875 0.7048292125 0.134558421875 0.7048292125 0.1384365640625 0.7085336234375 0.1384365640625 0.7085336234375 0.134558421875
0 0.6990594484375 0.1419645109375 0.6963394968750001 0.1419645109375 0.6963394968750001 0.1471594171875 0.6990594484375 0.1471594171875 0.6990594484375 0.1419645109375
0 0.5485603046875 0.138937271875 0.5514527890625 0.138937271875 0.5514527890625 0.132984775 0.5485603046875 0.132984775 0.5485603046875 0.138937271875
0 0.6461723359375 0.12927745468750002 0.6438664671875 0.12927745468750002 0.6438664671875 0.13302933125 0.6461723359375 0.13302933125 0.6461723359375 0.12927745468750002
0 0.376086025 0.7669914734375001 0.375921259375 0.7953125 0.38125 0.7953125 0.38125 0.7669614296875 0.376086025 0.7669914734375001
0 0.37104299687500003 0.7359375 0.37117935156250004 0.759375 0.3765625 0.759375 0.3765625 0.7359375 0.37104299687500003 0.7359375
0 0.38733040625 0.7408860546875 0.3870970859375 0.7609375 0.3890625 0.7609375 0.3890625 0.7408558218750001 0.38733040625 0.7408860546875
0 0.4 0.7625 0.3945438203125 0.7625 0.3945454421875 0.7627788546875001 0.394707446875 0.790625 0.4 0.790625 0.4 0.7625
0 0.7162844765624999 0.6858317171875 0.716348725 0.696875 0.7198449625000001 0.696875 0.7197809515625 0.6858724015625001 0.7162844765624999 0.6858317171875
0 0.7303616765625 0.730111771875 0.73028233125 0.74375 0.7328125 0.74375 0.7328125 0.7300975140625 0.7303616765625 0.730111771875
0 0.773740009375 0.7415302234375 0.7738347375 0.7578125 0.778125 0.7578125 0.778125 0.7415557359375 0.773740009375 0.7415302234375
0 0.7649301421875 0.7439184140625 0.7649927937500001 0.7546875 0.7671875 0.7546875 0.7671875 0.743892146875 0.7649301421875 0.7439184140625
0 0.6900017187499999 0.6880125406250001 0.6898197515625 0.6984375 0.6921875 0.6984375 0.6921875 0.688037975 0.6900017187499999 0.6880125406250001
0 0.67669531875 0.6996338265625 0.6796875 0.69961641875 0.6796875 0.6880779390625 0.6769639171875 0.688093784375 0.67669531875 0.6996338265625
0 0.7881176156249999 0.6842695671875 0.7881176156249999 0.69375 0.790625 0.69375 0.790625 0.6842987421875 0.7881176156249999 0.6842695671875
0 0.69797228125 0.6921282890625 0.6978254328125 0.6984375 0.7015625 0.6984375 0.7015625 0.692149175 0.69797228125 0.6921282890625
0 0.7011427375 0.6867287203125001 0.7008702125 0.6984375 0.7046875 0.6984375 0.7046875 0.6867287203125001 0.7011427375 0.6867287203125001
0 0.761211734375 0.744175584375 0.7609513328124999 0.753125 0.7640625 0.753125 0.7640625 0.7440926359375 0.761211734375 0.744175584375
0 0.6206420968749999 0.701497559375 0.62494575 0.701497559375 0.62494575 0.6911145875 0.6206420968749999 0.6911145875 0.6206420968749999 0.701497559375
0 0.7078112093750001 0.6981353296874999 0.711311734375 0.6981353296874999 0.711311734375 0.6865486437499999 0.7078112093750001 0.6865486437499999 0.7078112093750001 0.6981353296874999
0 0.7143856484375 0.69835908125 0.7170831921875 0.69835908125 0.7170831921875 0.6872091703125001 0.7143856484375 0.6872091703125001 0.7143856484375 0.69835908125
0 0.712007790625 0.697971646875 0.7149401015625 0.697971646875 0.7149401015625 0.687621390625 0.712007790625 0.687621390625 0.712007790625 0.697971646875
0 0.759777846875 0.7530466140625001 0.7633957171875 0.7530466140625001 0.7633957171875 0.7444609796874999 0.759777846875 0.7444609796874999 0.759777846875 0.7530466140625001
0 0.7367365890625 0.6976643390625 0.7400459828124999 0.6976643390625 0.7400459828124999 0.6849239171875 0.7367365890625 0.6849239171875 0.7367365890625 0.6976643390625
0 0.7592998015625 0.738221034375 0.7626226171875 0.738221034375 0.7626226171875 0.7237129906249999 0.7592998015625 0.7237129906249999 0.7592998015625 0.738221034375
0 0.5204226703125 0.7500783796875 0.5241863796875 0.7500783796875 0.5241863796875 0.7286870890625 0.5204226703125 0.7286870890625 0.5204226703125 0.7500783796875
0 0.8193395000000001 0.6907664296875 0.8193395000000001 0.685920834375 0.816241328125 0.685920834375 0.816241328125 0.699215571875 0.8193395000000001 0.699215571875 0.8193395000000001 0.6907664296875
0 0.7951202390625 0.69447581875 0.798296990625 0.69447581875 0.798296990625 0.6820979421875 0.7951202390625 0.6820979421875 0.7951202390625 0.69447581875
0 0.784395184375 0.7597647453125 0.7885824671874999 0.7597647453125 0.7885824671874999 0.7365156140625 0.784395184375 0.7365156140625 0.784395184375 0.7597647453125
0 0.7586928984375 0.751897440625 0.7617213359375 0.751897440625 0.7617213359375 0.7439737984375 0.7586928984375 0.7439737984375 0.7586928984375 0.751897440625
0 0.7271067546875 0.6971127578124999 0.729835565625 0.6971127578124999 0.729835565625 0.6858367125 0.7271067546875 0.6858367125 0.7271067546875 0.6971127578124999
0 0.7450335453125 0.6985556796875001 0.7485061 0.6985556796875001 0.7485061 0.684315296875 0.7450335453125 0.684315296875 0.7450335453125 0.6985556796875001
0 0.672657059375 0.69811400625 0.676077803125 0.69811400625 0.676077803125 0.687491025 0.672657059375 0.687491025 0.672657059375 0.69811400625
0 0.6860423921875001 0.6990375640625001 0.6892535609375 0.6990375640625001 0.6892535609375 0.6874303562499999 0.6860423921875001 0.6874303562499999 0.6860423921875001 0.6990375640625001
0 0.5984833359375 0.7037054875 0.602062590625 0.7037054875 0.602062590625 0.6922332765625 0.5984833359375 0.6922332765625 0.5984833359375 0.7037054875
0 0.7496329265625 0.7511862078125 0.7545838218750001 0.7511862078125 0.7545838218750001 0.7340421921875 0.7496329265625 0.7340421921875 0.7496329265625 0.7511862078125
0 0.7912771234375 0.695431990625 0.7945359062499999 0.695431990625 0.7945359062499999 0.68534046875 0.7912771234375 0.68534046875 0.7912771234375 0.695431990625
0 0.6084888656249999 0.7009056 0.6124743703125001 0.7009056 0.6124743703125001 0.69389621875 0.6084888656249999 0.69389621875 0.6084888656249999 0.7009056
0 0.7862323874999999 0.695209740625 0.7900464109375 0.695209740625 0.7900464109375 0.6851210156249999 0.7862323874999999 0.6851210156249999 0.7862323874999999 0.695209740625
0 0.728657865625 0.697623959375 0.7315662578125 0.697623959375 0.7315662578125 0.6855689171874999 0.728657865625 0.6855689171874999 0.728657865625 0.697623959375
0 0.72396764375 0.7426964578125 0.72735891875 0.7426964578125 0.72735891875 0.7307959343749999 0.72396764375 0.7307959343749999 0.72396764375 0.7426964578125
0 0.6593996093750001 0.6999699828125 0.663224653125 0.6999699828125 0.663224653125 0.69137995 0.6593996093750001 0.69137995 0.6593996093750001 0.6999699828125
0 0.5675442484375 0.765307484375 0.5705734375 0.765307484375 0.5705734375 0.7455869984375 0.5675442484375 0.7455869984375 0.5675442484375 0.765307484375
0 0.69050545625 0.73261899375 0.694939578125 0.73261899375 0.694939578125 0.7265108796875 0.69050545625 0.7265108796875 0.69050545625 0.73261899375
0 0.7335328421874999 0.6975976390625 0.7371754562499999 0.6975976390625 0.7371754562499999 0.6858870859375 0.7335328421874999 0.6858870859375 0.7335328421874999 0.6975976390625
0 0.7545239875 0.69628665 0.758055928125 0.69628665 0.758055928125 0.6832918250000001 0.7545239875 0.6832918250000001 0.7545239875 0.69628665
0 0.4963484625 0.715589684375 0.499216665625 0.715589684375 0.499216665625 0.7008650859375 0.4963484625 0.7008650859375 0.4963484625 0.715589684375
0 0.764765709375 0.69500208125 0.7689347703125 0.69500208125 0.7689347703125 0.6862524640625 0.764765709375 0.6862524640625 0.764765709375 0.69500208125
0 0.6135812140625 0.70203031875 0.617019053125 0.70203031875 0.617019053125 0.6911779874999999 0.6135812140625 0.6911779874999999 0.6135812140625 0.70203031875
0 0.7412675484375 0.69842058125 0.744872446875 0.69842058125 0.744872446875 0.6844243421874999 0.7412675484375 0.6844243421874999 0.7412675484375 0.69842058125
0 0.6483665296875 0.6988803781249999 0.6512483796874999 0.6988803781249999 0.6512483796874999 0.6897207062499999 0.6483665296875 0.6897207062499999 0.6483665296875 0.6988803781249999
0 0.595199321875 0.7044210515625 0.598212615625 0.7044210515625 0.598212615625 0.69120720625 0.595199321875 0.69120720625 0.595199321875 0.7044210515625
0 0.6678688359375 0.6981722765625 0.67123154375 0.6981722765625 0.67123154375 0.6910810703125 0.6678688359375 0.6910810703125 0.6678688359375 0.6981722765625
0 0.6523634703125 0.6985993234375 0.65656035 0.6985993234375 0.65656035 0.689281334375 0.6523634703125 0.689281334375 0.6523634703125 0.6985993234375
0 0.6440248234375 0.699879328125 0.6470807046875 0.699879328125 0.6470807046875 0.6899264671875 0.6440248234375 0.6899264671875 0.6440248234375 0.699879328125
0 0.8015240203125 0.6957913062500001 0.8055710093750001 0.6957913062500001 0.8055710093750001 0.6855814437500001 0.8015240203125 0.6855814437500001 0.8015240203125 0.6957913062500001
0 0.6073404453125 0.7008167125 0.6108606890624999 0.7008167125 0.6108606890624999 0.694550946875 0.6073404453125 0.694550946875 0.6073404453125 0.7008167125
0 0.6443217515624999 0.68941573125 0.6434764109375 0.68941573125 0.641562721875 0.68941573125 0.641562721875 0.6996295921875 0.6443217515624999 0.6996295921875 0.6443217515624999 0.68941573125
0 0.74745871875 0.6967865921875 0.7504543140625 0.6967865921875 0.7504543140625 0.684414446875 0.74745871875 0.684414446875 0.74745871875 0.6967865921875
0 0.63402105625 0.699887490625 0.637190459375 0.699887490625 0.637190459375 0.6913790843750001 0.63402105625 0.6913790843750001 0.63402105625 0.699887490625
0 0.5492345265624999 0.7022228859374999 0.5525822375 0.7022228859374999 0.5525822375 0.6877648171875 0.5492345265624999 0.6877648171875 0.5492345265624999 0.7022228859374999
0 0.7984742484374999 0.6951956796875 0.802594946875 0.6951956796875 0.802594946875 0.68604180625 0.7984742484374999 0.68604180625 0.7984742484374999 0.6951956796875
0 0.5475797531250001 0.7576112234375 0.5518662359375 0.7576112234375 0.5518662359375 0.734915875 0.5475797531250001 0.734915875 0.5475797531250001 0.7576112234375
0 0.6382029015625 0.69978554375 0.6414750312499999 0.69978554375 0.6414750312499999 0.6878056625 0.6382029015625 0.6878056625 0.6382029015625 0.69978554375
0 0.551540928125 0.7029163609375 0.5546904625 0.7029163609375 0.5546904625 0.68750605 0.551540928125 0.68750605 0.551540928125 0.7029163609375
0 0.5185610234375 0.7196951984375 0.521230825 0.7196951984375 0.521230825 0.704976396875 0.5185610234375 0.704976396875 0.5185610234375 0.7196951984375
0 0.8061291 0.6953105203125001 0.8091376671875 0.6953105203125001 0.8091376671875 0.6848609156250001 0.8061291 0.6848609156250001 0.8061291 0.6953105203125001
0 0.628710171875 0.700437840625 0.6316356609375 0.700437840625 0.6316356609375 0.69339194375 0.628710171875 0.69339194375 0.628710171875 0.700437840625
0 0.6835398375 0.6978916546875 0.6869758015625 0.6978916546875 0.6869758015625 0.6866979671875 0.6835398375 0.6866979671875 0.6835398375 0.6978916546875
0 0.7969057421875 0.694856621875 0.8004265109375 0.694856621875 0.8004265109375 0.6845540078125 0.7969057421875 0.6845540078125 0.7969057421875 0.694856621875
0 0.7051282875 0.6993966781250001 0.7081135375000001 0.6993966781250001 0.7081135375000001 0.687272803125 0.7051282875 0.687272803125 0.7051282875 0.6993966781250001
0 0.646392596875 0.6995195484375 0.6493597015624999 0.6995195484375 0.6493597015624999 0.6906112140625 0.646392596875 0.6906112140625 0.646392596875 0.6995195484375
0 0.554343034375 0.7036027062500001 0.5577274859375 0.7036027062500001 0.5577274859375 0.687608896875 0.554343034375 0.687608896875 0.554343034375 0.7036027062500001
0 0.562309659375 0.76180119375 0.565546096875 0.76180119375 0.565546096875 0.7432387765625 0.562309659375 0.7432387765625 0.562309659375 0.76180119375
0 0.7496867640625 0.6970426609375 0.7528229515625 0.6970426609375 0.7528229515625 0.685443515625 0.7496867640625 0.685443515625 0.7496867640625 0.6970426609375
0 0.4835726765625 0.69755669375 0.48649689062499996 0.69755669375 0.48649689062499996 0.683985034375 0.4835726765625 0.683985034375 0.4835726765625 0.69755669375
0 0.7784434703125 0.6946444656249999 0.7816423421875001 0.6946444656249999 0.7816423421875001 0.6856556390625 0.7784434703125 0.6856556390625 0.7784434703125 0.6946444656249999
0 0.7700601718750001 0.694666953125 0.7739067359374999 0.694666953125 0.7739067359374999 0.6813873421875 0.7700601718750001 0.6813873421875 0.7700601718750001 0.694666953125
0 0.541102940625 0.740774515625 0.5443018125 0.740774515625 0.5443018125 0.7190260109375 0.541102940625 0.7190260109375 0.541102940625 0.740774515625
0 0.6615486984375 0.6993778203125001 0.665337603125 0.6993778203125001 0.665337603125 0.691564921875 0.6615486984375 0.691564921875 0.6615486984375 0.6993778203125001
0 0.516665578125 0.7352176171875 0.5193582484375 0.7352176171875 0.5193582484375 0.7191741687500001 0.516665578125 0.7191741687500001 0.516665578125 0.7352176171875
0 0.6244797390625 0.7015009578125 0.6280259265625 0.7015009578125 0.6280259265625 0.6937741468749999 0.6244797390625 0.6937741468749999 0.6244797390625 0.7015009578125
0 0.5090016921875 0.7119762171875 0.51233729375 0.7119762171875 0.51233729375 0.696869815625 0.5090016921875 0.696869815625 0.5090016921875 0.7119762171875
0 0.6396053984375 0.6992236000000001 0.642719015625 0.6992236000000001 0.642719015625 0.6885441140624999 0.6396053984375 0.6885441140624999 0.6396053984375 0.6992236000000001
0 0.70639139375 0.6982387421875 0.709926109375 0.6982387421875 0.709926109375 0.6867400124999999 0.70639139375 0.6867400124999999 0.70639139375 0.6982387421875
0 0.7810518609375 0.6950972640625 0.7853555140624999 0.6950972640625 0.7853555140624999 0.686663484375 0.7810518609375 0.686663484375 0.7810518609375 0.6950972640625
0 0.6268479625000001 0.7011190218750001 0.629763103125 0.7011190218750001 0.629763103125 0.6935965718749999 0.6268479625000001 0.6935965718749999 0.6268479625000001 0.7011190218750001
0 0.7248236718750001 0.6961660125 0.72777270625 0.6961660125 0.72777270625 0.686123196875 0.7248236718750001 0.686123196875 0.7248236718750001 0.6961660125
0 0.7770647421875 0.6947221578125 0.78001535 0.6947221578125 0.78001535 0.6850244984375 0.7770647421875 0.6850244984375 0.7770647421875 0.6947221578125
0 0.4849882390625 0.6978445453125 0.4877096640625 0.6978445453125 0.4877096640625 0.6848865015625 0.4849882390625 0.6848865015625 0.4849882390625 0.6978445453125
0 0.6360448890625 0.700141759375 0.6388588046875 0.700141759375 0.6388588046875 0.6903988562500001 0.6360448890625 0.6903988562500001 0.6360448890625 0.700141759375
0 0.5112857109375 0.7118110015625 0.5139774453125 0.7118110015625 0.5139774453125 0.6992333625 0.5112857109375 0.6992333625 0.5112857109375 0.7118110015625
0 0.6908949874999999 0.6989886890625 0.6942022828125 0.6989886890625 0.6942022828125 0.688904828125 0.6908949874999999 0.688904828125 0.6908949874999999 0.6989886890625
0 0.7724632984375 0.848292075 0.781699253125 0.848292075 0.781699253125 0.7955772234375 0.7724632984375 0.7955772234375 0.7724632984375 0.848292075
0 0.75968985625 0.8329257406250001 0.7670134 0.8329257406250001 0.7670134 0.7945286312500001 0.75968985625 0.7945286312500001 0.75968985625 0.8329257406250001
0 0.7306747625 0.8198879390625 0.7381252500000001 0.8198879390625 0.7381252500000001 0.7791247171875 0.7306747625 0.7791247171875 0.7306747625 0.8198879390625
0 0.7487313453125 0.8279669343750001 0.7570066328125 0.8279669343750001 0.7570066328125 0.7859940703125 0.7487313453125 0.7859940703125 0.7487313453125 0.8279669343750001
0 0.9595062484374999 0.7900303203125001 0.9655520281250001 0.7900303203125001 0.9655520281250001 0.7620761515625001 0.9595062484374999 0.7620761515625001 0.9595062484374999 0.7900303203125001
0 0.9309642890625 0.7706970671875 0.9353906125 0.7706970671875 0.9353906125 0.7468463812499999 0.9309642890625 0.7468463812499999 0.9309642890625 0.7706970671875
0 0.8738428812500001 0.809570965625 0.8790047015625 0.809570965625 0.8790047015625 0.782745415625 0.8738428812500001 0.782745415625 0.8738428812500001 0.809570965625
0 0.9854523374999999 0.7778691984374999 0.9916294859375 0.7778691984374999 0.9916294859375 0.756082646875 0.9854523374999999 0.756082646875 0.9854523374999999 0.7778691984374999
0 0.9768297359375001 0.7749992140625 0.9849859515624999 0.7749992140625 0.9849859515624999 0.7523870875 0.9768297359375001 0.7523870875 0.9768297359375001 0.7749992140625
0 0.9734620796875 0.6878628328125 0.9770857234375001 0.6878628328125 0.9770857234375001 0.6787147546875 0.9734620796875 0.6787147546875 0.9734620796875 0.6878628328125
0 0.9814158453124999 0.692799984375 0.9848514343750001 0.692799984375 0.9848514343750001 0.6798486703125001 0.9814158453124999 0.6798486703125001 0.9814158453124999 0.692799984375
0 0.8130940437499999 0.691516615625 0.8130940437499999 0.686381796875 0.8105811796874999 0.686381796875 0.8105811796874999 0.69642974375 0.8130940437499999 0.69642974375 0.8130940437499999 0.691516615625
0 0.9419680890625 0.8456337812499999 0.947455253125 0.8456337812499999 0.947455253125 0.8317895953125 0.9419680890625 0.8317895953125 0.9419680890625 0.8456337812499999
0 0.9893513890625 0.8800162625000001 0.996824971875 0.8800162625000001 0.996824971875 0.850875240625 0.9893513890625 0.850875240625 0.9893513890625 0.8800162625000001
0 0.8004332968749999 0.6969068968750001 0.8039667375 0.6969068968750001 0.8039667375 0.686418978125 0.8004332968749999 0.686418978125 0.8004332968749999 0.6969068968750001
0 0.9870232062500002 0.685662009375 0.9870232062500002 0.6815332671875 0.9844029687500001 0.6815332671875 0.9844029687500001 0.6953932453125 0.9870232062500002 0.6953932453125 0.9870232062500002 0.685662009375
0 0.8586793937500001 0.686766965625 0.8571214984375001 0.686766965625 0.8554745234375 0.686766965625 0.8554745234375 0.7001475906250001 0.8586793937500001 0.7001475906250001 0.8586793937500001 0.686766965625
0 0.9725128093750002 0.8497615156249999 0.9761750687500002 0.8497615156249999 0.9761750687500002 0.838763128125 0.9725128093750002 0.838763128125 0.9725128093750002 0.8497615156249999
0 0.88844243125 0.801810771875 0.8938778593750001 0.801810771875 0.8938778593750001 0.773441684375 0.88844243125 0.773441684375 0.88844243125 0.801810771875
0 0.9272624390625002 0.769101825 0.9308221234375 0.769101825 0.9308221234375 0.7484990609375 0.9272624390625002 0.7484990609375 0.9272624390625002 0.769101825
0 0.9185308124999999 0.77219083125 0.923930175 0.77219083125 0.923930175 0.748820828125 0.9185308124999999 0.748820828125 0.9185308124999999 0.77219083125
0 0.9139267828125 0.7991674359375001 0.918674703125 0.7991674359375001 0.918674703125 0.7737564890625 0.9139267828125 0.7737564890625 0.9139267828125 0.7991674359375001
0 0.933834065625 0.8558121249999999 0.9389712921874999 0.8558121249999999 0.9389712921874999 0.8269899390625 0.933834065625 0.8269899390625 0.933834065625 0.8558121249999999
0 0.9936710890625001 0.7818926546875 0.999421440625 0.7818926546875 0.999421440625 0.754089675 0.9936710890625001 0.754089675 0.9936710890625001 0.7818926546875
0 0.94368974375 0.7715602890625 0.948900678125 0.7715602890625 0.948900678125 0.7477855640625 0.94368974375 0.7477855640625 0.94368974375 0.7715602890625
0 0.8724987593750001 0.8689659687500001 0.8772842437499999 0.8689659687500001 0.8772842437499999 0.8341941859374999 0.8724987593750001 0.8341941859374999 0.8724987593750001 0.8689659687500001
0 0.8525964234375 0.8620068937500001 0.862975775 0.8620068937500001 0.862975775 0.8358725875000002 0.8525964234375 0.8358725875000002 0.8525964234375 0.8620068937500001
0 0.8634387421875 1 0.8634387421875 0.940396128125 0.8525346265625 0.940396128125 0.8525346265625 1 0.8634387421875 1
0 0.8525346265625 1 0.8525346265625 0.9263301437500001 0.8370578171874999 0.9263301437500001 0.8370578171874999 1 0.8525346265625 1
0 0.8360264984375 1 0.8360264984375 0.9401285640625 0.8208986203125 0.9401285640625 0.8208986203125 1 0.8360264984375 1
0 0.8415193593750001 1 0.8415193593750001 0.9681355046875 0.8360264984375 0.9681355046875 0.8360264984375 1 0.8415193593750001 1
0 0.820037546875 0.9756173609375001 0.8325596921875 0.9756173609375001 0.8325596921875 0.9038495703125001 0.820037546875 0.9038495703125001 0.820037546875 0.9756173609375001
0 0.7373410421875001 0.9702468875000001 0.7508480750000001 0.9702468875000001 0.7508480750000001 0.9024800890625 0.7373410421875001 0.9024800890625 0.7373410421875001 0.9702468875000001
0 0.7632295234375001 0.8974788499999999 0.7502852828125001 0.8974788499999999 0.7502852828125001 0.9687465156249999 0.7632295234375001 0.9687465156249999 0.7632295234375001 0.8974788499999999
0 0.742968971875 0.9084815781250001 0.7553504203125 0.9084815781250001 0.7553504203125 0.8754733953125001 0.742968971875 0.8754733953125001 0.742968971875 0.9084815781250001
0 0.7228491203124999 0.9407395734375001 0.7373410421875001 0.9407395734375001 0.7373410421875001 0.8772238296874999 0.7228491203124999 0.8772238296874999 0.7228491203124999 0.9407395734375001
0 0.7259444828125 0.8969787265625 0.7362154562500001 0.8969787265625 0.7362154562500001 0.8567187468749999 0.7259444828125 0.8567187468749999 0.7259444828125 0.8969787265625
0 0.6351045109375 0.8659307171874999 0.6428845625 0.8659307171874999 0.6428845625 0.8262408796875 0.6351045109375 0.8262408796875 0.6351045109375 0.8659307171874999
0 0.6885523359375 0.84425471875 0.6771557765624999 0.84425471875 0.6771557765624999 0.8982681078125001 0.6885523359375 0.8982681078125001 0.6885523359375 0.84425471875
0 0.66758829375 0.8707612906250001 0.6771557765624999 0.8707612906250001 0.6771557765624999 0.8237496359375001 0.66758829375 0.8237496359375001 0.66758829375 0.8707612906250001
0 0.6794069484375 0.87451221875 0.6885523359375 0.87451221875 0.6885523359375 0.8209989546875001 0.6794069484375 0.8209989546875001 0.6794069484375 0.87451221875
0 0.698260515625 0.82600019375 0.6885523359375 0.82600019375 0.6885523359375 0.8780130875 0.698260515625 0.8780130875 0.698260515625 0.82600019375
0 0.6863011625000001 0.8517565796875001 0.6960093437499999 0.8517565796875001 0.6960093437499999 0.809496103125 0.6863011625000001 0.809496103125 0.6863011625000001 0.8517565796875001
0 0.6572557640625 0.8480369078125 0.6659790578125 0.8480369078125 0.6659790578125 0.8040259984375 0.6572557640625 0.8040259984375 0.6572557640625 0.8480369078125
0 0.6332579171875 0.89462658125 0.6484533296875 0.89462658125 0.6484533296875 0.862368584375 0.6332579171875 0.862368584375 0.6332579171875 0.89462658125
0 0.61482644375 0.835361890625 0.6225648484375 0.835361890625 0.6225648484375 0.7981026546875001 0.61482644375 0.7981026546875001 0.61482644375 0.835361890625
0 0.60765083125 0.8318610234375001 0.6159520296875 0.8318610234375001 0.6159520296875 0.7946017875 0.60765083125 0.7946017875 0.60765083125 0.8318610234375001
0 0.6267857953125 0.8306107125000001 0.6339614078125 0.8306107125000001 0.6339614078125 0.7921011671875 0.6267857953125 0.7921011671875 0.6267857953125 0.8306107125000001
0 0.5989275390625 0.8248592875 0.6055403578125 0.8248592875 0.6055403578125 0.7923512296874999 0.5989275390625 0.7923512296874999 0.5989275390625 0.8248592875
0 0.5698029984375 0.8041041421875 0.5806367640625 0.8041041421875 0.5806367640625 0.7703457734375 0.5698029984375 0.7703457734375 0.5698029984375 0.8041041421875
0 0.575993721875 0.7936015390625 0.583591428125 0.7936015390625 0.583591428125 0.762593853125 0.575993721875 0.762593853125 0.575993721875 0.7936015390625
0 0.5865460921875 0.7941016624999999 0.593721703125 0.7941016624999999 0.593721703125 0.7693455265625 0.5865460921875 0.7693455265625 0.5865460921875 0.7941016624999999
0 0.5910484359375 0.8211083562500001 0.5978019531250001 0.8211083562500001 0.5978019531250001 0.7886002984375 0.5910484359375 0.7886002984375 0.5910484359375 0.8211083562500001
0 0.5928775140625 0.8068548249999999 0.5989275390625 0.8068548249999999 0.5989275390625 0.7783477578125 0.5928775140625 0.7783477578125 0.5928775140625 0.8068548249999999
0 0.5978019531250001 0.810605753125 0.6061031515625 0.810605753125 0.6061031515625 0.7768473859375 0.5978019531250001 0.7768473859375 0.5978019531250001 0.810605753125
0 0.6270671921875 0.812106125 0.6326951234375 0.812106125 0.6326951234375 0.7833489984374999 0.6270671921875 0.7833489984374999 0.6270671921875 0.812106125
0 0.5729265 0.7652976468749999 0.577879078125 0.7652976468749999 0.577879078125 0.741091646875 0.5729265 0.741091646875 0.5729265 0.7652976468749999
0 0.5526181125 0.7883358578124999 0.5587413 0.7883358578124999 0.5587413 0.759368678125 0.5526181125 0.759368678125 0.5526181125 0.7883358578124999
0 0.5642341609375 0.75776828125 0.55784083125 0.75776828125 0.55784083125 0.7867354625 0.5642341609375 0.7867354625 0.5642341609375 0.75776828125
0 0.556580175 0.7324820125 0.5518977359375 0.7324820125 0.5518977359375 0.756167884375 0.556580175 0.756167884375 0.556580175 0.7324820125
0 0.553968815625 0.7520068531249999 0.5591014875 0.7520068531249999 0.5591014875 0.7248001093750001 0.553968815625 0.7248001093750001 0.553968815625 0.7520068531249999
0 0.5272248890625 0.7435247515625 0.5319973734375 0.7435247515625 0.5319973734375 0.724319990625 0.5272248890625 0.724319990625 0.5272248890625 0.7435247515625
0 0.5341585 0.7444849890625 0.5388409375000001 0.7444849890625 0.5388409375000001 0.72175935625 0.5341585 0.72175935625 0.5341585 0.7444849890625
0 0.49893215468749996 0.7186033734375 0.5017560265625 0.7186033734375 0.5017560265625 0.7035468421875001 0.49893215468749996 0.7035468421875001 0.49893215468749996 0.7186033734375
0 0.505444346875 0.703649265625 0.5021594359375 0.703649265625 0.5021594359375 0.7192179249999999 0.505444346875 0.7192179249999999 0.505444346875 0.703649265625
0 0.533972778125 0.7292052015625 0.5388409375000001 0.7292052015625 0.5388409375000001 0.7143535203125 0.533972778125 0.7143535203125 0.533972778125 0.7292052015625
0 0.5143785734375 0.713201234375 0.5180524875 0.713201234375 0.5180524875 0.697837425 0.5143785734375 0.697837425 0.5143785734375 0.713201234375
0 0.521294175 0.7225475515625 0.5248240140625 0.7225475515625 0.5248240140625 0.7011662515625 0.521294175 0.7011662515625 0.521294175 0.7225475515625
0 0.5241756750000001 0.7170421859375 0.5193491625 0.7170421859375 0.5193491625 0.7276688203124999 0.5241756750000001 0.7276688203124999 0.5241756750000001 0.7170421859375
0 0.5272012515625 0.7239559 0.5229510375 0.7239559 0.5229510375 0.749434215625 0.5272012515625 0.749434215625 0.5272012515625 0.7239559
0 0.5259766140625001 0.723315740625 0.5319557265625 0.723315740625 0.5319557265625 0.706671615625 0.5259766140625001 0.706671615625 0.5259766140625001 0.723315740625
0 0.48927255468749997 0.707106203125 0.49240762812499994 0.707106203125 0.49240762812499994 0.69317635 0.48927255468749997 0.69317635 0.48927255468749997 0.707106203125
0 0.49291477187500005 0.7051396359375 0.49531218125 0.7051396359375 0.49531218125 0.69317635 0.49291477187500005 0.69317635 0.49291477187500005 0.7051396359375
0 0.5058440640625 0.72103605625 0.508077228125 0.72103605625 0.508077228125 0.7050320890624999 0.5058440640625 0.7050320890624999 0.5058440640625 0.72103605625
0 0.47089146406250004 0.6891561546875 0.47440689375 0.6891561546875 0.47440689375 0.677377234375 0.47089146406250004 0.677377234375 0.47089146406250004 0.6891561546875
0 0.46772181249999994 0.680757271875 0.47089146406250004 0.680757271875 0.47089146406250004 0.6736899203125 0.46772181249999994 0.6736899203125 0.46772181249999994 0.680757271875
0 0.4884686171875 0.6976574624999999 0.4911772265625 0.6976574624999999 0.4911772265625 0.6850591390625 0.4884686171875 0.6850591390625 0.4884686171875 0.6976574624999999
0 0.78581470625 0.8460774515624999 0.7921179890625 0.8460774515624999 0.7921179890625 0.8020665421875 0.78581470625 0.8020665421875 0.78581470625 0.8460774515624999
0 0.8110278359375 0.8612812203125 0.819019496875 0.8612812203125 0.819019496875 0.8072678312499999 0.8110278359375 0.8072678312499999 0.8110278359375 0.8612812203125
0 0.794594278125 0.8540794343750001 0.80641293125 0.8540794343750001 0.80641293125 0.7988657484375 0.794594278125 0.7988657484375 0.794594278125 0.8540794343750001
0 0.73910288125 0.8224716000000001 0.7467568671875 0.8224716000000001 0.7467568671875 0.7822616328125 0.73910288125 0.7822616328125 0.73910288125 0.8224716000000001
0 0.6066154140625 0.793412521875 0.6248949328125 0.793412521875 0.6248949328125 0.775968196875 0.6066154140625 0.775968196875 0.6066154140625 0.793412521875
0 0.5038612453125 0.690662215625 0.5061111203124999 0.690662215625 0.5061111203124999 0.682074871875 0.5038612453125 0.682074871875 0.5038612453125 0.690662215625
0 0.500136040625 0.6915143953125 0.5027916328125001 0.6915143953125 0.5027916328125001 0.6833203640625001 0.500136040625 0.6833203640625001 0.500136040625 0.6915143953125
0 0.48936614531250006 0.682795946875 0.4916160203125 0.682795946875 0.4916160203125 0.6747330203125 0.48936614531250006 0.6747330203125 0.48936614531250006 0.682795946875
0 0.47440689375 0.6872985671875 0.4764916 0.6872985671875 0.4764916 0.6784490125 0.47440689375 0.6784490125 0.47440689375 0.6872985671875
0 0.5713534796874999 0.6844312953125 0.5713534796874999 0.675499803125 0.5686794468749999 0.675499803125 0.5686794468749999 0.6771383578125001 0.5686794468749999 0.6844312953125 0.5713534796874999 0.6844312953125
0 0.6249522703125 0.6680573171875 0.6256727828125 0.6680573171875 0.6278337703125001 0.6680573171875 0.6278337703125001 0.6617837625 0.6258843 0.6617837625 0.6249522703125 0.6617837625 0.6249522703125 0.6680573171875
0 0.62171058125 0.66690503125 0.62394374375 0.66690503125 0.62394374375 0.6610155718749999 0.62171058125 0.6610155718749999 0.62171058125 0.66690503125
0 0.61854093125 0.6663929046875 0.62055798125 0.6663929046875 0.62055798125 0.6616557296875 0.61854093125 0.6616557296875 0.61854093125 0.6663929046875
0 0.599090803125 0.66690503125 0.601107853125 0.66690503125 0.601107853125 0.662679984375 0.599090803125 0.662679984375 0.599090803125 0.66690503125
0 0.602908790625 0.6680573171875 0.6057182531249999 0.6680573171875 0.6057182531249999 0.6629360484375 0.602908790625 0.6629360484375 0.602908790625 0.6680573171875
0 0.581945875 0.66856944375 0.5843231125 0.66856944375 0.5843231125 0.6639603015625 0.581945875 0.6639603015625 0.581945875 0.66856944375
0 0.5812975375 0.6688255078124999 0.5812975375 0.6640883328125 0.5792084484375 0.6640883328125 0.5792084484375 0.66552065625 0.5792084484375 0.6688255078124999 0.5812975375 0.6688255078124999
0 0.5627389171875 0.6662648718749999 0.561487221875 0.6662648718749999 0.561487221875 0.6693215984374999 0.561487221875 0.670874015625 0.5617953625000001 0.670874015625 0.563864459375 0.670874015625 0.563864459375 0.6662648718749999 0.5627389171875 0.6662648718749999
0 0.559592859375 0.6716944109374999 0.5610681875 0.6716944109374999 0.5610681875 0.666253575 0.559592859375 0.666253575 0.559592859375 0.6716944109374999
0 0.60995815625 0.6620233890625 0.6082594218749999 0.6620233890625 0.6071919171875 0.6620233890625 0.6071919171875 0.6659155546875001 0.60995815625 0.6659155546875001 0.60995815625 0.6620233890625
0 0.538957984375 0.6693980171875 0.5410902953125 0.6693980171875 0.5410902953125 0.663867046875 0.538957984375 0.663867046875 0.538957984375 0.6693980171875
0 0.536076484375 0.668885890625 0.538381684375 0.668885890625 0.538381684375 0.6617161140625 0.536076484375 0.6617161140625 0.536076484375 0.668885890625
0 0.53417469375 0.668885890625 0.536076484375 0.668885890625 0.536076484375 0.664071896875 0.53417469375 0.664071896875 0.53417469375 0.668885890625
0 0.5418971156250001 0.669090740625 0.5442599453125 0.669090740625 0.5442599453125 0.66294521875 0.5418971156250001 0.66294521875 0.5418971156250001 0.669090740625
0 0.5277201328125 0.66950044375 0.53071689375 0.66950044375 0.53071689375 0.662535515625 0.5277201328125 0.662535515625 0.5277201328125 0.66950044375
0 0.527075396875 0.6846634015624999 0.529092446875 0.6846634015624999 0.529092446875 0.676853465625 0.527075396875 0.676853465625 0.527075396875 0.6846634015624999
0 0.862470959375 0.683221359375 0.8608135203125 0.683221359375 0.8596470890625 0.683221359375 0.8596470890625 0.693259046875 0.862470959375 0.693259046875 0.862470959375 0.683221359375
0 0.8632109281249999 0.694684809375 0.8653501546874999 0.694684809375 0.8653501546874999 0.6817054625 0.8632109281249999 0.6817054625 0.8632109281249999 0.694684809375
0 0.8846969187500001 0.69284214375 0.887463159375 0.69284214375 0.887463159375 0.6849553890625 0.8846969187500001 0.6849553890625 0.8846969187500001 0.69284214375
0 0.8879241984374999 0.6914081875 0.8909209593749999 0.6914081875 0.8909209593749999 0.6822923281250001 0.8879241984374999 0.6822923281250001 0.8879241984374999 0.6914081875
0 0.8898836187499999 0.6958124796874999 0.8929956406249999 0.6958124796874999 0.8929956406249999 0.6889499796875 0.8898836187499999 0.6889499796875 0.8898836187499999 0.6958124796874999
0 0.8933414203125001 0.687720875 0.8965687015625001 0.687720875 0.8965687015625001 0.6800389703125 0.8933414203125001 0.6800389703125 0.8933414203125001 0.687720875
0 0.8965687015625001 0.6968367343749999 0.896902521875 0.6968367343749999 0.9004299109375001 0.6968367343749999 0.9004299109375001 0.685467515625 0.8965687015625001 0.685467515625 0.8965687015625001 0.6968367343749999
0 0.9338477468749999 0.8325036875 0.9240239765624999 0.8325036875 0.9240239765624999 0.8667621796875 0.9338477468749999 0.8667621796875 0.9338477468749999 0.8325036875
0 0.9254058515625001 0.8442566015625002 0.9338477468749999 0.8442566015625002 0.9338477468749999 0.8217510234375001 0.9254058515625001 0.8217510234375001 0.9254058515625001 0.8442566015625002
0 0.9816851578125 0.8942689984375001 0.9885793734374999 0.8942689984375001 0.9885793734374999 0.8475074078125001 0.9816851578125 0.8475074078125001 0.9816851578125 0.8942689984375001
0 0.998477621875 0.8919272296875 0.985083146875 0.8919272296875 0.985083146875 0.9241352125000001 0.998477621875 0.9241352125000001 0.998477621875 0.8919272296875
0 0.9626164484374999 0.9099516968750001 0.9718012312500001 0.9099516968750001 0.9718012312500001 0.87426285 0.9626164484374999 0.87426285 0.9626164484374999 0.9099516968750001
0 0.9547823687499999 0.9120322125 0.9626164484374999 0.9120322125 0.9626164484374999 0.8744228906250001 0.9547823687499999 0.8744228906250001 0.9547823687499999 0.9120322125
0 0.9473872671875 0.8938477046875001 0.9534204093749998 0.8938477046875001 0.9534204093749998 0.85335766875 0.9473872671875 0.85335766875 0.9473872671875 0.8938477046875001
0 0.95242989375 0.8853656031250001 0.9615246296875 0.8853656031250001 0.9615246296875 0.85287755 0.95242989375 0.85287755 0.95242989375 0.8853656031250001
0 0.9011932125000002 0.827751321875 0.9093874796874999 0.827751321875 0.9093874796874999 0.80998691875 0.9011932125000002 0.80998691875 0.9011932125000002 0.827751321875
0 0.8893070234374999 0.8304719953124999 0.9004728375 0.8304719953124999 0.9004728375 0.8098268781249999 0.8893070234374999 0.8098268781249999 0.8893070234374999 0.8304719953124999
0 0.8975012906250001 0.8749630234375001 0.9042548078125 0.8749630234375001 0.9042548078125 0.8464759624999999 0.8975012906250001 0.8464759624999999 0.8975012906250001 0.8749630234375001
0 0.93198925 0.8904868718750001 0.9445958140624999 0.8904868718750001 0.9445958140624999 0.8624799296875001 0.93198925 0.8624799296875001 0.93198925 0.8904868718750001
0 0.9042548078125 0.8493566765624999 0.917761840625 0.8493566765624999 0.917761840625 0.826150925 0.9042548078125 0.826150925 0.9042548078125 0.8493566765624999
0 0.8538383968750001 0.8151632015625001 0.8614923828125001 0.8151632015625001 0.8614923828125001 0.791317290625 0.8538383968750001 0.791317290625 0.8538383968750001 0.8151632015625001
0 0.8678857125 0.8270061359374999 0.8678857125 0.8065210593749998 0.8610421484374999 0.8065210593749998 0.8610421484374999 0.8270061359374999 0.8643738828124998 0.8270061359374999 0.8678857125 0.8270061359374999
0 0.9778090468750001 0.8663433875 0.9706052953125 0.8663433875 0.9706052953125 0.90635330625 0.9778090468750001 0.90635330625 0.9778090468750001 0.8663433875
0 0.9106185890624999 0.8535027046874999 0.9029646031249999 0.8535027046874999 0.9029646031249999 0.888111284375 0.9106185890624999 0.888111284375 0.9106185890624999 0.8535027046874999
0 0.8977959125 0.786254034375 0.9042792875 0.786254034375 0.9042792875 0.7600075296875 0.8977959125 0.7600075296875 0.8977959125 0.786254034375
0 0.9097541390625 0.7527097203124999 0.914292503125 0.7527097203124999 0.914292503125 0.7305602296875 0.9097541390625 0.7305602296875 0.9097541390625 0.7527097203124999
0 0.9045674390624999 0.754502165625 0.9093939515624999 0.754502165625 0.9093939515624999 0.7326087375 0.9045674390624999 0.7326087375 0.9045674390624999 0.754502165625
0 0.8923930984374999 0.75911130625 0.8967873875000001 0.75911130625 0.8967873875000001 0.736449690625 0.8923930984374999 0.736449690625 0.8923930984374999 0.75911130625
0 0.8987324000000001 0.7600075296875 0.9042792875 0.7600075296875 0.9042792875 0.74246718125 0.8987324000000001 0.74246718125 0.8987324000000001 0.7600075296875
0 0.8815874718749999 0.7665371484375 0.8869182468750001 0.7665371484375 0.8869182468750001 0.7452838796875 0.8815874718749999 0.7452838796875 0.8815874718749999 0.7665371484375
0 0.8907362359375 0.7420830859375 0.8861978734375 0.7420830859375 0.8861978734375 0.7648727359375 0.8907362359375 0.7648727359375 0.8907362359375 0.7420830859375
0 0.8725107453125001 0.7560385453125 0.8764728078124999 0.7560385453125 0.8764728078124999 0.7388822921875 0.8725107453125001 0.7388822921875 0.8725107453125001 0.7560385453125
0 0.8816595093749999 0.7372178796875 0.877193184375 0.7372178796875 0.877193184375 0.7557824828124999 0.8816595093749999 0.7557824828124999 0.8816595093749999 0.7372178796875
0 0.8766889203125 0.7501490859375 0.8816595093749999 0.7501490859375 0.8816595093749999 0.7305602296875 0.8766889203125 0.7305602296875 0.8766889203125 0.7501490859375
0 0.8816595093749999 0.74746041875 0.8865580609375 0.74746041875 0.8865580609375 0.7320966109375 0.8816595093749999 0.7320966109375 0.8816595093749999 0.74746041875
0 0.8891514109374998 0.751557434375 0.8929693984375 0.751557434375 0.8929693984375 0.732352675 0.8891514109374998 0.732352675 0.8891514109374998 0.751557434375
0 0.865347515625 0.7837974265625001 0.870840375 0.7837974265625001 0.870840375 0.7559505234375 0.865347515625 0.7559505234375 0.865347515625 0.7837974265625001
0 0.8618356875 0.7559505234375 0.866608171875 0.7559505234375 0.866608171875 0.7354654453125 0.8618356875 0.7354654453125 0.8618356875 0.7559505234375
0 0.8557124984375001 0.749869015625 0.8609352171874999 0.749869015625 0.8609352171874999 0.7319445734375 0.8557124984375001 0.7319445734375 0.8557124984375001 0.749869015625
0 0.8417552296874999 0.7575509203124999 0.84679785625 0.7575509203124999 0.84679785625 0.7361056046875 0.8417552296874999 0.7361056046875 0.8417552296874999 0.7575509203124999
0 0.84679785625 0.7561105640625 0.8514802937500001 0.7561105640625 0.8514802937500001 0.7365857234375 0.84679785625 0.7365857234375 0.84679785625 0.7561105640625
0 0.8551722171874999 0.7812367921875 0.8611153109374999 0.7812367921875 0.8611153109374999 0.7626721906249999 0.8551722171874999 0.7626721906249999 0.8551722171874999 0.7812367921875
0 0.8625560609375 0.7794763546875 0.8543617937499999 0.7794763546875 0.8543617937499999 0.78971889375 0.8625560609375 0.78971889375 0.8625560609375 0.7794763546875
0 0.8468879015624999 0.784597625 0.8534613249999999 0.784597625 0.8534613249999999 0.7602715953125 0.8468879015624999 0.7602715953125 0.8468879015624999 0.784597625
0 0.834191290625 0.756750721875 0.8400443390625 0.756750721875 0.8400443390625 0.735785525 0.834191290625 0.735785525 0.834191290625 0.756750721875
0 0.8281581499999999 0.7786761578125001 0.8338311031250001 0.7786761578125001 0.8338311031250001 0.7591513171875001 0.8281581499999999 0.7591513171875001 0.8281581499999999 0.7786761578125001
0 0.828428290625 0.757871 0.8321202124999999 0.757871 0.8321202124999999 0.7386662390625001 0.828428290625 0.7386662390625001 0.828428290625 0.757871
0 0.8231155234375 0.750509175 0.8271676328125 0.750509175 0.8271676328125 0.7297040171875 0.8231155234375 0.7297040171875 0.8231155234375 0.750509175
0 0.8261771171875001 0.750509175 0.83121974375 0.750509175 0.83121974375 0.7295439781249999 0.8261771171875001 0.7295439781249999 0.8261771171875001 0.750509175
0 0.8114038000000001 0.7713543421875 0.8162663312499999 0.7713543421875 0.8162663312499999 0.764632675 0.8114038000000001 0.764632675 0.8114038000000001 0.7713543421875
0 0.8195080203125 0.7743950953125001 0.8250008796875001 0.7743950953125001 0.8250008796875001 0.7623921203125 0.8195080203125 0.7623921203125 0.8195080203125 0.7743950953125001
0 0.8225696140625001 0.7719945015625 0.8262615375 0.7719945015625 0.8262615375 0.7526297015625 0.8225696140625001 0.7526297015625 0.8225696140625001 0.7719945015625
0 0.8059109390625 0.765272834375 0.811673940625 0.765272834375 0.811673940625 0.7476684703125 0.8059109390625 0.7476684703125 0.8059109390625 0.765272834375
0 0.8186975984375 0.759191328125 0.8225696140625001 0.759191328125 0.8225696140625001 0.7363056546875 0.8186975984375 0.7363056546875 0.8186975984375 0.759191328125
0 0.8098196953125001 0.7479232546875 0.8128164546875001 0.7479232546875 0.8128164546875001 0.7315351921875 0.8098196953125001 0.7315351921875 0.8098196953125001 0.7479232546875
0 0.815813215625 0.7348947453125 0.8128164546875001 0.7348947453125 0.8128164546875001 0.7508731046875 0.815813215625 0.7508731046875 0.815813215625 0.7348947453125
0 0.814798928125 0.7483329546874999 0.8180723125 0.7483329546874999 0.8180723125 0.7320268343749999 0.814798928125 0.7320268343749999 0.814798928125 0.7483329546874999
0 0.791631934375 0.7546898109375 0.797106784375 0.7546898109375 0.797106784375 0.7421427015625 0.791631934375 0.7421427015625 0.791631934375 0.7546898109375
0 0.7595673984375 0.695525696875 0.762429534375 0.695525696875 0.762429534375 0.6855093140624999 0.7595673984375 0.6855093140624999 0.7595673984375 0.695525696875
0 0.5882161015625 0.697385190625 0.5902555328125001 0.697385190625 0.5902555328125001 0.6920547984375001 0.5882161015625 0.6920547984375001 0.5882161015625 0.697385190625
0 0.5695500156250001 0.7102146328125001 0.5719418859375 0.7102146328125001 0.5719418859375 0.702712771875 0.5695500156250001 0.702712771875 0.5695500156250001 0.7102146328125001
0 0.5637813859375 0.6979615953125 0.5660325578125 0.6979615953125 0.5660325578125 0.6917100453125 0.5637813859375 0.6917100453125 0.5637813859375 0.6979615953125
0 0.56333225625 0.707927884375 0.565943615625 0.707927884375 0.565943615625 0.7018463765625 0.56333225625 0.7018463765625 0.56333225625 0.707927884375
0 0.57725350625 0.714745575 0.58042315625 0.714745575 0.58042315625 0.70539925625 0.57725350625 0.70539925625 0.57725350625 0.714745575
0 0.5917330453125 0.719994875 0.5947586203124999 0.719994875 0.5947586203124999 0.7096243046875 0.5917330453125 0.7096243046875 0.5917330453125 0.719994875
0 0.5418770375 0.6833157515625 0.543778828125 0.6833157515625 0.543778828125 0.675941125 0.5418770375 0.675941125 0.5418770375 0.6833157515625
0 0.5358815 0.6847707046875 0.5379100765625 0.6847707046875 0.5379100765625 0.679526525 0.5358815 0.679526525 0.5358815 0.6847707046875
0 0.5396067046875 0.6831318984375 0.5412295640625 0.6831318984375 0.5412295640625 0.678149928125 0.5396067046875 0.678149928125 0.5396067046875 0.6831318984375
0 0.4893208828125 0.740381415625 0.4893208828125 0.723609259375 0.4851427078125 0.723609259375 0.4851427078125 0.740381415625 0.48610327968749995 0.740381415625 0.4893208828125 0.740381415625
0 0.4419892328125 0.6906104734375 0.44416534218750003 0.6906104734375 0.44416534218750003 0.6831375171875 0.4419892328125 0.6831375171875 0.4419892328125 0.6906104734375
0 0.43962870781249996 0.6894305328125 0.44173105156250003 0.6894305328125 0.44173105156250003 0.6836619359375 0.43962870781249996 0.6836619359375 0.43962870781249996 0.6894305328125
0 0.8680055328125 0.7833139593749999 0.86188234375 0.7833139593749999 0.86188234375 0.8009183234374999 0.8680055328125 0.8009183234374999 0.8680055328125 0.7833139593749999
0 0.843200990625 0.75334853125 0.837654103125 0.75334853125 0.837654103125 0.7725532921875 0.843200990625 0.7725532921875 0.843200990625 0.75334853125
0 0.79445410625 0.7663757609375 0.7994967328125 0.7663757609375 0.7994967328125 0.7521642374999999 0.79445410625 0.7521642374999999 0.79445410625 0.7663757609375
0 0.8005772953125 0.7684242687499999 0.8064843703125 0.7684242687499999 0.8064843703125 0.7569014125 0.8005772953125 0.7569014125 0.8005772953125 0.7684242687499999
0 0.6297974296875 0.7837762953125 0.633849540625 0.7837762953125 0.633849540625 0.7688926046875 0.6297974296875 0.7688926046875 0.6297974296875 0.7837762953125
0 0.6797734546875001 0.7730536359375 0.6830151421874999 0.7730536359375 0.6830151421874999 0.755289234375 0.6797734546875001 0.755289234375 0.6797734546875001 0.7730536359375
0 0.689048284375 0.77545423125 0.69346058125 0.77545423125 0.69346058125 0.759290225 0.689048284375 0.759290225 0.689048284375 0.77545423125
0 0.6450137781249999 0.7507216546875 0.6477800203124999 0.7507216546875 0.6477800203124999 0.7394548609375 0.6450137781249999 0.7394548609375 0.6450137781249999 0.7507216546875
0 0.5954366625 0.7209222671875001 0.598202903125 0.7209222671875001 0.598202903125 0.70955305 0.5954366625 0.70955305 0.5954366625 0.7209222671875001
0 0.53254976875 0.69205620625 0.535027859375 0.69205620625 0.535027859375 0.6800724359375 0.53254976875 0.6800724359375 0.53254976875 0.69205620625
0 0.59925010625 0.7258486937499999 0.61636621875 0.7258486937499999 0.61636621875 0.70587574375 0.59925010625 0.70587574375 0.59925010625 0.7258486937499999
0 0.6525430078125 0.7588726796875 0.66722065 0.7588726796875 0.66722065 0.7425486343750001 0.6525430078125 0.7425486343750001 0.6525430078125 0.7588726796875
0 0.57224504375 0.7036818 0.5849812765625 0.7036818 0.5849812765625 0.691288328125 0.57224504375 0.691288328125 0.57224504375 0.7036818
0 0.672458115625 0.7661809921875 0.6767227359375 0.7661809921875 0.6767227359375 0.752558415625 0.672458115625 0.752558415625 0.672458115625 0.7661809921875
0 0.8559385921875 0.709529215625 0.8585319421875 0.709529215625 0.8585319421875 0.7015912484375 0.8559385921875 0.7015912484375 0.8559385921875 0.709529215625
0 0.845069571875 0.6977502953125 0.845069571875 0.6892285046875 0.8416578765625001 0.6892285046875 0.8416578765625001 0.6977502953125 0.8421612093749999 0.6977502953125 0.845069571875 0.6977502953125
0 0.844743034375 0.6977502953125 0.8421612093749999 0.6977502953125 0.8421612093749999 0.70610691875 0.844743034375 0.70610691875 0.844743034375 0.6977502953125
0 0.8329111890625001 0.676891921875 0.8356730046875 0.676891921875 0.8356730046875 0.669004675 0.8329111890625001 0.669004675 0.8329111890625001 0.676891921875
0 0.8330764265624999 0.6835205656250001 0.8355313734375001 0.6835205656250001 0.8355313734375001 0.677814896875 0.8330764265624999 0.677814896875 0.8330764265624999 0.6835205656250001
0 0.9002450625 0.6976100625 0.896614371875 0.6976100625 0.896614371875 0.70764775 0.9002450625 0.70764775 0.9002450625 0.6976100625
0 0.8933543140625 0.6970335999999999 0.89054196875 0.6970335999999999 0.89054196875 0.7059650921875 0.8933543140625 0.7059650921875 0.8933543140625 0.6970335999999999
0 0.7952950390625 0.7133730796875 0.7977443140625 0.7133730796875 0.7977443140625 0.7006979375 0.7952950390625 0.7006979375 0.7952950390625 0.7133730796875
0 0.79205335 0.71247685625 0.7942865140625 0.71247685625 0.7942865140625 0.6995456515624999 0.79205335 0.6995456515624999 0.79205335 0.71247685625
0 0.7889557375 0.7109404765624999 0.791044825 0.7109404765624999 0.791044825 0.700185809375 0.7889557375 0.700185809375 0.7889557375 0.7109404765624999
0 0.765399471875 0.7150374921875 0.768353009375 0.7150374921875 0.768353009375 0.7019782546875 0.765399471875 0.7019782546875 0.765399471875 0.7150374921875
0 0.770946359375 0.7028744765624999 0.768353009375 0.7028744765624999 0.768353009375 0.7132450484375 0.770946359375 0.7132450484375 0.770946359375 0.7028744765624999
0 0.6870040859375 0.71867509375 0.6893092859375 0.71867509375 0.6893092859375 0.70720345 0.6870040859375 0.70720345 0.6870040859375 0.71867509375
0 0.6923636765625 0.7076131515624999 0.6898855859374999 0.7076131515624999 0.6898855859374999 0.7170362875 0.6923636765625 0.7170362875 0.6923636765625 0.7076131515624999
0 0.6987029765624999 0.713553825 0.7008352875 0.713553825 0.7008352875 0.7051549421875001 0.6987029765624999 0.7051549421875001 0.6987029765624999 0.713553825
0 0.7052317374999999 0.714685625 0.7084129140625001 0.714685625 0.7084129140625001 0.7062457734375001 0.7052317374999999 0.7062457734375001 0.7052317374999999 0.714685625
0 0.711594090625 0.7043611453125 0.7085973296875 0.7043611453125 0.7085973296875 0.7158327890625 0.711594090625 0.7158327890625 0.711594090625 0.7043611453125
0 0.7151902031249999 0.704115325 0.7125161703125 0.704115325 0.7125161703125 0.7137842812499999 0.7151902031249999 0.7137842812499999 0.7151902031249999 0.704115325
0 0.7172187796875 0.707474878125 0.7151902031249999 0.707474878125 0.7151902031249999 0.716242490625 0.7172187796875 0.716242490625 0.7172187796875 0.707474878125
0 0.5993632468750001 0.6721934921875 0.6012074078125 0.6721934921875 0.6012074078125 0.6679325953124999 0.5993632468750001 0.6679325953124999 0.5993632468750001 0.6721934921875
0 0.581945875 0.6738405953125 0.5837325171875001 0.6738405953125 0.5837325171875001 0.66856944375 0.581945875 0.66856944375 0.581945875 0.6738405953125
0 0.56367640625 0.670874015625 0.5617953625000001 0.670874015625 0.5617953625000001 0.6750954421875 0.56367640625 0.6750954421875 0.56367640625 0.670874015625
0 0.5720018312499999 0.6844312953125 0.5693831234375 0.6844312953125 0.5693831234375 0.689958496875 0.5720018312499999 0.689958496875 0.5720018312499999 0.6844312953125
0 0.5372783812499999 0.6955205375 0.5486199671875001 0.6955205375 0.5486199671875001 0.6859335203125 0.5372783812499999 0.6859335203125 0.5372783812499999 0.6955205375
0 0.50851524375 0.6865474328125 0.5268992156250001 0.6865474328125 0.5268992156250001 0.67302728125 0.50851524375 0.67302728125 0.50851524375 0.6865474328125
0 0.4620257671875 0.6693831984375 0.4762258015625 0.6693831984375 0.4762258015625 0.6579934953125 0.4620257671875 0.6579934953125 0.4620257671875 0.6693831984375
0 0.489617925 0.74225996875 0.4860251765625 0.74225996875 0.4860251765625 0.756280009375 0.489617925 0.756280009375 0.489617925 0.74225996875
0 0.6189869578125 0.6714723421875 0.6208296437499999 0.6714723421875 0.6208296437499999 0.6670329078125 0.6189869578125 0.6670329078125 0.6189869578125 0.6714723421875
0 0.621812409375 0.6715815093749999 0.62373699375 0.6715815093749999 0.62373699375 0.6673604078125 0.621812409375 0.6673604078125 0.621812409375 0.6715815093749999
0 0.647411778125 0.6645943140625 0.647411778125 0.660251478125 0.6440922890625 0.660251478125 0.6440922890625 0.6645943140625 0.6446455375 0.6645943140625 0.647411778125 0.6645943140625
0 0.6475500890625 0.6645943140625 0.6446455375 0.6645943140625 0.6446455375 0.6684455093749999 0.6475500890625 0.6684455093749999 0.6475500890625 0.6645943140625
0 0.6509997765625 0.663945740625 0.6530959218750001 0.663945740625 0.6530959218750001 0.6595490203125001 0.6509997765625 0.6595490203125001 0.6509997765625 0.663945740625
0 0.6512435015625 0.6694998453125 0.6535038625 0.6694998453125 0.6535038625 0.6652205203125 0.6512435015625 0.6652205203125 0.6512435015625 0.6694998453125
0 0.5654016640625 0.670255715625 0.5677562078125 0.670255715625 0.5677562078125 0.66548878125 0.5654016640625 0.66548878125 0.5654016640625 0.670255715625
