0 0.352426440625 0.8328418984375 0.3825168296875 0.8328418984375 0.3825168296875 0.7331484859375 0.352426440625 0.7331484859375 0.352426440625 0.8328418984375
0 0.199831690625 0.643341046875 0.21825065625 0.643341046875 0.21825065625 0.5460791796875 0.199831690625 0.5460791796875 0.199831690625 0.643341046875
0 0.21666954375 0.54839975625 0.227990825 0.54839975625 0.227990825 0.4755700703125 0.21666954375 0.4755700703125 0.21666954375 0.54839975625
0 0.1365717984375 0.38497290156249997 0.1439481375 0.38497290156249997 0.1439481375 0.35061222812500004 0.1365717984375 0.35061222812500004 0.1365717984375 0.38497290156249997
0 0.1531919046875 0.3433407609375 0.161184496875 0.3433407609375 0.161184496875 0.3291317109375 0.1531919046875 0.3291317109375 0.1531919046875 0.3433407609375
0 0.3242768671875 0.3691399578125 0.3298940890625 0.3691399578125 0.3298940890625 0.3448119390625 0.3242768671875 0.3448119390625 0.3242768671875 0.3691399578125
0 0.2803827890625 0.34837388593749996 0.28635855781249997 0.34837388593749996 0.28635855781249997 0.3257668875 0.2803827890625 0.3257668875 0.2803827890625 0.34837388593749996
0 0.0394267796875 0.288184328125 0.0425341796875 0.288184328125 0.0425341796875 0.27522354843749997 0.0394267796875 0.27522354843749997 0.0394267796875 0.288184328125
0 0.052334440625 0.2891404515625 0.055441840625 0.2891404515625 0.055441840625 0.2758609640625 0.052334440625 0.2758609640625 0.052334440625 0.2891404515625
0 0.058788271875 0.2758609640625 0.054545474999999996 0.2758609640625 0.054545474999999996 0.28967163125 0.058788271875 0.28967163125 0.058788271875 0.2758609640625
0 0.1286537328125 0.2976810546875 0.1341514390625 0.2976810546875 0.1341514390625 0.2874824078125 0.1286537328125 0.2874824078125 0.1286537328125 0.2976810546875
0 0.077573978125 0.2898176421875 0.08113075625 0.2898176421875 0.08113075625 0.2762194484375 0.077573978125 0.2762194484375 0.077573978125 0.2898176421875
0 0.0676375296875 0.289258134375 0.0703911640625 0.289258134375 0.0703911640625 0.27827079375 0.0676375296875 0.27827079375 0.0676375296875 0.289258134375
0 0.1119805671875 0.289516925 0.1145506265625 0.289516925 0.1145506265625 0.2773873359375 0.1119805671875 0.2773873359375 0.1119805671875 0.289516925
0 0.3023786515625 0.32262353906249996 0.30735049062500003 0.32262353906249996 0.30735049062500003 0.3152805140625 0.3023786515625 0.3152805140625 0.3023786515625 0.32262353906249996
0 0.23218743593750002 0.35060644218750003 0.23732286249999998 0.35060644218750003 0.23732286249999998 0.3306872109375 0.23218743593750002 0.3306872109375 0.23218743593750002 0.35060644218750003
0 0.27001770937499997 0.3142531109375 0.27378244375 0.3142531109375 0.27378244375 0.297786546875 0.27001770937499997 0.297786546875 0.27001770937499997 0.3142531109375
0 0.246698353125 0.3108058125 0.249423303125 0.3108058125 0.249423303125 0.3061314328125 0.246698353125 0.3061314328125 0.246698353125 0.3108058125
0 0.2505706515625 0.31123075624999996 0.25367805 0.31123075624999996 0.25367805 0.30596145625000004 0.2505706515625 0.30596145625000004 0.2505706515625 0.31123075624999996
0 0.2692584359375 0.3272303671875 0.272279784375 0.3272303671875 0.272279784375 0.3117284265625 0.2692584359375 0.3117284265625 0.2692584359375 0.3272303671875
0 0.186019021875 0.293228128125 0.18926984062500002 0.293228128125 0.18926984062500002 0.2817546515625 0.186019021875 0.2817546515625 0.186019021875 0.293228128125
0 0.1763143734375 0.29152835312500003 0.180138865625 0.29152835312500003 0.180138865625 0.2807347875 0.1763143734375 0.2807347875 0.1763143734375 0.29152835312500003
0 0.20902987031250003 0.27864959218749996 0.212436059375 0.27864959218749996 0.212436059375 0.2715317859375 0.20902987031250003 0.2715317859375 0.20902987031250003 0.27864959218749996
0 0.2893937296875 0.295535203125 0.2919752625 0.295535203125 0.2919752625 0.28746127499999996 0.2893937296875 0.28746127499999996 0.2893937296875 0.295535203125
0 0.2960387859375 0.2890760609375 0.2919752625 0.2890760609375 0.2919752625 0.296895021875 0.2960387859375 0.296895021875 0.2960387859375 0.2890760609375
0 0.5888503953125 0.45721806093749995 0.5799212812500001 0.45721806093749995 0.5799212812500001 0.487098496875 0.5888503953125 0.487098496875 0.5888503953125 0.45721806093749995
0 0.25897924687499996 0.29248413281249996 0.262424834375 0.29248413281249996 0.262424834375 0.2799343484375 0.25897924687499996 0.2799343484375 0.25897924687499996 0.29248413281249996
0 0.26414953125 0.2884760859375 0.26635470625 0.2884760859375 0.26635470625 0.2792011984375 0.26414953125 0.2792011984375 0.26414953125 0.2884760859375
0 0.2751775640625 0.2750541359375 0.2751775640625 0.2880275046875 0.277277321875 0.2880275046875 0.277277321875 0.2830305390625 0.277277321875 0.2750541359375 0.2751775640625 0.2750541359375
0 0.31323997187499997 0.2930140046875 0.31044316250000004 0.2930140046875 0.31044316250000004 0.30114148281249997 0.31323997187499997 0.30114148281249997 0.31323997187499997 0.2930140046875
0 0.26980689999999996 0.2702099328125 0.2869508 0.2702099328125 0.2869508 0.2599011828125 0.26980689999999996 0.2599011828125 0.26980689999999996 0.2702099328125
0 0.2680247515625 0.30344675 0.2680247515625 0.30985999999999997 0.26864529375 0.30985999999999997 0.274633825 0.30985999999999997 0.274633825 0.30344675 0.2680247515625 0.30344675
0 0.284962540625 0.2931788546875 0.287060146875 0.2931788546875 0.287060146875 0.28294779375 0.284962540625 0.28294779375 0.284962540625 0.2931788546875
0 0.300188046875 0.296121196875 0.30556652500000003 0.296121196875 0.30556652500000003 0.2856032828125 0.300188046875 0.2856032828125 0.300188046875 0.296121196875
0 0.260340921875 0.3146731546875 0.2649126296875 0.3146731546875 0.2649126296875 0.2943544578125 0.260340921875 0.2943544578125 0.260340921875 0.3146731546875
0 0.2575871421875 0.30959928593749997 0.26094331249999997 0.30959928593749997 0.26094331249999997 0.3034797734375 0.2575871421875 0.3034797734375 0.2575871421875 0.30959928593749997
0 0.26844048125 0.3029618 0.2645301125 0.3029618 0.2645301125 0.30937505 0.26844048125 0.30937505 0.26844048125 0.3029618
0 0.3193547046875 0.296205053125 0.322452709375 0.296205053125 0.322452709375 0.285251125 0.3193547046875 0.285251125 0.3193547046875 0.296205053125
0 0.3386498625 0.29586708125 0.34097336562499997 0.29586708125 0.34097336562499997 0.28798820625 0.3386498625 0.28798820625 0.3386498625 0.29586708125
0 0.2869508 0.2702099328125 0.2851858484375 0.2702099328125 0.2851858484375 0.27589917812500003 0.2869508 0.27589917812500003 0.2869508 0.2702099328125
0 0.25388760781249997 0.3111281375 0.2574399859375 0.3111281375 0.2574399859375 0.3044701078125 0.25388760781249997 0.3044701078125 0.25388760781249997 0.3111281375
0 0.2821150125 0.2818987421875 0.2836295921875 0.2818987421875 0.2836295921875 0.27590161874999997 0.2821150125 0.27590161874999997 0.2821150125 0.2818987421875
0 0.27221193125 0.28734065468750003 0.27402942656249996 0.28734065468750003 0.27402942656249996 0.2786754234375 0.27221193125 0.2786754234375 0.27221193125 0.28734065468750003
0 0.3074050734375 0.2779497859375 0.31046005 0.2779497859375 0.31046005 0.2652517953125 0.3074050734375 0.2652517953125 0.3074050734375 0.2779497859375
0 0.2961575984375 0.27354155156250004 0.2980508234375 0.27354155156250004 0.2980508234375 0.2705429890625 0.2961575984375 0.2705429890625 0.2961575984375 0.27354155156250004
0 0.3013209390625 0.27201167187499997 0.3013209390625 0.273769078125 0.3013209390625 0.275316209375 0.3033518515625 0.275316209375 0.3033518515625 0.27201167187499997 0.3013209390625 0.27201167187499997
0 0.3047975875 0.27709086875 0.3065187 0.27709086875 0.3065187 0.273908721875 0.3047975875 0.273908721875 0.3047975875 0.27709086875
0 0.2996686703125 0.2713997203125 0.30180284999999996 0.2713997203125 0.30180284999999996 0.2664429140625 0.2996686703125 0.2664429140625 0.2996686703125 0.2713997203125
0 0.32286038125 0.273530953125 0.32505480000000003 0.273530953125 0.32505480000000003 0.2666465 0.32286038125 0.2666465 0.32286038125 0.273530953125
0 0.278079975 0.27836921875 0.28083375625 0.27836921875 0.28083375625 0.2715153640625 0.278079975 0.2715153640625 0.278079975 0.27836921875
0 0.2792365625 0.282540978125 0.277277321875 0.282540978125 0.277277321875 0.28817093125 0.2792365625 0.28817093125 0.2792365625 0.282540978125
0 0.2893635921875 0.27509221875 0.2912912390625 0.27509221875 0.2912912390625 0.27044138906250004 0.2893635921875 0.27044138906250004 0.2893635921875 0.27509221875
0 0.288430884375 0.262804540625 0.2869508 0.262804540625 0.2869508 0.26632938125 0.288430884375 0.26632938125 0.288430884375 0.262804540625
0 0.12494177656250001 0.28213629687499997 0.1278461546875 0.28213629687499997 0.1278461546875 0.26989726875 0.12494177656250001 0.26989726875 0.12494177656250001 0.28213629687499997
0 0.8267764937500001 0.0816736328125 0.9816818296875001 0.0816736328125 0.9816818296875001 0.031841653125 0.8267764937500001 0.031841653125 0.8267764937500001 0.0816736328125
0 0.0871395078125 0.27432371093749996 0.08937007031250001 0.27432371093749996 0.08937007031250001 0.26854689062500003 0.0871395078125 0.26854689062500003 0.0871395078125 0.27432371093749996
0 0.090581734375 0.27608613125 0.0943544140625 0.27608613125 0.0943544140625 0.26977079375 0.090581734375 0.26977079375 0.090581734375 0.27608613125
0 0.264547590625 0.3272303671875 0.26996909687500004 0.3272303671875 0.26996909687500004 0.32003900937499996 0.264547590625 0.32003900937499996 0.264547590625 0.3272303671875
0 0.27430569375 0.3264582453125 0.2788774015625 0.3264582453125 0.2788774015625 0.313549896875 0.27430569375 0.313549896875 0.27430569375 0.3264582453125
0 0.13448798906249998 0.2772000015625 0.1368975484375 0.2772000015625 0.1368975484375 0.26970359843749997 0.13448798906249998 0.26970359843749997 0.13448798906249998 0.2772000015625
