0 0.8882955265625 0.9359040828125 0.9573243265625001 0.9359040828125 0.9573243265625001 0.8867133765625 0.8882955265625 0.8867133765625 0.8882955265625 0.9359040828125
0 0.28796431562499997 0.49922984374999996 0.291130796875 0.49922984374999996 0.291130796875 0.49019516718749995 0.28796431562499997 0.49019516718749995 0.28796431562499997 0.49922984374999996
0 0.277096640625 0.4955464765625 0.277096640625 0.499160346875 0.27924672031250003 0.499160346875 0.27924672031250003 0.4984316984375 0.27924672031250003 0.4955464765625 0.277096640625 0.4955464765625
0 0.2717800796875 0.49902135156250005 0.27428199062499997 0.49902135156250005 0.27428199062499997 0.49255808281249996 0.2717800796875 0.49255808281249996 0.2717800796875 0.49902135156250005
0 0.26630715 0.500202809375 0.2683790453125 0.500202809375 0.2683790453125 0.49255808281249996 0.26630715 0.49255808281249996 0.26630715 0.500202809375
0 0.2603651109375 0.50173175625 0.26243700625 0.50173175625 0.26243700625 0.493392053125 0.2603651109375 0.493392053125 0.2603651109375 0.50173175625
0 0.2561822296875 0.508195025 0.259035971875 0.508195025 0.259035971875 0.49651944062500003 0.2561822296875 0.49651944062500003 0.2561822296875 0.508195025
0 0.2519602546875 0.504789646875 0.25465762812500004 0.504789646875 0.25465762812500004 0.49749240625 0.2519602546875 0.49749240625 0.2519602546875 0.504789646875
0 0.2476991875 0.5067355765625 0.2499665453125 0.5067355765625 0.2499665453125 0.4974229078125 0.2476991875 0.4974229078125 0.2476991875 0.5067355765625
0 0.2380433765625 0.5067355765625 0.24105348750000002 0.5067355765625 0.24105348750000002 0.49686692812500005 0.2380433765625 0.49686692812500005 0.2380433765625 0.5067355765625
0 0.2315931375 0.5147972890625 0.233782309375 0.5147972890625 0.233782309375 0.5064575875 0.2315931375 0.5064575875 0.2315931375 0.5147972890625
0 0.23554146562499997 0.49457351093749996 0.23554146562499997 0.5024962281249999 0.237105696875 0.5024962281249999 0.2383952078125 0.5024962281249999 0.2383952078125 0.49457351093749996 0.23554146562499997 0.49457351093749996
0 0.233430478125 0.50346919375 0.23530691093749997 0.50346919375 0.23530691093749997 0.49540748125 0.233430478125 0.49540748125 0.233430478125 0.50346919375
0 0.230107628125 0.49464300781250004 0.230107628125 0.502148740625 0.23234420625 0.502148740625 0.233430478125 0.502148740625 0.233430478125 0.49464300781250004 0.230107628125 0.49464300781250004
0 0.2279184546875 0.502843715625 0.230107628125 0.502843715625 0.230107628125 0.49422602343750005 0.2279184546875 0.49422602343750005 0.2279184546875 0.502843715625
0 0.22275826406250002 0.50416416875 0.22561200625 0.50416416875 0.22561200625 0.4955464765625 0.22275826406250002 0.4955464765625 0.22275826406250002 0.50416416875
0 0.2254947296875 0.5050676359375 0.22772299375 0.5050676359375 0.22772299375 0.49332255468749997 0.2254947296875 0.49332255468749997 0.2254947296875 0.5050676359375
0 0.21357156093750002 0.5066660796875 0.2156825484375 0.5066660796875 0.2156825484375 0.50061979375 0.21357156093750002 0.50061979375 0.21357156093750002 0.5066660796875
0 0.209388678125 0.51361583125 0.2116951265625 0.51361583125 0.2116951265625 0.505137134375 0.209388678125 0.505137134375 0.209388678125 0.51361583125
0 0.20579218125 0.4983958734375 0.2081377234375 0.4983958734375 0.2081377234375 0.49346154999999997 0.20579218125 0.49346154999999997 0.20579218125 0.4983958734375
0 0.20340754843750003 0.4997163265625 0.2056749046875 0.4997163265625 0.2056749046875 0.49248858437500004 0.20340754843750003 0.49248858437500004 0.20340754843750003 0.4997163265625
0 0.20074926718750002 0.49909084843749996 0.20305571718749998 0.49909084843749996 0.20305571718749998 0.49269707656249995 0.20074926718750002 0.49269707656249995 0.20074926718750002 0.49909084843749996
0 0.1958236296875 0.4999943171875 0.1984819109375 0.4999943171875 0.1984819109375 0.4958939625 0.1958236296875 0.4958939625 0.1958236296875 0.4999943171875
0 0.204150303125 0.5070830640625 0.2055576265625 0.5070830640625 0.2055576265625 0.5004113015625 0.204150303125 0.5004113015625 0.204150303125 0.5070830640625
0 0.20598764374999998 0.4995773328125 0.20598764374999998 0.5049981390625 0.20809863125 0.5049981390625 0.20809863125 0.5046799859375 0.20809863125 0.4995773328125 0.20598764374999998 0.4995773328125
0 0.190116146875 0.49610245624999993 0.1926962421875 0.49610245624999993 0.1926962421875 0.4919326046875 0.190116146875 0.4919326046875 0.190116146875 0.49610245624999993
0 0.187106034375 0.5236234750000001 0.19038979218750002 0.5236234750000001 0.19038979218750002 0.5134073390625 0.187106034375 0.5134073390625 0.187106034375 0.5236234750000001
0 0.185034140625 0.50381668125 0.188005159375 0.50381668125 0.188005159375 0.49644994374999996 0.185034140625 0.49644994374999996 0.185034140625 0.50381668125
0 0.1855032484375 0.511252915625 0.1868323890625 0.511252915625 0.1868323890625 0.50694406875 0.1855032484375 0.50694406875 0.1855032484375 0.511252915625
0 0.187106034375 0.5106274375 0.1890997453125 0.5106274375 0.1890997453125 0.506179596875 0.187106034375 0.506179596875 0.187106034375 0.5106274375
0 0.1830404296875 0.510210453125 0.18495595468749998 0.510210453125 0.18495595468749998 0.50312170625 0.1830404296875 0.50312170625 0.1830404296875 0.510210453125
0 0.182571321875 0.49658893906249996 0.18476049375 0.49658893906249996 0.18476049375 0.49061215156250004 0.182571321875 0.49061215156250004 0.182571321875 0.49658893906249996
0 0.1799912265625 0.4994383375 0.18175038125 0.4994383375 0.18175038125 0.49304456406249997 0.1799912265625 0.49304456406249997 0.1799912265625 0.4994383375
0 0.1775675 0.49297506718750006 0.1775675 0.5007587890625 0.17777878593750002 0.5007587890625 0.1795221171875 0.5007587890625 0.1795221171875 0.49297506718750006 0.1775675 0.49297506718750006
0 0.1754956046875 0.503191203125 0.1772547609375 0.503191203125 0.1772547609375 0.4952684859375 0.1754956046875 0.4952684859375 0.1754956046875 0.503191203125
0 0.17283732499999999 0.49665843593750003 0.174831034375 0.49665843593750003 0.174831034375 0.4920021015625 0.17283732499999999 0.4920021015625 0.17283732499999999 0.49665843593750003
0 0.17811479218749998 0.50889 0.18003031875 0.50889 0.18003031875 0.5020097453125001 0.17811479218749998 0.5020097453125001 0.17811479218749998 0.50889
0 0.17944393281249998 0.5218860375000001 0.181867659375 0.5218860375000001 0.181867659375 0.5143803046875 0.17944393281249998 0.5143803046875 0.17944393281249998 0.5218860375000001
0 0.175886528125 0.5252219171875 0.17791933124999998 0.5252219171875 0.17791933124999998 0.5146582937499999 0.175886528125 0.5146582937499999 0.175886528125 0.5252219171875
0 0.17729385312499998 0.5143803046875 0.17944393281249998 0.5143803046875 0.17944393281249998 0.50889 0.17729385312499998 0.50889 0.17729385312499998 0.5143803046875
0 0.173071878125 0.5146582937499999 0.175886528125 0.5146582937499999 0.175886528125 0.50659658125 0.173071878125 0.50659658125 0.173071878125 0.5146582937499999
0 0.1688499046875 0.4997163265625 0.17064815312499998 0.4997163265625 0.17064815312499998 0.49269707656249995 0.1688499046875 0.49269707656249995 0.1688499046875 0.4997163265625
0 0.166973471875 0.501175775 0.1687717203125 0.501175775 0.1687717203125 0.49401753125000003 0.166973471875 0.49401753125000003 0.166973471875 0.501175775
0 0.16986630625000002 0.5145192984375 0.1720945703125 0.5145192984375 0.1720945703125 0.5024962281249999 0.16986630625000002 0.5024962281249999 0.16986630625000002 0.5145192984375
0 0.1675207640625 0.511252915625 0.16986630625000002 0.511252915625 0.16986630625000002 0.5049286421875 0.1675207640625 0.5049286421875 0.1675207640625 0.511252915625
0 0.16466702187499999 0.5260558875 0.1678725953125 0.5260558875 0.1678725953125 0.5146582937499999 0.16466702187499999 0.5146582937499999 0.16466702187499999 0.5260558875
0 0.16181327968749998 0.498256878125 0.164510653125 0.498256878125 0.164510653125 0.4912376296875 0.16181327968749998 0.4912376296875 0.16181327968749998 0.498256878125
0 0.150528578125 0.5269598828125 0.15365596718750002 0.5269598828125 0.15365596718750002 0.5141897125 0.150528578125 0.5141897125 0.150528578125 0.5269598828125
0 0.1474246453125 0.502868565625 0.1498014609375 0.502868565625 0.1498014609375 0.4966415875 0.1474246453125 0.4966415875 0.1474246453125 0.502868565625
0 0.1427648359375 0.50698281875 0.1444849 0.50698281875 0.1444849 0.5021457921875 0.1427648359375 0.5021457921875 0.1427648359375 0.50698281875
0 0.1452354734375 0.5053704765625 0.14670534531249999 0.5053704765625 0.14670534531249999 0.499699478125 0.1452354734375 0.499699478125 0.1452354734375 0.5053704765625
0 0.14667407187499998 0.499032303125 0.1483315875 0.499032303125 0.1483315875 0.4929165203125 0.14667407187499998 0.4929165203125 0.14667407187499998 0.499032303125
0 0.14390320625 0.5260084609375 0.1462299828125 0.5260084609375 0.1462299828125 0.5183581734375 0.14390320625 0.5183581734375 0.14390320625 0.5260084609375
0 0.1407257796875 0.5260529390625 0.1434028234375 0.5260529390625 0.1434028234375 0.5192477421875 0.1407257796875 0.5192477421875 0.1407257796875 0.5260529390625
0 0.13354529531249998 0.5257541 0.1368681453125 0.5257541 0.1368681453125 0.5135051625 0.13354529531249998 0.5135051625 0.13354529531249998 0.5257541
0 0.12497490625 0.5349321171875 0.127437725 0.5349321171875 0.127437725 0.5253414578125 0.12497490625 0.5253414578125 0.12497490625 0.5349321171875
0 0.12567856875 0.5263144234375 0.12814138749999998 0.5263144234375 0.12814138749999998 0.517071253125 0.12567856875 0.517071253125 0.12567856875 0.5263144234375
0 0.128415034375 0.526175428125 0.13111240625 0.526175428125 0.13111240625 0.5151948203125001 0.128415034375 0.5151948203125001 0.128415034375 0.526175428125
0 0.1352097125 0.5054682078125 0.1370235984375 0.5054682078125 0.1370235984375 0.4984628578125 0.1352097125 0.4984628578125 0.1352097125 0.5054682078125
0 0.13680468125 0.504189453125 0.13871238749999998 0.504189453125 0.13871238749999998 0.49618333750000004 0.13680468125 0.49618333750000004 0.13680468125 0.504189453125
0 0.14102665625 0.4960721421875 0.143184553125 0.4960721421875 0.143184553125 0.49173549687499996 0.14102665625 0.49173549687499996 0.14102665625 0.4960721421875
0 0.131988503125 0.49946362187500004 0.134177675 0.49946362187500004 0.134177675 0.4947933875 0.131988503125 0.4947933875 0.131988503125 0.49946362187500004
0 0.12976805625 0.49590534843749995 0.13155066875000002 0.49590534843749995 0.13155066875000002 0.49223587812499997 0.12976805625 0.49223587812499997 0.12976805625 0.49590534843749995
0 0.126202834375 0.50235471875 0.128642196875 0.50235471875 0.128642196875 0.496461328125 0.126202834375 0.496461328125 0.126202834375 0.50235471875
0 0.1260464640625 0.496461328125 0.128642196875 0.496461328125 0.128642196875 0.49145750625 0.1260464640625 0.49145750625 0.1260464640625 0.496461328125
0 0.11694576406249999 0.4945153984375 0.1196665921875 0.4945153984375 0.1196665921875 0.49023435 0.11694576406249999 0.49023435 0.11694576406249999 0.4945153984375
0 0.1120983109375 0.497350896875 0.11435003125000001 0.497350896875 0.11435003125000001 0.491568703125 0.1120983109375 0.491568703125 0.1120983109375 0.497350896875
0 0.108952159375 0.4935035140625 0.1106284390625 0.4935035140625 0.1106284390625 0.4889222375 0.108952159375 0.4889222375 0.108952159375 0.4935035140625
0 0.10369814531249999 0.4954605640625 0.1056246171875 0.4954605640625 0.1056246171875 0.4902121109375 0.10369814531249999 0.4902121109375 0.10369814531249999 0.4954605640625
0 0.10134635 0.49617221875000006 0.10354803125 0.49617221875000006 0.10354803125 0.49265842343750005 0.10134635 0.49265842343750005 0.10134635 0.49617221875000006
0 0.09659502187499999 0.4923608125 0.098197809375 0.4923608125 0.098197809375 0.4882604578125 0.09659502187499999 0.4882604578125 0.09659502187499999 0.4923608125
0 0.0969102046875 0.50814869375 0.09969553437499999 0.50814869375 0.09969553437499999 0.5002433515625 0.0969102046875 0.5002433515625 0.0969102046875 0.50814869375
0 0.0914861390625 0.4993746328125 0.0943692015625 0.4993746328125 0.0943692015625 0.4944229328125 0.0914861390625 0.4944229328125 0.0914861390625 0.4993746328125
0 0.0875769046875 0.4993746328125 0.0914861390625 0.4993746328125 0.0914861390625 0.4916430328125 0.0875769046875 0.4916430328125 0.0875769046875 0.4993746328125
0 0.082885821875 0.4914692890625 0.082885821875 0.496768475 0.083699665625 0.496768475 0.0856222859375 0.496768475 0.0856222859375 0.4914692890625 0.082885821875 0.4914692890625
0 0.07990502968749999 0.496160371875 0.081664184375 0.496160371875 0.081664184375 0.49060056875 0.07990502968749999 0.49060056875 0.07990502968749999 0.496160371875
0 0.0771685640625 0.4956391390625 0.079416375 0.4956391390625 0.079416375 0.4897318515625 0.0771685640625 0.4897318515625 0.0771685640625 0.4956391390625
0 0.0973153125 0.5193594125 0.098830140625 0.5193594125 0.098830140625 0.513973353125 0.0973153125 0.513973353125 0.0973153125 0.5193594125
0 0.098830140625 0.5186644359375 0.100833625 0.5186644359375 0.100833625 0.5138864812499999 0.098830140625 0.5138864812499999 0.098830140625 0.5186644359375
0 0.1047428609375 0.52405049375 0.10772365312500001 0.52405049375 0.10772365312500001 0.513973353125 0.1047428609375 0.513973353125 0.1047428609375 0.52405049375
0 0.082020428125 0.53073963125 0.0851478171875 0.53073963125 0.0851478171875 0.5211837218750001 0.082020428125 0.5211837218750001 0.082020428125 0.53073963125
0 0.07747594218750001 0.53143460625 0.0807987921875 0.53143460625 0.0807987921875 0.522226184375 0.07747594218750001 0.522226184375 0.07747594218750001 0.53143460625
0 0.0805544640625 0.5211837218750001 0.08309546718750001 0.5211837218750001 0.08309546718750001 0.5147552015625 0.0805544640625 0.5147552015625 0.0805544640625 0.5211837218750001
0 0.0771827484375 0.521531209375 0.079626021875 0.521531209375 0.079626021875 0.515363303125 0.0771827484375 0.515363303125 0.0771827484375 0.521531209375
0 0.07439741875 0.5343013796875 0.077573671875 0.5343013796875 0.077573671875 0.5231817765625 0.07439741875 0.5231817765625 0.07439741875 0.5343013796875
0 0.0729803203125 0.5189250515625 0.0694620078125 0.5189250515625 0.0694620078125 0.531695221875 0.0729803203125 0.531695221875 0.0729803203125 0.5189250515625
0 0.061301478124999996 0.5350832265625 0.0643800015625 0.5350832265625 0.0643800015625 0.523094903125 0.061301478124999996 0.523094903125 0.061301478124999996 0.5350832265625
0 0.060079842187499996 0.5264829078125 0.0634515578125 0.5264829078125 0.0634515578125 0.5163188953125 0.060079842187499996 0.5163188953125 0.060079842187499996 0.5264829078125
0 0.052994353125000004 0.5250929578125 0.052994353125000004 0.5371944953125001 0.052994353125000004 0.5375156390625 0.055681953125 0.5375156390625 0.055681953125 0.5250929578125 0.052994353125000004 0.5250929578125
0 0.0586627453125 0.52865470625 0.055681953125 0.52865470625 0.055681953125 0.53951369375 0.0586627453125 0.53951369375 0.0586627453125 0.52865470625
0 0.057196781249999995 0.5300446562500001 0.059933246875 0.5300446562500001 0.059933246875 0.5242242375 0.057196781249999995 0.5242242375 0.057196781249999995 0.5300446562500001
0 0.0692749453125 0.4958483453125 0.07116848125 0.4958483453125 0.07116848125 0.489332953125 0.0692749453125 0.489332953125 0.0692749453125 0.4958483453125
0 0.06579328281249999 0.49335077812500006 0.0676257359375 0.49335077812500006 0.0676257359375 0.48770410468750003 0.06579328281249999 0.48770410468750003 0.06579328281249999 0.49335077812500006
0 0.05681425624999999 0.4991060421875 0.05681425624999999 0.4979005484375 0.05681425624999999 0.4912875703125 0.0549818015625 0.4912875703125 0.0549818015625 0.4991060421875 0.05681425624999999 0.4991060421875
0 0.0343361515625 0.5235604828125 0.031355359375 0.5235604828125 0.031355359375 0.5366781390625001 0.0343361515625 0.5366781390625001 0.0343361515625 0.5235604828125
0 0.0293518765625 0.5260797671875 0.032039475 0.5260797671875 0.032039475 0.5177400640625 0.0293518765625 0.5177400640625 0.0293518765625 0.5260797671875
0 0.0242210046875 0.5273828468749999 0.028081375 0.5273828468749999 0.028081375 0.51765319375 0.0242210046875 0.51765319375 0.0242210046875 0.5273828468749999
0 0.0145456453125 0.5413692234374999 0.0187969390625 0.5413692234374999 0.0187969390625 0.5261666390624999 0.0145456453125 0.5261666390624999 0.0145456453125 0.5413692234374999
0 0.023097098437499998 0.527295975 0.0187969390625 0.527295975 0.0187969390625 0.5403267609375 0.023097098437499998 0.5403267609375 0.023097098437499998 0.527295975
0 0.025393775 0.5421510703125 0.0295473375 0.5421510703125 0.0295473375 0.528425309375 0.025393775 0.528425309375 0.025393775 0.5421510703125
0 0.039760215625 0.5213886859375 0.037170346874999996 0.5213886859375 0.037170346874999996 0.5344194703125 0.039760215625 0.5344194703125 0.039760215625 0.5213886859375
0 0.0437671828125 0.5331163921875001 0.0471388984375 0.5331163921875001 0.0471388984375 0.5211280687500001 0.0437671828125 0.5211280687500001 0.0437671828125 0.5331163921875001
0 0.0446956265625 0.5317264421875 0.0488491890625 0.5317264421875 0.0488491890625 0.518435040625 0.0446956265625 0.518435040625 0.0446956265625 0.5317264421875
0 0.0001883671875 0.5411927640624999 0.00534214375 0.5411927640624999 0.00534214375 0.5201534750000001 0.0001883671875 0.5201534750000001 0.0001883671875 0.5411927640624999
0 0.0022460609374999998 0.49097673124999996 0.0022460609374999998 0.4997725125 0.00523906875 0.4997725125 0.00523906875 0.499245025 0.00523906875 0.49097673124999996 0.0022460609374999998 0.49097673124999996
0 0.0057277234375 0.4928227609375 0.007743423437499999 0.4928227609375 0.007743423437499999 0.4844613390625 0.0057277234375 0.4844613390625 0.0057277234375 0.4928227609375
0 0.015867303125000003 0.491085321875 0.0176386765625 0.491085321875 0.0176386765625 0.4861987765625 0.015867303125000003 0.4861987765625 0.015867303125000003 0.491085321875
0 0.0026736328125 0.48587300781250004 0.0026736328125 0.49097673124999996 0.0044450046875 0.49097673124999996 0.0044450046875 0.48587300781250004 0.003993278125 0.48587300781250004 0.0026736328125 0.48587300781250004
0 0.000047115625 0.48522146875 0.000047115625 0.48999942343749997 0.0015741609375 0.48999942343749997 0.0015741609375 0.48522146875 0.0010835453125 0.48522146875 0.000047115625 0.48522146875
0 0.0077084531250000005 0.47358389062499995 0.009897625 0.47358389062499995 0.009897625 0.470526 0.0077084531250000005 0.470526 0.0077084531250000005 0.47358389062499995
0 0.010366734375 0.47330590156249996 0.012086796875 0.47330590156249996 0.012086796875 0.46980322656249995 0.010366734375 0.46980322656249995 0.010366734375 0.47330590156249996
0 0.0658827734375 0.47233751875 0.07120910625 0.47233751875 0.07120910625 0.46773330937499996 0.0658827734375 0.46773330937499996 0.0658827734375 0.47233751875
0 0.0346622921875 0.5059707734375001 0.0361947125 0.5059707734375001 0.0361947125 0.5023013046875 0.0346622921875 0.5023013046875 0.0346622921875 0.5059707734375001
0 0.0486104453125 0.5144772703125 0.0510498078125 0.5144772703125 0.0510498078125 0.5079167046874999 0.0486104453125 0.5079167046874999 0.0486104453125 0.5144772703125
0 0.0535810375 0.49928163750000004 0.0535810375 0.5050082328125 0.058584859375 0.5050082328125 0.058584859375 0.49928163750000004 0.0569310640625 0.49928163750000004 0.0535810375 0.49928163750000004
0 0.0660008015625 0.5024600625 0.0675957703125 0.5024600625 0.0675957703125 0.49606629062499996 0.0660008015625 0.49606629062499996 0.0660008015625 0.5024600625
0 0.069659846875 0.5046839828125 0.07150500625 0.5046839828125 0.07150500625 0.49884619218750004 0.069659846875 0.49884619218750004 0.069659846875 0.5046839828125
0 0.0775199453125 0.5045806609375 0.0794964546875 0.5045806609375 0.0794964546875 0.49888742343750003 0.0775199453125 0.49888742343750003 0.0775199453125 0.5045806609375
0 0.08004687499999999 0.5059594921875 0.0818732703125 0.5059594921875 0.0818732703125 0.4990653375 0.08004687499999999 0.4990653375 0.08004687499999999 0.5059594921875
0 0.0833994359375 0.504491703125 0.0855760984375 0.504491703125 0.0855760984375 0.4979088984375 0.0833994359375 0.4979088984375 0.0833994359375 0.504491703125
0 0.0878528375 0.505781578125 0.0913555125 0.505781578125 0.0913555125 0.5002662546875001 0.0878528375 0.5002662546875001 0.0878528375 0.505781578125
0 0.010265546875 0.515818271875 0.013197473437500001 0.515818271875 0.013197473437500001 0.5083820359375 0.010265546875 0.5083820359375 0.010265546875 0.515818271875
0 0.0038153078125000004 0.50817354375 0.00616085 0.50817354375 0.00616085 0.501779771875 0.0038153078125000004 0.501779771875 0.0038153078125000004 0.50817354375
0 0.00107884375 0.5077565578125001 0.0035025687499999998 0.5077565578125001 0.0035025687499999998 0.50184926875 0.00107884375 0.50184926875 0.00107884375 0.5077565578125001
0 0.016403046875 0.5063666078125 0.0182794796875 0.5063666078125 0.0182794796875 0.50184926875 0.016403046875 0.50184926875 0.016403046875 0.5063666078125
0 0.0196086203125 0.5062971109375 0.0214459609375 0.5062971109375 0.0214459609375 0.5019882640625 0.0196086203125 0.5019882640625 0.0196086203125 0.5062971109375
0 0.022032346875 0.50643610625 0.023674225 0.50643610625 0.023674225 0.50011183125 0.022032346875 0.50011183125 0.022032346875 0.50643610625
0 0.02895169375 0.498860875 0.030828126562500002 0.498860875 0.030828126562500002 0.49274509375 0.02895169375 0.49274509375 0.02895169375 0.498860875
0 0.032352728125 0.49100765468749996 0.0305153875 0.49100765468749996 0.0305153875 0.49580298437500003 0.032352728125 0.49580298437500003 0.032352728125 0.49100765468749996
0 0.0144087125 0.5585013609375 0.0186844390625 0.5585013609375 0.0186844390625 0.542538646875 0.0144087125 0.542538646875 0.0144087125 0.5585013609375
0 0.0233877375 0.542212878125 0.019234175 0.542212878125 0.019234175 0.5575240515625 0.0233877375 0.5575240515625 0.0233877375 0.542212878125
0 0.0252201921875 0.5595872578125001 0.0304732265625 0.5595872578125001 0.0304732265625 0.5434073671874999 0.0252201921875 0.5434073671874999 0.0252201921875 0.5595872578125001
0 0.127974959375 0.5369154093749999 0.1252228578125 0.5369154093749999 0.1252228578125 0.5522048640625 0.127974959375 0.5522048640625 0.127974959375 0.5369154093749999
0 0.133857534375 0.53614344375 0.1370631078125 0.53614344375 0.1370631078125 0.528846203125 0.133857534375 0.528846203125 0.133857534375 0.53614344375
0 0.128580065625 0.535865453125 0.13112106875 0.535865453125 0.13112106875 0.52912419375 0.128580065625 0.52912419375 0.128580065625 0.535865453125
0 0.1512634703125 0.5399700921874999 0.15394551875 0.5399700921874999 0.15394551875 0.5291529421875001 0.1512634703125 0.5291529421875001 0.1512634703125 0.5399700921874999
0 0.165161765625 0.5394902125 0.167632403125 0.5394902125 0.167632403125 0.5288153921875 0.165161765625 0.5288153921875 0.165161765625 0.5394902125
0 0.176140059375 0.5408997624999999 0.1789156171875 0.5408997624999999 0.1789156171875 0.528529203125 0.176140059375 0.528529203125 0.176140059375 0.5408997624999999
0 0.1797756484375 0.535200965625 0.18259029843750002 0.535200965625 0.18259029843750002 0.5259577953125001 0.1797756484375 0.5259577953125001 0.1797756484375 0.535200965625
0 0.186851365625 0.5371468968750001 0.19072150937500001 0.5371468968750001 0.19072150937500001 0.5249848296875 0.186851365625 0.5249848296875 0.186851365625 0.5371468968750001
0 0.2036426875 0.52753736875 0.206183690625 0.52753736875 0.206183690625 0.520379125 0.2036426875 0.520379125 0.2036426875 0.52753736875
0 0.213181221875 0.5160702781250001 0.2156831328125 0.5160702781250001 0.2156831328125 0.5072440921875 0.213181221875 0.5072440921875 0.213181221875 0.5160702781250001
0 0.231421625 0.5269739234374999 0.2340799046875 0.5269739234374999 0.2340799046875 0.51731376875 0.231421625 0.51731376875 0.231421625 0.5269739234374999
0 0.237989140625 0.515784821875 0.2407256046875 0.515784821875 0.2407256046875 0.5075841140625 0.237989140625 0.5075841140625 0.237989140625 0.515784821875
0 0.24786059531250001 0.5162436578125 0.25036250625 0.5162436578125 0.25036250625 0.5072784765625 0.24786059531250001 0.5072784765625 0.24786059531250001 0.5162436578125
0 0.252356215625 0.5145757171875001 0.25438901875000003 0.5145757171875001 0.25438901875000003 0.5059580234375 0.252356215625 0.5059580234375 0.252356215625 0.5145757171875001
0 0.25650000624999997 0.52013551875 0.2587282703125 0.52013551875 0.2587282703125 0.5089464171875 0.25650000624999997 0.5089464171875 0.25650000624999997 0.52013551875
0 0.2664294640625 0.5062360140625 0.2682277125 0.5062360140625 0.2682277125 0.50116269375 0.2664294640625 0.50116269375 0.2664294640625 0.5062360140625
0 0.271833525 0.50550791875 0.27422793125 0.50550791875 0.27422793125 0.5003824765625 0.271833525 0.5003824765625 0.271833525 0.50550791875
0 0.277096640625 0.5031623781250001 0.27940766875 0.5031623781250001 0.27940766875 0.499160346875 0.277096640625 0.499160346875 0.277096640625 0.5031623781250001
0 0.2882523140625 0.505247303125 0.2911353765625 0.505247303125 0.2911353765625 0.5002956046875 0.2882523140625 0.5002956046875 0.2882523140625 0.505247303125
0 0.2628647296875 0.5041684625 0.2649757171875 0.5041684625 0.2649757171875 0.497079715625 0.2628647296875 0.497079715625 0.2628647296875 0.5041684625
0 0.035167437499999996 0.5430443875 0.0315675203125 0.5430443875 0.0315675203125 0.5505819921875 0.035167437499999996 0.5505819921875 0.035167437499999996 0.5430443875
0 0.0491671171875 0.5429021671875 0.038287365625 0.5429021671875 0.038287365625 0.55086643125 0.0491671171875 0.55086643125 0.0491671171875 0.5429021671875
0 0.05924688593750001 0.54318660625 0.0538070109375 0.54318660625 0.0538070109375 0.5545641234375001 0.05924688593750001 0.5545641234375001 0.05924688593750001 0.54318660625
0 0.0648467578125 0.5419066359375 0.061086843749999994 0.5419066359375 0.061086843749999994 0.5490175828125 0.0648467578125 0.5490175828125 0.0648467578125 0.5419066359375
0 0.0729265734375 0.5420488546875 0.0677266921875 0.5420488546875 0.0677266921875 0.5485909265625 0.0729265734375 0.5485909265625 0.0729265734375 0.5420488546875
0 0.07764646562500001 0.5370711906250001 0.0748465296875 0.5370711906250001 0.0748465296875 0.5500131171875 0.07764646562500001 0.5500131171875 0.07764646562500001 0.5370711906250001
0 0.08148637656249999 0.5362178765625 0.07844644687499999 0.5362178765625 0.07844644687499999 0.5460309859375 0.08148637656249999 0.5460309859375 0.08148637656249999 0.5362178765625
0 0.09164614531250001 0.5346534671875001 0.0895661921875 0.5346534671875001 0.0895661921875 0.54347104375 0.09164614531250001 0.54347104375 0.09164614531250001 0.5346534671875001
0 0.146444890625 0.5312402125 0.1418849953125 0.5312402125 0.1418849953125 0.5424755109375 0.146444890625 0.5424755109375 0.146444890625 0.5312402125
0 0.0129061875 0.4989348890625 0.010039053124999999 0.4989348890625 0.010039053124999999 0.506653396875 0.0129061875 0.506653396875 0.0129061875 0.4989348890625
0 0.009930440625 0.4739007671875 0.0079675515625 0.4739007671875 0.0079675515625 0.4768534890625 0.009930440625 0.4768534890625 0.009930440625 0.4739007671875
0 0.012329528125 0.4737218125 0.010433746875 0.4737218125 0.010433746875 0.476972790625 0.012329528125 0.476972790625 0.012329528125 0.4737218125
0 0.0185419375 0.49234788281249997 0.016444832812499997 0.49234788281249997 0.016444832812499997 0.5002702765625 0.0185419375 0.5002702765625 0.0185419375 0.49234788281249997
0 0.02145166875 0.4934197359375 0.019669129687500002 0.4934197359375 0.019669129687500002 0.4995246390625 0.02145166875 0.4995246390625 0.02145166875 0.4934197359375
0 0.0222380828125 0.499245025 0.023653628125 0.499245025 0.023653628125 0.4939789640625 0.0222380828125 0.4939789640625 0.0222380828125 0.499245025
0 0.0273255265625 0.4859744359375 0.025480075 0.4859744359375 0.025480075 0.49290885781249993 0.0273255265625 0.49290885781249993 0.0273255265625 0.4859744359375
0 0.0305340953125 0.48567617968750004 0.029003209375 0.48567617968750004 0.029003209375 0.4923123484375 0.0305340953125 0.4923123484375 0.0305340953125 0.48567617968750004
0 0.0305340953125 0.49015000156250005 0.032106923437500004 0.49015000156250005 0.032106923437500004 0.48489326093749996 0.0305340953125 0.48489326093749996 0.0305340953125 0.49015000156250005
0 0.0363286546875 0.49571606562500004 0.034936046875 0.49571606562500004 0.034936046875 0.5007403765625 0.0363286546875 0.5007403765625 0.0363286546875 0.49571606562500004
0 0.0510739171875 0.4987743421875 0.0487802109375 0.4987743421875 0.0487802109375 0.5057646890624999 0.0510739171875 0.5057646890624999 0.0510739171875 0.4987743421875
0 0.0549818015625 0.49331313281250005 0.053449543749999995 0.49331313281250005 0.053449543749999995 0.4981918125 0.0549818015625 0.4981918125 0.0549818015625 0.49331313281250005
0 0.097175446875 0.4993017875 0.09434435625000001 0.4993017875 0.09434435625000001 0.5066649515625 0.097175446875 0.5066649515625 0.097175446875 0.4993017875
0 0.10480366249999999 0.5003270375 0.10252306093750001 0.5003270375 0.10252306093750001 0.5072241796875 0.10480366249999999 0.5072241796875 0.10480366249999999 0.5003270375
0 0.10933865000000001 0.49333669062499996 0.1076609671875 0.49333669062499996 0.1076609671875 0.50018723125 0.10933865000000001 0.50018723125 0.10933865000000001 0.49333669062499996
0 0.10936486406249998 0.501771709375 0.10784446249999999 0.501771709375 0.10784446249999999 0.5087620562499999 0.10936486406249998 0.5087620562499999 0.10936486406249998 0.501771709375
0 0.11387363749999999 0.498742559375 0.1122221671875 0.498742559375 0.1122221671875 0.50396201875 0.11387363749999999 0.50396201875 0.11387363749999999 0.498742559375
0 0.1195096046875 0.49520078281249996 0.11699307968749999 0.49520078281249996 0.11699307968749999 0.49883576406249996 0.1195096046875 0.49883576406249996 0.1195096046875 0.49520078281249996
0 0.12860579218749998 0.5033561875 0.12624655 0.5033561875 0.12624655 0.5118844109375 0.12860579218749998 0.5118844109375 0.12860579218749998 0.5033561875
0 0.125407709375 0.49631923906250003 0.12380866718750001 0.49631923906250003 0.12380866718750001 0.500513446875 0.125407709375 0.500513446875 0.125407709375 0.49631923906250003
0 0.1381214015625 0.495107578125 0.13995636875 0.495107578125 0.13995636875 0.48867646093749995 0.1381214015625 0.48867646093749995 0.1381214015625 0.495107578125
0 0.15371861250000002 0.49161240624999997 0.15170014999999998 0.49161240624999997 0.15170014999999998 0.4981367296875 0.15371861250000002 0.4981367296875 0.15371861250000002 0.49161240624999997
0 0.200453721875 0.49405465781249996 0.198749825 0.49405465781249996 0.198749825 0.500252765625 0.200453721875 0.500252765625 0.200453721875 0.49405465781249996
0 0.211148953125 0.4997401390625 0.2090256359375 0.4997401390625 0.2090256359375 0.5037013359375 0.211148953125 0.5037013359375 0.211148953125 0.4997401390625
0 0.2022843875 0.5005221859375 0.20077709375000002 0.5005221859375 0.20077709375000002 0.5064639796875 0.2022843875 0.5064639796875 0.2022843875 0.5005221859375
0 0.19704162812499998 0.5013959781249999 0.1951738953125 0.5013959781249999 0.1951738953125 0.508386325 0.19704162812499998 0.508386325 0.19704162812499998 0.5013959781249999
0 0.1917988671875 0.49947363281249996 0.1900949703125 0.49947363281249996 0.1900949703125 0.5073960265624999 0.1917988671875 0.5073960265624999 0.1917988671875 0.49947363281249996
0 0.22210444062499998 0.49475057187499993 0.22000528749999998 0.49475057187499993 0.22000528749999998 0.5029423828125 0.22210444062499998 0.5029423828125 0.22210444062499998 0.49475057187499993
0 0.2218996453125 0.5041256453125 0.219646896875 0.5041256453125 0.219646896875 0.5103150140625 0.2218996453125 0.5103150140625 0.2218996453125 0.5041256453125
0 0.2582342765625 0.5030737249999999 0.2602822296875 0.5030737249999999 0.2602822296875 0.491423146875 0.2582342765625 0.491423146875 0.2582342765625 0.5030737249999999
0 0.20674505468749999 0.5169142078125 0.20920259843750003 0.5169142078125 0.20920259843750003 0.5066289328125 0.20674505468749999 0.5066289328125 0.20674505468749999 0.5169142078125
0 0.205874675 0.5083583140625 0.2033659328125 0.5083583140625 0.2033659328125 0.5193717515625 0.205874675 0.5193717515625 0.205874675 0.5083583140625
0 0.0062701812499999995 0.510859275 0.0005871124999999999 0.510859275 0.0005871124999999999 0.5204163890625 0.0062701812499999995 0.5204163890625 0.0062701812499999995 0.510859275
0 0.044106628125000005 0.5312281265625 0.041327965625000004 0.5312281265625 0.041327965625000004 0.5386844953125001 0.044106628125000005 0.5386844953125001 0.044106628125000005 0.5312281265625
0 0.04266486875 0.5210688218749999 0.0402531984375 0.5210688218749999 0.0402531984375 0.5299232609375 0.04266486875 0.5299232609375 0.04266486875 0.5210688218749999
0 0.06725999375 0.5327758234375 0.0701749671875 0.5327758234375 0.0701749671875 0.5197271765625 0.06725999375 0.5197271765625 0.06725999375 0.5327758234375
0 0.0911915546875 0.5201436859374999 0.088947653125 0.5201436859374999 0.088947653125 0.5330804875 0.0911915546875 0.5330804875 0.0911915546875 0.5201436859374999
0 0.0894929 0.5302843484374999 0.0915900046875 0.5302843484374999 0.0915900046875 0.51753395625 0.0894929 0.51753395625 0.0894929 0.5302843484374999
0 0.095152459375 0.5192716390625 0.0970817953125 0.5192716390625 0.0970817953125 0.51330654375 0.095152459375 0.51330654375 0.095152459375 0.5192716390625
0 0.0999259921875 0.52024009375 0.0980595703125 0.52024009375 0.0980595703125 0.525124015625 0.0999259921875 0.525124015625 0.0999259921875 0.52024009375
0 0.11016379218750001 0.5193779515625 0.10817154375 0.5193779515625 0.10817154375 0.5246906140625 0.11016379218750001 0.5246906140625 0.11016379218750001 0.5193779515625
0 0.11032107499999999 0.5255294562499999 0.1057860875 0.5255294562499999 0.1057860875 0.531028528125 0.11032107499999999 0.531028528125 0.11032107499999999 0.5255294562499999
0 0.14264376406249998 0.5267370796875 0.14432144687499998 0.5267370796875 0.14432144687499998 0.518460509375 0.14264376406249998 0.518460509375 0.14264376406249998 0.5267370796875
0 0.284759259375 0.49284321875000003 0.28308812968749997 0.49284321875000003 0.28308812968749997 0.4979112203125 0.284759259375 0.4979112203125 0.284759259375 0.49284321875000003
