0 0.4737985453125 0.3469292484375 0.4744882671875 0.3765625 0.484375 0.3765625 0.484375 0.3471138609375 0.4737985453125 0.3469292484375
0 0.48860758437499996 0.3458619 0.48908891875 0.3734375 0.5 0.3734375 0.5 0.3455967390625 0.48860758437499996 0.3458619
0 0.5219723453125 0.1454006203125 0.5259225484375001 0.1454006203125 0.5259225484375001 0.139261940625 0.5219723453125 0.139261940625 0.5219723453125 0.1454006203125
0 0.5138250484375 0.14583909687500002 0.5138250484375 0.1440851890625 0.5103686203125 0.1440851890625 0.5103686203125 0.1546086390625 0.5138250484375 0.1546086390625 0.5138250484375 0.14583909687500002
0 0.5271569875 0.13224630625 0.530860303125 0.13224630625 0.530860303125 0.11909199374999999 0.5271569875 0.11909199374999999 0.5271569875 0.13224630625
0 0.5362918343749999 0.132684784375 0.5407358140625 0.132684784375 0.5407358140625 0.1151456984375 0.5362918343749999 0.1151456984375 0.5362918343749999 0.132684784375
0 0.535551171875 0.1151456984375 0.5407358140625 0.1151456984375 0.5407358140625 0.10330681718750001 0.535551171875 0.10330681718750001 0.535551171875 0.1151456984375
0 0.5471548953125 0.1111994046875 0.5498706609374999 0.1111994046875 0.5498706609374999 0.0989220453125 0.5471548953125 0.0989220453125 0.5471548953125 0.1111994046875
0 0.5651777015625 0.0826983921875 0.5683872421875 0.0826983921875 0.5683872421875 0.0691056015625 0.5651777015625 0.0691056015625 0.5651777015625 0.0826983921875
0 0.5306134171875 0.0919064125 0.5622150484375 0.0919064125 0.5622150484375 0.0664747390625 0.5306134171875 0.0664747390625 0.5306134171875 0.0919064125
0 0.5962855578124999 0.064282353125 0.600976425 0.064282353125 0.600976425 0.0546358578125 0.5962855578124999 0.0546358578125 0.5962855578124999 0.064282353125
0 0.6027046390625 0.12303828750000001 0.6078892828125 0.12303828750000001 0.6078892828125 0.10549920312500001 0.6027046390625 0.10549920312500001 0.6027046390625 0.12303828750000001
0 0.5869038234375 0.0489356546875 0.591100915625 0.0489356546875 0.591100915625 0.0366582953125 0.5869038234375 0.0366582953125 0.5869038234375 0.0489356546875
0 0.5639432624999999 0.0546358578125 0.566412140625 0.0546358578125 0.566412140625 0.045866314062500003 0.5639432624999999 0.045866314062500003 0.5639432624999999 0.0546358578125
0 0.6301091796875 0.030519615625000003 0.633812496875 0.030519615625000003 0.633812496875 0.0164883484375 0.6301091796875 0.0164883484375 0.6301091796875 0.030519615625000003
0 0.67929711875 0.0192752375 0.6811932171875 0.0192752375 0.6811932171875 0.0100707265625 0.67929711875 0.0100707265625 0.67929711875 0.0192752375
0 0.67108069375 0 0.67108069375 0.0026622171875 0.6738616375 0.0026622171875 0.6738616375 0 0.67108069375 0
0 0.53819526875 0.48133079375000004 0.542145471875 0.48133079375000004 0.542145471875 0.47066703125 0.53819526875 0.47066703125 0.53819526875 0.48133079375000004
0 0.528082746875 0.3390537390625 0.53361303125 0.3390537390625 0.53361303125 0.32810934999999997 0.528082746875 0.32810934999999997 0.528082746875 0.3390537390625
0 0.6157772765625 0.3404568671875 0.6209915453125 0.3404568671875 0.6209915453125 0.3314768546875 0.6157772765625 0.3314768546875 0.6157772765625 0.3404568671875
0 0.7254349390625 0.13756473593750002 0.730175184375 0.13756473593750002 0.730175184375 0.1297072265625 0.7254349390625 0.1297072265625 0.7254349390625 0.13756473593750002
0 0.7023657484375 0.1224109671875 0.706947984375 0.1224109671875 0.706947984375 0.115956584375 0.7023657484375 0.115956584375 0.7023657484375 0.1224109671875
0 0.6762944015625 0.1173597109375 0.679612571875 0.1173597109375 0.679612571875 0.10697657187500001 0.6762944015625 0.10697657187500001 0.6762944015625 0.1173597109375
0 0.6628637078125 0.11286970468749999 0.6657078546874999 0.11286970468749999 0.6657078546874999 0.10669594687499999 0.6628637078125 0.10669594687499999 0.6628637078125 0.11286970468749999
0 0.65749143125 0.130829728125 0.6620736671875 0.130829728125 0.6620736671875 0.1179209609375 0.65749143125 0.1179209609375 0.65749143125 0.130829728125
0 0.832277525 0.174488209375 0.836227728125 0.174488209375 0.836227728125 0.1612988171875 0.832277525 0.1612988171875 0.832277525 0.174488209375
0 0.8686194015625001 0.1433387953125 0.8727276140625 0.1433387953125 0.8727276140625 0.13239440625 0.8686194015625001 0.13239440625 0.8686194015625001 0.1433387953125
0 0.9106495718750001 0.1413744171875 0.9130196953125 0.1413744171875 0.9130196953125 0.13211378125 0.9106495718750001 0.13211378125 0.9106495718750001 0.1413744171875
0 0.9122296546875 0.1478288015625 0.9158638421875 0.1478288015625 0.9158638421875 0.1371650375 0.9122296546875 0.1371650375 0.9122296546875 0.1478288015625
0 0.9256603484374999 0.17027882968750002 0.9304005937500002 0.17027882968750002 0.9304005937500002 0.1607375671875 0.9256603484374999 0.1607375671875 0.9256603484374999 0.17027882968750002
0 0.98996966875 0.188800103125 0.9954999546875001 0.188800103125 0.9954999546875001 0.179258840625 0.98996966875 0.179258840625 0.98996966875 0.188800103125
0 0.9695866171875 0.18234571875 0.97448486875 0.18234571875 0.97448486875 0.174488209375 0.9695866171875 0.174488209375 0.9695866171875 0.18234571875
0 0.5149852484374999 0.15300438593750001 0.511568746875 0.15300438593750001 0.511568746875 0.1651399234375 0.5149852484374999 0.1651399234375 0.5149852484374999 0.15300438593750001
0 0.5292918484375 0.1613475671875 0.53206775625 0.1613475671875 0.53206775625 0.14921203125 0.5292918484375 0.14921203125 0.5292918484375 0.1613475671875
0 0.518508515625 0.1357491703125 0.5213911890625 0.1357491703125 0.5213911890625 0.1270267515625 0.518508515625 0.1270267515625 0.518508515625 0.1357491703125
0 0.605415775 0.048335378125 0.607871384375 0.048335378125 0.607871384375 0.037527165625 0.605415775 0.037527165625 0.605415775 0.048335378125
0 0.6606776859375 0.04035395625 0.6631375671875 0.04035395625 0.6631375671875 0.0333638875 0.6606776859375 0.0333638875 0.6606776859375 0.04035395625
0 0.515279365625 0.156188728125 0.518218090625 0.156188728125 0.518218090625 0.1455621890625 0.515279365625 0.1455621890625 0.515279365625 0.156188728125
0 0.623445059375 0.042083473437500005 0.626702725 0.042083473437500005 0.626702725 0.0309713046875 0.623445059375 0.0309713046875 0.623445059375 0.042083473437500005
0 0.652815765625 0.02105300625 0.6559700140625 0.02105300625 0.6559700140625 0.013797953125000002 0.652815765625 0.013797953125000002 0.652815765625 0.02105300625
0 0.694605959375 0 0.694605959375 0.00937695625 0.697650584375 0.00937695625 0.697650584375 0 0.694605959375 0
0 0.59696268125 0.22958655781249998 0.6001187484375 0.22958655781249998 0.6001187484375 0.222187653125 0.59696268125 0.222187653125 0.59696268125 0.22958655781249998
0 0.037278865625000004 0.6527819078125 0.0377232625 0.671875 0.0484375 0.671875 0.0484375 0.6529766828125 0.037278865625000004 0.6527819078125
0 0.0921875 0.6875 0.085744409375 0.6875 0.0850806140625 0.68751545 0.08532580625 0.7015625 0.0921875 0.7015625 0.0921875 0.6875
0 0.0658086953125 0.643109784375 0.0659979578125 0.659375 0.075 0.659375 0.075 0.6431632578124999 0.0658086953125 0.643109784375
0 0.093731825 0.6601513078125001 0.0940728296875 0.6796875 0.1015625 0.6796875 0.1015625 0.6602424250000001 0.093731825 0.6601513078125001
0 0.138090478125 0.668206615625 0.14622056875 0.668206615625 0.14622056875 0.647115665625 0.138090478125 0.647115665625 0.138090478125 0.668206615625
0 0.5229183328125 0.73846589375 0.5231196625 0.75 0.5265625 0.75 0.5265625 0.738508296875 0.5229183328125 0.73846589375
0 0.5467400625 0.828552246875 0.5506816890625 0.828552246875 0.5506816890625 0.817472984375 0.5467400625 0.817472984375 0.5467400625 0.828552246875
0 0.5412589484375 0.5796875 0.5412589484375 0.58457380625 0.5445365765625 0.58457380625 0.5445365765625 0.5796875 0.5412589484375 0.5796875
0 0.5291125250000001 0.6156988015625 0.5327548078125 0.6156988015625 0.5327548078125 0.606451009375 0.5291125250000001 0.606451009375 0.5291125250000001 0.6156988015625
0 0.8595975250000001 0.8269017421875 0.8646459500000001 0.8269017421875 0.8646459500000001 0.8045220015625001 0.8595975250000001 0.8045220015625001 0.8595975250000001 0.8269017421875
0 0.8749377203125001 0.82512765 0.8809668281249999 0.82512765 0.8809668281249999 0.8000427515625 0.8749377203125001 0.8000427515625 0.8749377203125001 0.82512765
0 0.9447754328125001 0.8298383687499999 0.9517971171875 0.8298383687499999 0.9517971171875 0.7982637718750001 0.9447754328125001 0.7982637718750001 0.9447754328125001 0.8298383687499999
0 0.957175428125 0.7952124453125 0.9499296484374999 0.7952124453125 0.9499296484374999 0.82599104375 0.957175428125 0.82599104375 0.957175428125 0.7952124453125
0 0.9607609703125 0.8140510703124999 0.966736871875 0.8140510703124999 0.966736871875 0.7904364562499999 0.9607609703125 0.7904364562499999 0.9607609703125 0.8140510703124999
0 0.935488275 0.7773451875 0.9400299593749999 0.7773451875 0.9400299593749999 0.764184684375 0.935488275 0.764184684375 0.935488275 0.7773451875
0 0.9181910734375001 0.77215005625 0.925212759375 0.77215005625 0.925212759375 0.7543727625 0.9181910734375001 0.7543727625 0.9181910734375001 0.77215005625
0 0.952104315625 0.7815693687499999 0.9580055187500001 0.7815693687499999 0.9580055187500001 0.7680373984375001 0.952104315625 0.7680373984375001 0.952104315625 0.7815693687499999
0 0.8297089765625 0.7952104562500001 0.8361517453125 0.7952104562500001 0.8361517453125 0.76602385625 0.8297089765625 0.76602385625 0.8297089765625 0.7952104562500001
0 0.7100344734374999 0.6783819203125 0.71406820625 0.6783819203125 0.71406820625 0.661665959375 0.7100344734374999 0.661665959375 0.7100344734374999 0.6783819203125
0 0.71563688125 0.6875359 0.719595915625 0.6875359 0.719595915625 0.6732079328125 0.71563688125 0.6732079328125 0.71563688125 0.6875359
0 0.7242272390625001 0.6730752671875 0.7278127796875 0.6730752671875 0.7278127796875 0.6628599562499999 0.7242272390625001 0.6628599562499999 0.7242272390625001 0.6730752671875
0 0.7667821953124999 0.662942871875 0.772384603125 0.662942871875 0.772384603125 0.6452982453125 0.7667821953124999 0.6452982453125 0.7667821953124999 0.662942871875
0 0.7505725625 0.6552482234375 0.7545315968749999 0.6552482234375 0.7545315968749999 0.6430429171875 0.7505725625 0.6430429171875 0.7505725625 0.6552482234375
0 0.756275346875 0.6608975562499999 0.7600102859375 0.6608975562499999 0.7600102859375 0.6428217640625 0.756275346875 0.6428217640625 0.756275346875 0.6608975562499999
0 0.759636790625 0.65724923125 0.7643988375 0.65724923125 0.7643988375 0.64083176875 0.759636790625 0.64083176875 0.759636790625 0.65724923125
0 0.6240190796875 0.7591419734375 0.6296214875 0.7591419734375 0.6296214875 0.740485765625 0.6240190796875 0.740485765625 0.6240190796875 0.7591419734375
0 0.6750735750000001 0.7436359453125 0.681703090625 0.7436359453125 0.681703090625 0.7288768109375 0.6750735750000001 0.7288768109375 0.6750735750000001 0.7436359453125
0 0.59975036875 0.6967674031250001 0.6041389203125 0.6967674031250001 0.6041389203125 0.6762041171875 0.59975036875 0.6762041171875 0.59975036875 0.6967674031250001
0 0.5977895249999999 0.6795207765625 0.601431090625 0.6795207765625 0.601431090625 0.66243998125 0.5977895249999999 0.66243998125 0.5977895249999999 0.6795207765625
0 0.614363315625 0.6784843203124999 0.6185651203125 0.6784843203124999 0.6185651203125 0.6548531234375 0.614363315625 0.6548531234375 0.614363315625 0.6784843203124999
0 0.6262465484375 0.6664614296875 0.63254925625 0.6664614296875 0.63254925625 0.6449031453125 0.6262465484375 0.6449031453125 0.6262465484375 0.6664614296875
0 0.6195936890625 0.656511453125 0.624729228125 0.656511453125 0.624729228125 0.640757321875 0.6195936890625 0.640757321875 0.6195936890625 0.656511453125
0 0.6124970140625 0.6425483171875 0.6169789390625 0.6425483171875 0.6169789390625 0.6284856828125001 0.6124970140625 0.6284856828125001 0.6124970140625 0.6425483171875
0 0.61367351875 0.6235645890625 0.6196494203125 0.6235645890625 0.6196494203125 0.6047259656249999 0.61367351875 0.6047259656249999 0.61367351875 0.6235645890625
0 0.6499556453124999 0.6362989015625 0.6540192593749999 0.6362989015625 0.6540192593749999 0.6179378765625 0.6499556453124999 0.6179378765625 0.6499556453124999 0.6362989015625
0 0.6134111390625 0.5796875 0.6134111390625 0.5903590265624999 0.61774366875 0.5903590265624999 0.61774366875 0.5796875 0.6134111390625 0.5796875
0 0.6035907015624999 0.5796875 0.6035907015624999 0.5917497421875 0.6073555203125001 0.5917497421875 0.6073555203125001 0.5796875 0.6035907015624999 0.5796875
0 0.6062798578125 0.5796875 0.6062798578125 0.5886718828124999 0.6115984109375 0.5886718828124999 0.6115984109375 0.5796875 0.6062798578125 0.5796875
