0 0.009857518749999999 0.4231364125 0.0049080015625 0.4231364125 0.0049080015625 0.44836061562499996 0.009857518749999999 0.44836061562499996 0.009857518749999999 0.4231364125
0 0.020515478125 0.4662522015625 0.0263229109375 0.4662522015625 0.0263229109375 0.44597898125 0.020515478125 0.44597898125 0.020515478125 0.4662522015625
0 0.05145325625 0.3984870859375 0.055993614062499995 0.3984870859375 0.055993614062499995 0.3808418765625 0.05145325625 0.3808418765625 0.05145325625 0.3984870859375
0 0.0468073109375 0.40317996093749997 0.052192384375 0.40317996093749997 0.052192384375 0.3827190265625 0.0468073109375 0.3827190265625 0.0468073109375 0.40317996093749997
0 0.01586953125 0.4024291015625 0.032024754687500004 0.4024291015625 0.032024754687500004 0.360380940625 0.01586953125 0.360380940625 0.01586953125 0.4024291015625
0 0.0815463171875 0.40280453125 0.09749036093749999 0.40280453125 0.09749036093749999 0.38403303125 0.0815463171875 0.38403303125 0.0815463171875 0.40280453125
0 0.12673870468749998 0.40430625156250005 0.1380368015625 0.40430625156250005 0.1380368015625 0.3909784859375 0.12673870468749998 0.3909784859375 0.12673870468749998 0.40430625156250005
0 0.185129803125 0.371343496875 0.188846559375 0.371343496875 0.188846559375 0.35031941718750004 0.185129803125 0.35031941718750004 0.185129803125 0.371343496875
0 0.21283653593750002 0.3729953890625 0.218580615625 0.3729953890625 0.218580615625 0.3614321453125 0.21283653593750002 0.3614321453125 0.21283653593750002 0.3729953890625
0 0.2259296578125 0.3612819734375 0.2193408609375 0.3612819734375 0.2193408609375 0.3729953890625 0.2259296578125 0.3729953890625 0.2259296578125 0.3612819734375
0 0.2534674484375 0.42180128906250003 0.25887364062499996 0.42180128906250003 0.25887364062499996 0.40287961718750004 0.2534674484375 0.40287961718750004 0.2534674484375 0.42180128906250003
0 0.2536363921875 0.4757130375 0.25946494375 0.4757130375 0.25946494375 0.4482315625 0.2536363921875 0.4482315625 0.2536363921875 0.4757130375
0 0.2644487765625 0.4500336265625 0.26850342031249996 0.4500336265625 0.26850342031249996 0.42690713750000003 0.2644487765625 0.42690713750000003 0.2644487765625 0.4500336265625
0 0.2583668109375 0.44778104531249996 0.2623369828125 0.44778104531249996 0.2623369828125 0.42780816875000005 0.2583668109375 0.42780816875000005 0.2583668109375 0.44778104531249996
0 0.32087590625 0.3917668890625 0.325015021875 0.3917668890625 0.325015021875 0.371643840625 0.32087590625 0.371643840625 0.32087590625 0.3917668890625
0 0.35305964218749997 0.45303706562499996 0.3577900609375 0.45303706562499996 0.3577900609375 0.4249549015625 0.35305964218749997 0.4249549015625 0.35305964218749997 0.45303706562499996
0 0.3637875546875 0.4294600625 0.3577900609375 0.4294600625 0.3577900609375 0.4501837984375 0.3637875546875 0.4501837984375 0.3637875546875 0.4294600625
0 0.34946332343750003 0.41100885 0.35600988437500003 0.41100885 0.35600988437500003 0.3946776453125 0.34946332343750003 0.3946776453125 0.34946332343750003 0.41100885
0 0.41408421406249996 0.393175925 0.41862457031250006 0.393175925 0.41862457031250006 0.3704624109375 0.41408421406249996 0.3704624109375 0.41408421406249996 0.393175925
0 0.4052146796875 0.3974933703125 0.41017739531249997 0.3974933703125 0.41017739531249997 0.380035875 0.4052146796875 0.380035875 0.4052146796875 0.3974933703125
0 0.42070257499999997 0.4376043125 0.4248923734375 0.4376043125 0.4248923734375 0.41261569062500003 0.42070257499999997 0.41261569062500003 0.42070257499999997 0.4376043125
0 0.43205557812500006 0.4265516515625 0.43725903906249997 0.4265516515625 0.43725903906249997 0.4135767921875 0.43205557812500006 0.4135767921875 0.43205557812500006 0.4265516515625
0 0.4430706953125 0.4379647234375 0.4470577609375 0.4379647234375 0.4470577609375 0.41621981874999997 0.4430706953125 0.41621981874999997 0.4430706953125 0.4379647234375
0 0.471115315625 0.43027591718749997 0.47604846562500003 0.43027591718749997 0.47604846562500003 0.413216378125 0.471115315625 0.413216378125 0.471115315625 0.43027591718749997
0 0.47949491406250005 0.43183770624999995 0.48219800937499996 0.43183770624999995 0.48219800937499996 0.41549899218749997 0.47949491406250005 0.41549899218749997 0.47949491406250005 0.43183770624999995
0 0.4853065703125 0.4138170671875 0.4827386296875 0.4138170671875 0.4827386296875 0.4295550921875 0.4853065703125 0.4295550921875 0.4853065703125 0.4138170671875
0 0.48665811875 0.427632890625 0.4925373515625 0.427632890625 0.4925373515625 0.41285596562500004 0.48665811875 0.41285596562500004 0.48665811875 0.427632890625
0 0.5363275078124999 0.42859399218750005 0.540246996875 0.42859399218750005 0.540246996875 0.409371975 0.5363275078124999 0.409371975 0.5363275078124999 0.42859399218750005
0 0.5433555578125 0.40841087343750004 0.5409903484374999 0.40841087343750004 0.5409903484374999 0.43015578125 0.5433555578125 0.43015578125 0.5433555578125 0.40841087343750004
0 0.5476805109375 0.4076900484375 0.5438961765625 0.4076900484375 0.5438961765625 0.43123701875 0.5476805109375 0.43123701875 0.5476805109375 0.4076900484375
0 0.5298400765625 0.46175196874999996 0.5360571984375 0.46175196874999996 0.5360571984375 0.43616266093749995 0.5298400765625 0.43616266093749995 0.5298400765625 0.46175196874999996
0 0.5524785062500001 0.46799912499999996 0.5587632046875 0.46799912499999996 0.5587632046875 0.4523812359375 0.5524785062500001 0.4523812359375 0.5524785062500001 0.46799912499999996
0 0.5602499078125 0.46847967500000004 0.5670076468749999 0.46847967500000004 0.5670076468749999 0.45274164843750003 0.5602499078125 0.45274164843750003 0.5602499078125 0.46847967500000004
0 0.5524785062500001 0.5136514125 0.55950655625 0.5136514125 0.55950655625 0.501157103125 0.5524785062500001 0.501157103125 0.5524785062500001 0.5136514125
0 0.6170825015625 0.44613408125 0.62248869375 0.44613408125 0.62248869375 0.43484114687500003 0.6170825015625 0.43484114687500003 0.6170825015625 0.44613408125
0 0.595057675 0.5212243625 0.6008321109375 0.5212243625 0.6008321109375 0.5065591281249999 0.595057675 0.5065591281249999 0.595057675 0.5212243625
0 0.60363495625 0.5218342015624999 0.610054809375 0.5218342015624999 0.610054809375 0.509219753125 0.60363495625 0.509219753125 0.60363495625 0.5218342015624999
0 0.6123524406249999 0.5272403921875 0.6172180140625 0.5272403921875 0.6172180140625 0.51390511875 0.6123524406249999 0.51390511875 0.6123524406249999 0.5272403921875
0 0.5009764375 0.51787716875 0.5095292031249999 0.51787716875 0.5095292031249999 0.4968530890625 0.5009764375 0.4968530890625 0.5009764375 0.51787716875
0 0.44107329531249995 0.5109767656249999 0.4464794875 0.5109767656249999 0.4464794875 0.4823840171875 0.44107329531249995 0.4823840171875 0.44107329531249995 0.5109767656249999
0 0.41390718125000003 0.50088520625 0.41985399218749997 0.50088520625 0.41985399218749997 0.47721809843749996 0.41390718125000003 0.47721809843749996 0.41390718125000003 0.50088520625
0 0.4162723890625 0.4746952109375 0.4220840453125 0.4746952109375 0.4220840453125 0.45487250625 0.4162723890625 0.45487250625 0.4162723890625 0.4746952109375
0 0.4258683796875 0.4620807625 0.4220840453125 0.4620807625 0.4220840453125 0.47565631093749994 0.4258683796875 0.47565631093749994 0.4258683796875 0.4620807625
0 0.39458004375 0.5692435015624999 0.39991865937500004 0.5692435015624999 0.39991865937500004 0.5512228625 0.39458004375 0.5512228625 0.39458004375 0.5692435015624999
0 0.377956003125 0.5643178609375 0.38295673125 0.5643178609375 0.38295673125 0.54425488125 0.377956003125 0.54425488125 0.377956003125 0.5643178609375
0 0.362818665625 0.5261141031250001 0.3681572796875 0.5261141031250001 0.3681572796875 0.5044893359375 0.362818665625 0.5044893359375 0.362818665625 0.5261141031250001
0 0.3588991765625 0.5261141031250001 0.363156553125 0.5261141031250001 0.363156553125 0.5090545640624999 0.3588991765625 0.5090545640624999 0.3588991765625 0.5261141031250001
0 0.2650806265625 0.6403518218750001 0.2702281234375 0.6403518218750001 0.2702281234375 0.624161403125 0.2650806265625 0.624161403125 0.2650806265625 0.6403518218750001
0 0.26362876874999996 0.654430446875 0.26996414999999996 0.654430446875 0.26996414999999996 0.639178603125 0.26362876874999996 0.639178603125 0.26362876874999996 0.654430446875
0 0.02465269375 0.507943290625 0.0295723296875 0.507943290625 0.0295723296875 0.5012155859375 0.02465269375 0.5012155859375 0.02465269375 0.507943290625
0 0.046601834375 0.52668475625 0.0500077359375 0.52668475625 0.0500077359375 0.521590921875 0.046601834375 0.521590921875 0.046601834375 0.52668475625
0 0.07103782187499999 0.5176504093750001 0.0755790234375 0.5176504093750001 0.0755790234375 0.510922703125 0.07103782187499999 0.510922703125 0.07103782187499999 0.5176504093750001
0 0.06692911562500001 0.5813713921875 0.0746599703125 0.5813713921875 0.0746599703125 0.5662821109375 0.06692911562500001 0.5662821109375 0.06692911562500001 0.5813713921875
0 0.07801180937499999 0.5716642734375 0.08185020625 0.5716642734375 0.08185020625 0.5660898890625 0.07801180937499999 0.5660898890625 0.07801180937499999 0.5716642734375
0 0.0939060140625 0.6226026171875 0.100880003125 0.6226026171875 0.100880003125 0.6105888578124999 0.0939060140625 0.6105888578124999 0.0939060140625 0.6226026171875
0 0.1648009375 0.5343993734375 0.17047743906249999 0.5343993734375 0.17047743906249999 0.5116212859375 0.1648009375 0.5116212859375 0.1648009375 0.5343993734375
0 0.198968071875 0.5004725156250001 0.20383364375 0.5004725156250001 0.20383364375 0.47807886718750003 0.198968071875 0.47807886718750003 0.198968071875 0.5004725156250001
0 0.17718111718750001 0.4950903515625 0.182641371875 0.4950903515625 0.182641371875 0.46798730781250003 0.17718111718750001 0.46798730781250003 0.17718111718750001 0.4950903515625
0 0.159232559375 0.4797127375 0.1685312109375 0.4797127375 0.1685312109375 0.4645273453125 0.159232559375 0.4645273453125 0.159232559375 0.4797127375
0 0.23563725781249997 0.571967903125 0.24186705000000003 0.571967903125 0.24186705000000003 0.542872078125 0.23563725781249997 0.542872078125 0.23563725781249997 0.571967903125
0 0.2248671109375 0.5652101640625 0.234159003125 0.5652101640625 0.234159003125 0.5511315375 0.2248671109375 0.5511315375 0.2248671109375 0.5652101640625
0 0.1425533484375 0.8039601812500001 0.150472575 0.8039601812500001 0.150472575 0.78284224375 0.1425533484375 0.78284224375 0.1425533484375 0.8039601812500001
0 0.1191256359375 0.8063066187500001 0.130344540625 0.8063066187500001 0.130344540625 0.791641384375 0.1191256359375 0.791641384375 0.1191256359375 0.8063066187500001
0 0.5805443265625 0.598940203125 0.5868137140624999 0.598940203125 0.5868137140624999 0.5769423515625001 0.5805443265625 0.5769423515625001 0.5805443265625 0.598940203125
0 0.598736109375 0.6422366671875 0.6059162078125 0.6422366671875 0.6059162078125 0.6198610390625 0.598736109375 0.6198610390625 0.598736109375 0.6422366671875
0 0.64823655625 0.6937456640625 0.6533048609375001 0.6937456640625 0.6533048609375001 0.6725714125 0.64823655625 0.6725714125 0.64823655625 0.6937456640625
0 0.616137290625 0.65349956875 0.6103932109375 0.65349956875 0.6103932109375 0.66416178125 0.616137290625 0.66416178125 0.616137290625 0.65349956875
0 0.704663684375 0.6149053640625 0.7104922359375 0.6149053640625 0.7104922359375 0.6046936671875 0.704663684375 0.6046936671875 0.704663684375 0.6149053640625
0 0.73693189375 0.6453902796875 0.7441119921875 0.6453902796875 0.7441119921875 0.6332263484375 0.73693189375 0.6332263484375 0.73693189375 0.6453902796875
0 0.7154760687499999 0.5992874765625 0.7207977890625 0.5992874765625 0.7207977890625 0.5788640828125 0.7154760687499999 0.5788640828125 0.7154760687499999 0.5992874765625
0 0.6614141484375 0.6892405046875 0.6680874171875 0.6892405046875 0.6680874171875 0.6802301843749999 0.6614141484375 0.6802301843749999 0.6614141484375 0.6892405046875
0 0.63328505625 0.6868377531250001 0.6373397 0.6868377531250001 0.6373397 0.6782779484375 0.63328505625 0.6782779484375 0.63328505625 0.6868377531250001
0 0.6099066546875 0.7643865734374999 0.6188268703124999 0.7643865734374999 0.6188268703124999 0.7460295484375 0.6099066546875 0.7460295484375 0.6099066546875 0.7643865734374999
0 0.6704676203125 0.5910693124999999 0.6788092046875 0.5910693124999999 0.6788092046875 0.5717346671875 0.6704676203125 0.5717346671875 0.6704676203125 0.5910693124999999
0 0.69730851875 0.5777640734375 0.705823271875 0.5777640734375 0.705823271875 0.539199903125 0.69730851875 0.539199903125 0.69730851875 0.5777640734375
0 0.6663580687499999 0.5507331125 0.6746025125 0.5507331125 0.6746025125 0.5197376125 0.6663580687499999 0.5197376125 0.6663580687499999 0.5507331125
0 0.7371116078125 0.6064769609375 0.7309620640625 0.6064769609375 0.7309620640625 0.6348294343750001 0.7371116078125 0.6348294343750001 0.7371116078125 0.6064769609375
0 0.7514380171874999 0.6414370015624999 0.7567766312499999 0.6414370015624999 0.7567766312499999 0.6231760875 0.7514380171874999 0.6231760875 0.7514380171874999 0.6414370015624999
0 0.7562360124999999 0.63158571875 0.7614394718749999 0.63158571875 0.7614394718749999 0.613324803125 0.7562360124999999 0.613324803125 0.7562360124999999 0.63158571875
0 0.7712381953125 0.6071977859375 0.777793203125 0.6071977859375 0.777793203125 0.584251503125 0.7712381953125 0.584251503125 0.7712381953125 0.6071977859375
0 0.7464372890625001 0.5603441218749999 0.75116770625 0.5603441218749999 0.75116770625 0.5441255453125 0.7464372890625001 0.5441255453125 0.7464372890625001 0.5603441218749999
0 0.752113790625 0.5601038468749999 0.7552899281250001 0.5601038468749999 0.7552899281250001 0.54208320625 0.752113790625 0.54208320625 0.752113790625 0.5601038468749999
0 0.759141840625 0.5398005921875 0.75468173125 0.5398005921875 0.75468173125 0.5584219187499999 0.759141840625 0.5584219187499999 0.759141840625 0.5398005921875
0 0.7154868390625 0.546167884375 0.7234609734374999 0.546167884375 0.7234609734374999 0.5192570625 0.7154868390625 0.5192570625 0.7154868390625 0.546167884375
0 0.7163653453125 0.486819909375 0.7099454921875 0.486819909375 0.7099454921875 0.5100064671875 0.7163653453125 0.5100064671875 0.7163653453125 0.486819909375
0 0.71210796875 0.4693999578125 0.706566621875 0.4693999578125 0.706566621875 0.49751215625 0.71210796875 0.49751215625 0.71210796875 0.4693999578125
0 0.7328542312499999 0.4555841328125 0.738395578125 0.4555841328125 0.738395578125 0.4290337234375 0.7328542312499999 0.4290337234375 0.7328542312499999 0.4555841328125
0 0.7239340140625 0.45390220625 0.7298808250000001 0.45390220625 0.7298808250000001 0.42651083281249996 0.7239340140625 0.42651083281249996 0.7239340140625 0.45390220625
0 0.8512498374999999 0.4918656890625 0.8568587609374999 0.4918656890625 0.8568587609374999 0.465555553125 0.8512498374999999 0.465555553125 0.8512498374999999 0.4918656890625
0 0.8394237921875 0.47000064531249997 0.8450327171875 0.47000064531249997 0.8450327171875 0.44513216250000004 0.8394237921875 0.44513216250000004 0.8394237921875 0.47000064531249997
0 0.915921409375 0.5184160984374999 0.9201787859375001 0.5184160984374999 0.9201787859375001 0.494508715625 0.915921409375 0.494508715625 0.915921409375 0.5184160984374999
0 0.9614010000000001 0.5303097218749999 0.9712673015625001 0.5303097218749999 0.9712673015625001 0.5074835765625 0.9614010000000001 0.5074835765625 0.9614010000000001 0.5303097218749999
0 0.9573463562500001 0.4877810109375 0.9493722234374999 0.4877810109375 0.9493722234374999 0.51385086875 0.9573463562500001 0.51385086875 0.9573463562500001 0.4877810109375
0 0.9506561937500001 0.46879926875000005 0.9559948078125 0.46879926875000005 0.9559948078125 0.44873628906249996 0.9506561937500001 0.44873628906249996 0.9506561937500001 0.46879926875000005
0 0.9212085296874999 0.44358683125000004 0.9285998078125001 0.44358683125000004 0.9285998078125001 0.41768216249999995 0.9212085296874999 0.41768216249999995 0.9212085296874999 0.44358683125000004
0 0.984456753125 0.439081671875 0.9900530078124999 0.439081671875 0.9900530078124999 0.41280157187500005 0.984456753125 0.41280157187500005 0.984456753125 0.439081671875
0 0.9762207578125001 0.500464478125 0.9896306484374999 0.500464478125 0.9896306484374999 0.4781263921875 0.9762207578125001 0.4781263921875 0.9762207578125001 0.500464478125
0 0.9466176328125 0.46828261718749997 0.949928925 0.46828261718749997 0.949928925 0.45182376562500004 0.9466176328125 0.45182376562500004 0.9466176328125 0.46828261718749997
0 0.9133019750000001 0.44689812343749996 0.9177620828125 0.44689812343749996 0.9177620828125 0.43140037343750004 0.9133019750000001 0.43140037343750004 0.9133019750000001 0.44689812343749996
0 0.914450790625 0.4002847359375 0.9168835765625 0.4002847359375 0.9168835765625 0.3823842328125 0.914450790625 0.3823842328125 0.914450790625 0.4002847359375
0 0.8725308390625001 0.44906660781249996 0.8769909484375 0.44906660781249996 0.8769909484375 0.4238377125 0.8725308390625001 0.4238377125 0.8725308390625001 0.44906660781249996
0 0.7823107859375 0.40409009375 0.78748468125 0.40409009375 0.78748468125 0.3836291578125 0.7823107859375 0.3836291578125 0.7823107859375 0.40409009375
0 0.8536501796874999 0.77507336875 0.8620973546874999 0.77507336875 0.8620973546874999 0.748042409375 0.8536501796874999 0.748042409375 0.8536501796874999 0.77507336875
0 0.8709668890625 0.75911759375 0.86336443125 0.75911759375 0.86336443125 0.7745102234375 0.8709668890625 0.7745102234375 0.8709668890625 0.75911759375
0 0.9251343984375 0.95415348125 0.9381219312500001 0.95415348125 0.9381219312500001 0.9297505312500001 0.9251343984375 0.9297505312500001 0.9251343984375 0.95415348125
0 0.5891185609375 0.4561972484375 0.60677315625 0.4561972484375 0.60677315625 0.4341219640625 0.5891185609375 0.4341219640625 0.5891185609375 0.4561972484375
0 0.656318203125 0.39331842968749997 0.6638436234375 0.39331842968749997 0.6638436234375 0.3695600171875 0.656318203125 0.3695600171875 0.656318203125 0.39331842968749997
0 0.9960660406249999 0.6077235546875001 0.9889028359375001 0.6077235546875001 0.9889028359375001 0.6289879109375 0.9960660406249999 0.6289879109375 0.9960660406249999 0.6077235546875001
0 0 0 0 0.06227212343750001 0.108002340625 0.06227212343750001 0.108002340625 0 0 0
0 0.17358194843750002 0.492842259375 0.1785290453125 0.492842259375 0.1785290453125 0.467059103125 0.17358194843750002 0.467059103125 0.17358194843750002 0.492842259375
0 0.208212146875 0.5353588390625 0.21471313906249997 0.5353588390625 0.21471313906249997 0.5197611578125 0.208212146875 0.5197611578125 0.208212146875 0.5353588390625
0 0.216391240625 0.5353588390625 0.208212146875 0.5353588390625 0.208212146875 0.552530384375 0.216391240625 0.552530384375 0.216391240625 0.5353588390625
0 0.2048295171875 0.5004725156250001 0.199478090625 0.5004725156250001 0.199478090625 0.5151805140625 0.2048295171875 0.5151805140625 0.2048295171875 0.5004725156250001
0 0.1844098796875 0.49309407031249997 0.17244382656249999 0.49309407031249997 0.17244382656249999 0.5051211984374999 0.1844098796875 0.5051211984374999 0.1844098796875 0.49309407031249997
0 0.029197743749999998 0.4662522015625 0.02163968125 0.4662522015625 0.02163968125 0.4870103921875 0.029197743749999998 0.4870103921875 0.029197743749999998 0.4662522015625
0 0.4138997875 0.536845959375 0.42141490625 0.536845959375 0.42141490625 0.512915028125 0.4138997875 0.512915028125 0.4138997875 0.536845959375
0 0.4405743328125 0.5387545609375 0.4483372046875 0.5387545609375 0.4483372046875 0.5162917859375 0.4405743328125 0.5162917859375 0.4405743328125 0.5387545609375
0 0.40159481093749994 0.5692435015624999 0.39564878124999997 0.5692435015624999 0.39564878124999997 0.58338648125 0.40159481093749994 0.58338648125 0.40159481093749994 0.5692435015624999
0 0.362284953125 0.526275240625 0.3579905984375 0.526275240625 0.3579905984375 0.5449208125 0.362284953125 0.5449208125 0.362284953125 0.526275240625
0 0.80224454375 0.4858113234375 0.8124023421875 0.4858113234375 0.8124023421875 0.46452307187499997 0.80224454375 0.46452307187499997 0.80224454375 0.4858113234375
0 0.8377819750000001 0.5041104109375001 0.8430673343749999 0.5041104109375001 0.8430673343749999 0.47563994374999996 0.8377819750000001 0.47563994374999996 0.8377819750000001 0.5041104109375001
0 0.8329722984375 0.496029684375 0.8392090218750001 0.496029684375 0.8392090218750001 0.475264096875 0.8329722984375 0.475264096875 0.8329722984375 0.496029684375
0 0.6002834906250001 0.4716310828125 0.612228403125 0.4716310828125 0.612228403125 0.4612013078125 0.6002834906250001 0.4612013078125 0.6002834906250001 0.4716310828125
0 0.45257430625 0.44760197343749997 0.4565319828125 0.44760197343749997 0.4565319828125 0.4354545734375 0.45257430625 0.4354545734375 0.45257430625 0.44760197343749997
0 0.44547078281249997 0.44958644999999997 0.45149186406249997 0.44958644999999997 0.45149186406249997 0.4371985078125 0.44547078281249997 0.4371985078125 0.44547078281249997 0.44958644999999997
0 0.42139914375 0.4402607265625 0.42481559999999996 0.4402607265625 0.42481559999999996 0.42540722343750004 0.42139914375 0.42540722343750004 0.42139914375 0.4402607265625
0 0.12221677187499999 0.4711920296875 0.12972620937499998 0.4711920296875 0.12972620937499998 0.44431139843749995 0.12221677187499999 0.44431139843749995 0.12221677187499999 0.4711920296875
