0 0.24225049375 0.775879421875 0.25022900625 0.775879421875 0.25022900625 0.749942925 0.24225049375 0.749942925 0.24225049375 0.775879421875
0 0.14643129375 0.2921335953125 0.1563520046875 0.2921335953125 0.1563520046875 0.2753267453125 0.14643129375 0.2753267453125 0.14643129375 0.2921335953125
0 0.185180421875 0.316202665625 0.191132846875 0.316202665625 0.191132846875 0.30416813125000003 0.185180421875 0.30416813125000003 0.185180421875 0.316202665625
0 0.16975079843750002 0.2814258234375 0.1777807390625 0.2814258234375 0.1777807390625 0.26764835625 0.16975079843750002 0.26764835625 0.16975079843750002 0.2814258234375
0 0.192440046875 0.2981911765625 0.20009650156249997 0.2981911765625 0.20009650156249997 0.2815918171875 0.192440046875 0.2815918171875 0.192440046875 0.2981911765625
0 0.2287054953125 0.2884962015625 0.23535353906249998 0.2884962015625 0.23535353906249998 0.27123286874999997 0.2287054953125 0.27123286874999997 0.2287054953125 0.2884962015625
0 0.32654635781249997 0 0.32654635781249997 0.014127818750000002 0.331214928125 0.014127818750000002 0.331214928125 0 0.32654635781249997 0
0 0.2642010671875 0.0819655796875 0.27855691718750003 0.0819655796875 0.27855691718750003 0.0599714296875 0.2642010671875 0.0599714296875 0.2642010671875 0.0819655796875
0 0.28409190781250004 0.0494966 0.297257275 0.0494966 0.297257275 0.0413629140625 0.28409190781250004 0.0413629140625 0.28409190781250004 0.0494966
0 0.0871604375 0.012301821875 0.092419115625 0.012301821875 0.092419115625 0.0044403671875000005 0.0871604375 0.0044403671875000005 0.0871604375 0.012301821875
0 0.2699728375 0.0273574671875 0.2860476578125 0.0273574671875 0.2860476578125 0.0109971390625 0.2699728375 0.0109971390625 0.2699728375 0.0273574671875
0 0.9758678484375001 0.0213840140625 0.987221809375 0.0213840140625 0.987221809375 0.008768503125 0.9758678484375001 0.008768503125 0.9758678484375001 0.0213840140625
0 0.7182627578125 0.44717916874999997 0.7271673468750001 0.44717916874999997 0.7271673468750001 0.43451486250000004 0.7182627578125 0.43451486250000004 0.7182627578125 0.44717916874999997
0 0.5288677374999999 0.8426430968749999 0.5197595234375 0.8426430968749999 0.5197595234375 0.8673577828125 0.5288677374999999 0.8673577828125 0.5288677374999999 0.8426430968749999
