0 0 0.3125 0.029525164062499998 0.3125 0.0296875 0.30319976249999997 0.0296875 0.2507900796875 0 0.25044463437500003 0 0.3125
0 0.24056574687499999 0.021546125 0.2515625 0.021674082812500002 0.2515625 0.005361290625 0.24037590468749997 0.0052311234375000005 0.24056574687499999 0.021546125
0 0.416757228125 0.1248373765625 0.4163533984375 0.1421875 0.425 0.1421875 0.425 0.12493328906250001 0.416757228125 0.1248373765625
0 0.5843887234375 0.0663662796875 0.5845667 0.0765625 0.59375 0.0765625 0.59375 0.0664207421875 0.5843887234375 0.0663662796875
0 0.5987611671875 0.0223581234375 0.5984968640624999 0.0375 0.6046875 0.0375 0.6046875 0.0222546796875 0.5987611671875 0.0223581234375
0 0.472775528125 0 0.47284722187500006 0.0030802640625 0.4754101265625 0.003125 0.4796875 0.003125 0.4796875 0 0.472775528125 0
0 0.7984375 0.4133768 0.780403040625 0.41316695000000003 0.7796875 0.454160265625 0.7796875 0.4921875 0.79746116875 0.4921875 0.7984375 0.43625348906249994 0.7984375 0.4133768
0 0.6150806890625 0.22852604843750002 0.6152895593750001 0.2375 0.6234375 0.2375 0.6234375 0.22872055625 0.6150806890625 0.22852604843750002
0 0.8087821625 0.23554150156250003 0.8085547390624999 0.2453125 0.8109375 0.2453125 0.8109375 0.2355665796875 0.8087821625 0.23554150156250003
0 0.8940076156250001 0.22455214687499997 0.893893315625 0.234375 0.8953125 0.234375 0.8953125 0.22455973906249999 0.8940076156250001 0.22455214687499997
0 0.8 0.49317124999999995 0.7805356546875 0.49305801093749996 0.7796875 0.5659481921875 0.7796875 0.571875 0.7998799062499999 0.571875 0.8 0.561554225 0.8 0.49317124999999995
0 0.303125 0.6450011124999999 0.2820070796875 0.6447553828125 0.28125 0.6881284421875 0.28125 0.7125 0.30269951562499997 0.7125 0.303125 0.6881240484375 0.303125 0.6450011124999999
0 0.30133904375 0.6365919234375 0.30220413437500004 0.7109375 0.328125 0.7109375 0.328125 0.63690360625 0.30133904375 0.6365919234375
0 0.34291179375 0.69375 0.34360815 0.633905384375 0.3254478390625 0.6342223734375 0.325 0.6727095328125 0.325 0.69375 0.34291179375 0.69375
0 0.3444599578125 0.6296875 0.34375 0.6907011796875 0.34375 0.7015625 0.3711663140625 0.7015625 0.371875 0.6406581890624999 0.371875 0.6296875 0.3444599578125 0.6296875
0 0.96427221875 0.6296875 0.9644540562499999 0.6375 0.9765625 0.6375 0.9765625 0.6296875 0.96427221875 0.6296875
