0 0.012131551562499999 0.52152101875 0.0171875 0.5214327671875 0.0171875 0.49599122656250005 0.0119835515625 0.49608206250000003 0.012131551562499999 0.52152101875
0 0.009088926562499999 0.3361782296875 0.0092679390625 0.3515625 0.0125 0.3515625 0.0125 0.3361385375 0.009088926562499999 0.3361782296875
0 0.0288677234375 0.3164074421875 0.029395025 0.3390625 0.0328125 0.3390625 0.0328125 0.3164303921875 0.0288677234375 0.3164074421875
0 0.0295743515625 0.08138927812499999 0.029394159375 0.096875 0.0328125 0.096875 0.0328125 0.0813704390625 0.0295743515625 0.08138927812499999
0 0.028125 0.083708840625 0.025 0.08379976875 0.025 0.096875 0.028125 0.096875 0.028125 0.083708840625
0 0.0538595234375 0.1777014046875 0.05625 0.17774313125000002 0.05625 0.160112621875 0.0534490015625 0.1600637296875 0.0538595234375 0.1777014046875
0 0.0609375 0.16470457031250002 0.0608593078125 0.1579847328125 0.0571955515625 0.15792078125 0.0573761046875 0.1734375 0.0609375 0.1734375 0.0609375 0.16470457031250002
0 0.0625 0.160153046875 0.0609375 0.160180321875 0.0609375 0.166907575 0.0610514796875 0.1734375 0.0625 0.1734375 0.0625 0.160153046875
0 0.2140625 0.3546875 0.2140625 0.3336742765625 0.21151278125 0.33371878125 0.2109375 0.3534898796875 0.2109375 0.3546875 0.2140625 0.3546875
0 0.213015490625 0.330087378125 0.213015490625 0.3421875 0.2203125 0.3421875 0.2203125 0.3302997 0.213015490625 0.330087378125
0 0.2403830984375 0.3503215125 0.24091931249999998 0.36875 0.2484375 0.36875 0.2484375 0.350087153125 0.2403830984375 0.3503215125
0 0.23590396875000003 0.31856943125 0.2356291484375 0.3421875 0.240625 0.3421875 0.240625 0.3187067984375 0.23590396875000003 0.31856943125
0 0.2526185640625 0.3256961234375 0.25191139375 0.35 0.2609375 0.35 0.2609375 0.3255024984375 0.2526185640625 0.3256961234375
0 0.21799198125000002 0.2875 0.21752833124999998 0.3140625 0.221875 0.3140625 0.221875 0.2875 0.21799198125000002 0.2875
0 0.279203071875 0.22457345312500002 0.27933281718749997 0.246875 0.2859375 0.246875 0.2859375 0.2245342734375 0.279203071875 0.22457345312500002
0 0.264447753125 0.20685790312500002 0.2642730125 0.221875 0.270238178125 0.221875 0.2703125 0.2154878328125 0.2703125 0.20702854999999998 0.264447753125 0.20685790312500002
0 0.4109375 0.2931032375 0.40625 0.2932396296875 0.40625 0.3171875 0.4109375 0.3171875 0.4109375 0.2931032375
0 0.531558190625 0.23762301406250003 0.5319105984375 0.2578125 0.5359375 0.2578125 0.5359375 0.23757205625000002 0.531558190625 0.23762301406250003
0 0.41535452656249994 0.25532678125 0.41543262187499996 0.26875 0.4234375 0.26875 0.4234375 0.2551386484375 0.41535452656249994 0.25532678125
0 0.3690834234375 0.231616115625 0.3690834234375 0.24375 0.3734375 0.24375 0.3734375 0.2315147734375 0.3690834234375 0.231616115625
0 0.35 0.2985939578125 0.34375 0.2987030515625 0.34375 0.309375 0.35 0.309375 0.35 0.2985939578125
0 0.0705484234375 0.1605557453125 0.070432665625 0.1671875 0.071875 0.1671875 0.071875 0.1605557453125 0.0705484234375 0.1605557453125
0 0.0742844203125 0.1655562328125 0.0765625 0.16559599687499998 0.0765625 0.15830436406249998 0.0741571046875 0.1582623765625 0.0742844203125 0.1655562328125
0 0.771875 0.48443709375 0.734375 0.483782528125 0.734375 0.4924954421875 0.734555015625 0.5234375 0.771875 0.5234375 0.771875 0.48443709375
0 0.010225090624999999 0.7536957140625 0.010312675 0.76875 0.015352423437500002 0.76875 0.015265351562500001 0.7537836921875 0.010225090624999999 0.7536957140625
0 0.0192753421875 0.755772940625 0.0191998421875 0.76875 0.025 0.76875 0.025 0.755872865625 0.0192753421875 0.755772940625
0 0.04108356875 0.72614111875 0.0409993046875 0.740625 0.0464001328125 0.740625 0.0464838484375 0.72623538125 0.04108356875 0.72614111875
0 0.0546875 0.72843649375 0.05 0.728409221875 0.05 0.7312760203125 0.050217599999999994 0.740625 0.0546875 0.740625 0.0546875 0.72843649375
0 0.06584337343749999 0.720760571875 0.0653563046875 0.7375 0.06875 0.7375 0.06875 0.720760571875 0.06584337343749999 0.720760571875
0 0.078125 0.7167660812500001 0.075 0.7166933453125 0.075 0.7265625 0.078125 0.7265625 0.078125 0.7167660812500001
0 0.08362241875000001 0.709375 0.08340423125 0.721875 0.0875 0.721875 0.0875 0.709375 0.08362241875000001 0.709375
0 0.01704689375 0.8102067109375 0.0172778375 0.8234375 0.0203125 0.8234375 0.0203125 0.8103017296875 0.01704689375 0.8102067109375
0 0.1386764515625 0.675109303125 0.138532271875 0.6875 0.1421875 0.6875 0.1421875 0.6750275828125 0.1386764515625 0.675109303125
0 0.1813345984375 0.6482189328125 0.1812229671875 0.6578125 0.184375 0.6578125 0.184375 0.6482366203125001 0.1813345984375 0.6482189328125
0 0.164761546875 0.8953125 0.16435236875 0.909375 0.16875 0.909375 0.16875 0.8953125 0.164761546875 0.8953125
0 0.14670602187499998 0.86875 0.146778746875 0.875 0.1484375 0.875 0.1484375 0.86875 0.14670602187499998 0.86875
0 0.24058863437500003 0.8166759359375 0.24096723281250002 0.8296875 0.2421875 0.8296875 0.2421875 0.816638721875 0.24058863437500003 0.8166759359375
0 0.246875 0.8164161515625 0.24375 0.8163797890625 0.24375 0.834375 0.246875 0.834375 0.246875 0.8164161515625
0 0.24918396875 0.832260878125 0.2515625 0.8322747156249999 0.2515625 0.81947813125 0.2488115640625 0.8194621265625 0.24918396875 0.832260878125
0 0.259375 0.820238075 0.25625 0.8202198953125001 0.25625 0.83125 0.259375 0.83125 0.259375 0.820238075
0 0.26726055 0.824511971875 0.2673361109375 0.8375 0.2703125 0.8375 0.2703125 0.8245830062499999 0.26726055 0.824511971875
0 0.262105571875 0.8358111812499999 0.2640625 0.835788409375 0.2640625 0.8204278296874999 0.26192685937500004 0.8204526812499999 0.262105571875 0.8358111812499999
0 0.272585753125 0.8207001249999999 0.2722310984375 0.8359375 0.275 0.8359375 0.275 0.8207282171875001 0.272585753125 0.8207001249999999
0 0.21439877031250001 0.8582136968749999 0.2142579890625 0.8703125 0.2171875 0.8703125 0.2171875 0.858262375 0.21439877031250001 0.8582136968749999
0 0.189810125 0.7827978046874999 0.196875 0.7826744875 0.196875 0.7719224453125 0.189747578125 0.7720468546875 0.189810125 0.7827978046874999
0 0.30377267343750003 0.739557871875 0.3039305421875 0.753125 0.3073871890625 0.753125 0.307228853125 0.7395176546875 0.30377267343750003 0.739557871875
0 0.2670496171875 0.70986645 0.2673654875 0.7234375 0.26875 0.7234375 0.26875 0.7098763421875 0.2670496171875 0.70986645
0 0.26198894375 0.7207091453125 0.262197915625 0.7296875 0.265625 0.7296875 0.265625 0.7207514546875 0.26198894375 0.7207091453125
0 0.127167265625 0.7368027828125 0.1271086671875 0.746875 0.1296875 0.746875 0.1296875 0.7368027828125 0.127167265625 0.7368027828125
0 0.323780053125 0.6590495437499999 0.323685359375 0.6671875 0.3265625 0.6671875 0.3265625 0.6590333562499999 0.323780053125 0.6590495437499999
0 0.3298384796875 0.6612680828124999 0.329696875 0.6734375 0.33125 0.6734375 0.33125 0.6612270125 0.3298384796875 0.6612680828124999
0 0.33756721875 0.6125089671875 0.337748846875 0.6203125 0.340625 0.6203125 0.340625 0.612562340625 0.33756721875 0.6125089671875
0 0.3632713015625 0.58861044375 0.36336746875000003 0.596875 0.365625 0.596875 0.365625 0.588651528125 0.3632713015625 0.58861044375
0 0.2536725359375 0.7315115750000001 0.2538316109375 0.740625 0.25757694531249997 0.740625 0.25741672968749996 0.7314462203125001 0.2536725359375 0.7315115750000001
0 0.2216129796875 0.809375 0.2217948359375 0.803125 0.21776467500000002 0.803125 0.21758281875000002 0.809375 0.2216129796875 0.809375
0 0.3578125 0.58369040625 0.35716442656249997 0.5836715484375 0.35523459375 0.583615396875 0.35523459375 0.5875 0.3578125 0.5875 0.3578125 0.58369040625
0 0.2578125 0.663277096875 0.2546875 0.663368025 0.2546875 0.6648049515625 0.254847753125 0.6703125 0.2578125 0.6703125 0.2578125 0.663277096875
0 0.252085253125 0.6573086265625 0.2520430265625 0.6609375 0.253125 0.6609375 0.253125 0.6573388796875 0.252085253125 0.6573086265625
0 0.1686109015625 0.7227363921875 0.1683177171875 0.7328125 0.1703125 0.7328125 0.1703125 0.7226967875 0.1686109015625 0.7227363921875
0 0.261576425 0.7116561765625 0.26142532812499997 0.7203125 0.2654591765625 0.7203125 0.26560863437500004 0.711750028125 0.261576425 0.7116561765625
0 0.33319035937499997 0.5610296421875 0.33314544375 0.56875 0.334375 0.56875 0.334375 0.5609951718749999 0.33319035937499997 0.5610296421875
0 0.243261471875 0.6204700515625 0.24331509843750002 0.6296875 0.2453125 0.6296875 0.2453125 0.6204223125 0.243261471875 0.6204700515625
0 0.3005774359375 0.5786651234375 0.3005774359375 0.5875 0.3015625 0.5875 0.3015625 0.5786421953125 0.3005774359375 0.5786651234375
0 0.2830293234375 0.5997991015624999 0.2859375 0.5997483406249999 0.2859375 0.5895582109374999 0.2830886140625 0.5896079375000001 0.2830293234375 0.5997991015624999
0 0.1927785921875 0.640865415625 0.192734540625 0.6484375 0.1953125 0.6484375 0.1953125 0.640850675 0.1927785921875 0.640865415625
0 0.1661780640625 0.7322964265625 0.1671875 0.73227880625 0.1671875 0.724093565625 0.16632098125 0.724108690625 0.1661780640625 0.7322964265625
0 0.18370031874999998 0.7209027484374999 0.1836015265625 0.7265625 0.184375 0.7265625 0.184375 0.7209027484374999 0.18370031874999998 0.7209027484374999
0 0.187088275 0.7109375 0.1871700953125 0.715625 0.1875 0.715625 0.1875 0.7109375 0.187088275 0.7109375
0 0.33673699687499997 0.5702741703124999 0.3375 0.5702741703124999 0.3375 0.5631074921875 0.336570190625 0.5631074921875 0.33673699687499997 0.5702741703124999
0 0.3741062171875 0.5635662109374999 0.3741062171875 0.56875 0.3760706640625 0.56875 0.3760706640625 0.5635547812499999 0.3741062171875 0.5635662109374999
0 0.013569593750000001 0.8105566546875 0.013905765625 0.825 0.015625 0.825 0.015625 0.8105327375 0.013569593750000001 0.8105566546875
0 0.27388893125 0.74739779375 0.2737556296875 0.753125 0.2765625 0.753125 0.2765625 0.7474133484375 0.27388893125 0.74739779375
0 0.28498358281249997 0.720550203125 0.28498358281249997 0.725 0.2875 0.725 0.2875 0.7204916328125 0.28498358281249997 0.720550203125
0 0.24823934531249997 0.7253561093750001 0.24336209687500002 0.7253561093750001 0.24336209687500002 0.7353740453125 0.24823934531249997 0.7353740453125 0.24823934531249997 0.7253561093750001
0 0.23106059218750002 0.696843521875 0.22748394218749998 0.696843521875 0.22748394218749998 0.7052239109375 0.23106059218750002 0.7052239109375 0.23106059218750002 0.696843521875
0 0.22564142656250002 0.6998296374999999 0.22325699375000002 0.6998296374999999 0.22325699375000002 0.7045977890625 0.22564142656250002 0.7045977890625 0.22564142656250002 0.6998296374999999
0 0.2658325125 0.65329075625 0.2630232171875 0.65329075625 0.2630232171875 0.6604111968749999 0.2658325125 0.6604111968749999 0.2658325125 0.65329075625
0 0.282615734375 0.6793552093749999 0.2803295234375 0.6793552093749999 0.2803295234375 0.690267175 0.282615734375 0.690267175 0.282615734375 0.6793552093749999
0 0.29701039218749997 0.6870312125 0.2949358671875 0.6870312125 0.2949358671875 0.695008234375 0.29701039218749997 0.695008234375 0.29701039218749997 0.6870312125
0 0.304842778125 0.6798067390625 0.3014134625 0.6798067390625 0.3014134625 0.6868807015625 0.304842778125 0.6868807015625 0.304842778125 0.6798067390625
0 0.329144346875 0.662272340625 0.32698514843750004 0.662272340625 0.32698514843750004 0.6707761484375 0.329144346875 0.6707761484375 0.329144346875 0.662272340625
0 0.3245295890625 0.6703246187499999 0.3216506578125 0.6703246187499999 0.3216506578125 0.6812365828125 0.3245295890625 0.6812365828125 0.3245295890625 0.6703246187499999
0 0.34388047187500004 0.6012400796875 0.3403347296875 0.6012400796875 0.3403347296875 0.6065079250000001 0.34388047187500004 0.6065079250000001 0.34388047187500004 0.6012400796875
0 0.36051248281250003 0.578841203125 0.35869164375 0.578841203125 0.35869164375 0.587125265625 0.36051248281250003 0.587125265625 0.36051248281250003 0.578841203125
0 0.5708824890625 0.7872668703125 0.5710838328125 0.821875 0.634210296875 0.821875 0.6340153640625 0.7883688578125 0.5708824890625 0.7872668703125
0 0.7208974890625 0.559375 0.720861128125 0.565625 0.7561177359375 0.565625 0.756154096875 0.559375 0.7208974890625 0.559375
0 0.784866371875 0.559375 0.7847936484375 0.571875 0.8214328703125 0.571875 0.8215055937500001 0.559375 0.784866371875 0.559375
