0 0.459375 0.050780096875 0.4511769515625 0.050637 0.4522422375 0.1421875 0.459375 0.1421875 0.459375 0.050780096875
0 0.596875 0.45 0.596875 0.4347639703125 0.5699069953125 0.4344501703125 0.5699069953125 0.45 0.596875 0.45
0 0.6403747656250001 0.42589653437499997 0.6406006921875 0.4453125 0.6671875 0.4453125 0.6671875 0.42605252499999996 0.6403747656250001 0.42589653437499997
0 0.459375 0.26477123125 0.47693962343749996 0.26477123125 0.47693962343749996 0.2460440046875 0.459375 0.2460440046875 0.459375 0.26477123125
0 0.5390285953125 0.29433634375 0.5190056609375 0.29433634375 0.5190056609375 0.32646748593749997 0.5390285953125 0.32646748593749997 0.5390285953125 0.29433634375
0 0.6126843859375001 0.342278046875 0.591517284375 0.342278046875 0.591517284375 0.3670139265625 0.6126843859375001 0.3670139265625 0.6126843859375001 0.342278046875
0 0.459375 0.35936365625 0.491688659375 0.35936365625 0.491688659375 0.32825255000000003 0.459375 0.32825255000000003 0.459375 0.35936365625
0 0.5065628390625 0.34049298281249996 0.47409708124999994 0.34049298281249996 0.47409708124999994 0.3802743984375 0.5065628390625 0.3802743984375 0.5065628390625 0.34049298281249996
0 0.7426904328124999 0.4004201125 0.7125130125 0.4004201125 0.7125130125 0.43025617499999996 0.7426904328124999 0.43025617499999996 0.7426904328124999 0.4004201125
0 0.7278162546875 0.29841649062500003 0.7072212375 0.29841649062500003 0.7072212375 0.31907222343749997 0.7278162546875 0.31907222343749997 0.7278162546875 0.29841649062500003
0 0.76085409375 0.2976514625 0.7394009515625 0.2976514625 0.7394009515625 0.3236623875 0.76085409375 0.3236623875 0.76085409375 0.2976514625
0 0.8619699093750001 0.325192440625 0.8326506124999999 0.325192440625 0.8326506124999999 0.3573235828125 0.8619699093750001 0.3573235828125 0.8619699093750001 0.325192440625
0 0.8096242390625001 0.45 0.8096242390625001 0.4271960640625 0.7707225390625 0.4271960640625 0.7707225390625 0.45 0.8096242390625001 0.45
0 0.9125993265624999 0.45 0.9125993265624999 0.4412215640625 0.8864264921875 0.4412215640625 0.8864264921875 0.45 0.9125993265624999 0.45
0 0.9468442484375 0.24877180000000002 0.9184740046875 0.24877180000000002 0.9184740046875 0.2713403484375 0.9468442484375 0.2713403484375 0.9468442484375 0.24877180000000002
0 0.846875 0.937361690625 0.84635669375 0.9076679515624999 0.8164856734375 0.9073203718750001 0.8179397609375 0.990625 0.846875 0.990625 0.846875 0.937361690625
0 0.8457796999999999 0.906664759375 0.8462499859375001 0.9875 0.8765625 0.9875 0.8765625 0.90630656875 0.8457796999999999 0.906664759375
0 0.8740136578125 0.9071089296875 0.8748400046875 0.978125 0.8984375 0.978125 0.8984375 0.9075352500000001 0.8740136578125 0.9071089296875
0 0.934375 0.907059390625 0.9343716265625 0.9068661265625 0.8988493328124999 0.9066594640625001 0.900260409375 0.9875 0.934375 0.9875 0.934375 0.907059390625
