0 0.01796216875 0.21066314843749998 0.0218620796875 0.21066314843749998 0.0218620796875 0.19946340625 0.01796216875 0.19946340625 0.01796216875 0.21066314843749998
0 0.0491614546875 0.235195921875 0.05396134375 0.235195921875 0.05396134375 0.22790719843749999 0.0491614546875 0.22790719843749999 0.0491614546875 0.235195921875
0 0.0929604515625 0.2563509921875 0.09686036249999999 0.2563509921875 0.09686036249999999 0.2497733640625 0.0929604515625 0.2497733640625 0.0929604515625 0.2563509921875
0 0.0749608640625 0.244617928125 0.0805607359375 0.244617928125 0.0805607359375 0.23821807343749998 0.0749608640625 0.23821807343749998 0.0749608640625 0.244617928125
0 0.1505591328125 0.27519500625000004 0.1549590328125 0.27519500625000004 0.1549590328125 0.265950771875 0.1505591328125 0.265950771875 0.1505591328125 0.27519500625000004
0 0.161858875 0.314305221875 0.1658587828125 0.314305221875 0.1658587828125 0.3071942734375 0.161858875 0.3071942734375 0.161858875 0.314305221875
0 0.161158890625 0.317682921875 0.1530590765625 0.317682921875 0.1530590765625 0.3251494171875 0.161158890625 0.3251494171875 0.161158890625 0.317682921875
0 0.1381594171875 0.314127446875 0.1328595390625 0.314127446875 0.1328595390625 0.3256827390625 0.1381594171875 0.3256827390625 0.1381594171875 0.314127446875
0 0.1780585046875 0.29208350781250003 0.1653587953125 0.29208350781250003 0.1653587953125 0.2997277765625 0.1780585046875 0.2997277765625 0.1780585046875 0.29208350781250003
0 0.1643588171875 0.2618619765625 0.1728586234375 0.2618619765625 0.1728586234375 0.25332883906250003 0.1643588171875 0.25332883906250003 0.1643588171875 0.2618619765625
0 0.1063601453125 0.282483728125 0.0990603125 0.282483728125 0.0990603125 0.2917279609375 0.1063601453125 0.2917279609375 0.1063601453125 0.282483728125
0 0.059261223437499996 0.282305953125 0.05406134218750001 0.282305953125 0.05406134218750001 0.2872836171875 0.059261223437499996 0.2872836171875 0.059261223437499996 0.282305953125
0 0.017462179687500003 0.2433735109375 0.007362410937499999 0.2433735109375 0.007362410937499999 0.24941781718749997 0.017462179687500003 0.24941781718749997 0.017462179687500003 0.2433735109375
0 0.11461595625000001 0.230979128125 0.12274377031249999 0.230979128125 0.12274377031249999 0.2235837421875 0.11461595625000001 0.2235837421875 0.11461595625000001 0.230979128125
0 0.21229347031249998 0.320713075 0.21616838125 0.320713075 0.21616838125 0.307380046875 0.21229347031249998 0.307380046875 0.21229347031249998 0.320713075
0 0.23879286406250003 0.2878249390625 0.2506675921875 0.2878249390625 0.2506675921875 0.27915847031249996 0.23879286406250003 0.27915847031249996 0.23879286406250003 0.2878249390625
0 0.542799721875 0.52691784375 0.5545242531250001 0.52691784375 0.5545242531250001 0.51781583125 0.542799721875 0.51781583125 0.542799721875 0.52691784375
0 0.6635705125 0.5094078828125 0.6714453328125 0.5094078828125 0.6714453328125 0.49229716406249996 0.6635705125 0.49229716406249996 0.6635705125 0.5094078828125
0 0.12878444218750001 0.7295208265625 0.159983728125 0.7295208265625 0.159983728125 0.6943216328124999 0.12878444218750001 0.6943216328124999 0.12878444218750001 0.7295208265625
0 0.758458896875 0.5856242609375 0.7709586109375001 0.5856242609375 0.7709586109375001 0.56368031875 0.758458896875 0.56368031875 0.758458896875 0.5856242609375
0 0.2929724125 0.2694124859375 0.2999518359375 0.2694124859375 0.2999518359375 0.2603832890625 0.2929724125 0.2603832890625 0.2929724125 0.2694124859375
0 0.020312798437499998 0.09183673437499999 0.14333396874999998 0.09183673437499999 0.14333396874999998 0.0384321953125 0.020312798437499998 0.0384321953125 0.020312798437499998 0.09183673437499999
0 0.14423960625 0.2529477015625 0.150107503125 0.2529477015625 0.150107503125 0.2466600328125 0.14423960625 0.2466600328125 0.14423960625 0.2529477015625
