0 0.7239980328125 0.8501352359375 0.90595033125 0.8501352359375 0.90595033125 0.7906865562500001 0.7239980328125 0.7906865562500001 0.7239980328125 0.8501352359375
0 0.34642006406250003 0.579773015625 0.351060921875 0.579773015625 0.351060921875 0.5724393140624999 0.34642006406250003 0.5724393140624999 0.34642006406250003 0.579773015625
0 0.417889271875 0.5854566343750001 0.4249021234375 0.5854566343750001 0.4249021234375 0.5704225468749999 0.417889271875 0.5704225468749999 0.417889271875 0.5854566343750001
0 0.32280325468750004 0.5489714718750001 0.326515940625 0.5489714718750001 0.326515940625 0.5425544828125 0.32280325468750004 0.5425544828125 0.32280325468750004 0.5489714718750001
0 0.5170503515625 0.6649701515625 0.521691209375 0.6649701515625 0.521691209375 0.657269765625 0.5170503515625 0.657269765625 0.5170503515625 0.6649701515625
0 0.526538328125 0.66790363125 0.5379857765625 0.66790363125 0.5379857765625 0.6525028609375 0.526538328125 0.6525028609375 0.526538328125 0.66790363125
0 0.2081791203125 0.431499875 0.21398019218750003 0.431499875 0.21398019218750003 0.415457403125 0.2081791203125 0.415457403125 0.2081791203125 0.431499875
0 0.23766790312500002 0.43350518281249995 0.241857565625 0.43350518281249995 0.241857565625 0.4171762390625 0.23766790312500002 0.4171762390625 0.23766790312500002 0.43350518281249995
0 0.243307834375 0.44868823593749996 0.247819778125 0.44868823593749996 0.247819778125 0.43608343749999995 0.243307834375 0.43608343749999995 0.243307834375 0.44868823593749996
0 0.24508038281250002 0.4395211109375 0.24991461093749998 0.4395211109375 0.24991461093749998 0.42519747656250007 0.24508038281250002 0.42519747656250007 0.24508038281250002 0.4395211109375
0 0.26006648593750004 0.4375158015625 0.262967021875 0.4375158015625 0.262967021875 0.42376511250000004 0.26006648593750004 0.42376511250000004 0.26006648593750004 0.4375158015625
0 0.2357342125 0.392253115625 0.2463695109375 0.392253115625 0.2463695109375 0.38251304375 0.2357342125 0.38251304375 0.2357342125 0.392253115625
0 0.2713463484375 0.42204627656250004 0.27585829375 0.42204627656250004 0.27585829375 0.4048579140625 0.2713463484375 0.4048579140625 0.2713463484375 0.42204627656250004
0 0.271548246875 0.40696966718749994 0.2749816859375 0.40696966718749994 0.2749816859375 0.39836654375 0.271548246875 0.39836654375 0.271548246875 0.40696966718749994
0 0.2665197453125 0.4076425375 0.270223534375 0.4076425375 0.270223534375 0.39663630625 0.2665197453125 0.39663630625 0.2665197453125 0.4076425375
0 0.2753872109375 0.3959634359375 0.28420060625 0.3959634359375 0.28420060625 0.38985954375 0.2753872109375 0.38985954375 0.2753872109375 0.3959634359375
0 0.2892291078125 0.395338628125 0.29836692187499997 0.395338628125 0.29836692187499997 0.38649519374999997 0.2892291078125 0.38649519374999997 0.2892291078125 0.395338628125
0 0.7353606109374999 0.713955240625 0.7407233796875 0.713955240625 0.7407233796875 0.688727309375 0.7353606109374999 0.688727309375 0.7353606109374999 0.713955240625
0 0.7422909578125 0.7259825109375 0.7486437765625 0.7259825109375 0.7486437765625 0.6945942703125 0.7422909578125 0.6945942703125 0.7422909578125 0.7259825109375
0 0.7325554703125 0.66027255 0.741053396875 0.66027255 0.741053396875 0.6340179015625 0.7325554703125 0.6340179015625 0.7325554703125 0.66027255
0 0.932972275 0.8962578984375 0.932972275 0.9366505484375001 0.9410293187500001 0.9366505484375001 0.9410293187500001 0.920949103125 0.9410293187500001 0.8962578984375 0.932972275 0.8962578984375
0 0.9457831328124999 0.953296178125 0.9521760515625 0.953296178125 0.9521760515625 0.9192006125000001 0.9457831328124999 0.9192006125000001 0.9457831328124999 0.953296178125
0 0.946221234375 0.8151061140625 0.9513777421875 0.8151061140625 0.9513777421875 0.790182990625 0.946221234375 0.790182990625 0.946221234375 0.8151061140625
0 0.9550839828125 0.8397427671875001 0.9665249859375 0.8397427671875001 0.9665249859375 0.8125278609375 0.9550839828125 0.8125278609375 0.9550839828125 0.8397427671875001
0 0.9500886156250001 0.79591244375 0.957501096875 0.79591244375 0.957501096875 0.7515091765624999 0.9500886156250001 0.7515091765624999 0.9500886156250001 0.79591244375
0 0.6488884703125 0.5925369468749999 0.6531248781250001 0.5925369468749999 0.6531248781250001 0.570349878125 0.6488884703125 0.570349878125 0.6488884703125 0.5925369468749999
0 0.6523233953124999 0.597218621875 0.6567887984375 0.597218621875 0.6567887984375 0.5722836124999999 0.6523233953124999 0.5722836124999999 0.6523233953124999 0.597218621875
0 0.43075859375 0.5448627703125 0.4355928203125 0.5448627703125 0.4355928203125 0.533761953125 0.43075859375 0.533761953125 0.43075859375 0.5448627703125
0 0.514954709375 0.5212287734375 0.520796065625 0.5212287734375 0.520796065625 0.49902713906249996 0.514954709375 0.49902713906249996 0.514954709375 0.5212287734375
0 0.44646982968750004 0.5233773187499999 0.450699778125 0.5233773187499999 0.450699778125 0.5069051390625 0.44646982968750004 0.5069051390625 0.44646982968750004 0.5233773187499999
0 0.4611739359375 0.504398503125 0.4674181453125 0.504398503125 0.4674181453125 0.4829130515625 0.4611739359375 0.4829130515625 0.4611739359375 0.504398503125
0 0.422298696875 0.4761093234375 0.4283414796875 0.4761093234375 0.4283414796875 0.45820478124999997 0.422298696875 0.45820478124999997 0.422298696875 0.4761093234375
0 0.40257304375 0.4535643125 0.4127111515625 0.4535643125 0.4127111515625 0.4442522734375 0.40257304375 0.4442522734375 0.40257304375 0.4535643125
0 0.4114016453125 0.4549160609375 0.42200441718750004 0.4549160609375 0.42200441718750004 0.4419242625 0.4114016453125 0.4419242625 0.4114016453125 0.4549160609375
0 0.3482899078125 0.46906208437499997 0.35324015625 0.46906208437499997 0.35324015625 0.449407765625 0.3482899078125 0.449407765625 0.3482899078125 0.46906208437499997
0 0.383354165625 0.4599682953125 0.3868193390625 0.4599682953125 0.3868193390625 0.441047346875 0.383354165625 0.441047346875 0.383354165625 0.4599682953125
0 0.3839316953125 0.4166994609375 0.3883044140625 0.4166994609375 0.3883044140625 0.399098578125 0.3839316953125 0.399098578125 0.3839316953125 0.4166994609375
0 0.37683633906249997 0.44764767812499995 0.38838691875000003 0.44764767812499995 0.38838691875000003 0.4394339328125 0.37683633906249997 0.4394339328125 0.37683633906249997 0.44764767812499995
0 0.36462572656250003 0.4238864875 0.38252912499999997 0.4238864875 0.38252912499999997 0.4067256265625 0.36462572656250003 0.4067256265625 0.36462572656250003 0.4238864875
0 0.3335216671875 0.44588758906250003 0.35423020625 0.44588758906250003 0.35423020625 0.4294600984375 0.3335216671875 0.4294600984375 0.3335216671875 0.44588758906250003
0 0.299199946875 0.40496553750000003 0.299199946875 0.4142060015625 0.307172653125 0.4142060015625 0.3114930640625 0.4142060015625 0.3114930640625 0.40496553750000003 0.299199946875 0.40496553750000003
0 0.985402075 0.7977359109375 0.99458710625 0.7977359109375 0.99458710625 0.7762504578125 0.985402075 0.7762504578125 0.985402075 0.7977359109375
0 0.8974191499999999 0.7261177375 0.904025925 0.7261177375 0.904025925 0.699189303125 0.8974191499999999 0.699189303125 0.8974191499999999 0.7261177375
0 0.8962911625000001 0.6989028312500001 0.9066041796875 0.6989028312500001 0.9066041796875 0.665958471875 0.8962911625000001 0.665958471875 0.8962911625000001 0.6989028312500001
0 0.8850113000000001 0.6883033421875 0.8929072046875 0.6883033421875 0.8929072046875 0.6590831265625 0.8850113000000001 0.6590831265625 0.8850113000000001 0.6883033421875
0 0.7984786421875001 0.6547860359375 0.8065356875 0.6547860359375 0.8065356875 0.6249928765625 0.7984786421875001 0.6249928765625 0.7984786421875001 0.6547860359375
0 0.7907438796874999 0.64762421875 0.7984786421875001 0.64762421875 0.7984786421875001 0.616971640625 0.7907438796874999 0.616971640625 0.7907438796874999 0.64762421875
0 0.8091139421875001 0.6504889453125 0.8150761546874999 0.6504889453125 0.8150761546874999 0.6235605125 0.8091139421875001 0.6235605125 0.8091139421875001 0.6504889453125
0 0.7451410078125 0.59634560625 0.7567431515624999 0.59634560625 0.7567431515624999 0.5754330999999999 0.7451410078125 0.5754330999999999 0.7451410078125 0.59634560625
0 0.8577496921875 0.561571346875 0.8647996062500001 0.561571346875 0.8647996062500001 0.5356097578125001 0.8577496921875 0.5356097578125001 0.8577496921875 0.561571346875
0 0.855231865625 0.5297907828125 0.860771084375 0.5297907828125 0.860771084375 0.507410103125 0.855231865625 0.507410103125 0.855231865625 0.5297907828125
0 0.8219965578125 0.504724421875 0.827535775 0.504724421875 0.827535775 0.4805532875 0.8219965578125 0.4805532875 0.8219965578125 0.504724421875
0 0.826888428125 0.5060125359375001 0.830470559375 0.5060125359375001 0.830470559375 0.48174115312500004 0.826888428125 0.48174115312500004 0.826888428125 0.5060125359375001
0 0.8289160484375 0.4965202625 0.8314505765625 0.4965202625 0.8314505765625 0.48708806562499996 0.8289160484375 0.48708806562499996 0.8289160484375 0.4965202625
0 0.81503141875 0.61748416875 0.8204973171875001 0.61748416875 0.8204973171875001 0.591816215625 0.81503141875 0.591816215625 0.81503141875 0.61748416875
0 0.8245193953125 0.6275680078125 0.8318416359375 0.6275680078125 0.8318416359375 0.5958497515625 0.8245193953125 0.5958497515625 0.8245193953125 0.6275680078125
0 0.7130356812499999 0.5725652515624999 0.73448675625 0.5725652515624999 0.73448675625 0.55038080625 0.7130356812499999 0.55038080625 0.7130356812499999 0.5725652515624999
0 0.844590965625 0.59177283125 0.8596479703125001 0.59177283125 0.8596479703125001 0.5769220875000001 0.844590965625 0.5769220875000001 0.844590965625 0.59177283125
0 0.5863384546875 0.543748940625 0.59136605 0.543748940625 0.59136605 0.52770646875 0.5863384546875 0.52770646875 0.5863384546875 0.543748940625
0 0.5824710734375 0.5405404468749999 0.589174534375 0.5405404468749999 0.589174534375 0.52220619375 0.5824710734375 0.52220619375 0.5824710734375 0.5405404468749999
0 0.5757676125 0.5373319515625 0.5824710734375 0.5373319515625 0.5824710734375 0.5199144125 0.5757676125 0.5199144125 0.5757676125 0.5373319515625
0 0.5699665406250001 0.5373319515625 0.5757676125 0.5373319515625 0.5757676125 0.524268796875 0.5699665406250001 0.524268796875 0.5699665406250001 0.5373319515625
0 0.5501139828125 0.5118931765625 0.5574620078125 0.5118931765625 0.5574620078125 0.498371665625 0.5501139828125 0.498371665625 0.5501139828125 0.5118931765625
0 0.595313209375 0.4610002890625 0.6030355968750001 0.4610002890625 0.6030355968750001 0.4500877421875 0.595313209375 0.4500877421875 0.595313209375 0.4610002890625
0 0.6016495265625 0.4617043234375 0.606533771875 0.4617043234375 0.606533771875 0.45114379375 0.6016495265625 0.45114379375 0.6016495265625 0.4617043234375
0 0.5452827015625 0.42837998749999995 0.5522130484375001 0.42837998749999995 0.5522130484375001 0.41899284843749995 0.5452827015625 0.41899284843749995 0.5452827015625 0.42837998749999995
0 0.5483848578125 0.43166548593750004 0.5562392515625 0.43166548593750004 0.5562392515625 0.4219263296875 0.5483848578125 0.4219263296875 0.5483848578125 0.43166548593750004
0 0.45232947343749996 0.4696855109375 0.4564546796875 0.4696855109375 0.4564546796875 0.44630933749999996 0.45232947343749996 0.44630933749999996 0.45232947343749996 0.4696855109375
0 0.47052693906250004 0.4469585578125 0.4730411890625 0.4469585578125 0.4730411890625 0.43484689843749996 0.47052693906250004 0.43484689843749996 0.47052693906250004 0.4469585578125
0 0.47366299375 0.4471508078125 0.4760961390625 0.4471508078125 0.4760961390625 0.4351833328125 0.47366299375 0.4351833328125 0.47366299375 0.4471508078125
0 0.4779885859375 0.443498084375 0.4895054765625 0.443498084375 0.4895054765625 0.43229960468749995 0.4779885859375 0.43229960468749995 0.4779885859375 0.443498084375
0 0.46238941718750004 0.43830737343750004 0.46706646406249996 0.43830737343750004 0.46706646406249996 0.4193228265625 0.46238941718750004 0.4193228265625 0.46238941718750004 0.43830737343750004
0 0.4548196296875 0.4398934234375 0.4611187734375 0.4398934234375 0.4611187734375 0.41927476406249997 0.4548196296875 0.41927476406249997 0.4548196296875 0.4398934234375
0 0.4625335625 0.4622277921875 0.4664620796875 0.4622277921875 0.4664620796875 0.4506628390625 0.4625335625 0.4506628390625 0.4625335625 0.4622277921875
0 0.49466773281250004 0.45032045624999995 0.505819653125 0.45032045624999995 0.505819653125 0.4432312890625 0.49466773281250004 0.4432312890625 0.49466773281250004 0.45032045624999995
0 0.505414128125 0.46930500156250005 0.51136181875 0.46930500156250005 0.51136181875 0.45650845625 0.505414128125 0.45650845625 0.505414128125 0.46930500156250005
0 0.5086245296875 0.47128756562499996 0.5156874109375 0.47128756562499996 0.5156874109375 0.45861117656249994 0.5086245296875 0.45861117656249994 0.5086245296875 0.47128756562499996
0 0.47559063593750006 0.496225353125 0.5041125734375 0.496225353125 0.5041125734375 0.4552597578125 0.47559063593750006 0.4552597578125 0.47559063593750006 0.496225353125
0 0.5347368203125 0.47957876875 0.5424715828125 0.47957876875 0.5424715828125 0.46514054531250004 0.5347368203125 0.46514054531250004 0.5347368203125 0.47957876875
0 0.55604598125 0.5179559796875 0.56326509375 0.5179559796875 0.56326509375 0.5042052906250001 0.55604598125 0.5042052906250001 0.55604598125 0.5179559796875
0 0.9599380375000001 0.7744691671874999 0.979577084375 0.7744691671874999 0.979577084375 0.7516408734375 0.9599380375000001 0.7516408734375 0.9599380375000001 0.7744691671874999
0 0.9611969515625001 0.8192305265625001 0.9778146046874999 0.8192305265625001 0.9778146046874999 0.7914784828125 0.9611969515625001 0.7914784828125 0.9611969515625001 0.8192305265625001
0 0.5504720812499999 0.4644825609375 0.5627187890625 0.4644825609375 0.5627187890625 0.44431488437500005 0.5504720812499999 0.44431488437500005 0.5504720812499999 0.4644825609375
0 0.1058596546875 0.421111946875 0.10891230781250001 0.421111946875 0.10891230781250001 0.40952469999999996 0.1058596546875 0.40952469999999996 0.1058596546875 0.421111946875
0 0.10247698593750001 0.4224320140625 0.1060246625 0.4224320140625 0.1060246625 0.40864465625 0.10247698593750001 0.40864465625 0.10247698593750001 0.4224320140625
0 0.2017294609375 0.43255252187500004 0.2061021796875 0.43255252187500004 0.2061021796875 0.416565053125 0.2017294609375 0.416565053125 0.2017294609375 0.43255252187500004
0 0.22165433750000002 0.4708247984375 0.2259084578125 0.4708247984375 0.2259084578125 0.45409479375000006 0.22165433750000002 0.45409479375000006 0.22165433750000002 0.4708247984375
0 0.11922082812499998 0.49522373281250004 0.121545834375 0.49522373281250004 0.121545834375 0.4913306984375 0.11922082812499998 0.4913306984375 0.11922082812499998 0.49522373281250004
0 0.132062221875 0.5358027515625 0.13406280937499998 0.5358027515625 0.13406280937499998 0.5315252218750001 0.132062221875 0.5315252218750001 0.132062221875 0.5358027515625
0 0.3607270171875 0.5905765765625001 0.363514996875 0.5905765765625001 0.363514996875 0.5852446828125 0.3607270171875 0.5852446828125 0.3607270171875 0.5905765765625001
0 0.34821709843750004 0.581410525 0.34508104375 0.581410525 0.34508104375 0.58886976875 0.34821709843750004 0.58886976875 0.34821709843750004 0.581410525
0 0.6030887765624999 0.6809266921875 0.615827415625 0.6809266921875 0.615827415625 0.6691927703125 0.6030887765624999 0.6691927703125 0.6030887765624999 0.6809266921875
0 0.74943770625 0.7297709734375 0.7431013890625 0.7297709734375 0.7431013890625 0.7586364203125 0.74943770625 0.7586364203125 0.74943770625 0.7297709734375
0 0.8455385234374999 0.6617142281249999 0.849498721875 0.6617142281249999 0.849498721875 0.6450520609375 0.8455385234374999 0.6450520609375 0.8455385234374999 0.6617142281249999
0 0.912201865625 0.7175676953125001 0.91787815 0.7175676953125001 0.91787815 0.6906970140625 0.912201865625 0.6906970140625 0.912201865625 0.7175676953125001
0 0.931540834375 0.7105273421875 0.924544484375 0.7105273421875 0.924544484375 0.7288322593750001 0.931540834375 0.7288322593750001 0.931540834375 0.7105273421875
0 0.9446094890625 0.686003446875 0.9341149640624999 0.686003446875 0.9341149640624999 0.7145168749999999 0.9446094890625 0.7145168749999999 0.9446094890625 0.686003446875
0 0.9625601453125 0.7118185421875001 0.9530641171875001 0.7118185421875001 0.9530641171875001 0.727618971875 0.9625601453125 0.727618971875 0.9625601453125 0.7118185421875001
0 0.9702659125 0.6048243734375001 0.9802350515624999 0.6048243734375001 0.9802350515624999 0.591907671875 0.9702659125 0.591907671875 0.9702659125 0.6048243734375001
0 0.9648166781249999 0.580117428125 0.9551854765625001 0.580117428125 0.9551854765625001 0.5988917015624999 0.9648166781249999 0.5988917015624999 0.9648166781249999 0.580117428125
0 0.9340167296875 0.567144696875 0.9246389796875001 0.567144696875 0.9246389796875001 0.577357903125 0.9340167296875 0.577357903125 0.9340167296875 0.567144696875
0 0.8980264453125001 0.5843419328125 0.8954074343749999 0.5843419328125 0.8954074343749999 0.5927528078125001 0.8980264453125001 0.5927528078125001 0.8980264453125001 0.5843419328125
0 0.89160564375 0.6043928578125 0.9031799843749999 0.6043928578125 0.9031799843749999 0.59410455625 0.89160564375 0.59410455625 0.89160564375 0.6043928578125
0 0.8936755078124999 0.5920018375 0.880707178125 0.5920018375 0.880707178125 0.5978594109375 0.8936755078124999 0.5978594109375 0.8936755078124999 0.5920018375
0 0.8589772375000001 0.5963562953125 0.8454597609375 0.5963562953125 0.8454597609375 0.6071702765625 0.8589772375000001 0.6071702765625 0.8589772375000001 0.5963562953125
0 0.8252906015624999 0.56921291875 0.8192077359375001 0.56921291875 0.8192077359375001 0.578825346875 0.8252906015624999 0.578825346875 0.8252906015624999 0.56921291875
0 0.8229588359375001 0.5635055390625 0.8063661328125 0.5635055390625 0.8063661328125 0.5752206859375 0.8229588359375001 0.5752206859375 0.8229588359375001 0.5635055390625
0 0.7698066359375 0.5405812109375 0.7626423734375 0.5405812109375 0.7626423734375 0.5522963578125 0.7698066359375 0.5522963578125 0.7698066359375 0.5405812109375
0 0.76367096875 0.5374872109375 0.755116940625 0.5374872109375 0.755116940625 0.5479069328125 0.76367096875 0.5479069328125 0.76367096875 0.5374872109375
0 0.8718294249999999 0.5571637875000001 0.8780073343750001 0.5571637875000001 0.8780073343750001 0.5383895125 0.8718294249999999 0.5383895125 0.8718294249999999 0.5571637875000001
0 0.8754200046875 0.5482460062500001 0.8718294249999999 0.5482460062500001 0.8718294249999999 0.564673496875 0.8754200046875 0.564673496875 0.8754200046875 0.5482460062500001
0 0.7446784156249999 0.504693928125 0.7302147140625 0.504693928125 0.7302147140625 0.51538775625 0.7446784156249999 0.51538775625 0.7446784156249999 0.504693928125
0 0.7010127390625 0.54058283125 0.7039189968749999 0.54058283125 0.7039189968749999 0.533193278125 0.7010127390625 0.533193278125 0.7010127390625 0.54058283125
0 0.707501128125 0.5304297046875 0.703378296875 0.5304297046875 0.703378296875 0.5361971609375 0.707501128125 0.5361971609375 0.707501128125 0.5304297046875
0 0.6897649828125 0.5053155921875 0.6769233796874999 0.5053155921875 0.6769233796874999 0.5128253015625 0.6897649828125 0.5128253015625 0.6897649828125 0.5053155921875
0 0.643602796875 0.5336121781250001 0.6519160453125 0.5336121781250001 0.6519160453125 0.5208757109375 0.643602796875 0.5208757109375 0.643602796875 0.5336121781250001
0 0.649577415625 0.5374749859375 0.65710179375 0.5374749859375 0.65710179375 0.5225729046875001 0.649577415625 0.5225729046875001 0.649577415625 0.5374749859375
0 0.626886534375 0.49963637343749995 0.6324624937500001 0.49963637343749995 0.6324624937500001 0.48960340156250004 0.626886534375 0.48960340156250004 0.626886534375 0.49963637343749995
0 0.5947623609375 0.5860927 0.598690878125 0.5860927 0.598690878125 0.5673935218749999 0.5947623609375 0.5673935218749999 0.5947623609375 0.5860927
0 0.572331796875 0.5488445390625001 0.5664179015624999 0.5488445390625001 0.5664179015624999 0.5726503187499999 0.572331796875 0.5726503187499999 0.572331796875 0.5488445390625001
0 0.5071821171875001 0.5219492171875 0.5025882875 0.5219492171875 0.5025882875 0.541568334375 0.5071821171875001 0.541568334375 0.5071821171875001 0.5219492171875
0 0.448679671875 0.55563070625 0.44438945781249994 0.55563070625 0.44438945781249994 0.568655359375 0.448679671875 0.568655359375 0.448679671875 0.55563070625
0 0.4525738671875 0.4768960921875 0.447293603125 0.4768960921875 0.447293603125 0.49156349375 0.4525738671875 0.49156349375 0.4525738671875 0.4768960921875
0 0.3455979734375 0.4596435609375 0.3421328 0.4596435609375 0.3421328 0.473137571875 0.3455979734375 0.473137571875 0.3455979734375 0.4596435609375
0 0.32026770937500004 0.414224375 0.30664462656249997 0.414224375 0.30664462656249997 0.4238931265625 0.32026770937500004 0.4238931265625 0.32026770937500004 0.414224375
0 0.338556940625 0.4201393234375 0.3439898859375 0.4201393234375 0.3439898859375 0.41097291093750005 0.338556940625 0.41097291093750005 0.338556940625 0.4201393234375
0 0.4145905890625 0.4148034640625 0.4073925328125 0.4148034640625 0.4073925328125 0.42381511562499996 0.4145905890625 0.42381511562499996 0.4145905890625 0.4148034640625
0 0.42158588437500005 0.4181077359375 0.42864876562500004 0.4181077359375 0.42864876562500004 0.412340278125 0.42158588437500005 0.412340278125 0.42158588437500005 0.4181077359375
0 0.474857946875 0.4085201828125 0.47971579062499997 0.4085201828125 0.47971579062499997 0.391923725 0.474857946875 0.391923725 0.474857946875 0.4085201828125
0 0.6226103515625 0.41355260625 0.618650153125 0.41355260625 0.618650153125 0.422188771875 0.6226103515625 0.422188771875 0.6226103515625 0.41355260625
0 0.42972711406249997 0.15242920937499999 0.4320975390625 0.15242920937499999 0.4320975390625 0.145662059375 0.42972711406249997 0.145662059375 0.42972711406249997 0.15242920937499999
