0 0.0204242953125 0.0870096375 0.14293775625 0.0870096375 0.14293775625 0.0368579296875 0.0204242953125 0.0368579296875 0.0204242953125 0.0870096375
0 0.401954671875 0.3234831265625 0.4034759640625 0.3234831265625 0.4034759640625 0.31987709999999997 0.401954671875 0.31987709999999997 0.401954671875 0.3234831265625
0 0.4129020203125 0.3306905515625 0.41452473124999994 0.3306905515625 0.41452473124999994 0.3266518015625 0.4129020203125 0.3266518015625 0.4129020203125 0.3306905515625
0 0.4220973859375 0.3228053734375 0.42480190625 0.3228053734375 0.42480190625 0.3195359109375 0.4220973859375 0.3195359109375 0.4220973859375 0.3228053734375
0 0.42566735156249996 0.32415162343750004 0.4280473296875 0.32415162343750004 0.4280473296875 0.3201128734375 0.42566735156249996 0.3201128734375 0.42566735156249996 0.32415162343750004
0 0.43410545312500004 0.2593393171875 0.43659361093750004 0.2593393171875 0.43659361093750004 0.2531850328125 0.43410545312500004 0.2531850328125 0.43410545312500004 0.2593393171875
0 0.4509816546875 0.2864566328125 0.45336163125000006 0.2864566328125 0.45336163125000006 0.282033240625 0.4509816546875 0.282033240625 0.4509816546875 0.2864566328125
0 0.423936459375 0.2751096703125 0.42577553281249997 0.2751096703125 0.42577553281249997 0.27087859999999997 0.423936459375 0.27087859999999997 0.423936459375 0.2751096703125
0 0.4184192390625 0.2862643109375 0.42134012031249996 0.2862643109375 0.42134012031249996 0.2808793125 0.4184192390625 0.2808793125 0.4184192390625 0.2862643109375
0 0.4090075125 0.2854950265625 0.411171128125 0.2854950265625 0.411171128125 0.2814562765625 0.4090075125 0.2814562765625 0.4090075125 0.2854950265625
0 0.3291552078125 0.2809673546875 0.331643365625 0.2809673546875 0.331643365625 0.2725052140625 0.3291552078125 0.2725052140625 0.3291552078125 0.2809673546875
0 0.3430023484375 0.2869293171875 0.344625059375 0.2869293171875 0.344625059375 0.2834675328125 0.3430023484375 0.2834675328125 0.3430023484375 0.2869293171875
0 0.34527414375 0.2844291390625 0.34689685625 0.2844291390625 0.34689685625 0.2811596765625 0.34527414375 0.2811596765625 0.34527414375 0.2844291390625
0 0.3630157921875 0.26462003749999996 0.3650712265625 0.26462003749999996 0.3650712265625 0.258465753125 0.3630157921875 0.258465753125 0.3630157921875 0.26462003749999996
0 0.3702639046875 0.254811646875 0.37231933906250003 0.254811646875 0.37231933906250003 0.2511575390625 0.3702639046875 0.2511575390625 0.3702639046875 0.254811646875
0 0.37383387031250004 0.25692718124999997 0.37599748593750004 0.25692718124999997 0.37599748593750004 0.25327307499999996 0.37383387031250004 0.25327307499999996 0.37383387031250004 0.25692718124999997
0 0.3568494875 0.241156828125 0.3584722 0.241156828125 0.3584722 0.2373104 0.3568494875 0.2373104 0.3568494875 0.241156828125
0 0.35414496875 0.2553886109375 0.3556594984375 0.2553886109375 0.3556594984375 0.25096521875 0.35414496875 0.25096521875 0.35414496875 0.2553886109375
0 0.35977036875 0.254427003125 0.3621503453125 0.254427003125 0.3621503453125 0.250772896875 0.35977036875 0.250772896875 0.35977036875 0.254427003125
0 0.4014798640625 0.262018828125 0.40321075625 0.262018828125 0.40321075625 0.25663383125 0.4014798640625 0.25663383125 0.4014798640625 0.262018828125
0 0.3997489703125 0.2637112578125 0.40122022968750004 0.2637112578125 0.40122022968750004 0.2587878296875 0.3997489703125 0.2587878296875 0.3997489703125 0.2637112578125
0 0.398883525 0.2978675359375 0.40070096250000004 0.2978675359375 0.40070096250000004 0.29371339218750003 0.398883525 0.29371339218750003 0.398883525 0.2978675359375
0 0.4045954703125 0.2901746796875 0.40139331875 0.2901746796875 0.40139331875 0.29602125 0.4045954703125 0.29602125 0.4045954703125 0.2901746796875
0 0.3996624265625 0.277558396875 0.40442238125 0.277558396875 0.40442238125 0.27155796875 0.3996624265625 0.27155796875 0.3996624265625 0.277558396875
0 0.4096150578125 0.2800201109375 0.41117286093749994 0.2800201109375 0.41117286093749994 0.2760198265625 0.4096150578125 0.2760198265625 0.4096150578125 0.2800201109375
0 0.4347129984375 0.2760198265625 0.4366169796875 0.2760198265625 0.4366169796875 0.2721733984375 0.4347129984375 0.2721733984375 0.4347129984375 0.2760198265625
0 0.31492400468750004 0.2323251453125 0.31708762031250004 0.2323251453125 0.31708762031250004 0.22343028125000003 0.31492400468750004 0.22343028125000003 0.31492400468750004 0.2323251453125
0 0.2962628203125 0.24819165937499998 0.298291209375 0.24819165937499998 0.298291209375 0.24266241875 0.2962628203125 0.24266241875 0.2962628203125 0.24819165937499998
0 0.30762180156249996 0.2515572828125 0.309379740625 0.2515572828125 0.309379740625 0.2467492484375 0.30762180156249996 0.2467492484375 0.30762180156249996 0.2515572828125
0 0.33980558437499997 0.2491532671875 0.34129306875 0.2491532671875 0.34129306875 0.2424220171875 0.33980558437499997 0.2424220171875 0.33980558437499997 0.2491532671875
0 0.34129306875 0.2501148734375 0.3439975890625 0.2501148734375 0.3439975890625 0.2424220171875 0.34129306875 0.2424220171875 0.34129306875 0.2501148734375
0 0.344631490625 0.24618068750000002 0.34601540625 0.24618068750000002 0.34601540625 0.24049377343749997 0.344631490625 0.24049377343749997 0.344631490625 0.24618068750000002
0 0.3146146078125 0.2536253640625 0.3181151640625 0.2536253640625 0.3181151640625 0.24582665625 0.3146146078125 0.24582665625 0.3146146078125 0.2536253640625
0 0.32236900625 0.241021390625 0.329325809375 0.241021390625 0.329325809375 0.23306513125 0.32236900625 0.23306513125 0.32236900625 0.241021390625
0 0.9060775828125 0.8543318687499999 0.9956512671875 0.8543318687499999 0.9956512671875 0.8012511671875 0.9060775828125 0.8012511671875 0.9060775828125 0.8543318687499999
