0 0.40512036875 0.3421875 0.4453125 0.3421875 0.4453125 0.2932696515625 0.445105475 0.284375 0.40377476874999996 0.284375 0.40512036875 0.3421875
0 0.4476860578125 0.3683674375 0.48938609218749995 0.3683674375 0.48938609218749995 0.3016992421875 0.4476860578125 0.3016992421875 0.4476860578125 0.3683674375
0 0.5198888953124999 0.5065149359375 0.5808945015625 0.5065149359375 0.5808945015625 0.4212896125 0.5198888953124999 0.4212896125 0.5198888953124999 0.5065149359375
0 0.59247784375 0.5037657296875 0.6380389921875 0.5037657296875 0.6380389921875 0.41647850625 0.59247784375 0.41647850625 0.59247784375 0.5037657296875
0 0.6592751203125 0.44740705 0.6936390375 0.44740705 0.6936390375 0.3436246015625 0.6592751203125 0.3436246015625 0.6592751203125 0.44740705
0 0.8882391953125002 0.5608117125 0.9210586671875 0.5608117125 0.9210586671875 0.4852086046875 0.8882391953125002 0.4852086046875 0.8882391953125002 0.5608117125
0 0.3987133359375 0.9303044203124999 0.4052595484375 0.9303044203124999 0.4052595484375 0.8984380109375 0.3987133359375 0.8984380109375 0.3987133359375 0.9303044203124999
0 0.45709486562499996 1 0.45709486562499996 0.98286021875 0.44961347968750004 0.98286021875 0.44961347968750004 1 0.45709486562499996 1
0 0.4665801937499999 1 0.4665801937499999 0.9899944890625001 0.45709486562499996 0.9899944890625001 0.45709486562499996 1 0.4665801937499999 1
0 0.44392572656249996 0.9607755609374999 0.45427943125 0.9607755609374999 0.45427943125 0.9349138296875001 0.44392572656249996 0.9349138296875001 0.44392572656249996 0.9607755609374999
0 0.5461268046875001 0.9325357390625 0.5533075984375 0.9325357390625 0.5533075984375 0.8965671234375 0.5461268046875001 0.8965671234375 0.5461268046875001 0.9325357390625
0 0.5320992046875 0.9393727500000001 0.53994798125 0.9393727500000001 0.53994798125 0.9117274484375001 0.5320992046875 0.9117274484375001 0.5320992046875 0.9393727500000001
0 0.563220434375 1 0.563220434375 0.9633201187499999 0.5565940640625 0.9633201187499999 0.5565940640625 1 0.563220434375 1
0 0.574549390625 0.9853887968749999 0.5827789156250001 0.9853887968749999 0.5827789156250001 0.9648420968749999 0.574549390625 0.9648420968749999 0.574549390625 0.9853887968749999
0 0.598276071875 1 0.598276071875 0.9690275359375 0.5919703328125 0.9690275359375 0.5919703328125 1 0.598276071875 1
0 0.6363242640625 0.9912864609375 0.6441262812499999 0.9912864609375 0.6441262812499999 0.9642713546875001 0.6363242640625 0.9642713546875001 0.6363242640625 0.9912864609375
0 0.6495770046875 0.9937596750000001 0.6538520828125 0.9937596750000001 0.6538520828125 0.9678860515625001 0.6495770046875 0.9678860515625001 0.6495770046875 0.9937596750000001
0 0.6587684218750001 0.9652225906249999 0.6547070984375 0.9652225906249999 0.6547070984375 0.9901449781250001 0.6587684218750001 0.9901449781250001 0.6587684218750001 0.9652225906249999
0 0.6609059609375001 0.9871010218749999 0.6702042546875 0.9871010218749999 0.6702042546875 0.9637006124999999 0.6609059609375001 0.9637006124999999 0.6609059609375001 0.9871010218749999
0 0.7394605140625 0.9886229999999999 0.7456593765624999 0.9886229999999999 0.7456593765624999 0.9581834421875 0.7394605140625 0.9581834421875 0.7394605140625 0.9886229999999999
0 0.7505757171875 0.9566614640625 0.7468350234375001 0.9566614640625 0.7468350234375001 0.9910962140624999 0.7505757171875 0.9910962140624999 0.7505757171875 0.9566614640625
0 0.757415840625 0.9555199828125 0.7514307328125 0.9555199828125 0.7514307328125 0.9928084390624999 0.757415840625 0.9928084390624999 0.757415840625 0.9555199828125
0 0.9292316312499999 0.93276140625 0.9411334484375 0.93276140625 0.9411334484375 0.8951381140624999 0.9292316312499999 0.8951381140624999 0.9292316312499999 0.93276140625
0 0.5630990125 1 0.5630990125 0.98357650625 0.5576957218749999 0.98357650625 0.5576957218749999 1 0.5630990125 1
