0 0.3890625 0.38631779375 0.4089669953125 0.38631779375 0.4089669953125 0.3405891109375 0.3890625 0.3405891109375 0.3890625 0.38631779375
0 0.4053196625 0.3778855546875 0.4173558609375 0.3778855546875 0.4173558609375 0.35875085625 0.4053196625 0.35875085625 0.4053196625 0.3778855546875
0 0.4698774546875 0.409375 0.4698774546875 0.38210167500000003 0.45838835624999996 0.38210167500000003 0.45838835624999996 0.409375 0.4698774546875 0.409375
0 0.576071209375 0.19981791875 0.5875603078125 0.19981791875 0.5875603078125 0.176142784375 0.576071209375 0.176142784375 0.576071209375 0.19981791875
0 0.8961963749999999 0.3359727953125 0.90331596875 0.3359727953125 0.90331596875 0.317084578125 0.8961963749999999 0.317084578125 0.8961963749999999 0.3359727953125
0 0.44397305468750003 0.3771967578125 0.4500422171875 0.3771967578125 0.4500422171875 0.36474298906249997 0.44397305468750003 0.36474298906249997 0.44397305468750003 0.3771967578125
0 0.477561134375 0.3683177078125 0.488765740625 0.3683177078125 0.488765740625 0.3477689890625 0.477561134375 0.3477689890625 0.477561134375 0.3683177078125
0 0.4788449953125 0.404848765625 0.4874818796875 0.404848765625 0.4874818796875 0.3869983625 0.4788449953125 0.3869983625 0.4788449953125 0.404848765625
0 0.0306795484375 0.8403488578125 0.0354658125 0.8403488578125 0.0354658125 0.8174325031249999 0.0306795484375 0.8174325031249999 0.0306795484375 0.8403488578125
0 0 0.7391744156250001 0.0046275421875 0.7391744156250001 0.0046275421875 0.7194794453125001 0 0.7194794453125001 0 0.7391744156250001
0 0.013180365625 0.9837723578125 0.0176770515625 0.9837723578125 0.0176770515625 0.9572432671875 0.013180365625 0.9572432671875 0.013180365625 0.9837723578125
0 0.01803393125 0.9854224921875 0.0228874953125 0.9854224921875 0.0228874953125 0.956735534375 0.01803393125 0.956735534375 0.01803393125 0.9854224921875
0 0.023744006249999998 0.9897382296874999 0.0350214078125 0.9897382296874999 0.0350214078125 0.9821222234375 0.023744006249999998 0.9821222234375 0.023744006249999998 0.9897382296874999
0 0 0.8571290843749999 0.0049913703125 0.8571290843749999 0.0049913703125 0.8480057453125 0 0.8480057453125 0 0.8571290843749999
0 0.0096754171875 0.8965974546875 0.0161438625 0.8965974546875 0.0161438625 0.8896557812499999 0.0096754171875 0.8896557812499999 0.0096754171875 0.8965974546875
0 0 0.8985807890625 0.002314771875 0.8985807890625 0.002314771875 0.8731940999999999 0 0.8731940999999999 0 0.8985807890625
0 0.0028723968749999997 0.8946141187500001 0.008560167187499999 0.8946141187500001 0.008560167187499999 0.8694257640625 0.0028723968749999997 0.8694257640625 0.0028723968749999997 0.8946141187500001
0 0.04960870625 0.65957701875 0.053206054687500004 0.65957701875 0.053206054687500004 0.640486228125 0.04960870625 0.640486228125 0.04960870625 0.65957701875
0 0.069419565625 0.5969906 0.0726939515625 0.5969906 0.0726939515625 0.58404460625 0.069419565625 0.58404460625 0.069419565625 0.5969906
0 0.06946581874999999 0.5695149203125001 0.0728918640625 0.5695149203125001 0.0728918640625 0.5532674375 0.06946581874999999 0.5532674375 0.06946581874999999 0.5695149203125001
0 0.0626137265625 0.5720535890624999 0.066468028125 0.5720535890624999 0.066468028125 0.5572023749999999 0.0626137265625 0.5572023749999999 0.0626137265625 0.5720535890624999
