0 0.0001682046875 0.8762600624999999 0.0077833296875 0.8762600624999999 0.0077833296875 0.86374766875 0.0001682046875 0.86374766875 0.0001682046875 0.8762600624999999
0 0.050234406249999995 0.7477420125 0.038004053125 0.7477420125 0.038004053125 0.761074890625 0.050234406249999995 0.761074890625 0.050234406249999995 0.7477420125
0 0.035714918750000005 0.70445390625 0.0439357921875 0.70445390625 0.0439357921875 0.682146975 0.035714918750000005 0.682146975 0.035714918750000005 0.70445390625
0 0.2216332875 0.8425476828124999 0.22826767656250002 0.8425476828124999 0.22826767656250002 0.8271635921874999 0.2216332875 0.8271635921874999 0.2216332875 0.8425476828124999
0 0.2004320875 0.8274199937500001 0.21153747812499998 0.8274199937500001 0.21153747812499998 0.8069078734374999 0.2004320875 0.8069078734374999 0.2004320875 0.8274199937500001
0 0.1985571515625 0.7956262078125 0.2224986421875 0.7956262078125 0.2224986421875 0.7728064734375 0.1985571515625 0.7728064734375 0.1985571515625 0.7956262078125
0 0.322563540625 0.9080289359375 0.337678409375 0.9080289359375 0.337678409375 0.8784914828125 0.322563540625 0.8784914828125 0.322563540625 0.9080289359375
0 0.49085765156249994 0.8668518875 0.5050725515625001 0.8668518875 0.5050725515625001 0.8478166390625 0.49085765156249994 0.8478166390625 0.49085765156249994 0.8668518875
0 0.486057815625 0.8514267734375001 0.49981119218750003 0.8514267734375001 0.49981119218750003 0.8350170765625 0.486057815625 0.8350170765625 0.486057815625 0.8514267734375001
0 0.4449721984375 0.8016346265625 0.4579525234375 0.8016346265625 0.4579525234375 0.7795840968750001 0.4449721984375 0.7795840968750001 0.4449721984375 0.8016346265625
0 0.557001428125 0.8258088015625 0.564616553125 0.8258088015625 0.564616553125 0.8130912875 0.557001428125 0.8130912875 0.557001428125 0.8258088015625
0 0.54462685 0.7777924921875 0.550540109375 0.7777924921875 0.550540109375 0.7608699921875 0.54462685 0.7608699921875 0.54462685 0.7777924921875
0 0.47134378125 0.7369270984375 0.47747337968750003 0.7369270984375 0.47747337968750003 0.72538903125 0.47134378125 0.72538903125 0.47134378125 0.7369270984375
0 0.46323107812500003 0.742055128125 0.46918039375 0.742055128125 0.46918039375 0.7186584921875 0.46323107812500003 0.7186584921875 0.46323107812500003 0.742055128125
0 0.2903568921875 0.72241168125 0.3007794625 0.72241168125 0.3007794625 0.7008779609375 0.2903568921875 0.7008779609375 0.2903568921875 0.72241168125
0 0.64231328125 0.8091897781249999 0.650245703125 0.8091897781249999 0.650245703125 0.7957286984375 0.64231328125 0.7957286984375 0.64231328125 0.8091897781249999
0 0.7557231343749999 0.9476568015625 0.7587518765625 0.9476568015625 0.7587518765625 0.9397083546875 0.7557231343749999 0.9397083546875 0.7557231343749999 0.9476568015625
0 0.7736786890625 0.7703721859375 0.7818995625 0.7703721859375 0.7818995625 0.754218890625 0.7736786890625 0.754218890625 0.7736786890625 0.7703721859375
0 0.787780709375 0.723713721875 0.7945412953125001 0.723713721875 0.7945412953125001 0.7116949015625 0.787780709375 0.7116949015625 0.787780709375 0.723713721875
0 0.9405699671875001 0.753360146875 0.9484573171875 0.753360146875 0.9484573171875 0.739738815625 0.9405699671875001 0.739738815625 0.9405699671875001 0.753360146875
0 0.8610226515624999 0.7981178828125 0.8721280406249999 0.7981178828125 0.8721280406249999 0.7840158015625 0.8610226515624999 0.7840158015625 0.8610226515624999 0.7981178828125
0 0.0474430140625 0.6353318484375 0.0600195078125 0.6353318484375 0.0600195078125 0.6168709390625 0.0474430140625 0.6168709390625 0.0474430140625 0.6353318484375
0 0.0935952859375 0.5873334859375 0.098902796875 0.5873334859375 0.098902796875 0.564770153125 0.0935952859375 0.564770153125 0.0935952859375 0.5873334859375
0 0.22763544218749998 0.651958440625 0.233450628125 0.651958440625 0.233450628125 0.6284925734375 0.22763544218749998 0.6284925734375 0.22763544218749998 0.651958440625
0 0.24268108281249998 0.628328478125 0.23428136875 0.628328478125 0.23428136875 0.6442458828125 0.24268108281249998 0.6442458828125 0.24268108281249998 0.628328478125
0 0.244250259375 0.629641253125 0.2555114140625 0.629641253125 0.2555114140625 0.6155289140625 0.244250259375 0.6155289140625 0.244250259375 0.629641253125
0 0.1941952375 0.6087060703125 0.2001950328125 0.6087060703125 0.2001950328125 0.589670821875 0.1941952375 0.589670821875 0.1941952375 0.6087060703125
0 0.2045333453125 0.5875375625 0.1981643328125 0.5875375625 0.1981643328125 0.6085419734374999 0.2045333453125 0.6085419734374999 0.2045333453125 0.5875375625
0 0.1995434203125 0.579210871875 0.20493400468749998 0.579210871875 0.20493400468749998 0.558994125 0.1995434203125 0.558994125 0.1995434203125 0.579210871875
0 0.1961650734375 0.5747379984375 0.2018879546875 0.5747379984375 0.2018879546875 0.554882265625 0.1961650734375 0.554882265625 0.1961650734375 0.5747379984375
0 0.1741319609375 0.53271539375 0.178654884375 0.53271539375 0.178654884375 0.5133519515625 0.1741319609375 0.5133519515625 0.1741319609375 0.53271539375
0 0.2048693734375 0.514992921875 0.19923879687499998 0.514992921875 0.19923879687499998 0.5348486546875 0.2048693734375 0.5348486546875 0.2048693734375 0.514992921875
0 0.21317678281250002 0.510890496875 0.2180689234375 0.510890496875 0.2180689234375 0.49907551562499997 0.21317678281250002 0.49907551562499997 0.21317678281250002 0.510890496875
0 0.2981895265625 0.6717088312499999 0.30409701718750004 0.6717088312499999 0.30409701718750004 0.6579246859375 0.2981895265625 0.6579246859375 0.2981895265625 0.6717088312499999
0 0.30649693437500003 0.6579246859375 0.302158621875 0.6579246859375 0.302158621875 0.6651449515625 0.30649693437500003 0.6651449515625 0.30649693437500003 0.6579246859375
0 0.38910265 0.642058303125 0.38033371875 0.642058303125 0.38033371875 0.6672882125 0.38910265 0.6672882125 0.38910265 0.642058303125
0 0.47622475781249995 0.6453512109374999 0.4712633890625 0.6453512109374999 0.4712633890625 0.665042846875 0.47622475781249995 0.665042846875 0.47622475781249995 0.6453512109374999
0 0.472590515625 0.5221059171875 0.468972178125 0.5221059171875 0.468972178125 0.5344460078125 0.472590515625 0.5344460078125 0.472590515625 0.5221059171875
0 0.48854074062499997 0.506090053125 0.4843316546875 0.506090053125 0.4843316546875 0.52407508125 0.48854074062499997 0.52407508125 0.48854074062499997 0.506090053125
0 0.4433990234375 0.3226600359375 0.44072219218750003 0.3226600359375 0.44072219218750003 0.3341468234375 0.4433990234375 0.3341468234375 0.4433990234375 0.3226600359375
0 0.416838390625 0.3534186015625 0.41443847343750007 0.3534186015625 0.41443847343750007 0.3662181640625 0.416838390625 0.3662181640625 0.416838390625 0.3534186015625
0 0.48820912656250004 0.3243483875 0.4848123203125 0.3243483875 0.4848123203125 0.3365572015625 0.48820912656250004 0.3365572015625 0.48820912656250004 0.3243483875
0 0.4808986078125 0.337607421875 0.48414772656249994 0.337607421875 0.48414772656249994 0.326448828125 0.4808986078125 0.326448828125 0.4808986078125 0.337607421875
0 0.5060391109375 0.385283384375 0.5036761140625 0.385283384375 0.5036761140625 0.3989362515625 0.5060391109375 0.3989362515625 0.5060391109375 0.385283384375
0 0.50875655625 0.383498009375 0.5059209609375 0.383498009375 0.5059209609375 0.39610065625 0.50875655625 0.39610065625 0.50875655625 0.383498009375
0 0.510706028125 0.3857034734375 0.50875655625 0.3857034734375 0.50875655625 0.3966257671875 0.510706028125 0.3966257671875 0.510706028125 0.3857034734375
0 0.628775559375 0.5194557015625 0.6257627390625 0.5194557015625 0.6257627390625 0.5361542078125 0.628775559375 0.5361542078125 0.628775559375 0.5194557015625
0 0.6330637984374999 0.51730996875 0.6267132453125 0.51730996875 0.6267132453125 0.5272870640625 0.6330637984374999 0.5272870640625 0.6330637984374999 0.51730996875
0 0.654878246875 0.5330376375 0.6480846312499999 0.5330376375 0.6480846312499999 0.5477407265625 0.654878246875 0.5477407265625 0.654878246875 0.5330376375
0 0.6488767203125 0.5080911046875001 0.6445384062499999 0.5080911046875001 0.6445384062499999 0.527454546875 0.6488767203125 0.527454546875 0.6488767203125 0.5080911046875001
0 0.6647514796875 0.5139058734375 0.6575401859375 0.5139058734375 0.6575401859375 0.5331359875 0.6647514796875 0.5331359875 0.6647514796875 0.5139058734375
0 0.635025771875 0.4836016140625 0.6306413046875 0.4836016140625 0.6306413046875 0.5051393421875 0.635025771875 0.5051393421875 0.635025771875 0.4836016140625
0 0.68324616875 0.4348506484375 0.677592515625 0.4348506484375 0.677592515625 0.45290131406249995 0.68324616875 0.45290131406249995 0.68324616875 0.4348506484375
0 0.6710158171875 0.42131264843749994 0.666400590625 0.42131264843749994 0.666400590625 0.4334148015625 0.6710158171875 0.4334148015625 0.6710158171875 0.42131264843749994
0 0.776008859375 0.5077591671875 0.780393325 0.5077591671875 0.780393325 0.4886828953125 0.776008859375 0.4886828953125 0.776008859375 0.5077591671875
0 0.873034978125 0.461361084375 0.876948690625 0.461361084375 0.876948690625 0.4452139421875 0.873034978125 0.4452139421875 0.873034978125 0.461361084375
0 0.783353809375 0.4710331046875 0.7907736171875 0.4710331046875 0.7907736171875 0.4591866171875 0.783353809375 0.4591866171875 0.783353809375 0.4710331046875
0 0.747312928125 0.45098491718749995 0.7510789531250001 0.45098491718749995 0.7510789531250001 0.4411391 0.747312928125 0.4411391 0.747312928125 0.45098491718749995
0 0.73313495 0.4927311859375 0.727670521875 0.4927311859375 0.727670521875 0.5016580609375 0.73313495 0.5016580609375 0.73313495 0.4927311859375
0 0.9716288046875 0.5287485765625 0.9676412484375 0.5287485765625 0.9676412484375 0.537806728125 0.9716288046875 0.537806728125 0.9716288046875 0.5287485765625
0 0.961438384375 0.537806728125 0.9676412484375 0.537806728125 0.9676412484375 0.5254666375 0.961438384375 0.5254666375 0.961438384375 0.537806728125
0 0.5164488140625 0.3912528515625 0.5184148265624999 0.3912528515625 0.5184148265624999 0.38527079531249997 0.5164488140625 0.38527079531249997 0.5164488140625 0.3912528515625
0 0.521099190625 0.3838592984375 0.5190197546875 0.3838592984375 0.5190197546875 0.389505284375 0.521099190625 0.389505284375 0.521099190625 0.3838592984375
0 0.0709389984375 0.2232834671875 0.07377459374999999 0.2232834671875 0.07377459374999999 0.21750725312500002 0.0709389984375 0.21750725312500002 0.0709389984375 0.2232834671875
0 0.0936828375 0.21120592968750002 0.09781808125 0.21120592968750002 0.09781808125 0.206164871875 0.0936828375 0.206164871875 0.0936828375 0.21120592968750002
