0 0.5285824734375 0.920915965625 0.5451838765625 0.920915965625 0.5451838765625 0.85652264375 0.5285824734375 0.85652264375 0.5285824734375 0.920915965625
0 0.529026784375 1 0.529026784375 0.9686393296875 0.49935434375 0.9686393296875 0.49935434375 1 0.529026784375 1
0 0.6826518187499999 0.677183678125 0.6848333125 0.677183678125 0.6848333125 0.66710033125 0.6826518187499999 0.66710033125 0.6826518187499999 0.677183678125
0 0.71764296875 0.6638426359375 0.737799965625 0.6638426359375 0.737799965625 0.648950309375 0.71764296875 0.648950309375 0.71764296875 0.6638426359375
0 0.7132799828125 0.677183678125 0.7163340734375 0.677183678125 0.7163340734375 0.6680311031249999 0.7132799828125 0.6680311031249999 0.7132799828125 0.677183678125
0 0.7279396171875 0.6854054828125 0.73064466875 0.6854054828125 0.73064466875 0.674856753125 0.7279396171875 0.674856753125 0.7279396171875 0.6854054828125
0 0.72436196875 0.6805965031250001 0.7279396171875 0.6805965031250001 0.7279396171875 0.67392598125 0.72436196875 0.67392598125 0.72436196875 0.6805965031250001
0 0.7276778375 0.674856753125 0.7295975515625 0.674856753125 0.7295975515625 0.6688067453125 0.7276778375 0.6688067453125 0.7276778375 0.674856753125
0 0.73064466875 0.6767182937499999 0.73300068125 0.6767182937499999 0.73300068125 0.6692721296874999 0.73064466875 0.6692721296874999 0.73064466875 0.6767182937499999
0 0.9899758999999999 0.6864891249999999 0.9916120203125001 0.6864891249999999 0.9916120203125001 0.6804294203125 0.9899758999999999 0.6804294203125 0.9899758999999999 0.6864891249999999
0 0.9936571703125001 0.6864891249999999 0.99611135 0.6864891249999999 0.99611135 0.6811565859375 0.9936571703125001 0.6811565859375 0.9936571703125001 0.6864891249999999
0 0.8259548859375 0.7987148265624999 0.8376804109375 0.7987148265624999 0.8376804109375 0.7785966109375 0.8259548859375 0.7785966109375 0.8259548859375 0.7987148265624999
0 0.7398958359375 0.7214049265625 0.7543068421875 0.7214049265625 0.7543068421875 0.7122042468750001 0.7398958359375 0.7122042468750001 0.7398958359375 0.7214049265625
0 0.9232724671874999 0.7119295937500001 0.938019359375 0.7119295937500001 0.938019359375 0.6984334234375 0.9232724671874999 0.6984334234375 0.9232724671874999 0.7119295937500001
0 0.7097880078125 0.676432765625 0.71223128125 0.676432765625 0.71223128125 0.66687685625 0.7097880078125 0.66687685625 0.7097880078125 0.676432765625
0 0.7032260765625 0.6786666140625 0.7060183875 0.6786666140625 0.7060183875 0.6709722453125 0.7032260765625 0.6709722453125 0.7032260765625 0.6786666140625
0 0.709299353125 0.6656358296875 0.712161471875 0.6656358296875 0.712161471875 0.6569486390625 0.709299353125 0.6569486390625 0.709299353125 0.6656358296875
