0 0.0038772390625 0.2117829921875 0.0033737999999999997 0.240625 0.0109375 0.240625 0.0109375 0.2117829921875 0.0038772390625 0.2117829921875
0 0.028125 0.24050550624999997 0.020560532812499997 0.24046149687499999 0.0203125 0.254671284375 0.0203125 0.290625 0.027752575 0.290625 0.028125 0.26928874999999997 0.028125 0.24050550624999997
0 0.029012510937500003 0.22089057968749998 0.029012510937500003 0.2640625 0.0359375 0.2640625 0.0359375 0.22101145625 0.029012510937500003 0.22089057968749998
0 0.0215717078125 0.221379821875 0.02083283125 0.253125 0.025 0.253125 0.025 0.22131998125000002 0.0215717078125 0.221379821875
0 0.0154859921875 0.214621009375 0.0157158515625 0.234375 0.0203125 0.234375 0.0203125 0.2145648484375 0.0154859921875 0.214621009375
0 0.0481300234375 0.2120779078125 0.0482870140625 0.2390625 0.053125 0.2390625 0.053125 0.2122232453125 0.0481300234375 0.2120779078125
0 0.053303109375000005 0.2125 0.053303109375000005 0.2296875 0.05625 0.2296875 0.05625 0.2125 0.053303109375000005 0.2125
0 0.05812434062500001 0.20361437656249998 0.057820953125 0.2296875 0.0640625 0.2296875 0.0640625 0.2035798296875 0.05812434062500001 0.20361437656249998
0 0.0714131328125 0.202114640625 0.07116502031250001 0.2234375 0.075 0.2234375 0.075 0.20217725 0.0714131328125 0.202114640625
0 0.078125 0.2265625 0.078125 0.20174710624999997 0.07521518906249999 0.2018148328125 0.075 0.2203080953125 0.075 0.2265625 0.078125 0.2265625
0 0.08224198125 0.20325464843750002 0.08173585312500001 0.225 0.085502925 0.225 0.0859375 0.2063288453125 0.0859375 0.2033621765625 0.08224198125 0.20325464843750002
0 0.0853837859375 0.22634085937499998 0.090625 0.2264933625 0.090625 0.203539696875 0.0853837859375 0.20338719374999997 0.0853837859375 0.22634085937499998
0 0.091900215625 0.1960462875 0.091900215625 0.2171875 0.09375 0.2171875 0.09375 0.1960032328125 0.091900215625 0.1960462875
0 0.0942663015625 0.1983112984375 0.0940466578125 0.2171875 0.0984375 0.2171875 0.0984375 0.19840838593750001 0.0942663015625 0.1983112984375
0 0.11386879375 0.1987301734375 0.11413810937499999 0.221875 0.115625 0.221875 0.115625 0.1987301734375 0.11386879375 0.1987301734375
0 0.11888427500000001 0.20628480468750002 0.1191291296875 0.2203125 0.1203125 0.2203125 0.1203125 0.2062931140625 0.11888427500000001 0.20628480468750002
0 0.117017996875 0.19827215 0.117292640625 0.221875 0.11875 0.221875 0.11875 0.1982822265625 0.117017996875 0.19827215
0 0.1359375 0.201732359375 0.1317912375 0.20182886406249997 0.13125 0.220429975 0.13125 0.225 0.135416421875 0.225 0.1359375 0.2070917046875 0.1359375 0.201732359375
0 0.13869022656250002 0.19906681875 0.13869022656250002 0.2203125 0.1421875 0.2203125 0.1421875 0.19898541875 0.13869022656250002 0.19906681875
0 0.14287783125 0.20149829531250002 0.1432335078125 0.221875 0.146875 0.221875 0.146875 0.20140525937499998 0.14287783125 0.20149829531250002
0 0.11967732187499999 0.2202978171875 0.11913159375 0.2515625 0.125 0.2515625 0.125 0.22020490937499998 0.11967732187499999 0.2202978171875
0 0.125655965625 0.2205761265625 0.12516964218749999 0.2484375 0.128125 0.2484375 0.128125 0.22056176249999998 0.125655965625 0.2205761265625
0 0.13854430625 0.22521651875 0.13834683125 0.2421875 0.14375 0.2421875 0.14375 0.22521651875 0.13854430625 0.22521651875
0 0.1484795578125 0.2321932109375 0.149294059375 0.2671875 0.1515625 0.2671875 0.1515625 0.2322290828125 0.1484795578125 0.2321932109375
0 0.152635821875 0.23156016250000003 0.15303220312500002 0.265625 0.15625 0.265625 0.15625 0.2315811890625 0.152635821875 0.23156016250000003
0 0.1599313703125 0.2525152640625 0.1625 0.2525601 0.1625 0.21329579375000002 0.1592458 0.21323899218750003 0.1599313703125 0.2525152640625
0 0.164671028125 0.21919052031250003 0.164491784375 0.25 0.16875 0.25 0.16875 0.219237984375 0.164671028125 0.21919052031250003
0 0.17093719999999998 0.18072253124999998 0.171313153125 0.196875 0.1734375 0.196875 0.1734375 0.1807661734375 0.17093719999999998 0.18072253124999998
0 0.168267084375 0.18338960625 0.16819771875 0.1953125 0.1703125 0.1953125 0.1703125 0.1834372140625 0.168267084375 0.18338960625
0 0.16416435625 0.1897391671875 0.1645486515625 0.20625 0.1671875 0.20625 0.1671875 0.1897919359375 0.16416435625 0.1897391671875
0 0.1640625 0.1921875 0.1640625 0.18000579375 0.162759521875 0.1800285375 0.1625 0.19117868124999998 0.1625 0.1921875 0.1640625 0.1921875
0 0.165021621875 0.2060116234375 0.1649097609375 0.215625 0.1671875 0.215625 0.1671875 0.206062034375 0.165021621875 0.2060116234375
0 0.1772514 0.2169459984375 0.1774360234375 0.2328125 0.18087833749999999 0.2328125 0.1806932484375 0.2169059484375 0.1772514 0.2169459984375
0 0.18267678437499998 0.221875 0.1825313375 0.246875 0.1859375 0.246875 0.1859375 0.221875 0.18267678437499998 0.221875
0 0.182354709375 0.2217783296875 0.1859375 0.22182002031249998 0.1859375 0.20855431093750001 0.1826633875 0.20851621250000002 0.182354709375 0.2217783296875
0 0.1859375 0.18956384531249998 0.18125 0.189591115625 0.18125 0.1967232484375 0.1814353703125 0.2046875 0.1859375 0.2046875 0.1859375 0.18956384531249998
0 0.1869516640625 0.19319670625000002 0.18726133125 0.2109375 0.1890625 0.2109375 0.1890625 0.19315986093749998 0.1869516640625 0.19319670625000002
0 0.1899419484375 0.19317206874999998 0.1896978125 0.2015625 0.1921875 0.2015625 0.1921875 0.1931067296875 0.1899419484375 0.19317206874999998
0 0.19353989062500002 0.20540039375000002 0.1939092765625 0.2265625 0.196875 0.2265625 0.196875 0.2054392015625 0.19353989062500002 0.20540039375000002
0 0.1883442109375 0.2066152140625 0.1883442109375 0.2296875 0.1921875 0.2296875 0.1921875 0.2067270421875 0.1883442109375 0.2066152140625
0 0.1904557328125 0.2299881609375 0.1906721515625 0.2671875 0.196875 0.2671875 0.196875 0.2298761125 0.1904557328125 0.2299881609375
0 0.1972579609375 0.224082415625 0.19801036249999998 0.2671875 0.2015625 0.2671875 0.2015625 0.2240323265625 0.1972579609375 0.224082415625
0 0.1964724203125 0.1896680703125 0.1963850390625 0.2046875 0.2 0.2046875 0.2 0.189750175 0.1964724203125 0.1896680703125
0 0.20351675 0.1816176109375 0.20356915312499999 0.190625 0.20625 0.190625 0.20625 0.18158580625 0.20351675 0.1816176109375
0 0.208854175 0.19535525 0.2087635203125 0.2109375 0.2125 0.2109375 0.2125 0.19535525 0.208854175 0.19535525
0 0.2094214328125 0.2235159546875 0.20865953906249998 0.25625 0.2140625 0.25625 0.2140625 0.22362397656250002 0.2094214328125 0.2235159546875
0 0.221247990625 0.23887001562500002 0.22216166093749998 0.278125 0.2265625 0.278125 0.2265625 0.23871537968749998 0.221247990625 0.23887001562500002
0 0.21990519062499997 0.2215688203125 0.2196271109375 0.2375 0.225 0.2375 0.225 0.22159846249999998 0.21990519062499997 0.2215688203125
0 0.21875 0.25039134375 0.21875 0.23478978593750002 0.21588654531249998 0.23483976874999998 0.215625 0.24607681406249998 0.215625 0.2609375 0.2177956 0.2609375 0.2185048234375 0.2609251203125 0.21875 0.25039134375
0 0.24375 0.2005376203125 0.239413315625 0.2004114359375 0.2390625 0.21548389218750003 0.2390625 0.2296875 0.2432165140625 0.2296875 0.24375 0.20676678750000002 0.24375 0.2005376203125
0 0.225623496875 0.1928395265625 0.22633195 0.2171875 0.228125 0.2171875 0.228125 0.1928249734375 0.225623496875 0.1928395265625
0 0.2578125 0.23201986406250003 0.25198954375 0.23195210624999998 0.2515625 0.25029963906249997 0.2515625 0.2609375 0.2575908015625 0.2609375 0.2578125 0.25141244375 0.2578125 0.23201986406250003
0 0.2571528453125 0.21875 0.2577255890625 0.2515625 0.2625 0.2515625 0.2625 0.21875 0.2571528453125 0.21875
0 0.2546875 0.21242528906249997 0.254260059375 0.1940607109375 0.249240696875 0.1941191171875 0.24974125156250002 0.215625 0.2546875 0.215625 0.2546875 0.21242528906249997
0 0.259375 0.18705949375 0.25530515 0.1871542203125 0.2546875 0.20838144375 0.2546875 0.2140625 0.259000734375 0.2140625 0.259375 0.20119985312500002 0.259375 0.18705949375
0 0.2578306 0.1870518984375 0.2574564953125 0.203125 0.2609375 0.203125 0.2609375 0.1870338234375 0.2578306 0.1870518984375
0 0.28888976875 0.2123090734375 0.2886977609375 0.2453125 0.2921875 0.2453125 0.2921875 0.2123090734375 0.28888976875 0.2123090734375
0 0.29845180312499997 0.2136491640625 0.29845180312499997 0.2375 0.303125 0.2375 0.303125 0.2136491640625 0.29845180312499997 0.2136491640625
0 0.30625 0.2185897890625 0.30625 0.2453125 0.310806884375 0.2453125 0.3109375 0.2408235125 0.3109375 0.21850796875 0.30625 0.2185897890625
0 0.303125 0.231405765625 0.2953125 0.231496671875 0.2953125 0.23409419531250003 0.296229953125 0.265625 0.303125 0.265625 0.303125 0.231405765625
0 0.23354425625 0.1964732953125 0.234375 0.196478128125 0.234375 0.18342004218750002 0.23354425625 0.183415209375 0.23354425625 0.1964732953125
0 0.237991321875 0.1967705703125 0.2390625 0.19680173750000002 0.2390625 0.1821113921875 0.237991321875 0.182080225 0.237991321875 0.1967705703125
0 0.223968803125 0.1846143296875 0.22407510625 0.19375 0.2265625 0.19375 0.2265625 0.1846746984375 0.223968803125 0.1846143296875
0 0.2278145875 0.1856567109375 0.2276262140625 0.19375 0.2296875 0.19375 0.2296875 0.1856894015625 0.2278145875 0.1856567109375
0 0.20980549375000002 0.1826169015625 0.20980549375000002 0.1921875 0.2109375 0.1921875 0.2109375 0.18261031562500002 0.20980549375000002 0.1826169015625
0 0.2125 0.1887102640625 0.2140625 0.188673896875 0.2140625 0.1836159421875 0.2125 0.1836523109375 0.2125 0.1887102640625
0 0.1787369234375 0.18279643125 0.17865501718750001 0.196875 0.1796875 0.196875 0.1796875 0.1827853703125 0.1787369234375 0.18279643125
0 0.2447147484375 0.17844003749999998 0.244872890625 0.1875 0.246875 0.1875 0.246875 0.17844003749999998 0.2447147484375 0.17844003749999998
0 0.24133699531250002 0.1789347390625 0.24133699531250002 0.1875 0.2421875 0.1875 0.2421875 0.178949584375 0.24133699531250002 0.1789347390625
0 0.2677554171875 0.191405471875 0.2679645109375 0.209375 0.271875 0.209375 0.271875 0.1914534078125 0.2677554171875 0.191405471875
0 0.2646902984375 0.191147971875 0.2646902984375 0.2078125 0.2671875 0.2078125 0.2671875 0.19111891406249998 0.2646902984375 0.191147971875
0 0.2949849140625 0.1889699953125 0.29508544531249997 0.20625 0.296875 0.20625 0.296875 0.18892600312500002 0.2949849140625 0.1889699953125
0 0.283296821875 0.19351801875000002 0.28299276406249996 0.2109375 0.2890625 0.2109375 0.2890625 0.1935515625 0.283296821875 0.19351801875000002
0 0.3366945125 0.2199539203125 0.3361973296875 0.2484375 0.340625 0.2484375 0.340625 0.219908184375 0.3366945125 0.2199539203125
0 0.34273010312499996 0.2214750125 0.343466765625 0.253125 0.35 0.253125 0.35 0.2213058046875 0.34273010312499996 0.2214750125
0 0.3504114484375 0.21437199062499998 0.350222353125 0.246875 0.3546875 0.246875 0.3546875 0.2143471140625 0.3504114484375 0.21437199062499998
0 0.3557540640625 0.21425686093750002 0.355916559375 0.2421875 0.359375 0.2421875 0.359375 0.21436222031250002 0.3557540640625 0.21425686093750002
0 0.3663949796875 0.233668325 0.371875 0.23363644374999998 0.371875 0.20385071250000003 0.3669149453125 0.20387956875 0.3663949796875 0.233668325
0 0.3585199015625 0.1828125 0.358738090625 0.1953125 0.3609375 0.1953125 0.3609375 0.1828125 0.3585199015625 0.1828125
0 0.366416325 0.17881951406250002 0.36666889999999996 0.1875 0.3671875 0.1875 0.3671875 0.178810540625 0.366416325 0.17881951406250002
0 0.316682740625 0.2055676578125 0.316682740625 0.228125 0.31875 0.228125 0.31875 0.20551954218750002 0.316682740625 0.2055676578125
0 0.32360446875000004 0.2265625 0.3265625 0.2265625 0.3265625 0.2110028765625 0.324315671875 0.2109375 0.3237862828125 0.2109375 0.32360446875000004 0.2265625
0 0.328443875 0.2039453859375 0.3281625203125 0.228125 0.33091618437500003 0.228125 0.331197353125 0.20396140625 0.328443875 0.2039453859375
0 0.334375 0.23125 0.334375 0.2056808078125 0.3313927484375 0.2056808078125 0.33125 0.2138588609375 0.33125 0.23125 0.334375 0.23125
0 0.336877496875 0.2046875 0.336877496875 0.21875 0.340625 0.21875 0.340625 0.2046875 0.336877496875 0.2046875
0 0.346875 0.21009976406250003 0.34375 0.21009976406250003 0.34375 0.2203125 0.346875 0.2203125 0.346875 0.21009976406250003
0 0.35625 0.2078986390625 0.3560990640625 0.19925148125 0.351968846875 0.1991793890625 0.35222863125 0.2140625 0.35625 0.2140625 0.35625 0.2078986390625
0 0.346663221875 0.19522661875 0.34677280625 0.2140625 0.35 0.2140625 0.35 0.19520720625000001 0.346663221875 0.19522661875
0 0.353125 0.18052189375 0.3515625 0.1805491671875 0.3515625 0.1875 0.353125 0.1875 0.353125 0.18052189375
0 0.3463498515625 0.1742551078125 0.3464857890625 0.1859375 0.3484375 0.1859375 0.3484375 0.1742186671875 0.3463498515625 0.1742551078125
0 0.3425482703125 0.17628570625 0.3426423984375 0.184375 0.34375 0.184375 0.34375 0.1762647296875 0.3425482703125 0.17628570625
0 0.3389130609375 0.1738783140625 0.338754559375 0.1875 0.340625 0.1875 0.340625 0.17385839375 0.3389130609375 0.1738783140625
0 0.33543989375 0.186747040625 0.3375 0.186783 0.3375 0.177392734375 0.335712984375 0.1773615421875 0.33543989375 0.186747040625
0 0.3777199859375 0.1772172234375 0.377563971875 0.190625 0.3796875 0.190625 0.3796875 0.1772172234375 0.3777199859375 0.1772172234375
0 0.3816966125 0.17587891093750002 0.3818681984375 0.190625 0.384375 0.190625 0.384375 0.1759100765625 0.3816966125 0.17587891093750002
0 0.38817526875 0.1848045234375 0.38796457812499996 0.196875 0.3901680328125 0.196875 0.3903780515625 0.1848429734375 0.38817526875 0.1848045234375
0 0.40625 0.17726922812499998 0.4046875 0.177287409375 0.4046875 0.19375 0.40625 0.19375 0.40625 0.17726922812499998
0 0.38125 0.20706889374999998 0.375 0.20714161875 0.375 0.24375 0.38125 0.24375 0.38125 0.20706889374999998
0 0.39288299375 0.2119973078125 0.39304954531249997 0.240625 0.3953125 0.240625 0.3953125 0.212039715625 0.39288299375 0.2119973078125
0 0.3864270703125 0.20897424999999997 0.3867044546875 0.2328125 0.3890625 0.2328125 0.3890625 0.2090202515625 0.3864270703125 0.20897424999999997
0 0.3820753765625 0.209957359375 0.38264370312499996 0.234375 0.384375 0.234375 0.384375 0.20993060156249999 0.3820753765625 0.209957359375
0 0.3852261859375 0.1984375 0.38535345625 0.209375 0.3875 0.209375 0.3875 0.1984375 0.3852261859375 0.1984375
0 0.3935295640625 0.209375 0.3935295640625 0.2 0.3894911296875 0.2 0.3894911296875 0.209375 0.3935295640625 0.209375
0 0.40912193124999996 0.198545196875 0.409229765625 0.2078125 0.4125 0.2078125 0.4125 0.19852554375 0.40912193124999996 0.198545196875
0 0.413119171875 0.21029818125 0.413119171875 0.2390625 0.4171875 0.2390625 0.4171875 0.2102745125 0.413119171875 0.21029818125
0 0.4178005890625 0.21963754687499998 0.4180993453125 0.2453125 0.4203125 0.2453125 0.4203125 0.21957908124999997 0.4178005890625 0.21963754687499998
0 0.4203125 0.221607840625 0.421875 0.22161693124999998 0.421875 0.2024385171875 0.4203125 0.20242942656250001 0.4203125 0.221607840625
0 0.41619539375 0.1787021203125 0.41637049218750005 0.19375 0.4171875 0.19375 0.4171875 0.178713665625 0.41619539375 0.1787021203125
0 0.419913390625 0.178125 0.4198224875 0.19375 0.421875 0.19375 0.421875 0.178125 0.419913390625 0.178125
0 0.44323644531250006 0.2203125 0.442636428125 0.2546875 0.44986577812500006 0.2546875 0.45 0.24699791875 0.45 0.2203125 0.44323644531250006 0.2203125
0 0.430431121875 0.215329340625 0.4312017234375 0.2484375 0.4359375 0.2484375 0.4359375 0.2154254546875 0.430431121875 0.215329340625
0 0.43483196093750004 0.2026022734375 0.434522828125 0.2203125 0.4388833890625 0.2203125 0.4390625 0.210051209375 0.4390625 0.20265149999999998 0.43483196093750004 0.2026022734375
0 0.4261815109375 0.20859437343749998 0.42575878281249996 0.2328125 0.428125 0.2328125 0.428125 0.2086056796875 0.4261815109375 0.20859437343749998
0 0.422790921875 0.211470109375 0.422942359375 0.2375 0.4265625 0.2375 0.4265625 0.2115578953125 0.422790921875 0.211470109375
0 0.43994649218750004 0.17855776875 0.44006872656249996 0.1890625 0.4421875 0.1890625 0.4421875 0.17854473125 0.43994649218750004 0.17855776875
0 0.443263528125 0.178125 0.443154440625 0.1875 0.44375 0.1875 0.44375 0.178125 0.443263528125 0.178125
0 0.44777507187500004 0.1807097734375 0.44777507187500004 0.190625 0.45 0.190625 0.45 0.180683884375 0.44777507187500004 0.1807097734375
0 0.446875 0.17709833125000002 0.44544105 0.17713170625000002 0.4453125 0.18265473125 0.4453125 0.1890625 0.446768684375 0.1890625 0.446875 0.184494740625 0.446875 0.17709833125000002
0 0.43230916875 0.1780553171875 0.43237320625000003 0.1890625 0.434375 0.1890625 0.434375 0.178007234375 0.43230916875 0.1780553171875
0 0.4270846375 0.17752194062499999 0.4268523953125 0.1875 0.4296875 0.1875 0.4296875 0.1774462046875 0.4270846375 0.17752194062499999
0 0.424152134375 0.1814855078125 0.424152134375 0.1921875 0.425 0.1921875 0.425 0.181490440625 0.424152134375 0.1814855078125
0 0.453125 0.2056387265625 0.448880759375 0.20551523125 0.4491609078125 0.229591075 0.45247480937500006 0.2296875 0.453125 0.2296875 0.453125 0.2056387265625
0 0.494815809375 0.2164759921875 0.494815809375 0.2484375 0.5015625 0.2484375 0.5015625 0.2164759921875 0.494815809375 0.2164759921875
0 0.47790430156249997 0.221875 0.47807701874999997 0.2515625 0.484375 0.2515625 0.484375 0.221875 0.47790430156249997 0.221875
0 0.5059376515625 0.2084613453125 0.50650443125 0.2328125 0.5109375 0.2328125 0.5109375 0.208403165625 0.5059376515625 0.2084613453125
0 0.52064390625 0.2096709078125 0.521544578125 0.240625 0.5265625 0.240625 0.5265625 0.2096709078125 0.52064390625 0.2096709078125
0 0.5265420062499999 0.224218484375 0.5260965609375 0.2625 0.5328125 0.2625 0.5328125 0.22407253749999997 0.5265420062499999 0.224218484375
0 0.5163049671875 0.22019509375 0.5203125 0.22019509375 0.5203125 0.2017046421875 0.5166277203125 0.2017046421875 0.5163049671875 0.22019509375
0 0.511090303125 0.1994284421875 0.5113730140625 0.215625 0.515625 0.215625 0.515625 0.1992964953125 0.511090303125 0.1994284421875
0 0.512158746875 0.18520219375 0.508394225 0.1852240953125 0.5083107625000001 0.1995701359375 0.512075284375 0.199548234375 0.512158746875 0.18520219375
0 0.5046875 0.1875 0.5026848625 0.1875 0.5018911687500001 0.1875184734375 0.502345271875 0.203125 0.5046875 0.203125 0.5046875 0.1875
0 0.537125659375 0.1795686484375 0.5374921015624999 0.1953125 0.5390625 0.1953125 0.5390625 0.1795799171875 0.537125659375 0.1795686484375
0 0.5423866687500001 0.18101955 0.542303515625 0.1953125 0.5453125 0.1953125 0.5453125 0.181002528125 0.5423866687500001 0.18101955
0 0.5514644359374999 0.1952470375 0.551549753125 0.1805821953125 0.5485022828125 0.1805112640625 0.5484375 0.19164653125 0.5484375 0.19517658437500002 0.5514644359374999 0.1952470375
0 0.47859202031250003 0.1817017890625 0.47845182656249996 0.19375 0.4796875 0.19375 0.4796875 0.1817145359375 0.47859202031250003 0.1817017890625
0 0.48265895312499996 0.1853310453125 0.48265895312499996 0.1953125 0.484375 0.1953125 0.484375 0.185301090625 0.48265895312499996 0.1853310453125
0 0.48013315624999997 0.18236559531250002 0.48026562500000003 0.19375 0.48125 0.19375 0.48125 0.1823396 0.48013315624999997 0.18236559531250002
0 0.48846274375 0.212808890625 0.48796078749999994 0.234375 0.4890625 0.234375 0.4890625 0.212819359375 0.48846274375 0.212808890625
0 0.4859375 0.2 0.4828125 0.2 0.4828125 0.221875 0.4859375 0.221875 0.4859375 0.2
0 0.47477781406249997 0.20155806406250001 0.47510517500000005 0.2203125 0.478125 0.2203125 0.478125 0.2014801578125 0.47477781406249997 0.20155806406250001
0 0.4619431875 0.2164341 0.4629198546875 0.25 0.46875 0.25 0.46875 0.216236040625 0.4619431875 0.2164341
0 0.46875 0.1921875 0.46875 0.1798236546875 0.46736983125 0.179831684375 0.4671875 0.187665390625 0.4671875 0.1921875 0.46875 0.1921875
0 0.47129858437500005 0.17803811249999998 0.4716642828125 0.19375 0.4734375 0.19375 0.4734375 0.1779883296875 0.47129858437500005 0.17803811249999998
0 0.46284455625 0.196371334375 0.4640625 0.1964067734375 0.4640625 0.1788238640625 0.4623325125 0.1787735265625 0.46284455625 0.196371334375
0 0.4524006171875 0.18219168125000001 0.4520643046875 0.19375 0.453125 0.19375 0.453125 0.1821874671875 0.4524006171875 0.18219168125000001
0 0.45625 0.182579575 0.4546875 0.1825523015625 0.4546875 0.1953125 0.45625 0.1953125 0.45625 0.182579575
0 0.45681248124999996 0.180178321875 0.45681248124999996 0.1953125 0.4578125 0.1953125 0.4578125 0.18018414062500002 0.45681248124999996 0.180178321875
0 0.45855634843750004 0.17952467968750002 0.4586482 0.1953125 0.4609375 0.1953125 0.4609375 0.1795385328125 0.45855634843750004 0.17952467968750002
0 0.4601297 0.2048081125 0.460003834375 0.215625 0.4625 0.215625 0.4625 0.20473914375 0.4601297 0.2048081125
0 0.4570336265625 0.21364708124999998 0.45720209375 0.228125 0.459375 0.228125 0.459375 0.21364708124999998 0.4570336265625 0.21364708124999998
0 0.46730293281249996 0.20443626875 0.46756335312499997 0.215625 0.4703125 0.215625 0.4703125 0.20441875937499998 0.46730293281249996 0.20443626875
0 0.4705017296875 0.2172344875 0.47104593125000005 0.2359375 0.4734375 0.2359375 0.4734375 0.2172686484375 0.4705017296875 0.2172344875
0 0.470796484375 0.1987433890625 0.47101110156250003 0.2171875 0.4734375 0.2171875 0.4734375 0.19882023437500002 0.470796484375 0.1987433890625
0 0.5981749828125 0.21257961406249998 0.5983290546875 0.2390625 0.603125 0.2390625 0.603125 0.21252201406250001 0.5981749828125 0.21257961406249998
0 0.5745440921875 0.21168600468749998 0.575113346875 0.23125 0.578125 0.23125 0.578125 0.211665171875 0.5745440921875 0.21168600468749998
0 0.559375 0.2109375 0.5537299109375 0.2109375 0.553125 0.2369269421875 0.553125 0.2375 0.5590297421875 0.2375 0.559375 0.22266629375 0.559375 0.2109375
0 0.5534884250000001 0.1916459921875 0.5538647046875 0.2078125 0.55625 0.2078125 0.55625 0.1916941953125 0.5534884250000001 0.1916459921875
0 0.589957803125 0.19280576562500001 0.589957803125 0.209375 0.590625 0.209375 0.590625 0.1928212953125 0.589957803125 0.19280576562500001
0 0.5963754703124999 0.194748171875 0.5964787484375 0.2125 0.5984375 0.2125 0.5984375 0.194736175 0.5963754703124999 0.194748171875
0 0.584375 0.1960917140625 0.5828125 0.196082625 0.5828125 0.2140625 0.584375 0.2140625 0.584375 0.1960917140625
0 0.5653150890624999 0.2009372109375 0.5648641249999999 0.2203125 0.5703125 0.2203125 0.5703125 0.20087906093750002 0.5653150890624999 0.2009372109375
0 0.559541359375 0.1818850890625 0.559541359375 0.1953125 0.5609375 0.1953125 0.5609375 0.1818850890625 0.559541359375 0.1818850890625
0 0.5640625 0.1840082 0.56404670625 0.1833296328125 0.562791865625 0.1833077296875 0.5630349109375 0.19375 0.5640625 0.19375 0.5640625 0.1840082
0 0.5729288796875001 0.1818510734375 0.5726939093750001 0.1953125 0.575 0.1953125 0.575 0.1818872234375 0.5729288796875001 0.1818510734375
0 0.5756053703124999 0.18138438750000002 0.5754433031249999 0.1953125 0.5765625 0.1953125 0.5765625 0.181395525 0.5756053703124999 0.18138438750000002
0 0.5796875 0.1984375 0.5796875 0.1811116953125 0.5781667968749999 0.1811028484375 0.578125 0.188287175 0.578125 0.1984375 0.5796875 0.1984375
0 0.585298196875 0.1861082609375 0.585298196875 0.2 0.5875 0.2 0.5875 0.1861082609375 0.585298196875 0.1861082609375
0 0.6 0.1921875 0.6 0.1819956796875 0.59692706875 0.1820135578125 0.596875 0.18425063749999998 0.596875 0.1921875 0.6 0.1921875
0 0.600911134375 0.18126956249999998 0.60127435625 0.196875 0.6015625 0.196875 0.6015625 0.1812809328125 0.600911134375 0.18126956249999998
0 0.60558025625 0.18057915468750002 0.605837428125 0.1953125 0.6078125 0.1953125 0.6078125 0.180514203125 0.60558025625 0.18057915468750002
0 0.6083879125 0.18044598437499998 0.60810114375 0.196875 0.6109375 0.196875 0.6109375 0.18040148125 0.6083879125 0.18044598437499998
0 0.6021622046874999 0.1792887859375 0.601957571875 0.196875 0.6046875 0.196875 0.6046875 0.179303478125 0.6021622046874999 0.1792887859375
0 0.6125 0.2011551140625 0.6109375 0.20111874531249999 0.6109375 0.21478699843750002 0.611102475 0.221875 0.6125 0.221875 0.6125 0.2011551140625
0 0.613370728125 0.2109375 0.6140981531249999 0.2359375 0.615625 0.2359375 0.615625 0.2109375 0.613370728125 0.2109375
0 0.613037115625 0.188285278125 0.61314163125 0.20625 0.615625 0.20625 0.615625 0.18833044999999998 0.613037115625 0.188285278125
0 0.61751830625 0.1833346078125 0.61743953125 0.196875 0.6203125 0.196875 0.6203125 0.18326957187499998 0.61751830625 0.1833346078125
0 0.6162304078124999 0.19922225468750002 0.61575318125 0.2265625 0.6203125 0.2265625 0.6203125 0.19931726562500002 0.6162304078124999 0.19922225468750002
0 0.6241255890625 0.2109375 0.623989234375 0.234375 0.6265625 0.234375 0.6265625 0.2109375 0.6241255890625 0.2109375
0 0.6274865828125 0.21272033750000002 0.6280269671875 0.2359375 0.6328125 0.2359375 0.6328125 0.212596375 0.6274865828125 0.21272033750000002
0 0.6328125 0.19619587031250002 0.63125 0.19619587031250002 0.63125 0.209375 0.6328125 0.209375 0.6328125 0.19619587031250002
0 0.6257763515625 0.1875 0.62553999375 0.2078125 0.6296875 0.2078125 0.6296875 0.1875 0.6257763515625 0.1875
0 0.6336630421875 0.1859375 0.6334994015625 0.1953125 0.6359375 0.1953125 0.6359375 0.1859375 0.6336630421875 0.1859375
0 0.6353811890625 0.2155153984375 0.6390625 0.215536815625 0.6390625 0.195449640625 0.635848659375 0.19543094218749998 0.6353811890625 0.2155153984375
0 0.647438196875 0.20948535937499999 0.6478999203125 0.2359375 0.653125 0.2359375 0.653125 0.20948535937499999 0.647438196875 0.20948535937499999
0 0.659375 0.183606378125 0.641904703125 0.183606378125 0.642272675 0.2046875 0.659375 0.2046875 0.659375 0.183606378125
0 0 0.2046875 0.0109375 0.2046875 0.0109375 0.1773401203125 0 0.177085546875 0 0.2046875
0 0.0230487859375 0.1765165828125 0.0231944984375 0.2015625 0.0734375 0.2015625 0.0734375 0.1762234296875 0.0230487859375 0.1765165828125
0 0.12103436406250001 0.168403703125 0.12086670156249998 0.1828125 0.1578125 0.1828125 0.1578125 0.169259725 0.12103436406250001 0.168403703125
0 0.1666671 0.1636884359375 0.16691909062500002 0.178125 0.19375 0.178125 0.19375 0.163215703125 0.1666671 0.1636884359375
0 0.21805739375000002 0.1626998375 0.21829936718749998 0.1765625 0.2484375 0.1765625 0.2484375 0.16305334375 0.21805739375000002 0.1626998375
0 0.25605792968749996 0.161380646875 0.25686338750000004 0.1890625 0.3265625 0.1890625 0.3265625 0.1609704625 0.25605792968749996 0.161380646875
0 0.02073879375 0.290729715625 0.021264834375 0.3359375 0.0296875 0.3359375 0.0296875 0.29093800000000003 0.02073879375 0.290729715625
0 0.11981655625000001 0.2524191453125 0.11981655625000001 0.2890625 0.1296875 0.2890625 0.1296875 0.2523617171875 0.11981655625000001 0.2524191453125
0 0.147323221875 0.30897837968749997 0.1578125 0.308856325 0.1578125 0.267978375 0.14803689375 0.268092125 0.147323221875 0.30897837968749997
0 0.197186815625 0.27722648906249997 0.196972509375 0.3140625 0.2046875 0.3140625 0.2046875 0.27735741406250003 0.197186815625 0.27722648906249997
0 0.22103707031250003 0.289565359375 0.22123413281249998 0.3234375 0.228125 0.3234375 0.228125 0.2896890796875 0.22103707031250003 0.289565359375
0 0.2640625 0.2609375 0.2596147125 0.2609375 0.25194208281249997 0.2611160828125 0.252665278125 0.2921875 0.25974313125 0.2921875 0.2640625 0.292086965625 0.2640625 0.2609375
0 0.295323353125 0.266843921875 0.2962041734375 0.3046875 0.3078125 0.3046875 0.3078125 0.26720731875000003 0.295323353125 0.266843921875
0 0.336321615625 0.2489604359375 0.33653674218749996 0.2859375 0.35625 0.2859375 0.35625 0.248612584375 0.336321615625 0.2489604359375
0 0.375 0.2454021875 0.375 0.2796875 0.3999671046875 0.2796875 0.4 0.277802884375 0.4 0.24598406874999998 0.375 0.2454021875
0 0.4102389125 0.24793091406249998 0.4098209671875 0.271875 0.4262379765625 0.271875 0.4265625 0.253283075 0.4265625 0.24821584375 0.4102389125 0.24793091406249998
0 0.4947243109375 0.2546875 0.42626214687499997 0.2554841296875 0.42596497656250004 0.2810228375 0.5015625 0.2801431796875 0.5015625 0.2546875 0.4947243109375 0.2546875
0 0.5177329609375 0.262947346875 0.5187044734375 0.3046875 0.5328125 0.3046875 0.5328125 0.2632983265625 0.5177329609375 0.262947346875
0 0.5977079640625 0.2403246109375 0.5973408421874999 0.271875 0.632745596875 0.271875 0.6328125 0.2661252984375 0.6328125 0.2407330890625 0.5977079640625 0.2403246109375
0 0.5625 0.23876316874999998 0.5546875 0.23853584687499998 0.5546875 0.24666869375 0.55514814375 0.2625 0.5625 0.2625 0.5625 0.23876316874999998
0 0.659375 0.24637080312499998 0.646875 0.24644352656250001 0.646875 0.2703125 0.659375 0.2703125 0.659375 0.24637080312499998
0 0 0.95 0.140625 0.95 0.140625 0.8756988374999999 0 0.87160706875 0 0.95
0 0.496875 0.7404290859375 0.4875 0.740319996875 0.4875 0.7578125 0.496875 0.7578125 0.496875 0.7404290859375
0 0.9875 1 0.9875 0.957523246875 0.9629025109375 0.9568075328125001 0.9631537968749999 1 0.9875 1
0 0.9501706171875 0.934912784375 0.9498132484375 0.965625 0.9609375 0.965625 0.9609375 0.9348501453125 0.9501706171875 0.934912784375
0 0.9467092015624999 0.9350218828125 0.9463531015625 0.965625 0.953125 0.965625 0.953125 0.935133871875 0.9467092015624999 0.9350218828125
0 0.943678590625 0.9625 0.9288505109375 0.9628451281250001 0.92843635625 0.9984375 0.944784759375 0.9984375 0.9464327640625001 0.9983991421875 0.9468504875000001 0.9625 0.943678590625 0.9625
0 0.846875 1 0.846875 0.9575940593750001 0.825524075 0.9569728109375 0.825 0.9794892093750001 0.825 1 0.846875 1
0 0.859189509375 0.9478020234375 0.847156090625 0.9474518875000001 0.847156090625 0.9747822828124999 0.8546385624999999 0.975 0.859189509375 0.975 0.859189509375 0.9478020234375
0 0.81049833125 0.9397337531249998 0.81049833125 0.9984375 0.821875 0.9984375 0.821875 0.9394689578125 0.81049833125 0.9397337531249998
0 0.7796875 1 0.7796875 0.96652683125 0.7458764953125 0.966330125 0.7464642046875001 1 0.7796875 1
0 0.8683259171875001 0.9192953984375001 0.8686104718750001 0.94375 0.875 0.94375 0.875 0.9193342265624999 0.8683259171875001 0.9192953984375001
0 0.884375 0.946875 0.884375 0.9262924124999999 0.879903828125 0.92639648125 0.8796875 0.933831203125 0.8796875 0.946875 0.884375 0.946875
0 0.8532464390625 0.9193170984375 0.8532464390625 0.946875 0.8578125 0.946875 0.8578125 0.919210821875 0.8532464390625 0.9193170984375
0 0.848000790625 0.9336401999999999 0.8481772578125 0.94375 0.8515625 0.94375 0.8515625 0.9335573015625 0.848000790625 0.9336401999999999
0 0.839978625 0.9451472796874999 0.846875 0.945026903125 0.846875 0.9301801953125001 0.8402378531249999 0.9302960468750001 0.839978625 0.9451472796874999
0 0.8453125 0.9140704687500001 0.8421875 0.9140886500000001 0.8421875 0.9328125 0.8453125 0.9328125 0.8453125 0.9140704687500001
0 0.9702043796875 0.9378235531249999 0.96991724375 0.9625 0.978125 0.9625 0.978125 0.9378235531249999 0.9702043796875 0.9378235531249999
0 0.7930493046875 0.9190337265625 0.7933336421874999 0.93125 0.7953125 0.93125 0.7953125 0.9190600609375 0.7930493046875 0.9190337265625
0 0.79121749375 0.9195009296875 0.79135420625 0.93125 0.7921875 0.93125 0.7921875 0.9195065734375 0.79121749375 0.9195009296875
0 0.7882268421875 0.9222665546875 0.7883836484375 0.93125 0.790359353125 0.93125 0.7902031484375 0.9223010515624999 0.7882268421875 0.9222665546875
0 0.78657130625 0.9227644078124999 0.7865219390625 0.93125 0.7875 0.93125 0.7875 0.9227752140625001 0.78657130625 0.9227644078124999
0 0.7777501484375 0.9331198453125001 0.7781430375 0.95 0.7828125 0.95 0.7828125 0.9332082093749999 0.7777501484375 0.9331198453125001
0 0.8166022421875001 0.9132703390625 0.81655218125 0.921875 0.8203125 0.921875 0.8203125 0.913356696875 0.8166022421875001 0.9132703390625
0 0.815769446875 0.9248330953125 0.8171875 0.9248578468750001 0.8171875 0.914807978125 0.8155354375 0.9147791406250001 0.815769446875 0.9248330953125
0 0.8217501437499999 0.9110844203124999 0.8214626218750001 0.9234375 0.8265625 0.9234375 0.8265625 0.9110004203125002 0.8217501437499999 0.9110844203124999
0 0.7433484109374999 0.9259767374999999 0.7432143250000001 0.9375 0.75 0.9375 0.75 0.9261315546875 0.7433484109374999 0.9259767374999999
0 0.7265625 0.92879599375 0.7264771999999999 0.9214653828125 0.7212988984375001 0.9215256374999999 0.721430234375 0.9328125 0.7265625 0.9328125 0.7265625 0.92879599375
0 0.709375 0.9131195125 0.703125 0.9132649828125 0.703125 0.921875 0.709375 0.921875 0.709375 0.9131195125
0 0.70826318125 0.908151684375 0.708016503125 0.91875 0.7125 0.91875 0.7125 0.9082009843750001 0.70826318125 0.908151684375
0 0.8589870812499999 0.9163669249999999 0.85915165 0.9234375 0.8625 0.9234375 0.8625 0.9163464874999999 0.8589870812499999 0.9163669249999999
0 0.8916872859375001 0.9362861921875 0.8919266609375001 0.95 0.8984375 0.95 0.8984375 0.9361683671875 0.8916872859375001 0.9362861921875
0 0.8640625 0.9203125 0.8640625 0.9097360953125001 0.8612402515625 0.9098182140625 0.8609375 0.9202231093750001 0.8609375 0.9203125 0.8640625 0.9203125
0 0.850242803125 0.918296484375 0.850332540625 0.9234375 0.8515625 0.9234375 0.8515625 0.9183118406249999 0.850242803125 0.918296484375
0 0.9140625 0.918661278125 0.9111644828125 0.9185769546875001 0.9099190500000001 0.9185407156250001 0.9099190500000001 0.9265625 0.9140625 0.9265625 0.9140625 0.918661278125
0 0.9043805593750001 0.9183945734375001 0.9044280796875 0.9265625 0.9078125 0.9265625 0.9078125 0.9183346671875 0.9043805593750001 0.9183945734375001
0 0.8694854921875 0.9091267296875 0.8695443734375001 0.9125 0.8703125 0.9125 0.8703125 0.9091171062499999 0.8694854921875 0.9091267296875
0 0.8997470374999998 0.9132699328125 0.8997151546875 0.91875 0.9015625 0.91875 0.9015625 0.9133121890624999 0.8997470374999998 0.9132699328125
0 0.8980027390625 0.9123013234374999 0.8980311671875001 0.9171875 0.8984375 0.9171875 0.8984375 0.9122962640625001 0.8980027390625 0.9123013234374999
0 0.9064703765625 0.9117128265625001 0.9064385250000001 0.9171875 0.9078125 0.9171875 0.9078125 0.9117128265625001 0.9064703765625 0.9117128265625001
0 0.909035359375 0.912539678125 0.9089635484375 0.915625 0.909375 0.915625 0.909375 0.9125475828125001 0.909035359375 0.912539678125
0 0.9025246250000001 0.9146776625000002 0.9026194109375 0.91875 0.903125 0.91875 0.903125 0.91466019375 0.9025246250000001 0.9146776625000002
0 0.8457182 0.90410254375 0.8458522765625001 0.915625 0.8578125 0.915625 0.8578125 0.9040321796875 0.8457182 0.90410254375
0 0.896875 0.9054182687499999 0.878125 0.9055273515625 0.878125 0.925 0.896875 0.925 0.896875 0.9054182687499999
0 0.914556271875 0.9274910015625 0.9147272796875001 0.9421875 0.9193018984375 0.9421875 0.9203125 0.9421639781250001 0.9203125 0.9273570234375 0.914556271875 0.9274910015625
0 0.9890625 0.9163884249999998 0.9378260968750001 0.916090340625 0.9379038468750001 0.9294544312500002 0.977965084375 0.9296875 0.9890625 0.9296875 0.9890625 0.9163884249999998
