0 0.5625 0.5774242796875 0.546190478125 0.5772345015625 0.5453125 0.6275338406250001 0.5453125 0.6527241640625 0.5621689062499999 0.65292030625 0.5625 0.63395195625 0.5625 0.5774242796875
0 0.578125 0.653125 0.578125 0.5645261921875 0.5557080375 0.5645261921875 0.5546875 0.65223108125 0.5546875 0.653125 0.578125 0.653125
0 0.846875 0.7 0.846875 0.65563236875 0.8243287078125 0.656025915625 0.8248403937500001 0.7 0.846875 0.7
0 0.8765625 0.7 0.8765625 0.6834299890625 0.8579413046875001 0.6839718109375 0.8578480546874999 0.7 0.8765625 0.7
0 0.89375 0.7 0.89375 0.671989321875 0.877317653125 0.6723717890625001 0.8771569171875001 0.7 0.89375 0.7
0 0.9125 0.7 0.9125 0.660265621875 0.8971003015625 0.659907190625 0.8982668828125 0.7 0.9125 0.7
0 0.925 0.7 0.925 0.659949471875 0.9140625 0.6596948984375001 0.9140625 0.6753734390624999 0.914635690625 0.7 0.925 0.7
0 0.96875 0.7 0.96875 0.6721240734375 0.9493180765624999 0.672350184375 0.9494789390625 0.7 0.96875 0.7
0 0.9484375 0.7 0.9484375 0.6845786640625 0.9259954859375 0.684970390625 0.926345303125 0.7 0.9484375 0.7
0 1 0.6848517843749999 0.9849212031250001 0.6850272421875 0.9850954281250001 0.7 1 0.7 1 0.6848517843749999
0 0.679342925 0.7 0.679342925 0.668265975 0.6668646359375 0.668265975 0.6668646359375 0.7 0.679342925 0.7
0 0.66364443125 0.7 0.66364443125 0.683295784375 0.6491535140625 0.683295784375 0.6491535140625 0.7 0.66364443125 0.7
0 0.6447257343749999 0.6997570078125 0.6592166515625 0.6997570078125 0.6592166515625 0.6596775109374999 0.6447257343749999 0.6596775109374999 0.6447257343749999 0.6997570078125
0 0.6407004796875 0.7 0.6407004796875 0.68615860625 0.6290272421875001 0.68615860625 0.6290272421875001 0.7 0.6407004796875 0.7
0 0.6290272421875001 0.7 0.6290272421875001 0.6711287953125 0.61493885 0.6711287953125 0.61493885 0.7 0.6290272421875001 0.7
0 0.5654282187499999 0.7 0.5654282187499999 0.68114866875 0.5461069953125 0.68114866875 0.5461069953125 0.7 0.5654282187499999 0.7
0 0.551742353125 0.7 0.551742353125 0.6732759109375 0.5320186046875 0.6732759109375 0.5320186046875 0.7 0.551742353125 0.7
0 0.1603410203125 0.7 0.16053191875 0.7328125 0.18125 0.7328125 0.18125 0.7 0.1603410203125 0.7
0 0.7218915203125 1 0.7218915203125 0.97264248125 0.680772940625 0.97264248125 0.680772940625 1 0.7218915203125 1
0 0.5130553265625 0.9408518703125001 0.5457682500000001 0.9408518703125001 0.5457682500000001 0.8218833374999999 0.5130553265625 0.8218833374999999 0.5130553265625 0.9408518703125001
0 0.496768228125 0.9054863953125001 0.5222399156249999 0.9054863953125001 0.5222399156249999 0.7909683750000001 0.496768228125 0.7909683750000001 0.496768228125 0.9054863953125001
0 0.5491653515625 0.7 0.5491653515625 0.788450215625 0.5734771671875001 0.788450215625 0.5734771671875001 0.7 0.5491653515625 0.7
0 0.5942183984375 0.7 0.5942183984375 0.7991256234375 0.6176887390625 0.7991256234375 0.6176887390625 0.7 0.5942183984375 0.7
0 0.562818715625 0.7 0.562818715625 0.7191423484375 0.5812561234375 0.7191423484375 0.5812561234375 0.7 0.562818715625 0.7
0 0.5416908609375 0.7 0.5416908609375 0.7219503046875 0.5629779140625001 0.7219503046875 0.5629779140625001 0.7 0.5416908609375 0.7
0 0.34271986718749997 0.7 0.34271986718749997 0.78137679375 0.37073872343750003 0.78137679375 0.37073872343750003 0.7 0.34271986718749997 0.7
0 0.3399907578125 0.7 0.3399907578125 0.775877340625 0.3556376515625 0.775877340625 0.3556376515625 0.7 0.3399907578125 0.7
0 0.8604449468750002 0.85012435 0.87882095 0.85012435 0.87882095 0.7692500421874999 0.8604449468750002 0.7692500421874999 0.8604449468750002 0.85012435
0 0.735584196875 0.85532463125 0.7618746171875 0.85532463125 0.7618746171875 0.746196884375 0.735584196875 0.746196884375 0.735584196875 0.85532463125
0 0.7082021328125 0.7809202671875 0.7320363546875 0.7809202671875 0.7320363546875 0.718485303125 0.7082021328125 0.718485303125 0.7082021328125 0.7809202671875
0 0.7109312421875 0.8019475875 0.7342196421875 0.8019475875 0.7342196421875 0.7537465015625 0.7109312421875 0.7537465015625 0.7109312421875 0.8019475875
0 0.7240309671875 0.804535565625 0.7436805546875 0.804535565625 0.7436805546875 0.706839403125 0.7240309671875 0.706839403125 0.7240309671875 0.804535565625
0 0.7386373890625 0.813139834375 0.7100727109375 0.813139834375 0.7100727109375 0.9318633171874999 0.7386373890625 0.9318633171874999 0.7386373890625 0.813139834375
0 0.6811190984375 0.7 0.6811190984375 0.7880214109375 0.7034977953125 0.7880214109375 0.7034977953125 0.7 0.6811190984375 0.7
0 0.65310024375 0.7 0.65310024375 0.80160829375 0.6807552171875 0.80160829375 0.6807552171875 0.7 0.65310024375 0.7
0 0.959578303125 0.7 0.959578303125 0.72505864375 0.983230584375 0.72505864375 0.983230584375 0.7 0.959578303125 0.7
