0 0.4242555046875 0.1165809484375 0.45357137343750004 0.1165809484375 0.45357137343750004 0.0152582328125 0.4242555046875 0.0152582328125 0.4242555046875 0.1165809484375
0 0.3944813609375 0.574509178125 0.39454785000000003 0.5859375 0.396875 0.5859375 0.396875 0.5745370296875001 0.3944813609375 0.574509178125
0 0.2893309859375 0.5708285453124999 0.28917335781250003 0.584375 0.2921875 0.584375 0.2921875 0.5708950328125 0.2893309859375 0.5708285453124999
0 0.2434954640625 0.6373679828125 0.2460597625 0.6373679828125 0.2460597625 0.615827696875 0.2434954640625 0.615827696875 0.2434954640625 0.6373679828125
0 0.3613366484375 0.5317377343749999 0.3633181515625 0.5317377343749999 0.3633181515625 0.5249028359375 0.3613366484375 0.5249028359375 0.3613366484375 0.5317377343749999
0 0.4293218375 0.6766330937499999 0.42928629531249995 0.6796875 0.4296875 0.6796875 0.4296875 0.6766416046874999 0.4293218375 0.6766330937499999
0 0.43990525468749997 0.68749011875 0.4415624921875 0.68749011875 0.4415624921875 0.6833673875 0.43990525468749997 0.6833673875 0.43990525468749997 0.68749011875
0 0.44929626718750004 0.6794409765625 0.45205832968750004 0.6794409765625 0.45205832968750004 0.676103528125 0.44929626718750004 0.676103528125 0.44929626718750004 0.6794409765625
0 0.45294218906249994 0.6808152203125 0.4553728046875 0.6808152203125 0.4553728046875 0.6766924890625 0.45294218906249994 0.6766924890625 0.45294218906249994 0.6808152203125
0 0.46155982343749996 0.6146552109375 0.46410092187499996 0.6146552109375 0.46410092187499996 0.6083729546875001 0.46155982343749996 0.6083729546875001 0.46155982343749996 0.6146552109375
0 0.47879509374999996 0.6423364015624999 0.48122570781250007 0.6423364015624999 0.48122570781250007 0.6378210296875 0.47879509374999996 0.6378210296875 0.47879509374999996 0.6423364015624999
0 0.45117446875 0.6307534921875 0.453052671875 0.6307534921875 0.453052671875 0.626434440625 0.45117446875 0.626434440625 0.45117446875 0.6307534921875
0 0.4455398609375 0.64214008125 0.4485228890625 0.64214008125 0.4485228890625 0.63664310625 0.4455398609375 0.63664310625 0.4455398609375 0.64214008125
0 0.435927884375 0.6413548 0.438137534375 0.6413548 0.438137534375 0.63723206875 0.435927884375 0.63723206875 0.435927884375 0.6413548
0 0.40000586718750003 0.6121929171875 0.40221551718750004 0.6121929171875 0.40221551718750004 0.6084628265625 0.40000586718750003 0.6084628265625 0.40000586718750003 0.6121929171875
0 0.4282400734375 0.6173904390625 0.43000779375000003 0.6173904390625 0.43000779375000003 0.6118934656249999 0.4282400734375 0.6118934656249999 0.4282400734375 0.6173904390625
0 0.426472353125 0.6191180609375 0.427974915625 0.6191180609375 0.427974915625 0.6140922546875001 0.426472353125 0.6140922546875001 0.426472353125 0.6191180609375
0 0.42558849375 0.6539845828124999 0.4274446 0.6539845828124999 0.4274446 0.6497440593749999 0.42558849375 0.6497440593749999 0.42558849375 0.6539845828124999
0 0.43142196874999994 0.6461317624999999 0.42815168750000004 0.6461317624999999 0.42815168750000004 0.6520999062499999 0.43142196874999994 0.6520999062499999 0.43142196874999994 0.6461317624999999
0 0.4263839671875 0.6332531375 0.43124519687499996 0.6332531375 0.43124519687499996 0.6271279359374999 0.4263839671875 0.6271279359374999 0.4263839671875 0.6332531375
0 0.43654835625 0.6357660390625 0.4381393046875 0.6357660390625 0.4381393046875 0.6316825734375 0.43654835625 0.6316825734375 0.43654835625 0.6357660390625
0 0.462180296875 0.6316825734375 0.46412478906250004 0.6316825734375 0.46412478906250004 0.6277561625000001 0.462180296875 0.6277561625000001 0.462180296875 0.6316825734375
