0 0.5296875 0.303125 0.5137658859374999 0.303125 0.505532096875 0.30331664375 0.508208903125 0.3953125 0.5266707578125 0.3953125 0.5296875 0.395242284375 0.5296875 0.303125
0 0.975318028125 0.5202374703125 0.9867326234375 0.5202374703125 0.9867326234375 0.48522305 0.975318028125 0.48522305 0.975318028125 0.5202374703125
0 1 0.48888735 0.991240909375 0.48888735 0.991240909375 0.5157588828125 1 0.5157588828125 1 0.48888735
0 0.7586353734375 0.3685012703125 0.7712250015625 0.3685012703125 0.7712250015625 0.3296529078125 0.7586353734375 0.3296529078125 0.7586353734375 0.3685012703125
0 0.0018972093749999998 0.9804271374999999 0.02777609375 0.9804271374999999 0.02777609375 0.9519742625 0.0018972093749999998 0.9519742625 0.0018972093749999998 0.9804271374999999
0 0.6153789656249999 0.9316507796875001 0.63440755625 0.9316507796875001 0.63440755625 0.8964234109374999 0.6153789656249999 0.8964234109374999 0.6153789656249999 0.9316507796875001
0 0.3025489390625 0.9506193625 0.3368004015625 0.9506193625 0.3368004015625 0.9126821968750001 0.3025489390625 0.9126821968750001 0.3025489390625 0.9506193625
0 0.1746768109375 0.8313882687499999 0.1898996828125 0.8313882687499999 0.1898996828125 0.748739440625 0.1746768109375 0.748739440625 0.1746768109375 0.8313882687499999
0 0.31701066718750004 0.84629215625 0.3398449765625 0.84629215625 0.3398449765625 0.7948060015625 0.31701066718750004 0.7948060015625 0.31701066718750004 0.84629215625
0 0.18040061093749998 0.9736309640624998 0.20183441562499999 0.9736309640624998 0.20183441562499999 0.9521260109374999 0.18040061093749998 0.9521260109374999 0.18040061093749998 0.9736309640624998
0 0.225606453125 0.9687750078124999 0.2485990796875 0.9687750078124999 0.2485990796875 0.9444952203125 0.225606453125 0.9444952203125 0.225606453125 0.9687750078124999
0 0.11843743124999999 0.9736309640624998 0.1539006359375 0.9736309640624998 0.1539006359375 0.9465763453125 0.11843743124999999 0.9465763453125 0.11843743124999999 0.9736309640624998
0 0.6890625 0.8719029953125 0.6796024375 0.8719029953125 0.6796024375 0.8846672250000001 0.6890625 0.8846672250000001 0.6890625 0.8719029953125
0 0.6166260234375 0.8924367578125001 0.63595541875 0.8924367578125001 0.63595541875 0.880782459375 0.6166260234375 0.880782459375 0.6166260234375 0.8924367578125001
0 0.661831865625 0.8580288312500001 0.6711847984375 0.8580288312500001 0.6711847984375 0.8452645999999999 0.661831865625 0.8452645999999999 0.661831865625 0.8580288312500001
0 0.6499848171875 0.8580288312500001 0.654661284375 0.8580288312500001 0.654661284375 0.8424897671875 0.6499848171875 0.8424897671875 0.6499848171875 0.8580288312500001
0 0.6409436484375 0.8613586296874999 0.6484259953125 0.8613586296874999 0.6484259953125 0.839714934375 0.6409436484375 0.839714934375 0.6409436484375 0.8613586296874999
0 0.5243437546874999 0.8380500359375 0.5330731578125001 0.8380500359375 0.5330731578125001 0.8069719078125001 0.5243437546874999 0.8069719078125001 0.5243437546874999 0.8380500359375
0 0.43299677656249996 0.852479165625 0.4429732390625 0.852479165625 0.4429732390625 0.8347202359375 0.43299677656249996 0.8347202359375 0.43299677656249996 0.852479165625
0 0.423020315625 0.8402699015625 0.42223850625 0.8402699015625 0.4167850265625 0.8402699015625 0.4167850265625 0.860248696875 0.423020315625 0.860248696875 0.423020315625 0.8402699015625
0 0.3771945984375 0.8410221406249999 0.38748282500000003 0.8410221406249999 0.38748282500000003 0.82770294375 0.3771945984375 0.82770294375 0.3771945984375 0.8410221406249999
0 0.4128597171875 0.8399996250000001 0.4128597171875 0.8386917140625 0.40088796406249994 0.8386917140625 0.40088796406249994 0.8546747515625001 0.4128597171875 0.8546747515625001 0.4128597171875 0.8399996250000001
0 0.3534997703125 0.85689461875 0.35823859062499996 0.85689461875 0.35823859062499996 0.8462392609375 0.3534997703125 0.8462392609375 0.3534997703125 0.85689461875
0 0.50081161875 0.8387824796875 0.4941879953125 0.8387824796875 0.4941879953125 0.850254415625 0.50081161875 0.850254415625 0.50081161875 0.8387824796875
0 0.5168336296875 0.769154196875 0.5057345828125 0.769154196875 0.5057345828125 0.8392604765625 0.5168336296875 0.8392604765625 0.5168336296875 0.769154196875
0 0.0863850046875 1 0.0863850046875 0.9773311296875 0.0638767796875 0.9773311296875 0.0638767796875 1 0.0863850046875 1
0 0.3809586828125 0.9602153390625 0.3573578234375 0.9602153390625 0.3573578234375 0.9808320875 0.3809586828125 0.9808320875 0.3809586828125 0.9602153390625
0 0.3722176234375 0.9306517 0.390573846875 0.9306517 0.390573846875 0.9069229906249999 0.3722176234375 0.9069229906249999 0.3722176234375 0.9306517
0 0.4360273515625 0.9073119859375 0.4248825015625 0.9073119859375 0.4248825015625 0.926372753125 0.4360273515625 0.926372753125 0.4360273515625 0.9073119859375
0 0.5535945921875001 0.9049780140625 0.54266826875 0.9049780140625 0.54266826875 0.9205378234375001 0.5535945921875001 0.9205378234375001 0.5535945921875001 0.9049780140625
0 0.47997145156250004 0.8505155671875 0.473168809375 0.8505155671875 0.473168809375 0.8629434984375 0.47997145156250004 0.8629434984375 0.47997145156250004 0.8505155671875
0 0.34407875625 0.75635660625 0.3386593 0.75635660625 0.3386593 0.779073928125 0.34407875625 0.779073928125 0.34407875625 0.75635660625
0 0.3599874828125 0.7619581375 0.35212052968749996 0.7619581375 0.35212052968749996 0.780629909375 0.3599874828125 0.780629909375 0.3599874828125 0.7619581375
