0 0.51875 0.1171875 0.5003479875 0.1171875 0.5007570890624999 0.140625 0.51875 0.140625 0.51875 0.1171875
0 0.49101897499999997 0.0668769671875 0.490742640625 0.090625 0.503125 0.090625 0.503125 0.06673610156250001 0.49101897499999997 0.0668769671875
0 0.4890625 0.0828125 0.4890625 0.0619469671875 0.4752880359375 0.0620271046875 0.475 0.0785286421875 0.475 0.0828125 0.4890625 0.0828125
0 0.4734375 0.0269027703125 0.4734375 0.027724782812499998 0.47365918125000006 0.0404248703125 0.4796875 0.0403897984375 0.4796875 0.0268664078125 0.4734375 0.0269027703125
0 0.24451153906249998 0.1216123109375 0.2796875 0.1209983125 0.2796875 0.0953901921875 0.2443625703125 0.096006790625 0.24451153906249998 0.1216123109375
0 0.996875 0.7 0.996875 0.6812816500000001 0.9914346921875001 0.68125 0.986680071875 0.68125 0.9867891562499999 0.7 0.996875 0.7
0 0.8765477718750001 0.5289115078125 0.8775841249999999 0.5734375 0.8859375 0.5734375 0.8859375 0.5290754062499999 0.8765477718750001 0.5289115078125
0 0.8048288578125 0.453067165625 0.8109375 0.453067165625 0.8109375 0.41663911249999996 0.8041930031250001 0.41663911249999996 0.8048288578125 0.453067165625
0 0.8191384718750001 0.45889282031249995 0.8189629500000001 0.4890625 0.828125 0.4890625 0.828125 0.4589973890625 0.8191384718750001 0.45889282031249995
0 0.8350180421875001 0.36920594375000004 0.8345324515625 0.4109375 0.840625 0.4109375 0.840625 0.3691407 0.8350180421875001 0.36920594375000004
0 0.829410628125 0.37164536875 0.828779328125 0.4078125 0.834375 0.4078125 0.834375 0.3716164875 0.829410628125 0.37164536875
