0 0.2165012140625 0.41093361718750004 0.21646482968749997 0.4171875 0.2203125 0.4171875 0.2203125 0.41100014375000005 0.2165012140625 0.41093361718750004
0 0.2125 0.41875 0.2125 0.41610436249999994 0.21054106875 0.41613855624999996 0.2105714546875 0.41875 0.2125 0.41875
0 0.7484375 0.41875 0.7484375 0.376494990625 0.7086473671875 0.3755688640625 0.709401096875 0.41875 0.7484375 0.41875
0 0.120208359375 0.41875 0.120572034375 0.434375 0.1328125 0.434375 0.1328125 0.41875 0.120208359375 0.41875
0 0.090323203125 0.6349265359375 0.0914317921875 0.6984375 0.11875 0.6984375 0.11875 0.6354227265625 0.090323203125 0.6349265359375
0 0.11049787656250001 0.55333321875 0.11132948437500001 0.5890625 0.121875 0.5890625 0.121875 0.5530684125 0.11049787656250001 0.55333321875
0 0.08125 0.540625 0.06865803125 0.540625 0.061273100000000004 0.5407539046875 0.061273100000000004 0.621875 0.08125 0.621875 0.08125 0.540625
0 0.0765625 0.6292686203125 0.0765625 0.5953125 0.044006326562499996 0.5953125 0.041680801562499994 0.5953530921875 0.040625 0.6558398984375 0.040625 0.675 0.07576425625 0.675 0.0765625 0.6292686203125
0 0.0453125 0.6375 0.04465669375 0.6375 0.0151794078125 0.638186090625 0.0165090390625 0.6953125 0.0453125 0.6953125 0.0453125 0.6375
0 0.0625 0.6573146484375 0.0234375 0.6561780453124999 0.0234375 0.6574335796874999 0.0245350546875 0.7203125 0.0625 0.7203125 0.0625 0.6573146484375
0 0.246875 0.6741898203125001 0.2171875 0.6736716234375 0.2171875 0.7296875 0.246875 0.7296875 0.246875 0.6741898203125001
0 0.177250678125 0.6859375 0.1768961546875 0.746875 0.221642153125 0.746875 0.221875 0.7068520296875 0.221875 0.686090715625 0.21309730624999998 0.6859375 0.177250678125 0.6859375
0 0.0859375 0.41875 0.0859375 0.4515625 0.10270433906250001 0.4515625 0.103125 0.42746284843750004 0.103125 0.41875 0.0859375 0.41875
0 0.26875 0.41875 0.2504295734375 0.41875 0.25 0.43720625156250004 0.25 0.4390625 0.26875 0.4390625 0.26875 0.41875
0 0.2453125 0.5202880640625 0.2453125 0.453125 0.24323985 0.453125 0.2259442140625 0.45362825156250003 0.225 0.5077222484374999 0.225 0.5203125 0.24447268437499997 0.5203125 0.2453125 0.5202880640625
0 0.015478671874999999 0.41875 0.015478671874999999 0.44272386093750005 0.03347625 0.44272386093750005 0.03347625 0.41875 0.015478671874999999 0.41875
0 1 0.893863896875 0.8734375 0.8916547390625 0.8734375 0.9625 1 0.9625 1 0.893863896875
