0 0.0090494890625 0.40973149375 0.0093180609375 0.4328125 0.0203125 0.4328125 0.0203125 0.409534896875 0.0090494890625 0.40973149375
0 0.334825128125 0.42623300156250005 0.34375 0.42602527187500006 0.34375 0.40649355624999994 0.33471151093749996 0.4067039296875 0.334825128125 0.42623300156250005
0 0.347324621875 0.394857196875 0.3479289015625 0.415625 0.3625 0.415625 0.3625 0.3945039859375 0.347324621875 0.394857196875
0 0.030812384375 0.28368530937499997 0.030812384375 0.3015625 0.0390625 0.3015625 0.0390625 0.2838773328125 0.030812384375 0.28368530937499997
0 0.2651069390625 0.26944153593750003 0.26536760312499996 0.284375 0.2734375 0.284375 0.2734375 0.2695384703125 0.2651069390625 0.26944153593750003
0 0.304053740625 0.1640625 0.3033717796875 0.1875 0.309375 0.1875 0.309375 0.1640625 0.304053740625 0.1640625
0 0.28125 0.1660325546875 0.27155330312500003 0.1662018125 0.2716477140625 0.17025808125 0.2721581265625 0.1921875 0.28125 0.1921875 0.28125 0.1660325546875
0 0.21024433125000003 0.1375 0.2107352546875 0.165625 0.215625 0.165625 0.215625 0.1375 0.21024433125000003 0.1375
0 0.21518731406249997 0.131167846875 0.21567967187499998 0.159375 0.221875 0.159375 0.221875 0.13128458125 0.21518731406249997 0.131167846875
0 0.1203125 0.1837400796875 0.1109375 0.1839037203125 0.1109375 0.1892486203125 0.111425175 0.2171875 0.1203125 0.2171875 0.1203125 0.1837400796875
0 0.109375 0.191049965625 0.1020391875 0.191135325 0.09441646718749999 0.1912240234375 0.0943017765625 0.2109375 0.109375 0.2109375 0.109375 0.191049965625
0 0.044870796875 0.190625 0.04528813125 0.166715984375 0.03458016875 0.1665913859375 0.034375 0.17834546874999999 0.034375 0.190625 0.044870796875 0.190625
0 0.027003445312500002 0.09325761406250001 0.0273909828125 0.1265625 0.0359375 0.1265625 0.0359375 0.09330959062500001 0.027003445312500002 0.09325761406250001
0 0.0028731515624999997 0.0984375 0.009375 0.0984375 0.009375 0.07034653125 0.007425335937499999 0.0703125 0.002218534375 0.0703125 0.0028731515624999997 0.0984375
0 0 0.09375 0.003125 0.09375 0.003125 0.070323453125 0.002654434375 0.0703125 0 0.0703125 0 0.09375
0 0.11968051875 0.0666903171875 0.1201528484375 0.09375 0.13125 0.09375 0.13125 0.0665556953125 0.11968051875 0.0666903171875
0 0.24955314999999997 0.124541021875 0.249942990625 0.146875 0.2609375 0.146875 0.2609375 0.124209771875 0.24955314999999997 0.124541021875
0 0.25090983906250003 0.0960860078125 0.25051885 0.1296875 0.2609375 0.1296875 0.2609375 0.096144346875 0.25090983906250003 0.0960860078125
0 0.232024025 0.08597175312500001 0.231479153125 0.1171875 0.2453125 0.1171875 0.2453125 0.086203703125 0.232024025 0.08597175312500001
0 0.2785673390625 0.11248654531249999 0.2875 0.112382603125 0.2875 0.089547684375 0.2789660046875 0.0896469875 0.2785673390625 0.11248654531249999
0 0.3635019078125 0.11479805624999999 0.3636933421875 0.13125 0.371875 0.13125 0.371875 0.11504168906250001 0.3635019078125 0.11479805624999999
0 0.3718287125 0.061717515625 0.37156506718750004 0.084375 0.38125 0.084375 0.38125 0.0616078890625 0.3718287125 0.061717515625
0 0.40760422343749997 0.048477776562500005 0.40768580156249995 0.0625 0.4140625 0.0625 0.4140625 0.0486280953125 0.40760422343749997 0.048477776562500005
0 0.3437710328125 0.045804025 0.3439863421875 0.0828125 0.3640625 0.0828125 0.3640625 0.0454498359375 0.3437710328125 0.045804025
0 0.321875 0.0546875 0.321875 0.025173629687499997 0.3053382546875 0.0256548 0.3046875 0.0536138828125 0.3046875 0.0546875 0.321875 0.0546875
0 0.300290296875 0.060323521874999994 0.3000341171875 0.075 0.315625 0.075 0.315625 0.060769715625 0.300290296875 0.060323521874999994
0 0.2662994828125 0.0588936734375 0.266541440625 0.0796875 0.284375 0.0796875 0.284375 0.058683346875 0.2662994828125 0.0588936734375
0 0.22860514062499998 0.06352218750000001 0.22886003281249997 0.078125 0.2421875 0.078125 0.2421875 0.06344316718750001 0.22860514062499998 0.06352218750000001
0 0.22948930625 0.040993601562499996 0.22938236562499997 0.059375 0.25625 0.059375 0.25625 0.040682212499999995 0.22948930625 0.040993601562499996
0 0.21145229843750002 0.04449894375 0.21133848125000002 0.0640625 0.215625 0.0640625 0.215625 0.0445474984375 0.21145229843750002 0.04449894375
0 0.1958555265625 0.04230024375 0.19577436875 0.05625 0.2015625 0.05625 0.2015625 0.04230024375 0.1958555265625 0.04230024375
0 0.18432085 0.0459023109375 0.183898165625 0.0640625 0.1890625 0.0640625 0.1890625 0.046012674999999996 0.18432085 0.0459023109375
0 0.1807278265625 0.05259580625 0.1811765546875 0.071875 0.1859375 0.071875 0.1859375 0.05268674062499999 0.1807278265625 0.05259580625
0 0.1640625 0.021875 0.1640625 0.0003414703125 0.1581279890625 0.0003414703125 0.1578125 0.0138961546875 0.1578125 0.021875 0.1640625 0.021875
0 0.146875 0.0144322078125 0.146875 0.0359375 0.15306101562500002 0.0359375 0.153125 0.03373851875 0.153125 0.014577679687500001 0.146875 0.0144322078125
0 0.38528207187499997 0.053759807812500005 0.38595828125 0.0828125 0.3921875 0.0828125 0.3921875 0.05367945625 0.38528207187499997 0.053759807812500005
0 0.0006512453125 0.0472659875 0.0009171546875000001 0.0625 0.0140625 0.0625 0.0140625 0.0473440125 0.0006512453125 0.0472659875
0 0.052296470312499996 0.033730295312500005 0.0524183953125 0.0546875 0.075 0.0546875 0.075 0.0333340046875 0.052296470312499996 0.033730295312500005
0 0.1148789125 0.052455209375 0.1144632796875 0.0703125 0.121875 0.0703125 0.121875 0.0522923734375 0.1148789125 0.052455209375
0 0.263370846875 0.25442081562499996 0.26303890937499996 0.2734375 0.271875 0.2734375 0.271875 0.2545692578125 0.263370846875 0.25442081562499996
0 0.9951991671875 0.5328125 0.9950900828125 0.5140625 0.9913753796875 0.5140625 0.9914844640624999 0.5328125 0.9951991671875 0.5328125
0 0.984375 0.5047977109375 0.9828125 0.504834078125 0.9828125 0.5164496421875 0.9829703625 0.521875 0.984375 0.521875 0.984375 0.5047977109375
0 0.9744222421875002 0.5157520328125 0.9747745812499999 0.5359375 0.978125 0.5359375 0.978125 0.5158597703125001 0.9744222421875002 0.5157520328125
