0 0.5226915390625 0.2619526671875 0.5224092484375 0.278125 0.5375 0.278125 0.5375 0.2619526671875 0.5226915390625 0.2619526671875
0 0.43741064375 0.18628233125 0.4451014390625 0.18628233125 0.4451014390625 0.1719060171875 0.43741064375 0.1719060171875 0.43741064375 0.18628233125
0 0.3890625 0.21467555468750002 0.40259967812499997 0.21467555468750002 0.40259967812499997 0.20497154218750002 0.3890625 0.20497154218750002 0.3890625 0.21467555468750002
0 0.4408512625 0.144950425 0.4479348890625 0.144950425 0.4479348890625 0.134527596875 0.4408512625 0.134527596875 0.4408512625 0.144950425
0 0.44651816406249994 0.1568108859375 0.4616973640625 0.1568108859375 0.4616973640625 0.15070095156250002 0.44651816406249994 0.15070095156250002 0.44651816406249994 0.1568108859375
0 0.4313389640625 0.1126037171875 0.4451014390625 0.1126037171875 0.4451014390625 0.0964303609375 0.4313389640625 0.0964303609375 0.4313389640625 0.1126037171875
0 0.5060206296875001 0.0719906265625 0.51856876875 0.0719906265625 0.51856876875 0.0604895734375 0.5060206296875001 0.0604895734375 0.5060206296875001 0.0719906265625
0 0.5343551375000001 0.092476875 0.5444746031250001 0.092476875 0.5444746031250001 0.0798976 0.5343551375000001 0.0798976 0.5343551375000001 0.092476875
0 0.519378325 0.137043453125 0.5331408 0.137043453125 0.5331408 0.1255424 0.519378325 0.1255424 0.519378325 0.137043453125
0 0.48234107656249997 0.021314115624999998 0.48841275624999997 0.021314115624999998 0.48841275624999997 0.0123289171875 0.48234107656249997 0.0123289171875 0.48234107656249997 0.021314115624999998
0 0.49367487968749996 0.019157668750000002 0.5011632859375 0.019157668750000002 0.5011632859375 0.00550016875 0.49367487968749996 0.00550016875 0.49367487968749996 0.019157668750000002
0 0.5169634921874999 0.0161609078125 0.5213156718749999 0.0161609078125 0.5213156718749999 0.0099043359375 0.5169634921874999 0.0099043359375 0.5169634921874999 0.0161609078125
0 0.539346134375 0.0251777328125 0.54732513125 0.0251777328125 0.54732513125 0.015424840625 0.539346134375 0.015424840625 0.539346134375 0.0251777328125
0 0.5715729921875 0 0.5715729921875 0.004015796875 0.5797592359375 0.004015796875 0.5797592359375 0 0.5715729921875 0
0 0.2640625 0.60625 0.2640625 0.546875 0.2501600796875 0.546875 0.25 0.574390384375 0.25 0.60625 0.2640625 0.60625
0 0.630440265625 0.5476344375 0.6315997718749999 0.6140625 0.6546875 0.6140625 0.6546875 0.5470700765625001 0.630440265625 0.5476344375
