0 0.44138366875 0.559375 0.44240196093749995 0.603125 0.459375 0.603125 0.459375 0.559375 0.44138366875 0.559375
0 0.40321060312499996 0.8655999218750001 0.4046565375 0.9484375 0.440625 0.9484375 0.440625 0.8658175921875 0.40321060312499996 0.8655999218750001
0 0.43021466718749996 0.7591351265624999 0.4310370609375 0.80625 0.446875 0.80625 0.446875 0.7589412640625 0.43021466718749996 0.7591351265624999
0 0.3677890765625 0.8484375 0.3921875 0.8484375 0.3921875 0.74239149375 0.3851766859375 0.7421875 0.366552746875 0.7421875 0.3677890765625 0.8484375
0 0.33850949375 0.8128643203125 0.33850949375 0.91875 0.384375 0.91875 0.384375 0.8133980140624999 0.33850949375 0.8128643203125
0 0.3041485921875 0.8704091453125 0.305038353125 0.946875 0.3453125 0.946875 0.3453125 0.8694510453125 0.3041485921875 0.8704091453125
0 0.365625 0.8949071125 0.314838003125 0.89461164375 0.3140625 0.9390402109375 0.3140625 0.9796875 0.3654848171875 0.9796875 0.365625 0.9716564609375 0.365625 0.8949071125
0 0.397463753125 0.6249102234375 0.420936290625 0.6249102234375 0.420936290625 0.5631785453125 0.397463753125 0.5631785453125 0.397463753125 0.6249102234375
0 0.3047367828125 0.6125134140624999 0.328504578125 0.6125134140624999 0.328504578125 0.5650181078125 0.3047367828125 0.5650181078125 0.3047367828125 0.6125134140624999
0 0.790625 0.8796875 0.79003885 0.8796875 0.771090759375 0.8802388328124999 0.77149661875 0.95 0.790625 0.95 0.790625 0.8796875
0 0.95625 1 0.95625 0.9706792343749999 0.9361456921875 0.9709131687500001 0.9366534046874999 1 0.95625 1
0 0.8948995328125001 1 0.8953125 0.9822572703125001 0.8953125 0.9550087109375 0.86372099375 0.9555601421875 0.8626866453125001 1 0.8948995328125001 1
0 0.9109375 1 0.9109375 0.9357275937499999 0.8910944781249999 0.9356121500000001 0.892967975 1 0.9109375 1
0 0.5755395921875 0.8062576859374999 0.5764485703125001 0.884375 0.59375 0.884375 0.59375 0.805833834375 0.5755395921875 0.8062576859374999
0 0.5947424328124999 0.7944002906250001 0.596067484375 0.8703125 0.6109375 0.8703125 0.6109375 0.79421184375 0.5947424328124999 0.7944002906250001
0 0.6301757578125 0.8005723625 0.6311508890625 0.884375 0.65 0.884375 0.65 0.8011491890624999 0.6301757578125 0.8005723625
0 0.7180296953124999 0.9453125 0.7375 0.9453125 0.7375 0.864283071875 0.718544125 0.8640625 0.7180296953124999 0.8640625 0.7180296953124999 0.9453125
0 0.7200032343749999 0.8526597765625 0.7208086265625 0.921875 0.7334768031250001 0.921875 0.7390625 0.9217449921875 0.7390625 0.8522161671875 0.7200032343749999 0.8526597765625
0 0.6838601750000001 0.8390625 0.6805781984375 0.8390625 0.6796875 0.89009055625 0.6796875 0.9140625 0.6967466218749999 0.9140625 0.696875 0.9067077609374999 0.696875 0.8391382187499999 0.6838601750000001 0.8390625
0 0.6732902296875001 0.8616010671875 0.657753778125 0.8616010671875 0.657753778125 0.9326555875 0.6732902296875001 0.9326555875 0.6732902296875001 0.8616010671875
0 0.664014278125 0.8917934765625001 0.675999134375 0.8917934765625001 0.675999134375 0.8448275078125 0.664014278125 0.8448275078125 0.664014278125 0.8917934765625001
0 0.459375 0.84001633125 0.468053353125 0.84001633125 0.468053353125 0.7689110203125 0.459375 0.7689110203125 0.459375 0.84001633125
0 0.461383696875 0.8270259359375001 0.4747230078125 0.8270259359375001 0.4747230078125 0.7581996421875 0.461383696875 0.7581996421875 0.461383696875 0.8270259359375001
