0 0.28568759843749997 0.0221272234375 0.28620139375 0.0515625 0.296875 0.0515625 0.296875 0.0223876140625 0.28568759843749997 0.0221272234375
0 0.2579749578125 0.033785421875 0.2585705625 0.059375 0.275 0.059375 0.275 0.03358731875 0.2579749578125 0.033785421875
0 0.2210074203125 0.08013748750000001 0.22033343749999998 0.11875 0.25 0.11875 0.25 0.0806435546875 0.2210074203125 0.08013748750000001
0 0.1891423875 0 0.1890696640625 0.0125 0.20625 0.0125 0.20625 0 0.1891423875 0
0 0.316739828125 0.0203283953125 0.31714865312499996 0.04375 0.3375 0.04375 0.3375 0.0198451984375 0.316739828125 0.0203283953125
0 0.359326775 0.003125 0.35965405625 0.021875 0.3859375 0.021875 0.3859375 0.003125 0.359326775 0.003125
0 0.245196378125 0.0381402421875 0.24489474531250002 0.0640625 0.2546875 0.0640625 0.2546875 0.0383611515625 0.245196378125 0.0381402421875
0 0.418155759375 0.26749316562500003 0.4182976546875 0.2796875 0.421291459375 0.2796875 0.421875 0.279680709375 0.421875 0.2674498890625 0.418155759375 0.26749316562500003
0 0.670099325 0.069041675 0.6705306109375 0.09375 0.678125 0.09375 0.678125 0.06908836874999999 0.670099325 0.069041675
0 0.6106545062500001 0.0904496984375 0.6203125 0.0904496984375 0.6203125 0.0724805890625 0.6107590484375 0.0724805890625 0.6106545062500001 0.0904496984375
0 0.9808557703125 0.0214331921875 0.9821752874999999 0.078125 0.9921875 0.078125 0.9921875 0.0213013359375 0.9808557703125 0.0214331921875
0 0.946875 0 0.946875 0.0078125 0.95625 0.0078125 0.95625 0 0.946875 0
0 0.9531940750000001 0 0.9531304421875 0.0109375 0.9607883046874999 0.0109375 0.9608519375 0 0.9531940750000001 0
0 0.9829690546875 0 0.9833236109375001 0.0203125 0.9875 0.0203125 0.9875 0 0.9829690546875 0
0 0.9891419390625 0 0.989578315625 0.025 0.996875 0.025 0.996875 0 0.9891419390625 0
0 1 0.4440166953125 0.9918472234374999 0.4437794734375 0.992664915625 0.490625 1 0.490625 1 0.4440166953125
0 0.939923953125 0.4457963359375 0.9406791671875 0.4890625 0.95625 0.4890625 0.95625 0.4458913171875 0.939923953125 0.4457963359375
0 0.9166511203125 0.4351613671875 0.9164284359374999 0.4734375 0.9328125 0.4734375 0.9328125 0.4351613671875 0.9166511203125 0.4351613671875
0 0.9007386531249999 0.38025418125 0.9007386531249999 0.4109375 0.9171875 0.4109375 0.9171875 0.380158484375 0.9007386531249999 0.38025418125
0 0.9420707703125 0.4180112546875 0.9578125 0.417919671875 0.9578125 0.38348018125 0.9414696875 0.3835752609375 0.9420707703125 0.4180112546875
0 0.9533992937499999 0.3625 0.9538174640625 0.3984375 0.9765625 0.3984375 0.9765625 0.3625 0.9533992937499999 0.3625
0 0.9213135687499999 0.35090054375 0.9206799125 0.378125 0.9328125 0.378125 0.9328125 0.3506998296875 0.9213135687499999 0.35090054375
0 0.8851638312500001 0.32266069375 0.8856955875000001 0.353125 0.9046875 0.353125 0.9046875 0.322433515625 0.8851638312500001 0.32266069375
0 0.8587454843750001 0.34676832812499997 0.8734375 0.34676832812499997 0.8734375 0.3239281265625 0.8587454843750001 0.3239281265625 0.8587454843750001 0.34676832812499997
0 0.8353325125 0.347243934375 0.8357351765625 0.3703125 0.85 0.3703125 0.85 0.347243934375 0.8353325125 0.347243934375
0 0.8383680359374999 0.2907344859375 0.8389115968749999 0.321875 0.85625 0.321875 0.85625 0.2908385203125 0.8383680359374999 0.2907344859375
0 0.856812215625 0.28518845000000004 0.85741153125 0.3109375 0.8671875 0.3109375 0.8671875 0.285309178125 0.856812215625 0.28518845000000004
0 0.7904289703125 0.24572202656250003 0.804942346875 0.24572202656250003 0.804942346875 0.22101507968749998 0.7904289703125 0.22101507968749998 0.7904289703125 0.24572202656250003
0 0.7348839515625001 0.10045886562499999 0.742472903125 0.10045886562499999 0.742472903125 0.07841982812500001 0.7348839515625001 0.07841982812500001 0.7348839515625001 0.10045886562499999
0 0.7372871187500001 0.08539136093750001 0.747405721875 0.08539136093750001 0.747405721875 0.066725646875 0.7372871187500001 0.066725646875 0.7372871187500001 0.08539136093750001
0 0.724512384375 0.0912384515625 0.7329867125 0.0912384515625 0.7329867125 0.0674003109375 0.724512384375 0.0674003109375 0.724512384375 0.0912384515625
0 0.715405640625 0.0840420328125 0.724512384375 0.0840420328125 0.724512384375 0.064476765625 0.715405640625 0.064476765625 0.715405640625 0.0840420328125
0 0.6911209953124999 0.0811184859375 0.696812709375 0.0811184859375 0.696812709375 0.068749640625 0.6911209953124999 0.068749640625 0.6911209953124999 0.0811184859375
0 0.6890625 0.068749640625 0.69592733125 0.068749640625 0.69592733125 0.048959484375 0.6890625 0.048959484375 0.6890625 0.068749640625
0 0.19142515468750002 0.9378007359375001 0.19151256249999998 0.9453125 0.196875 0.9453125 0.196875 0.937737321875 0.19142515468750002 0.9378007359375001
0 0.045071840625 0.979212375 0.045129146875 0.9890625 0.0484375 0.9890625 0.0484375 0.9791536265625 0.045071840625 0.979212375
0 0.0555193328125 0.9582013140625 0.055273809375 0.96875 0.060103771875 0.96875 0.06035256875 0.9580606812500001 0.0555193328125 0.9582013140625
0 0.040006778124999996 0.9757864937499999 0.0400748703125 0.9796875 0.045132984375000004 0.9796875 0.0450674625 0.9759337453124999 0.040006778124999996 0.9757864937499999
0 0.37603306718749996 0.7964658796874999 0.38297418125 0.7964658796874999 0.38297418125 0.784895796875 0.37603306718749996 0.784895796875 0.37603306718749996 0.7964658796874999
0 0.25716648124999997 0.7104616 0.2623723171875 0.7104616 0.2623723171875 0.7012055328125 0.25716648124999997 0.7012055328125 0.25716648124999997 0.7104616
0 0.3005049265625 0.73748585625 0.303916621875 0.73748585625 0.303916621875 0.728260396875 0.3005049265625 0.728260396875 0.3005049265625 0.73748585625
0 0.29595599687499996 0.6751824125 0.299723078125 0.6751824125 0.299723078125 0.667978971875 0.29595599687499996 0.667978971875 0.29595599687499996 0.6751824125
0 0.3187028625 0.6646398765625 0.321062840625 0.6646398765625 0.321062840625 0.6572350250000001 0.3187028625 0.6572350250000001 0.3187028625 0.6646398765625
0 0.2939924953125 0.6513111421875 0.297601875 0.6513111421875 0.297601875 0.644399946875 0.2939924953125 0.644399946875 0.2939924953125 0.6513111421875
0 0.3515405640625 0.650763646875 0.3550944140625 0.650763646875 0.3550944140625 0.644065709375 0.3515405640625 0.644065709375 0.3515405640625 0.650763646875
0 0.3470627109375 0.643939334375 0.350758715625 0.643939334375 0.350758715625 0.637873278125 0.3470627109375 0.637873278125 0.3470627109375 0.643939334375
0 0.3413054734375 0.6223290125000001 0.34464609375 0.6223290125000001 0.34464609375 0.6124716718750001 0.3413054734375 0.6124716718750001 0.3413054734375 0.6223290125000001
0 0.3533174890625 0.6185966406250001 0.3533174890625 0.6114606625000001 0.3467073265625 0.6114606625000001 0.3467073265625 0.6191696078125 0.3533174890625 0.6191696078125 0.3533174890625 0.6185966406250001
0 0.3658981203125 0.6215707546875 0.3690965859375 0.6215707546875 0.3690965859375 0.6147464421875 0.3658981203125 0.6147464421875 0.3658981203125 0.6215707546875
0 0.3604962671875 0.63130171875 0.364831965625 0.63130171875 0.364831965625 0.6267521765625 0.3604962671875 0.6267521765625 0.3604962671875 0.63130171875
0 0.368385815625 0.6415381859375 0.37193966562499997 0.6415381859375 0.37193966562499997 0.6353457546875 0.368385815625 0.6353457546875 0.368385815625 0.6415381859375
0 0.40427970625 0.609375 0.40427970625 0.6142409375 0.40676740312500004 0.6142409375 0.40676740312500004 0.609375 0.40427970625 0.609375
0 0.4556995078125 0.7219394625 0.459864175 0.7219394625 0.459864175 0.7162624078125 0.4556995078125 0.7162624078125 0.4556995078125 0.7219394625
0 0.4955415046875 0.715028265625 0.500122640625 0.715028265625 0.500122640625 0.709104384375 0.4955415046875 0.709104384375 0.4955415046875 0.715028265625
0 0.5259435859375 0.6975034484375 0.5291364984375 0.6975034484375 0.5291364984375 0.6905922515625 0.5259435859375 0.6905922515625 0.5259435859375 0.6975034484375
0 0.0981915140625 0.647165159375 0.1015232484375 0.647165159375 0.1015232484375 0.6404514265625 0.0981915140625 0.6404514265625 0.0981915140625 0.647165159375
0 0.08053331875 0.6661215828125 0.0837539953125 0.6661215828125 0.0837539953125 0.6586179984375 0.08053331875 0.6586179984375 0.08053331875 0.6661215828125
0 0.0789785078125 0.7010724875000001 0.082532359375 0.7010724875000001 0.082532359375 0.693173978125 0.0789785078125 0.693173978125 0.0789785078125 0.7010724875000001
0 0.0813107234375 0.6248345984375 0.0813107234375 0.621297540625 0.0783121609375 0.621297540625 0.0783121609375 0.6256417203125 0.0813107234375 0.6256417203125 0.0813107234375 0.6248345984375
0 0.071981865625 0.6295909765625 0.07564677343750001 0.6295909765625 0.07564677343750001 0.62327216875 0.071981865625 0.62327216875 0.071981865625 0.6295909765625
0 0.060431849999999995 0.630973215625 0.06442993281250001 0.630973215625 0.06442993281250001 0.62425948125 0.060431849999999995 0.62425948125 0.060431849999999995 0.630973215625
0 0.0448837546875 0.708181146875 0.048437604687500004 0.708181146875 0.048437604687500004 0.700875025 0.0448837546875 0.700875025 0.0448837546875 0.708181146875
0 0.031667871874999996 0.678364271875 0.03533278125 0.678364271875 0.03533278125 0.6716505406250001 0.031667871874999996 0.6716505406250001 0.031667871874999996 0.678364271875
0 0.0093452484375 0.719041596875 0.013676503125 0.719041596875 0.013676503125 0.7115380124999999 0.0093452484375 0.7115380124999999 0.0093452484375 0.719041596875
0 0.05372534062499999 0.9738331203125 0.055587115625 0.9738331203125 0.055587115625 0.9697283875 0.05372534062499999 0.9697283875 0.05372534062499999 0.9738331203125
0 0.0010990265625 0.7286658546875 0.003051240625 0.7286658546875 0.003051240625 0.7217237171875001 0.0010990265625 0.7217237171875001 0.0010990265625 0.7286658546875
0 0.13865403125 0.647810646875 0.1410180390625 0.647810646875 0.1410180390625 0.644014165625 0.13865403125 0.644014165625 0.13865403125 0.647810646875
0 0.255806125 0.6680394640625 0.25768513125000003 0.6680394640625 0.25768513125000003 0.6641778984375 0.255806125 0.6641778984375 0.255806125 0.6680394640625
0 0.25929570625 0.6667812 0.261443140625 0.6667812 0.261443140625 0.662182034375 0.25929570625 0.662182034375 0.25929570625 0.6667812
0 0.30265351093750004 0.6726237203125 0.299723078125 0.6726237203125 0.299723078125 0.67703035 0.30265351093750004 0.67703035 0.30265351093750004 0.6726237203125
0 0.29978626249999996 0.609375 0.29978626249999996 0.6138510375 0.3031702265625 0.6138510375 0.3031702265625 0.609375 0.29978626249999996 0.609375
0 0.4184978390625 0.661487134375 0.41476118125 0.661487134375 0.41476118125 0.66657170625 0.4184978390625 0.66657170625 0.4184978390625 0.661487134375
