0 0.058613237500000005 0 0.058722340625 0.0046875 0.0625 0.0046875 0.0625 0 0.058613237500000005 0
0 0.0410548640625 0 0.040877053125 0.007639493749999999 0.0453125 0.007536259375 0.0453125 0 0.0410548640625 0
0 0.0306420828125 0 0.0307329890625 0.0078125 0.034375 0.0078125 0.034375 0 0.0306420828125 0
0 0.01508938125 0.019304246875 0.01485359375 0.0328125 0.0171875 0.0328125 0.0171875 0.0193408703125 0.01508938125 0.019304246875
0 0.010433932812500001 0.019465453125 0.010520675 0.034375 0.0140625 0.034375 0.0140625 0.019528790625 0.010433932812500001 0.019465453125
0 0.0069229921875 0.03827438125 0.006677464062500001 0.059375 0.0109375 0.059375 0.0109375 0.0383911921875 0.0069229921875 0.03827438125
0 0.01910789375 0.00035725625 0.019354151562499998 0.0109375 0.0249769796875 0.0109375 0.024730721875 0.00035725625 0.01910789375 0.00035725625
0 0.234375 1 0.234375 0.9574790046875 0.23057434843750002 0.957501115625 0.2296875 0.9956037156249999 0.2296875 1 0.234375 1
0 0.23125 1 0.23125 0.964898171875 0.22621161562499997 0.9647809015625001 0.226006715625 1 0.23125 1
0 0.21823031249999997 0.960180428125 0.217562534375 0.9984375 0.22793033437500002 0.9984375 0.228125 0.9872850640624999 0.228125 0.9600652937499999 0.21823031249999997 0.960180428125
0 0.2984375 0.9695020062499999 0.29841815625 0.9661771031249999 0.28823202187499997 0.9662956296874998 0.2883372046875 0.984375 0.2984375 0.984375 0.2984375 0.9695020062499999
0 0.29503414375000003 0.94265290625 0.29503414375000003 0.9703125 0.2984375 0.9703125 0.2984375 0.9426331062500001 0.29503414375000003 0.94265290625
0 0.299182903125 0.9383438906249999 0.299368890625 0.9703125 0.3046875 0.9703125 0.3046875 0.9383438906249999 0.299182903125 0.9383438906249999
0 0.315625 0.9703125 0.315625 0.9419908781250002 0.3109752296875 0.9420991015624999 0.3109375 0.9442606328124998 0.3109375 0.9703125 0.315625 0.9703125
0 0.324969703125 0.9889821015625 0.334375 0.9889273828124999 0.334375 0.9672886375 0.3243401875 0.9673470187500002 0.324969703125 0.9889821015625
0 0.26765255 0.8711550203125 0.26754836875 0.8890625 0.2703125 0.8890625 0.2703125 0.8712169328125 0.26765255 0.8711550203125
0 0.2701534046875 0.8681023609375 0.2697746546875 0.884375 0.2734375 0.884375 0.2734375 0.8680832546874999 0.2701534046875 0.8681023609375
0 0.290972821875 0.9328125 0.296875 0.9328125 0.296875 0.9125597781250001 0.2948205546875 0.9125 0.291327378125 0.9125 0.290972821875 0.9328125
0 0.31509718593749997 0.8318003171875 0.3154116859375 0.8453125 0.3203125 0.8453125 0.3203125 0.8317092828125 0.31509718593749997 0.8318003171875
0 0.2886785953125 0.8177465093749999 0.2888870265625 0.8296875 0.29375 0.8296875 0.29375 0.8178940734375001 0.2886785953125 0.8177465093749999
0 0.25849569687499996 0.8200280124999999 0.25827087031249996 0.8296875 0.271875 0.8296875 0.271875 0.8199501734375 0.25849569687499996 0.8200280124999999
0 0.4671875 1 0.4671875 0.9604925874999999 0.4589628671875 0.9604447390625002 0.4591929921875 1 0.4671875 1
0 0.4765625 1 0.4765625 0.9630176328125 0.46880251875 0.9631530828125001 0.46875 0.9721802671875001 0.46875 1 0.4765625 1
0 0.471875 0.872919790625 0.465533078125 0.8728459953125001 0.46452625468750003 0.8728342796874999 0.46471508593750005 0.8890625 0.471875 0.8890625 0.471875 0.872919790625
0 0.356964371875 0.8546158484374999 0.3570556921875 0.8703125 0.3609375 0.8703125 0.3609375 0.8546851999999999 0.356964371875 0.8546158484374999
0 0.281092765625 0.8461187140625 0.280956696875 0.8578125 0.2828125 0.8578125 0.2828125 0.846168753125 0.281092765625 0.8461187140625
0 0.27728151562500003 0.8250976578125 0.277174125 0.83125 0.2796875 0.83125 0.2796875 0.8250696625 0.27728151562500003 0.8250976578125
