0 0.6796875 0.04375 0.67665421875 0.04375 0.640225271875 0.0443858703125 0.640225271875 0.1109375 0.6796875 0.1109375 0.6796875 0.04375
0 0.2516997484375 0.485977646875 0.2516997484375 0.5359375 0.271875 0.5359375 0.271875 0.48562548593749993 0.2516997484375 0.485977646875
0 0.7094551109375 1 0.7094551109375 0.8493804812499999 0.6395525296875 0.8493804812499999 0.6395525296875 1 0.7094551109375 1
0 0.749744734375 1 0.749744734375 0.9184907656250001 0.6974694671874999 0.9184907656250001 0.6974694671874999 1 0.749744734375 1
0 0.8134660640625 1 0.8134660640625 0.859670153125 0.7566966953125001 0.859670153125 0.7566966953125001 1 0.8134660640625 1
0 0.8634570015625 1 0.8634570015625 0.8566571109375001 0.8062639796875001 0.8566571109375001 0.8062639796875001 1 0.8634570015625 1
0 0.89607820625 1 0.89607820625 0.91239839375 0.8634570015625 0.91239839375 0.8634570015625 1 0.89607820625 1
0 0.95411853125 1 0.95411853125 0.945541859375 0.9130242859374998 0.945541859375 0.9130242859374998 1 0.95411853125 1
0 1 1 1 0.9606070703124999 0.9503056624999999 0.9606070703124999 0.9503056624999999 1 1 1
0 1 1 1 0.85590385 0.957507746875 0.85590385 0.957507746875 1 1 1
0 0.9141257812500001 1 0.9141257812500001 0.7988066984375 0.8700659734375 0.7988066984375 0.8700659734375 1 0.9141257812500001 1
0 0.76643221875 1 0.76643221875 0.8332043421875 0.71816978125 0.8332043421875 0.71816978125 1 0.76643221875 1
0 0.9502232625000001 0.8288478593749999 0.9161684187500001 0.8288478593749999 0.9161684187500001 0.89556866875 0.9502232625000001 0.89556866875 0.9502232625000001 0.8288478593749999
0 0.5205596171875 0.7265138906249999 0.5442027890625 0.7265138906249999 0.5442027890625 0.6933463203125 0.5205596171875 0.6933463203125 0.5205596171875 0.7265138906249999
0 0.5398645921874999 0.7164864843750001 0.55895265625 0.7164864843750001 0.55895265625 0.6856329328124999 0.5398645921874999 0.6856329328124999 0.5398645921874999 0.7164864843750001
0 0.581511278125 0.6894896265625 0.554180640625 0.6894896265625 0.554180640625 0.712244121875 0.581511278125 0.712244121875 0.581511278125 0.6894896265625
0 0.971180440625 0.62559495625 0.9777195265625 0.62559495625 0.9777195265625 0.6147266078125 0.971180440625 0.6147266078125 0.971180440625 0.62559495625
0 0.9628018828125 0.6265200296875 0.9703076156249999 0.6265200296875 0.9703076156249999 0.6143879203125 0.9628018828125 0.6143879203125 0.9628018828125 0.6265200296875
0 0.944503815625 0.6215698765625 0.9543657515625 0.6215698765625 0.9543657515625 0.599769990625 0.944503815625 0.599769990625 0.944503815625 0.6215698765625
0 0.9835144343749999 0.5700736671875 0.989698134375 0.5700736671875 0.989698134375 0.5407544 0.9835144343749999 0.5407544 0.9835144343749999 0.5700736671875
0 0.9744165765624999 0.569189034375 0.9824482796874999 0.569189034375 0.9824482796874999 0.5406280234375 0.9744165765624999 0.5406280234375 0.9744165765624999 0.569189034375
0 0.98891961875 0.5601352890625 0.9946057812500001 0.5601352890625 0.9946057812500001 0.529319728125 0.98891961875 0.529319728125 0.98891961875 0.5601352890625
0 0.9983359015625 0.5260844984374999 0.9922403375 0.5260844984374999 0.9922403375 0.555929490625 0.9983359015625 0.555929490625 0.9983359015625 0.5260844984374999
0 0.9526415343749999 0.558076509375 0.9595360046875001 0.558076509375 0.9595360046875001 0.5368453140625 0.9526415343749999 0.5368453140625 0.9526415343749999 0.558076509375
0 0.9225270921875002 0.576156196875 0.927786790625 0.576156196875 0.927786790625 0.5650350953125 0.9225270921875002 0.5650350953125 0.9225270921875002 0.576156196875
0 0.9119366171875001 0.5755243171875 0.9191153953125 0.5755243171875 0.9191153953125 0.5592217921875 0.9119366171875001 0.5592217921875 0.9119366171875001 0.5755243171875
0 0.9363223078124999 0.5475864984375 0.94439665625 0.5475864984375 0.94439665625 0.51695291875 0.9363223078124999 0.51695291875 0.9363223078124999 0.5475864984375
0 0.9667124390625 0.521605140625 0.9732174078125 0.521605140625 0.9732174078125 0.501870240625 0.9667124390625 0.501870240625 0.9667124390625 0.521605140625
0 0.87390571875 0.5742513921875 0.883287884375 0.5742513921875 0.883287884375 0.5608049703125 0.87390571875 0.5608049703125 0.87390571875 0.5742513921875
0 0.8616236109375001 0.572330475 0.868845034375 0.572330475 0.868845034375 0.5543345109375 0.8616236109375001 0.5543345109375 0.8616236109375001 0.572330475
0 0.8530375078125001 0.578093228125 0.86111185625 0.578093228125 0.86111185625 0.5550422171875 0.8530375078125001 0.5550422171875 0.8530375078125001 0.578093228125
0 0.8314132140625 0.6033526609375001 0.837383684375 0.6033526609375001 0.837383684375 0.5911194500000001 0.8314132140625 0.5911194500000001 0.8314132140625 0.6033526609375001
0 0.8392032546875001 0.60001633125 0.8488128671874999 0.60001633125 0.8488128671874999 0.5886930265625001 0.8392032546875001 0.5886930265625001 0.8392032546875001 0.60001633125
0 0.836530759375 0.5877831203125 0.8469932953124999 0.5877831203125 0.8469932953124999 0.5763587140624999 0.836530759375 0.5763587140624999 0.836530759375 0.5877831203125
0 0.84716388125 0.5807060546875 0.852906903125 0.5807060546875 0.852906903125 0.5728201828125 0.84716388125 0.5728201828125 0.84716388125 0.5807060546875
0 0.89007014375 0.5362921921874999 0.898997415625 0.5362921921874999 0.898997415625 0.5201160437500001 0.89007014375 0.5201160437500001 0.89007014375 0.5362921921874999
0 0.9005895421875 0.5356855859375 0.9101422921874999 0.5356855859375 0.9101422921874999 0.5140499890625 0.9005895421875 0.5140499890625 0.9005895421875 0.5356855859375
0 0.8905289234375001 0.5071510359375 0.897992009375 0.5071510359375 0.897992009375 0.49261777812499996 0.8905289234375001 0.49261777812499996 0.8905289234375001 0.5071510359375
0 0.8588030328125 0.5233943218749999 0.8656264265625 0.5233943218749999 0.8656264265625 0.5102512 0.8588030328125 0.5102512 0.8588030328125 0.5233943218749999
0 0.8489233281249999 0.523520696875 0.8551781046875 0.523520696875 0.8551781046875 0.510503953125 0.8489233281249999 0.510503953125 0.8489233281249999 0.523520696875
0 0.8338621093749999 0.5090356203124999 0.8400031625000001 0.5090356203124999 0.8400031625000001 0.4933649781250001 0.8338621093749999 0.4933649781250001 0.8338621093749999 0.5090356203124999
0 0.82099916875 0.558619303125 0.8275951156250001 0.558619303125 0.8275951156250001 0.5400167343750001 0.82099916875 0.5400167343750001 0.82099916875 0.558619303125
0 0.8130420968750001 0.5292806859375 0.819467459375 0.5292806859375 0.819467459375 0.5090605 0.8130420968750001 0.5090605 0.8130420968750001 0.5292806859375
0 0.790674384375 0.5621606015625 0.7977252234375 0.5621606015625 0.7977252234375 0.5289994984374999 0.790674384375 0.5289994984374999 0.790674384375 0.5621606015625
0 0.7777703515625 0.5601354234375 0.7826035890625 0.5601354234375 0.7826035890625 0.5385251 0.7777703515625 0.5385251 0.7777703515625 0.5601354234375
0 0.7877922109375 0.5236127140625 0.783314359375 0.5236127140625 0.783314359375 0.5482560640624999 0.7877922109375 0.5482560640624999 0.7877922109375 0.5236127140625
0 0.7794051234375 0.546234046875 0.78452266875 0.546234046875 0.78452266875 0.5261402374999999 0.7794051234375 0.5261402374999999 0.7794051234375 0.546234046875
0 0.7538107359375 0.6396482375 0.7678484453125 0.6396482375 0.7678484453125 0.6113715734375 0.7538107359375 0.6113715734375 0.7538107359375 0.6396482375
0 0.747147265625 0.6396482375 0.7549657375 0.6396482375 0.7549657375 0.6273265640625001 0.747147265625 0.6273265640625001 0.747147265625 0.6396482375
0 0.7034984140625 0.6216766609375 0.7116056359374999 0.6216766609375 0.7116056359374999 0.5991659078125 0.7034984140625 0.5991659078125 0.7034984140625 0.6216766609375
0 0.6951690765625 0.6319447234375 0.704497934375 0.6319447234375 0.704497934375 0.6171350171875 0.6951690765625 0.6171350171875 0.6951690765625 0.6319447234375
0 0.7329634453125 0.54919549375 0.740515378125 0.54919549375 0.740515378125 0.5312263843749999 0.7329634453125 0.5312263843749999 0.7329634453125 0.54919549375
0 0.709348871875 0.5473735296875001 0.7019568625 0.5473735296875001 0.7019568625 0.5779565578125 0.709348871875 0.5779565578125 0.709348871875 0.5473735296875001
0 0.698758396875 0.569742109375 0.7036627109375 0.569742109375 0.7036627109375 0.54219210625 0.698758396875 0.54219210625 0.698758396875 0.569742109375
0 0.675942675 0.5794493765625 0.68631991875 0.5794493765625 0.68631991875 0.5478553390625001 0.675942675 0.5478553390625001 0.675942675 0.5794493765625
0 0.6675555875 0.574141578125 0.671393746875 0.574141578125 0.671393746875 0.5564489171875 0.6675555875 0.5564489171875 0.6675555875 0.574141578125
0 0.6703275921875 0.57313056875 0.6750897515625 0.57313056875 0.6750897515625 0.550130109375 0.6703275921875 0.550130109375 0.6703275921875 0.57313056875
0 0.6900402875 0.5267665640625 0.6989249140625 0.5267665640625 0.6989249140625 0.501293871875 0.6900402875 0.501293871875 0.6900402875 0.5267665640625
0 0.7028119375 0.53506 0.7099196390625 0.53506 0.7099196390625 0.50958730625 0.7028119375 0.50958730625 0.7028119375 0.53506
0 0.7125703124999999 0.4984217765625 0.716692778125 0.4984217765625 0.716692778125 0.48944906874999994 0.7125703124999999 0.48944906874999994 0.7125703124999999 0.4984217765625
0 0.7032592234375 0.49500962031249995 0.7080213828125 0.49500962031249995 0.7080213828125 0.4885644359375 0.7032592234375 0.4885644359375 0.7032592234375 0.49500962031249995
0 0.70859 0.49450411562499996 0.712286003125 0.49450411562499996 0.712286003125 0.48742705 0.70859 0.48742705 0.70859 0.49450411562499996
0 0.71391455625 0.5283223734375 0.7214202890625 0.5283223734375 0.7214202890625 0.5060801703125 0.71391455625 0.5060801703125 0.71391455625 0.5283223734375
0 0.6016151671875 0.6252395546875 0.6091671 0.6252395546875 0.6091671 0.613194328125 0.6016151671875 0.613194328125 0.6016151671875 0.6252395546875
0 0.5887324578124999 0.6252395546875 0.6016151671875 0.6252395546875 0.6016151671875 0.5971998453125 0.5887324578124999 0.5971998453125 0.5887324578124999 0.6252395546875
0 0.6146089328125 0.6143791046875 0.6282690468750001 0.6143791046875 0.6282690468750001 0.5942379046875 0.6146089328125 0.5942379046875 0.6146089328125 0.6143791046875
0 0.6111342109375 0.5470048171874999 0.6010057375 0.5470048171874999 0.6010057375 0.5816002890625 0.6111342109375 0.5816002890625 0.6111342109375 0.5470048171874999
0 0.5974518859375 0.5849176625 0.6034934328125 0.5849176625 0.6034934328125 0.5631177765625 0.5974518859375 0.5631177765625 0.5974518859375 0.5849176625
0 0.64860394375 0.535347234375 0.6558538 0.535347234375 0.6558538 0.5064070953125 0.64860394375 0.5064070953125 0.64860394375 0.535347234375
0 0.6560670296875 0.5136105359375 0.6466848640625 0.5136105359375 0.6466848640625 0.5500068671875 0.6560670296875 0.5500068671875 0.6560670296875 0.5136105359375
0 0.6370894671875 0.5444463171875 0.6442682453125 0.5444463171875 0.6442682453125 0.5232151234375 0.6370894671875 0.5232151234375 0.6370894671875 0.5444463171875
0 0.640572240625 0.5390121421874999 0.6461162484375 0.5390121421874999 0.6461162484375 0.519044709375 0.640572240625 0.519044709375 0.640572240625 0.5390121421874999
0 0.6323273078125 0.54052865625 0.6380845453124999 0.54052865625 0.6380845453124999 0.5137369109375 0.6323273078125 0.5137369109375 0.6323273078125 0.54052865625
0 0.6375159296875 0.52827016875 0.6289156109375 0.52827016875 0.6289156109375 0.5521552625 0.6375159296875 0.5521552625 0.6375159296875 0.52827016875
0 0.6172689765625 0.545052528125 0.6217112890625 0.545052528125 0.6217112890625 0.529255509375 0.6172689765625 0.529255509375 0.6172689765625 0.545052528125
0 0.622960690625 0.5470271546875 0.6276806484375 0.5470271546875 0.6276806484375 0.5277745375 0.622960690625 0.5277745375 0.622960690625 0.5470271546875
0 0.612410196875 0.53172379375 0.6192124890625 0.53172379375 0.6192124890625 0.499882925 0.612410196875 0.499882925 0.612410196875 0.53172379375
0 0.600749125 0.5364135328125 0.610189040625 0.5364135328125 0.610189040625 0.5161736031249999 0.600749125 0.5161736031249999 0.600749125 0.5364135328125
0 0.60227616875 0.5161736031249999 0.610189040625 0.5161736031249999 0.610189040625 0.49544001406249993 0.60227616875 0.49544001406249993 0.60227616875 0.5161736031249999
0 0.6029924921875 0.491786953125 0.6075236515625 0.491786953125 0.6075236515625 0.4655639015625 0.6029924921875 0.4655639015625 0.6029924921875 0.491786953125
0 0.5771382296875001 0.49458105156250004 0.5833574671874999 0.49458105156250004 0.5833574671874999 0.466778296875 0.5771382296875001 0.466778296875 0.5771382296875001 0.49458105156250004
0 0.5334088609375 0.5048670093750001 0.5406276203125 0.5048670093750001 0.5406276203125 0.4770247625 0.5334088609375 0.4770247625 0.5334088609375 0.5048670093750001
0 0.517469025 0.578050865625 0.5265757671875 0.578050865625 0.5265757671875 0.536188765625 0.517469025 0.536188765625 0.517469025 0.578050865625
0 0.5180938984375001 0.45644649062500003 0.5257702156249999 0.45644649062500003 0.5257702156249999 0.439891215625 0.5180938984375001 0.439891215625 0.5180938984375001 0.45644649062500003
0 0.586735146875 0.465046096875 0.58256476875 0.465046096875 0.58256476875 0.49417646406250004 0.586735146875 0.49417646406250004 0.586735146875 0.465046096875
0 0.6188976703125 0.551419853125 0.6225885734375 0.551419853125 0.6225885734375 0.5417117078125 0.6188976703125 0.5417117078125 0.6188976703125 0.551419853125
0 0.652110078125 0.7459571781250001 0.5921841765625 0.7459571781250001 0.5921841765625 0.79173199375 0.652110078125 0.79173199375 0.652110078125 0.7459571781250001
0 0.6780686546875 0.6169127015625 0.6629361421875 0.6169127015625 0.6629361421875 0.6335434937500001 0.6780686546875 0.6335434937500001 0.6780686546875 0.6169127015625
0 0.8709097531250001 0.5778822234375001 0.8656967812499999 0.5778822234375001 0.8656967812499999 0.58996470625 0.8709097531250001 0.58996470625 0.8709097531250001 0.5778822234375001
0 0.9182113265625 0.5716099921875 0.9130257609375001 0.5716099921875 0.9130257609375001 0.5892365125 0.9182113265625 0.5892365125 0.9182113265625 0.5716099921875
0 0.8985894406250001 0.5350283421875 0.8931083734375 0.5350283421875 0.8931083734375 0.569518696875 0.8985894406250001 0.569518696875 0.8985894406250001 0.5350283421875
0 0.9065489046874999 0.548502459375 0.902593003125 0.548502459375 0.902593003125 0.566383209375 0.9065489046874999 0.566383209375 0.9065489046874999 0.548502459375
0 0.9538092203125 0.555878865625 0.9474797796875001 0.555878865625 0.9474797796875001 0.57059023125 0.9538092203125 0.57059023125 0.9538092203125 0.555878865625
0 1 0.4800728796875 0.9966652249999999 0.4800728796875 0.9966652249999999 0.4954656296875 1 0.4954656296875 1 0.4800728796875
0 0.9885665015625001 0.4729558 0.9830742640625001 0.4729558 0.9830742640625001 0.49579665781250004 0.9885665015625001 0.49579665781250004 0.9885665015625001 0.4729558
0 0.9341095671874999 0.5244304843750001 0.92787261875 0.5244304843750001 0.92787261875 0.553726365625 0.9341095671874999 0.553726365625 0.9341095671874999 0.5244304843750001
0 0.783314359375 0.524829571875 0.783314359375 0.5051692203125 0.78052544375 0.5051692203125 0.78052544375 0.524829571875 0.782660678125 0.524829571875 0.783314359375 0.524829571875
0 0.7780470484374999 0.517304403125 0.78052544375 0.517304403125 0.78052544375 0.5095080578125 0.7780470484374999 0.5095080578125 0.7780470484374999 0.517304403125
