0 0.74169011875 0.9041002515625 0.749526853125 0.9041002515625 0.749526853125 0.8927346937499999 0.74169011875 0.8927346937499999 0.74169011875 0.9041002515625
0 0.813454190625 0.7348517125 0.8203175203124999 0.7348517125 0.8203175203124999 0.7286571171875 0.813454190625 0.7286571171875 0.813454190625 0.7348517125
0 0.8753297484375 0.6760969171875 0.8790253874999999 0.6760969171875 0.8790253874999999 0.66502173125 0.8753297484375 0.66502173125 0.8753297484375 0.6760969171875
0 0.9088016796874999 0.7012507265625 0.9121805500000001 0.7012507265625 0.9121805500000001 0.6926158375 0.9088016796874999 0.6926158375 0.9088016796874999 0.7012507265625
0 0.909760434375 0.7096678671875 0.912058065625 0.7096678671875 0.912058065625 0.7049825015625 0.909760434375 0.7049825015625 0.909760434375 0.7096678671875
0 0.944427640625 0.6786723671875 0.9524017734375001 0.6786723671875 0.9524017734375001 0.6700224593749999 0.944427640625 0.6700224593749999 0.944427640625 0.6786723671875
0 0.9406433062499999 0.6765098890625 0.9434815578125001 0.6765098890625 0.9434815578125001 0.6646162671875 0.9406433062499999 0.6646162671875 0.9406433062499999 0.6765098890625
0 0.9439545984375 0.65164140625 0.9462522312500001 0.65164140625 0.9462522312500001 0.6417901234375 0.9439545984375 0.6417901234375 0.9439545984375 0.65164140625
0 0.9346289171875 0.6536837453125 0.9384132515625 0.6536837453125 0.9384132515625 0.6437123234375 0.9346289171875 0.6437123234375 0.9346289171875 0.6536837453125
0 0.929628190625 0.65116085625 0.9338179890625 0.65116085625 0.9338179890625 0.6371047562500001 0.929628190625 0.6371047562500001 0.929628190625 0.65116085625
0 0.834479209375 0.6542844328124999 0.8383986984374999 0.6542844328124999 0.8383986984374999 0.6419102609375 0.834479209375 0.6419102609375 0.834479209375 0.6542844328124999
0 0.8308300296875 0.6500796171875 0.8331276624999999 0.6500796171875 0.8331276624999999 0.63566310625 0.8308300296875 0.63566310625 0.8308300296875 0.6500796171875
0 0.8479271125000001 0.63698461875 0.8500895890625 0.63698461875 0.8500895890625 0.6268930609375001 0.8479271125000001 0.6268930609375001 0.8479271125000001 0.63698461875
0 0.8547524296875 0.63746516875 0.8823915875000001 0.63746516875 0.8823915875000001 0.6050280171875 0.8547524296875 0.6050280171875 0.8547524296875 0.63746516875
0 0.8670044828125001 0.66183388125 0.8692534593750001 0.66183388125 0.8692534593750001 0.6532224171875 0.8670044828125001 0.6532224171875 0.8670044828125001 0.66183388125
0 0.844428225 0.6516077671875 0.847109696875 0.6516077671875 0.847109696875 0.64491850625 0.844428225 0.64491850625 0.844428225 0.6516077671875
0 0.8392296312499999 0.65727288125 0.8416931249999999 0.65727288125 0.8416931249999999 0.6480217078125 0.8392296312499999 0.6480217078125 0.8392296312499999 0.65727288125
0 0.8477549796874999 0.6665240515625 0.8661343031250001 0.6665240515625 0.8661343031250001 0.6471851656250001 0.8477549796874999 0.6471851656250001 0.8477549796874999 0.6665240515625
0 0.8367938171875 0.67228143125 0.8527926859375 0.67228143125 0.8527926859375 0.658109421875 0.8367938171875 0.658109421875 0.8367938171875 0.67228143125
0 0.8841584390625 0.6498852828125 0.9205312984375 0.6498852828125 0.9205312984375 0.613594115625 0.8841584390625 0.613594115625 0.8841584390625 0.6498852828125
0 0.68046680625 0.6710226671874999 0.66918138125 0.6710226671874999 0.66918138125 0.675107346875 0.68046680625 0.675107346875 0.68046680625 0.6710226671874999
0 0.043509417187499996 0.6444821125 0.052590131250000005 0.6444821125 0.052590131250000005 0.6394138078125 0.043509417187499996 0.6394138078125 0.043509417187499996 0.6444821125
0 0.1666692296875 0.5613179140625 0.27470859999999997 0.5613179140625 0.27470859999999997 0.5469014015625 0.1666692296875 0.5469014015625 0.1666692296875 0.5613179140625
0 0.7236422015625 0.6241130828125 0.7305055312500001 0.6241130828125 0.7305055312500001 0.6194202078125 0.7236422015625 0.6194202078125 0.7236422015625 0.6241130828125
0 0.7301095703125 0.6032297890625 0.757166928125 0.6032297890625 0.757166928125 0.5769496890625 0.7301095703125 0.5769496890625 0.7301095703125 0.6032297890625
