0 0.0280971375 0 0.0280971375 0.05 0.046875 0.05 0.046875 0 0.0280971375 0
0 0.046965214062499996 0 0.046875 0.0038759515624999996 0.046875 0.0484375 0.0662666421875 0.0484375 0.0671875 0.00887369375 0.0671875 0 0.046965214062499996 0
0 0.06579318281249999 0 0.0662840796875 0.0421875 0.08125 0.0421875 0.08125 0 0.06579318281249999 0
0 0.0821866703125 0 0.083314065625 0.0484375 0.1046875 0.0484375 0.1046875 0 0.0821866703125 0
0 0.965340559375 0.2442669890625 0.965340559375 0.284375 0.9734375 0.284375 0.9734375 0.2442198828125 0.965340559375 0.2442669890625
0 0.9609375 0.422293721875 0.9491447187500001 0.42222511406249996 0.9484375 0.4526101234375 0.9484375 0.471875 0.9604307328124999 0.471875 0.9609375 0.45010223437499997 0.9609375 0.422293721875
0 1 0.16523843124999998 0.995879709375 0.16523843124999998 0.995879709375 0.1957347328125 1 0.1957347328125 1 0.16523843124999998
0 0.714670184375 0.41400267812499997 0.7085778578124999 0.41400267812499997 0.7085778578124999 0.43832085000000004 0.714670184375 0.43832085000000004 0.714670184375 0.41400267812499997
0 0.7549106968749999 0.4796875 0.7549106968749999 0.441469184375 0.742333734375 0.441469184375 0.742333734375 0.4796875 0.7549106968749999 0.4796875
0 0.5157487281249999 0.46320613593750004 0.5259891453125001 0.46320613593750004 0.5259891453125001 0.41904729375 0.5157487281249999 0.41904729375 0.5157487281249999 0.46320613593750004
0 0.5290503109375 0.41736025000000004 0.5157579609375 0.41736025000000004 0.5157579609375 0.4419413203125 0.5290503109375 0.4419413203125 0.5290503109375 0.41736025000000004
0 0.9161192984375 0.047946401562500005 0.9217316234374999 0.047946401562500005 0.9217316234374999 0.0371675359375 0.9161192984375 0.0371675359375 0.9161192984375 0.047946401562500005
0 0.556204346875 0.4796875 0.556204346875 0.465629715625 0.542473534375 0.465629715625 0.542473534375 0.4796875 0.556204346875 0.4796875
0 0.6321657234375 0.4796875 0.6321657234375 0.46236313906250004 0.6178395234374999 0.46236313906250004 0.6178395234374999 0.4796875 0.6321657234375 0.4796875
0 0.649962703125 0.4796875 0.649962703125 0.469592865625 0.6395503609375 0.469592865625 0.6395503609375 0.4796875 0.649962703125 0.4796875
0 0.911058359375 0.0715882671875 0.9004983265625001 0.0715882671875 0.9004983265625001 0.0870993171875 0.911058359375 0.0870993171875 0.911058359375 0.0715882671875
0 0.9446584671875 0.0803953875 0.9389722953125 0.0803953875 0.9389722953125 0.10037572343750001 0.9446584671875 0.10037572343750001 0.9446584671875 0.0803953875
0 0.9232158390624999 0.054574784375 0.9283579109375001 0.054574784375 0.9283579109375001 0.047238846875000004 0.9232158390624999 0.047238846875000004 0.9232158390624999 0.054574784375
0 0.931042375 0.0605646796875 0.9359575906250001 0.0605646796875 0.9359575906250001 0.037345425 0.931042375 0.037345425 0.931042375 0.0605646796875
0 0.9276395328125 0.073217490625 0.9321766546875001 0.073217490625 0.9321766546875001 0.061978025000000006 0.9276395328125 0.061978025000000006 0.9276395328125 0.073217490625
0 0.929794665625 0.076717203125 0.9362600656249999 0.076717203125 0.9362600656249999 0.059824354687500005 0.929794665625 0.059824354687500005 0.929794665625 0.076717203125
0 0.944351265625 0.08259352656249999 0.949153053125 0.08259352656249999 0.949153053125 0.06792165 0.944351265625 0.06792165 0.944351265625 0.08259352656249999
0 0.9473760140625 0.09874605 0.95437074375 0.09874605 0.95437074375 0.074921078125 0.9473760140625 0.074921078125 0.9473760140625 0.09874605
0 0.8675451140625 0.07117821875 0.8735946109375 0.07117821875 0.8735946109375 0.06074638125 0.8675451140625 0.06074638125 0.8675451140625 0.07117821875
0 0.83675530625 0.0543420078125 0.8444944078125001 0.0543420078125 0.8444944078125001 0.03814741875 0.83675530625 0.03814741875 0.83675530625 0.0543420078125
0 0.897279775 0 0.897279775 0.008309484374999999 0.902183175 0.008309484374999999 0.902183175 0 0.897279775 0
0 0.9034151171874999 0 0.9034151171874999 0.009359390625 0.9099844921875 0.009359390625 0.9099844921875 0 0.9034151171874999 0
0 0.9907855906249999 0 0.9907855906249999 0.00685059375 0.9963624703124999 0.00685059375 0.9963624703124999 0 0.9907855906249999 0
0 0.7541702578124999 0.3965731484375 0.765025678125 0.3965731484375 0.765025678125 0.341232875 0.7541702578124999 0.341232875 0.7541702578124999 0.3965731484375
0 0.7448620078125 0.39149488125 0.7541702578124999 0.39149488125 0.7541702578124999 0.33720620625 0.7448620078125 0.33720620625 0.7448620078125 0.39149488125
0 0.5948703390625 0.394763421875 0.6054857578125 0.394763421875 0.6054857578125 0.33704884062499996 0.5948703390625 0.33704884062499996 0.5948703390625 0.394763421875
0 0.6096571953125001 0.3489454140625 0.605432215625 0.3489454140625 0.6007725515625 0.3489454140625 0.6007725515625 0.40974084375000003 0.6096571953125001 0.40974084375000003 0.6096571953125001 0.3489454140625
0 0.8217850500000001 0.057892346875 0.82651121875 0.057892346875 0.82651121875 0.031981007812500004 0.8217850500000001 0.031981007812500004 0.8217850500000001 0.057892346875
0 0.8184294703125001 0.055620898437499997 0.823817303125 0.055620898437499997 0.823817303125 0.0292889203125 0.8184294703125001 0.0292889203125 0.8184294703125001 0.055620898437499997
0 0.8315209578125 0.036187393750000005 0.8251878906249999 0.036187393750000005 0.8251878906249999 0.0496478296875 0.8315209578125 0.0496478296875 0.8315209578125 0.036187393750000005
0 0.7880282249999999 0 0.7880282249999999 0.007040803125 0.79275439375 0.007040803125 0.79275439375 0 0.7880282249999999 0
0 0.52093566875 0.3180638234375 0.5255510671875 0.3180638234375 0.5255510671875 0.2822438109375 0.52093566875 0.2822438109375 0.52093566875 0.3180638234375
0 0.6879340453125 0.3489454140625 0.7447672234375 0.3489454140625 0.7447672234375 0.2772103703125 0.605432215625 0.2772103703125 0.605432215625 0.3489454140625 0.68729401875 0.3489454140625 0.6879340453125 0.3489454140625
0 0.6097570984375 0.417747196875 0.6324787078125 0.417747196875 0.6324787078125 0.382199234375 0.6324787078125 0.3806588078125 0.6324787078125 0.37834817187500003 0.6324787078125 0.3489454140625 0.6097570984375 0.3489454140625 0.6097570984375 0.417747196875
0 0.6875013515624999 0.409174271875 0.7447726875 0.409174271875 0.7447726875 0.3486385125 0.6875013515624999 0.3486385125 0.6875013515624999 0.409174271875
0 0.6875013515624999 0.3486385125 0.6324787078125 0.3486385125 0.6324787078125 0.382199234375 0.6875013515624999 0.382199234375 0.6875013515624999 0.3486385125
0 0.309375 0.8445406953125 0.29375 0.8446315984374999 0.29375 0.9140625 0.309375 0.9140625 0.309375 0.8445406953125
0 0.5382071453125 0.5475795156250001 0.5382071453125 0.63125 0.5671875 0.63125 0.5671875 0.5474109125 0.5382071453125 0.5475795156250001
0 0.5703125 0.577228553125 0.5422905015625 0.5770655265625 0.5421875 0.5814908937500001 0.5421875 0.680905121875 0.5679547796875 0.68105503125 0.5703125 0.579757734375 0.5703125 0.577228553125
