0 0.33580416875 0.1425769640625 0.33572462187499996 0.15625 0.3390625 0.15625 0.3390625 0.1425769640625 0.33580416875 0.1425769640625
0 0.33418055 0.0277750125 0.3344593953125 0.04375 0.3375 0.04375 0.3375 0.0277557 0.33418055 0.0277750125
0 0.040625 0.12487661406249999 0.034375 0.12480388906249999 0.034375 0.1421875 0.040625 0.1421875 0.040625 0.12487661406249999
0 0.11644785625000001 0.19280659375 0.11626774843750001 0.203125 0.121875 0.203125 0.121875 0.19274344375000002 0.11644785625000001 0.19280659375
0 0.99375 0.21369976249999997 0.9804453593750001 0.2134675296875 0.9804453593750001 0.262461365625 0.982658725 0.2625 0.99375 0.2625 0.99375 0.21369976249999997
0 0.9819437765625001 0.21023166093749998 0.9822511468750001 0.2234375 0.9875 0.2234375 0.9875 0.21013467656249998 0.9819437765625001 0.21023166093749998
0 1 1 1 0.9684243484374999 0.9670366937499999 0.9684243484374999 0.9670366937499999 1 1 1
0 0.7125218656250001 0.9930884015625001 0.7432807671875 0.9930884015625001 0.7432807671875 0.9512667453125001 0.7125218656250001 0.9512667453125001 0.7125218656250001 0.9930884015625001
0 0.7589617750000001 1 0.7589617750000001 0.961990246875 0.736043378125 0.961990246875 0.736043378125 1 0.7589617750000001 1
0 0.75413685 0.9963054515625 0.784292634375 0.9963054515625 0.784292634375 0.9480496953124999 0.75413685 0.9480496953124999 0.75413685 0.9963054515625
0 0.8747599906249999 0.9148068421875 0.9079313546875 0.9148068421875 0.9079313546875 0.8751298875 0.8747599906249999 0.8751298875 0.8747599906249999 0.9148068421875
0 0.5154389734375 0.8775870703124999 0.5426129546875 0.8775870703124999 0.5426129546875 0.8477191156250001 0.5154389734375 0.8477191156250001 0.5154389734375 0.8775870703124999
0 0.4296875 0.8257573859375 0.43441110156249996 0.8257573859375 0.43441110156249996 0.8002817796875 0.4296875 0.8002817796875 0.4296875 0.8257573859375
0 0.5715161890625 0.8411305984374999 0.585350215625 0.8411305984374999 0.585350215625 0.8051133593750001 0.5715161890625 0.8051133593750001 0.5715161890625 0.8411305984374999
0 0.5878205765625 0.818290396875 0.5967138796875 0.818290396875 0.5967138796875 0.776123875 0.5878205765625 0.776123875 0.5878205765625 0.818290396875
0 0.5944905546875 0.8240004484375 0.6127712328125 0.8240004484375 0.6127712328125 0.7967679015625 0.5944905546875 0.7967679015625 0.5944905546875 0.8240004484375
0 0.5436010984374999 0.8257573859375 0.5608936328125 0.8257573859375 0.5608936328125 0.8086272359375 0.5436010984374999 0.8086272359375 0.5436010984374999 0.8257573859375
0 0.653439565625 0.83166839375 0.6704233046875 0.83166839375 0.6704233046875 0.8042162312500001 0.653439565625 0.8042162312500001 0.653439565625 0.83166839375
0 0.8263649000000001 0.8248053531250001 0.8352427640624999 0.8248053531250001 0.8352427640624999 0.8000984078125001 0.8263649000000001 0.8000984078125001 0.8263649000000001 0.8248053531250001
0 0.8005033000000001 0.8172560093750001 0.8109251390625 0.8172560093750001 0.8109251390625 0.7911764531250001 0.8005033000000001 0.7911764531250001 0.8005033000000001 0.8172560093750001
0 0.900475759375 0.8035299281249999 0.908967628125 0.8035299281249999 0.908967628125 0.7843134125000001 0.900475759375 0.7843134125000001 0.900475759375 0.8035299281249999
0 1 0.7845804281250001 0.9872375718749999 0.7845804281250001 0.9872375718749999 0.8010517265624999 1 0.8010517265624999 1 0.7845804281250001
0 0.4872305265625 0.8164217203125 0.50483185625 0.8164217203125 0.50483185625 0.79775425 0.4872305265625 0.79775425 0.4872305265625 0.8164217203125
0 0.94122225625 0.79580364375 0.9473981609374998 0.79580364375 0.9473981609374998 0.7587432234375 0.94122225625 0.7587432234375 0.94122225625 0.79580364375
0 0.8370038624999999 0.793235365625 0.8431797671875 0.793235365625 0.8431797671875 0.763547353125 0.8370038624999999 0.763547353125 0.8370038624999999 0.793235365625
0 0.7559451109374999 0.8006077734374999 0.769068909375 0.8006077734374999 0.769068909375 0.785509084375 0.7559451109374999 0.785509084375 0.7559451109374999 0.8006077734374999
0 0.7389613734375 0.8033529890625001 0.7470672484375 0.8033529890625001 0.7470672484375 0.788940603125 0.7389613734375 0.788940603125 0.7389613734375 0.8033529890625001
0 0.6637621921875001 0.7988796812500001 0.6764227968750001 0.7988796812500001 0.6764227968750001 0.7697803875 0.6637621921875001 0.7697803875 0.6637621921875001 0.7988796812500001
0 0.7366378703125 0.7939382921875 0.744975340625 0.7939382921875 0.744975340625 0.767584215625 0.7366378703125 0.767584215625 0.7366378703125 0.7939382921875
0 0.9488807171874999 0.7458833625000001 0.9526989078125 0.7458833625000001 0.9526989078125 0.72315560625 0.9488807171874999 0.72315560625 0.9488807171874999 0.7458833625000001
0 0.98706263125 0.7689062828125 0.9927069140625001 0.7689062828125 0.9927069140625001 0.746768859375 0.98706263125 0.746768859375 0.98706263125 0.7689062828125
0 0.9940349812499999 0.7612319765625 0.9983511968750001 0.7612319765625 0.9983511968750001 0.7511963453125 0.9940349812499999 0.7511963453125 0.9940349812499999 0.7612319765625
0 0.9585092 0.76920145 0.9629914249999999 0.76920145 0.9629914249999999 0.75237700625 0.9585092 0.75237700625 0.9585092 0.76920145
0 0.964817515625 0.7677256203124999 0.9686357078124999 0.7677256203124999 0.9686357078124999 0.74883501875 0.964817515625 0.74883501875 0.964817515625 0.7677256203124999
0 0.9591732328125001 0.74883501875 0.9633234406250001 0.74883501875 0.9633234406250001 0.7281734234374999 0.9591732328125001 0.7281734234374999 0.9591732328125001 0.74883501875
0 0.9243114859375 0.76920145 0.9284616937500001 0.76920145 0.9284616937500001 0.75237700625 0.9243114859375 0.75237700625 0.9243114859375 0.76920145
0 0.9023983859375001 0.767135290625 0.905220528125 0.767135290625 0.905220528125 0.751786675 0.9023983859375001 0.751786675 0.9023983859375001 0.767135290625
0 0.9077106531249999 0.7647739640625 0.9120268703125 0.7647739640625 0.9120268703125 0.7506060124999999 0.9077106531249999 0.7506060124999999 0.9077106531249999 0.7647739640625
0 0.9028964109375 0.748539853125 0.9075446453125 0.748539853125 0.9075446453125 0.7346670671875 0.9028964109375 0.7346670671875 0.9028964109375 0.748539853125
0 0.9193312359375 0.744997865625 0.9248095109375001 0.744997865625 0.9248095109375001 0.727287925 0.9193312359375 0.727287925 0.9193312359375 0.744997865625
0 0.9063825859375001 0.724041103125 0.9110308187499999 0.724041103125 0.9110308187499999 0.7081021578125 0.9063825859375001 0.7081021578125 0.9063825859375001 0.724041103125
0 0.8365379468749999 0.7684421718750001 0.8405327703125 0.7684421718750001 0.8405327703125 0.7489470703125 0.8365379468749999 0.7489470703125 0.8365379468749999 0.7684421718750001
0 0.8421476999999999 0.767686546875 0.8480974374999999 0.767686546875 0.8480974374999999 0.7503071921875 0.8421476999999999 0.7503071921875 0.8421476999999999 0.767686546875
0 0.857702015625 0.7699534187499999 0.8637367499999999 0.7699534187499999 0.8637367499999999 0.741541953125 0.857702015625 0.741541953125 0.857702015625 0.7699534187499999
0 0.8664566296875 0.7549920625000001 0.8707914406249999 0.7549920625000001 0.8707914406249999 0.7279407203125 0.8664566296875 0.7279407203125 0.8664566296875 0.7549920625000001
0 0.8730863390625 0.7688955453125 0.8770811625 0.7688955453125 0.8770811625 0.7453200750000001 0.8730863390625 0.7453200750000001 0.8730863390625 0.7688955453125
0 0.8781861140625 0.762699428125 0.883285890625 0.762699428125 0.883285890625 0.745017825 0.8781861140625 0.745017825 0.8781861140625 0.762699428125
0 0.7370305421875 0.767584215625 0.742608421875 0.767584215625 0.742608421875 0.7390103515625001 0.7370305421875 0.7390103515625001 0.7370305421875 0.767584215625
0 0.742608421875 0.764748796875 0.7493815625 0.764748796875 0.7493815625 0.7364128937500001 0.742608421875 0.7364128937500001 0.742608421875 0.764748796875
0 0.684239365625 0.7252561046875 0.6900828578125 0.7252561046875 0.6900828578125 0.707782296875 0.684239365625 0.707782296875 0.684239365625 0.7252561046875
0 0.6305695328125 0.782085653125 0.6372629875 0.782085653125 0.6372629875 0.7554499046875 0.6305695328125 0.7554499046875 0.6305695328125 0.782085653125
0 0.6167576390625 0.7854859609375 0.6232386046875 0.7854859609375 0.6232386046875 0.761872709375 0.6167576390625 0.761872709375 0.6167576390625 0.7854859609375
0 0.6232386046875 0.782274559375 0.627807153125 0.782274559375 0.627807153125 0.756394434375 0.6232386046875 0.756394434375 0.6232386046875 0.782274559375
0 0.5960398015624999 0.7596058359375 0.6023082750000001 0.7596058359375 0.6023082750000001 0.735236959375 0.5960398015624999 0.735236959375 0.5960398015624999 0.7596058359375
0 0.429887646875 0.76716516875 0.43569793749999997 0.76716516875 0.43569793749999997 0.7487173140625 0.429887646875 0.7487173140625 0.429887646875 0.76716516875
0 0.43549042812499994 0.7468725296875001 0.4423382703125 0.7468725296875001 0.4423382703125 0.7188317921875 0.43549042812499994 0.7188317921875 0.43549042812499994 0.7468725296875001
0 0.43569793749999997 0.731007375 0.44399835468750004 0.731007375 0.44399835468750004 0.7092389078125001 0.43569793749999997 0.7092389078125001 0.43569793749999997 0.731007375
0 0.4296875 0.7509310578124999 0.43383034374999996 0.7509310578124999 0.43383034374999996 0.7328521609375 0.4296875 0.7328521609375 0.4296875 0.7509310578124999
0 0.44420586406249996 0.7634755984374999 0.452713790625 0.7634755984374999 0.452713790625 0.7479794015625 0.44420586406249996 0.7479794015625 0.44420586406249996 0.7634755984374999
0 0.45250628125 0.7623687265625 0.4591466140625 0.7623687265625 0.4591466140625 0.7417071296875 0.45250628125 0.7417071296875 0.45250628125 0.7623687265625
0 0.47377526718749996 0.767315703125 0.4831248546875 0.767315703125 0.4831248546875 0.7465360406249999 0.47377526718749996 0.7465360406249999 0.47377526718749996 0.767315703125
0 0.4625132625 0.761648521875 0.46888798125 0.761648521875 0.46888798125 0.74426916875 0.4625132625 0.74426916875 0.4625132625 0.761648521875
0 0.45953839375000005 0.7370907390625 0.47303154999999997 0.7370907390625 0.47303154999999997 0.7166888890625 0.45953839375000005 0.7166888890625 0.45953839375000005 0.7370907390625
0 0.48333734531249994 0.7386019875000001 0.49162448125 0.7386019875000001 0.49162448125 0.721033728125 0.48333734531249994 0.721033728125 0.48333734531249994 0.7386019875000001
0 0.47919377812499997 0.7457804171875 0.48822463124999993 0.7457804171875 0.48822463124999993 0.7331237140625 0.47919377812499997 0.7331237140625 0.47919377812499997 0.7457804171875
0 0.5393476609375 0.764075378125 0.546610525 0.764075378125 0.546610525 0.728563259375 0.5393476609375 0.728563259375 0.5393476609375 0.764075378125
0 0.625464478125 0.7304080453124999 0.6329867296874999 0.7304080453124999 0.6329867296874999 0.7082706203125 0.625464478125 0.7082706203125 0.625464478125 0.7304080453124999
0 0.6716355421875 0.741386621875 0.6716355421875 0.7230289046875 0.6529596062499999 0.7230289046875 0.6529596062499999 0.7442439359374999 0.6716355421875 0.7442439359374999 0.6716355421875 0.741386621875
0 0.6952398515625 0.751623078125 0.7030214906250001 0.751623078125 0.7030214906250001 0.737325990625 0.6952398515625 0.737325990625 0.6952398515625 0.751623078125
0 0.7414109156249999 0.7354812046875 0.77590951875 0.7354812046875 0.77590951875 0.7087318171874999 0.7414109156249999 0.7087318171874999 0.7414109156249999 0.7354812046875
0 0.882818690625 0.6907603234375 0.864825234375 0.6907603234375 0.864825234375 0.7251872234375 0.882818690625 0.7251872234375 0.882818690625 0.6907603234375
0 0.9744309187500001 0.76852440625 0.9798884140624999 0.76852440625 0.9798884140624999 0.7571294500000001 0.9744309187500001 0.7571294500000001 0.9744309187500001 0.76852440625
0 0.8595312515625 0.764065303125 0.8526467984374999 0.764065303125 0.8526467984374999 0.7902158375 0.8595312515625 0.7902158375 0.8595312515625 0.764065303125
0 0.7781186859375 0.77468548125 0.7696695859375 0.77468548125 0.7696695859375 0.79126603125 0.7781186859375 0.79126603125 0.7781186859375 0.77468548125
0 0.7656640859375 0.7525409859375 0.7575905000000001 0.7525409859375 0.7575905000000001 0.779470471875 0.7656640859375 0.779470471875 0.7656640859375 0.7525409859375
0 0.7267903984374999 0.795615246875 0.7345510546874999 0.795615246875 0.7345510546874999 0.7699765953125001 0.7267903984374999 0.7699765953125001 0.7267903984374999 0.795615246875
0 0.7188294671875 0.7955262234375 0.7230853109375 0.7955262234375 0.7230853109375 0.7858227062500001 0.7188294671875 0.7858227062500001 0.7188294671875 0.7955262234375
0 0.71282121875 0.793033578125 0.7193301546875001 0.793033578125 0.7193301546875001 0.771133896875 0.71282121875 0.771133896875 0.71282121875 0.793033578125
0 0.707078959375 0.779157103125 0.71282121875 0.779157103125 0.71282121875 0.7551208671875 0.707078959375 0.7551208671875 0.707078959375 0.779157103125
0 0.710583771875 0.7741718093750001 0.7153903703125 0.7741718093750001 0.7153903703125 0.7523611515624999 0.710583771875 0.7523611515624999 0.710583771875 0.7741718093750001
0 0.700119403125 0.791086196875 0.7057771718750001 0.791086196875 0.7057771718750001 0.7751510640625 0.700119403125 0.7751510640625 0.700119403125 0.791086196875
0 0.72529244375 0.7683206765625 0.7289224265625001 0.7683206765625 0.7289224265625001 0.7606424359374999 0.72529244375 0.7606424359374999 0.72529244375 0.7683206765625
0 0.70363125625 0.7514637171875 0.7132044000000001 0.7514637171875 0.7132044000000001 0.7392141390625 0.70363125625 0.7392141390625 0.70363125625 0.7514637171875
0 0.8238069703124999 0.720363696875 0.8187600406250001 0.720363696875 0.8187600406250001 0.739521465625 0.8238069703124999 0.739521465625 0.8238069703124999 0.720363696875
0 0.8284793234375 0.7454189671875 0.8344074625000001 0.7454189671875 0.8344074625000001 0.728255315625 0.8284793234375 0.728255315625 0.8284793234375 0.7454189671875
0 0.5456927109375 0.7568626765625 0.555237065625 0.7568626765625 0.555237065625 0.7223662281250001 0.5456927109375 0.7223662281250001 0.5456927109375 0.7568626765625
0 0.5570364109375 0.7411445359375 0.563216771875 0.7411445359375 0.563216771875 0.725426396875 0.5570364109375 0.725426396875 0.5570364109375 0.7411445359375
0 0.5654855125 0.7519942265624999 0.5722917328125 0.7519942265624999 0.5722917328125 0.7362760859374999 0.5654855125 0.7362760859374999 0.5654855125 0.7519942265624999
0 0.56595490625 0.7525506203125 0.555237065625 0.7525506203125 0.555237065625 0.7649303953125 0.56595490625 0.7649303953125 0.56595490625 0.7525506203125
0 0.57013251875 0.7362760859374999 0.5758278375 0.7362760859374999 0.5758278375 0.7302074140625 0.57013251875 0.7302074140625 0.57013251875 0.7362760859374999
0 0.5859041734375 0.7325442703125 0.5758278375 0.7325442703125 0.5758278375 0.740111234375 0.5859041734375 0.740111234375 0.5859041734375 0.7325442703125
0 0.5042644140625 0.7305009953124999 0.510288309375 0.7305009953124999 0.510288309375 0.7018466875 0.5042644140625 0.7018466875 0.5042644140625 0.7305009953124999
0 0.510288309375 0.7190492703125 0.5216258984375 0.7190492703125 0.5216258984375 0.7094514671875001 0.510288309375 0.7094514671875001 0.510288309375 0.7190492703125
0 0.5240755515625 0.7271169875 0.5391744078125 0.7271169875 0.5391744078125 0.7009664531249999 0.5240755515625 0.7009664531249999 0.5240755515625 0.7271169875
0 0.5416778453125 0.7125116375 0.5532562421875 0.7125116375 0.5532562421875 0.6954025109375 0.5416778453125 0.6954025109375 0.5416778453125 0.7125116375
0 0.5168312296875001 0.7793584421875 0.5224639640625 0.7793584421875 0.5224639640625 0.7517612828125 0.5168312296875001 0.7517612828125 0.5168312296875001 0.7793584421875
0 0.5371716578125 0.7190492703125 0.510288309375 0.7190492703125 0.510288309375 0.7507597734375 0.5371716578125 0.7507597734375 0.5371716578125 0.7190492703125
0 0.9487554671874999 1 0.9487554671874999 0.962496265625 0.8819064781249999 0.962496265625 0.8819064781249999 1 0.9487554671874999 1
0 0.878227659375 0.75825096875 0.8845648640625001 0.75825096875 0.8845648640625001 0.7367654390625 0.878227659375 0.7367654390625 0.878227659375 0.75825096875
0 0.8857407890625 0.762174528125 0.8805130875 0.762174528125 0.8805130875 0.78502915 0.8857407890625 0.78502915 0.8857407890625 0.762174528125
0 0.8437961796875001 0.7904967624999999 0.851606978125 0.7904967624999999 0.851606978125 0.7641428687499999 0.8437961796875001 0.7641428687499999 0.8437961796875001 0.7904967624999999
0 0.8505614390625 0.8055873734375 0.8548666046874999 0.8055873734375 0.8548666046874999 0.7949802046875 0.8505614390625 0.7949802046875 0.8505614390625 0.8055873734375
0 0.8453337375000001 0.8061341343749999 0.8500694203125001 0.8061341343749999 0.8500694203125001 0.795198909375 0.8453337375000001 0.795198909375 0.8453337375000001 0.8061341343749999
0 0.9096037031249999 0.8012132828125 0.917414503125 0.8012132828125 0.917414503125 0.78295145625 0.9096037031249999 0.78295145625 0.9096037031249999 0.8012132828125
0 0.8065219046875001 0.790688128125 0.8140175046875001 0.790688128125 0.8140175046875001 0.7631792015625 0.8065219046875001 0.7631792015625 0.8065219046875001 0.790688128125
0 0.5328639265625 0.883432478125 0.5548079671874999 0.883432478125 0.5548079671874999 0.8604247624999999 0.5328639265625 0.8604247624999999 0.5328639265625 0.883432478125
