0 0.0654751609375 0.255166328125 0.06519536406250001 0.2671875 0.0671875 0.2671875 0.0671875 0.2551264734375 0.0654751609375 0.255166328125
0 0.075 0.2671875 0.075 0.2519973484375 0.07207653750000001 0.2519973484375 0.071875 0.260656225 0.071875 0.2671875 0.075 0.2671875
0 0.0578125 0.19136362499999998 0.0546875 0.1913454453125 0.0546875 0.2046875 0.0578125 0.2046875 0.0578125 0.19136362499999998
0 0.021875 0.13904523124999998 0.02169561875 0.13288029375 0.0191784265625 0.1328949390625 0.0194942765625 0.14375 0.021875 0.14375 0.021875 0.13904523124999998
0 0.029367296874999997 0.12098596718750002 0.029271221874999996 0.1375 0.03125 0.1375 0.03125 0.12100787500000001 0.029367296874999997 0.12098596718750002
0 0.01364990625 0.12357549375000002 0.0138929609375 0.1375 0.015625 0.1375 0.015625 0.1235180234375 0.01364990625 0.12357549375000002
0 0.000645278125 0.0461026421875 0.0005453859375 0.0546875 0.003125 0.0546875 0.003125 0.046160357812500004 0.000645278125 0.0461026421875
0 0.0065394640625 0.05 0.006575825 0.05625 0.0078125 0.05625 0.0078125 0.05 0.0065394640625 0.05
0 0.008554440625 0.0486363640625 0.008598735937500001 0.05625 0.0109375 0.05625 0.0109375 0.048705704687500004 0.008554440625 0.0486363640625
0 0.004471978125 0 0.00444470625 0.0046875 0.00625 0.0046875 0.00625 0 0.004471978125 0
0 0.0078125 0 0.0078125 0.0015625 0.009375 0.0015625 0.009375 0 0.0078125 0
0 0.028647704687499997 0 0.0286567953125 0.0015625 0.0296875 0.0015625 0.0296875 0 0.028647704687499997 0
0 0 0.0796875 0.0013709578125 0.0796875 0.0013281734375 0.07233357968750001 0 0.07232585312499999 0 0.0796875
0 0.059375 0.8578125 0.04633111875 0.8578125 0.02959699375 0.8581045953124999 0.030213437500000002 0.9640625 0.056184623437500004 0.9640625 0.059375 0.9640068124999999 0.059375 0.8578125
0 0.1054485359375 0.8428231265624999 0.1054485359375 0.94375 0.134375 0.94375 0.134375 0.8428231265624999 0.1054485359375 0.8428231265624999
0 0.15 0.8209243171875 0.1268345015625 0.821193871875 0.1265625 0.8328801703125001 0.1265625 0.93125 0.1477400328125 0.93125 0.15 0.834152596875 0.15 0.8209243171875
0 0.4296875 0.640625 0.434375 0.640625 0.434375 0.6261539453125 0.4296875 0.6261266734375 0.4296875 0.640625
0 0.46789368124999997 0.69833849375 0.4734375 0.69833849375 0.4734375 0.68848818125 0.4676644125 0.68848818125 0.46789368124999997 0.69833849375
0 0.47585836718749996 0.6855379765625 0.47604482968750006 0.7015625 0.4810358953125 0.7015625 0.48084875781249997 0.6854799078125 0.47585836718749996 0.6855379765625
0 0.57545831875 0.733479034375 0.584122190625 0.733479034375 0.584122190625 0.7007729171875 0.57545831875 0.7007729171875 0.57545831875 0.733479034375
0 0.5835806984375 0.6988490265625 0.5879126343750001 0.6988490265625 0.5879126343750001 0.6743194406249999 0.5835806984375 0.6743194406249999 0.5835806984375 0.6988490265625
0 0.595493521875 0.6796101359375 0.5879126343750001 0.6796101359375 0.5879126343750001 0.7017348609375 0.595493521875 0.7017348609375 0.595493521875 0.6796101359375
0 0.611830878125 0.6785397312500001 0.6378224937500001 0.6785397312500001 0.6378224937500001 0.6540101437500001 0.611830878125 0.6540101437500001 0.611830878125 0.6785397312500001
0 0.6641227625 0.699881846875 0.6772918484374999 0.699881846875 0.6772918484374999 0.682951621875 0.6641227625 0.682951621875 0.6641227625 0.699881846875
0 0.6968721984374999 0.68048904375 0.707788678125 0.68048904375 0.707788678125 0.6650979296875 0.6968721984374999 0.6650979296875 0.6968721984374999 0.68048904375
0 0.7651259109375 0.6920718875 0.7865148453125 0.6920718875 0.7865148453125 0.672352021875 0.7651259109375 0.672352021875 0.7651259109375 0.6920718875
0 0.8862280609375001 0.6877811421875 0.8942421421875 0.6877811421875 0.8942421421875 0.6654640265625 0.8862280609375001 0.6654640265625 0.8862280609375001 0.6877811421875
0 0.8912097875 0.7281828171875 0.8959749171875 0.7281828171875 0.8959749171875 0.707789590625 0.8912097875 0.707789590625 0.8912097875 0.7281828171875
0 0.882979109375 0.73280015 0.8903434000000001 0.73280015 0.8903434000000001 0.7047113671874999 0.882979109375 0.7047113671874999 0.882979109375 0.73280015
0 0.915685225 0.689320253125 0.9217499359375001 0.689320253125 0.9217499359375001 0.6689270265625 0.915685225 0.6689270265625 0.915685225 0.689320253125
0 0.9135192578125 0.7139460359375 0.917418 0.7139460359375 0.917418 0.6916289203125 0.9135192578125 0.6916289203125 0.9135192578125 0.7139460359375
0 0.92543208125 0.7120221453125 0.9297640171874999 0.7120221453125 0.9297640171874999 0.6908593640625 0.92543208125 0.6908593640625 0.92543208125 0.7120221453125
0 0.937561503125 0.754347709375 0.9486079390625001 0.754347709375 0.9486079390625001 0.7262589265625 0.937561503125 0.7262589265625 0.937561503125 0.754347709375
0 0.9919298218750001 0.7364728875 0.9991215125 0.7364728875 0.9991215125 0.71618186875 0.9919298218750001 0.71618186875 0.9919298218750001 0.7364728875
0 0.6690918640625 0.803787146875 0.679109465625 0.803787146875 0.679109465625 0.7782956140625 0.6690918640625 0.7782956140625 0.6690918640625 0.803787146875
0 0.7386735874999999 0.796594034375 0.747337459375 0.796594034375 0.747337459375 0.7677356953125 0.7386735874999999 0.7677356953125 0.7386735874999999 0.796594034375
0 0.7321756828125 0.7900528109375 0.7371574093750001 0.7900528109375 0.7371574093750001 0.7723530296875001 0.7321756828125 0.7723530296875001 0.7321756828125 0.7900528109375
0 0.7276271515625 0.7900528109375 0.7321756828125 0.7900528109375 0.7321756828125 0.7700443625 0.7276271515625 0.7700443625 0.7276271515625 0.7900528109375
0 0.7733290765625 0.816987259375 0.7785274 0.816987259375 0.7785274 0.7954397015625 0.7733290765625 0.7954397015625 0.7733290765625 0.816987259375
0 0.785458496875 0.7954397015625 0.7785274 0.7954397015625 0.7785274 0.8200654828125 0.785458496875 0.8200654828125 0.785458496875 0.7954397015625
0 0.787624465625 0.8196807046875 0.793039384375 0.8196807046875 0.793039384375 0.7969788125 0.787624465625 0.7969788125 0.787624465625 0.8196807046875
0 0.847621778125 0.8031352578125001 0.8523869093750001 0.8031352578125001 0.8523869093750001 0.778894253125 0.847621778125 0.778894253125 0.847621778125 0.8031352578125001
0 0.85845161875 0.8077525921875001 0.8660325078125 0.8077525921875001 0.8660325078125 0.7804333640625 0.85845161875 0.7804333640625 0.85845161875 0.8077525921875001
0 0.8545528765625001 0.8031352578125001 0.861700571875 0.8031352578125001 0.861700571875 0.7904375875 0.8545528765625001 0.7904375875 0.8545528765625001 0.8031352578125001
0 0.8227131468750001 0.795054921875 0.8302940343749998 0.795054921875 0.8302940343749998 0.770429140625 0.8227131468750001 0.770429140625 0.8227131468750001 0.795054921875
0 0.9091352703125001 0.8031352578125001 0.9173659484375001 0.8031352578125001 0.9173659484375001 0.7858202546874999 0.9091352703125001 0.7858202546874999 0.9091352703125001 0.8031352578125001
0 0.9061029156250001 0.8135242593750001 0.9100016578125001 0.8135242593750001 0.9100016578125001 0.7919767 0.9061029156250001 0.7919767 0.9061029156250001 0.8135242593750001
0 0.9892760875000001 0.7942853671875 0.9931748296875 0.7942853671875 0.9931748296875 0.778894253125 0.9892760875000001 0.778894253125 0.9892760875000001 0.7942853671875
0 0.9799624250000001 0.793131034375 0.9871101187499999 0.793131034375 0.9871101187499999 0.774661696875 0.9799624250000001 0.774661696875 0.9799624250000001 0.793131034375
0 0.49326356875000005 0.8434350734375 0.5013859484375 0.8434350734375 0.5013859484375 0.8213103453125001 0.49326356875000005 0.8213103453125001 0.49326356875000005 0.8434350734375
0 0.504905646875 0.8516116031250001 0.5127572796875001 0.8516116031250001 0.5127572796875001 0.8266010406250001 0.504905646875 0.8266010406250001 0.504905646875 0.8516116031250001
0 0.49678326562499997 0.8689266046874999 0.5032811703125 0.8689266046874999 0.5032811703125 0.8525735453125 0.49678326562499997 0.8525735453125 0.49678326562499997 0.8689266046874999
0 0.48053850625 0.8645978546875 0.48730715625 0.8645978546875 0.48730715625 0.8535354906249999 0.48053850625 0.8535354906249999 0.48053850625 0.8645978546875
0 0.539561134375 0.932895921875 0.54822500625 0.932895921875 0.54822500625 0.9184667531249999 0.539561134375 0.9184667531249999 0.539561134375 0.932895921875
0 0.6302610453125 0.8847986921875 0.63459298125 0.8847986921875 0.63459298125 0.859307159375 0.6302610453125 0.859307159375 0.6302610453125 0.8847986921875
0 0.63973715625 0.8997088328124999 0.650025503125 0.8997088328124999 0.650025503125 0.8780650781249999 0.63973715625 0.8780650781249999 0.63973715625 0.8997088328124999
0 0.6367589499999999 0.8419921546874999 0.6429861078125001 0.8419921546874999 0.6429861078125001 0.8184245125 0.6367589499999999 0.8184245125 0.6367589499999999 0.8419921546874999
0 0.8030173015625 0.8371294109375 0.8103815921875 0.8371294109375 0.8103815921875 0.8267404078125 0.8030173015625 0.8267404078125 0.8030173015625 0.8371294109375
0 0.8064828500000001 0.7982668484375 0.8147135296875 0.7982668484375 0.8147135296875 0.7878778453125 0.8064828500000001 0.7878778453125 0.8064828500000001 0.7982668484375
0 0.9844712718749999 0.97312433125 0.99486791875 0.97312433125 0.99486791875 0.9596571062500001 0.9844712718749999 0.9596571062500001 0.9844712718749999 0.97312433125
0 0.5597316171875 0.70755573125 0.5732611203125 0.70755573125 0.5732611203125 0.6931742734374999 0.5597316171875 0.6931742734374999 0.5597316171875 0.70755573125
0 0.56760534375 0.6854910296875001 0.5805803593750001 0.6854910296875001 0.5805803593750001 0.6728826296875 0.56760534375 0.6728826296875 0.56760534375 0.6854910296875001
0 0.8786151765625 0.5400368312499999 0.8822526156249999 0.5400368312499999 0.8822526156249999 0.527270825 0.8786151765625 0.527270825 0.8786151765625 0.5400368312499999
0 0.89147929375 0.55185720625 0.89387468125 0.55185720625 0.89387468125 0.5405096453125 0.89147929375 0.5405096453125 0.89147929375 0.55185720625
0 0.6042404 0.9429180640624999 0.63521374375 0.9429180640624999 0.63521374375 0.8905882765625 0.6042404 0.8905882765625 0.6042404 0.9429180640624999
