0 0.1031276484375 0.2576733203125 0.1032565375 0.26875 0.1046875 0.26875 0.1046875 0.2576642453125 0.1031276484375 0.2576733203125
0 0.108899775 0.2544021203125 0.10883448281250001 0.265625 0.109375 0.265625 0.109375 0.25441594843750004 0.108899775 0.2544021203125
0 0.10530546562500001 0.2584023578125 0.10530546562500001 0.2671875 0.10625 0.2671875 0.10625 0.2584133484375 0.10530546562500001 0.2584023578125
0 0.1167390765625 0.2390625 0.116784528125 0.23125 0.11481251875000001 0.23125 0.1147670671875 0.2390625 0.1167390765625 0.2390625
0 0.1418240734375 0.21785454375 0.1418240734375 0.221875 0.14375 0.221875 0.14375 0.2178657484375 0.1418240734375 0.21785454375
0 0.085797134375 0.1912178203125 0.0856654625 0.196875 0.0875 0.196875 0.0875 0.19126736718749998 0.085797134375 0.1912178203125
0 0.1018818765625 0.2059020109375 0.101764675 0.2109375 0.10625 0.2109375 0.10625 0.2057749125 0.1018818765625 0.2059020109375
0 0.1222895046875 0.1994396 0.1222895046875 0.2125 0.13125 0.2125 0.13125 0.19964815625000001 0.1222895046875 0.1994396
0 0.15037899999999998 0.2496143703125 0.150224553125 0.25625 0.1546875 0.25625 0.1546875 0.2495140890625 0.15037899999999998 0.2496143703125
0 0.26474933125 0.2681629578125 0.26875 0.268069840625 0.26875 0.25854028281249997 0.2649157375 0.2586295265625 0.26474933125 0.2681629578125
0 0.303125 0.3 0.303125 0.29617715625 0.29298400625 0.29629515624999997 0.2929624515625 0.3 0.303125 0.3
0 0.12278875468749999 0.24786357812499998 0.12258782187499999 0.259375 0.1234375 0.259375 0.1234375 0.24784847812500002 0.12278875468749999 0.24786357812499998
0 0.3156569 0.6664852546875 0.3158873453125 0.6796875 0.3203125 0.6796875 0.3203125 0.6665665187500001 0.3156569 0.6664852546875
0 0.3977428046875 0.67786683125 0.4 0.677801153125 0.4 0.6568576296874999 0.3977428046875 0.6569233078125001 0.3977428046875 0.67786683125
0 0.349958315625 0.6596366093749999 0.349958315625 0.690625 0.353125 0.690625 0.353125 0.6595444687500001 0.349958315625 0.6596366093749999
0 0.29031490625 0.650294525 0.2901001578125 0.66875 0.2921875 0.66875 0.2921875 0.6502618375 0.29031490625 0.650294525
0 0.2876520125 0.6495855515625 0.28774532656249996 0.665625 0.2890625 0.665625 0.2890625 0.649552721875 0.2876520125 0.6495855515625
0 0.2772718640625 0.652147246875 0.2769002421875 0.6734375 0.28125 0.6734375 0.28125 0.652170390625 0.2772718640625 0.652147246875
0 0.4538350125 0.6289615015625 0.453893778125 0.6390625 0.4546875 0.6390625 0.4546875 0.6289664609375001 0.4538350125 0.6289615015625
0 0.4385389296875 0.6298210703125 0.4384132140625 0.640625 0.440625 0.640625 0.440625 0.629869625 0.4385389296875 0.6298210703125
0 0.19510928125 0.6587189015625 0.1945848640625 0.68125 0.196875 0.68125 0.196875 0.6586983562500001 0.19510928125 0.6587189015625
0 0.44451132343750005 0.643145871875 0.4445784703125 0.6546875 0.4453125 0.6546875 0.4453125 0.6431365484375 0.44451132343750005 0.643145871875
0 0.45607335156250006 0.6270982546875 0.45583124843749995 0.6375 0.4578125 0.6375 0.4578125 0.6270881375 0.45607335156250006 0.6270982546875
0 0.439666421875 0.629606084375 0.43985875781250006 0.640625 0.440625 0.640625 0.440625 0.6296339765625 0.439666421875 0.629606084375
0 0.2621714328125 0.6595101390625 0.26257667812499996 0.6734375 0.2640625 0.6734375 0.2640625 0.6594661234375 0.2621714328125 0.6595101390625
0 0.1791686703125 0.658868996875 0.1789627875 0.6765625 0.18125 0.6765625 0.18125 0.658820553125 0.1791686703125 0.658868996875
0 0.447135703125 0.6455596265625 0.44694910156249995 0.65625 0.4484375 0.65625 0.4484375 0.6455217484375 0.447135703125 0.6455596265625
0 0.33125 0.6697666796874999 0.33125 0.6630078921875 0.326877665625 0.6630078921875 0.3265625 0.6810637234375 0.3265625 0.6890625 0.330913190625 0.6890625 0.33109145 0.6788500078124999 0.33125 0.6697666796874999
0 0.2484375 0.67158355 0.24375 0.671556278125 0.24375 0.6850598437500001 0.2439602078125 0.703125 0.2484375 0.703125 0.2484375 0.67158355
0 0.2564329703125 0.6520044234375 0.2568070859375 0.6734375 0.259375 0.6734375 0.259375 0.6520728984374999 0.2564329703125 0.6520044234375
0 0.2855621828125 0.6518371640625 0.2858830984375 0.665625 0.2875 0.665625 0.2875 0.6518709890625 0.2855621828125 0.6518371640625
0 0.18857516875 0.6330613375 0.188751215625 0.640625 0.190625 0.640625 0.190625 0.633085190625 0.18857516875 0.6330613375
0 0.34765001875 0.661690271875 0.3478001765625 0.6875 0.3515625 0.6875 0.3515625 0.661758565625 0.34765001875 0.661690271875
0 0.3377223421875 0.68405909375 0.3390625 0.68405909375 0.3390625 0.66618580625 0.3377223421875 0.66618580625 0.3377223421875 0.68405909375
0 0.22252050781250002 0.661938446875 0.22266922031249997 0.6875 0.2265625 0.6875 0.2265625 0.6619854796875 0.22252050781250002 0.661938446875
0 0.21460151875000003 0.646875 0.21412873906250002 0.6671875 0.21699650625000003 0.6671875 0.2171875 0.6589816234375 0.2171875 0.646875 0.21460151875000003 0.646875
0 0.371875 0.6439393390625 0.3703125 0.643902971875 0.3703125 0.6544238546875001 0.3703776671875 0.665625 0.371875 0.665625 0.371875 0.6439393390625
0 0.1807754375 0.657949225 0.18099202187500002 0.6765625 0.1828125 0.6765625 0.1828125 0.6579847828125001 0.1807754375 0.657949225
0 0.23700395312500003 0.6278519640625 0.237060084375 0.6375 0.2390625 0.6375 0.2390625 0.62787591875 0.23700395312500003 0.6278519640625
0 0.2826030765625 0.6494650468750001 0.28277293281250004 0.6640625 0.284375 0.6640625 0.284375 0.6494444296874999 0.2826030765625 0.6494650468750001
0 0.45388748437500004 0.6439507484375 0.4544272109375 0.6625 0.45625 0.6625 0.45625 0.6438820062499999 0.45388748437500004 0.6439507484375
0 0.3265167578125 0.65907851875 0.328125 0.6590410859375 0.328125 0.6462030796875 0.3265167578125 0.6462405125 0.3265167578125 0.65907851875
0 0.2639543671875 0.656844103125 0.26414744843750004 0.6734375 0.2671875 0.6734375 0.2671875 0.656844103125 0.2639543671875 0.656844103125
0 0.4324252984375 0.6404457875 0.4328125 0.6404367750000001 0.4328125 0.6287016578125 0.432152309375 0.6287170234375 0.4324252984375 0.6404457875
0 0.26661316562500004 0.6304358078125001 0.26661316562500004 0.640625 0.26875 0.640625 0.26875 0.6304109437500001 0.26661316562500004 0.6304358078125001
0 0.5342771749999999 0.635155696875 0.534358996875 0.6421875 0.5359375 0.6421875 0.5359375 0.6351943421875 0.5342771749999999 0.635155696875
0 0.51027829375 0.653484140625 0.5109043421874999 0.675 0.5140625 0.675 0.5140625 0.6535281734374999 0.51027829375 0.653484140625
0 0.5347065890625 0.6528919984374999 0.5345870578125 0.6734375 0.5375 0.6734375 0.5375 0.6528757468749999 0.5347065890625 0.6528919984374999
0 0.5466065125 0.6399264328125 0.5466065125 0.65 0.5484375 0.65 0.5484375 0.6399370859375 0.5466065125 0.6399264328125
0 0.526039359375 0.6363612359374999 0.5257582828125 0.6484375 0.528125 0.6484375 0.528125 0.636421921875 0.526039359375 0.6363612359374999
0 0.504151128125 0.6747732609374999 0.50625 0.6748221125 0.50625 0.6535060625 0.504151128125 0.6534572109375001 0.504151128125 0.6747732609374999
0 0.4747341125 0.6522424499999999 0.47424079375000006 0.6734375 0.4765625 0.6734375 0.4765625 0.65219989375 0.4747341125 0.6522424499999999
0 0.5147725390625 0.6394462640625 0.5147111390625 0.65 0.5171875 0.65 0.5171875 0.6394181640625 0.5147725390625 0.6394462640625
0 0.5606114921875001 0.6369773671875001 0.5603083875 0.65 0.5625 0.65 0.5625 0.6369224171875001 0.5606114921875001 0.6369773671875001
0 0.49314105 0.6341865312499999 0.49328869375 0.646875 0.4953125 0.646875 0.4953125 0.634173896875 0.49314105 0.6341865312499999
0 0.5429151156249999 0.653331603125 0.5433206109375 0.6765625 0.5453125 0.6765625 0.5453125 0.6533176546874999 0.5429151156249999 0.653331603125
0 0.51479251875 0.6552604296875 0.5146685875 0.6765625 0.5171875 0.6765625 0.5171875 0.6552882984374999 0.51479251875 0.6552604296875
0 0.5522207078125 0.6369266890625 0.5522207078125 0.6421875 0.553125 0.6421875 0.553125 0.6369477359375 0.5522207078125 0.6369266890625
0 0.5671875 0.6367385640625 0.565625 0.636711290625 0.565625 0.64375 0.5671875 0.64375 0.5671875 0.6367385640625
0 0.48681377187499997 0.635160803125 0.486504753125 0.6484375 0.4890625 0.6484375 0.4890625 0.6351346359375001 0.48681377187499997 0.635160803125
0 0.5419227890625 0.6504899296875 0.5416921328125001 0.6703125 0.54375 0.6703125 0.54375 0.6505218234375001 0.5419227890625 0.6504899296875
0 0.5223941078125 0.678125 0.5230666562499999 0.6550110296874999 0.519326678125 0.6551198515625 0.51875 0.674938984375 0.51875 0.678125 0.5223941078125 0.678125
0 0.5132268859375 0.655187896875 0.5127293859375001 0.6765625 0.5140625 0.6765625 0.5140625 0.6552024828125 0.5132268859375 0.655187896875
0 0.4605962 0.653125 0.46075983281250005 0.6671875 0.4625 0.6671875 0.4625 0.653125 0.4605962 0.653125
0 0.46734884218749995 0.6508433234375 0.4678019921875 0.6703125 0.4703125 0.6703125 0.4703125 0.65077434375 0.46734884218749995 0.6508433234375
0 0.4713632890625 0.6575939421875 0.47173205156250003 0.6734375 0.4734375 0.6734375 0.4734375 0.6575577359375 0.4713632890625 0.6575939421875
0 0.5416403453124999 0.638624059375 0.5415625171875 0.6453125 0.5421875 0.6453125 0.5421875 0.638624059375 0.5416403453124999 0.638624059375
0 0.5442568734375001 0.6401690640625001 0.5440852734375 0.65 0.546875 0.65 0.546875 0.6401081281250001 0.5442568734375001 0.6401690640625001
0 0.56875 0.6561397984375 0.5656162640625 0.6561397984375 0.5656162640625 0.6792991390625 0.56875 0.6792991390625 0.56875 0.6561397984375
0 0.556559321875 0.6782606046874999 0.5605326890625 0.6782606046874999 0.5605326890625 0.6543742874999999 0.556559321875 0.6543742874999999 0.556559321875 0.6782606046874999
0 0.55334556875 0.6807530890625 0.5567930484375 0.6807530890625 0.5567930484375 0.6519856578125001 0.55334556875 0.6519856578125001 0.55334556875 0.6807530890625
0 0.5512420203125 0.669640759375 0.55334556875 0.669640759375 0.55334556875 0.6505317078124999 0.5512420203125 0.6505317078124999 0.5512420203125 0.669640759375
0 0.5609660062499999 0.6794029937499999 0.564681353125 0.6794029937499999 0.564681353125 0.650868059375 0.5609660062499999 0.650868059375 0.5609660062499999 0.6794029937499999
0 0.5304402687499999 0.6792991390625 0.5344136374999999 0.6792991390625 0.5344136374999999 0.6555166781249999 0.5304402687499999 0.6555166781249999 0.5304402687499999 0.6792991390625
0 0.5220260765625 0.67244480625 0.52985595 0.67244480625 0.52985595 0.649700878125 0.5220260765625 0.649700878125 0.5220260765625 0.67244480625
0 0.497952140625 0.676598946875 0.502626690625 0.676598946875 0.502626690625 0.6515702421875 0.497952140625 0.6515702421875 0.497952140625 0.676598946875
0 0.47890334531249995 0.6452351765625 0.480831596875 0.6452351765625 0.480831596875 0.6360960640625001 0.47890334531249995 0.6360960640625001 0.47890334531249995 0.6452351765625
0 0.47422879375000004 0.64648141875 0.47674136562499997 0.64648141875 0.47674136562499997 0.63516138125 0.47422879375000004 0.63516138125 0.47422879375000004 0.64648141875
0 0.47422879375000004 0.6447159078125 0.47422879375000004 0.633499725 0.465288715625 0.633499725 0.465288715625 0.6447159078125 0.47107347187500004 0.6447159078125 0.47422879375000004 0.6447159078125
0 0.4841037828125 0.682622453125 0.48801871874999997 0.682622453125 0.48801871874999997 0.657178334375 0.4841037828125 0.657178334375 0.4841037828125 0.682622453125
0 0.48340259999999996 0.6821031859375 0.48340259999999996 0.6528164859375 0.47942923281249994 0.6528164859375 0.47942923281249994 0.6821031859375 0.481024475 0.6821031859375 0.48340259999999996 0.6821031859375
0 0.44810668593749997 0.6884506 0.451539559375 0.6884506 0.451539559375 0.6597610578124999 0.44810668593749997 0.6597610578124999 0.44810668593749997 0.6884506
0 0.442263496875 0.677935428125 0.44613460937499994 0.677935428125 0.44613460937499994 0.6540491125 0.442263496875 0.6540491125 0.442263496875 0.677935428125
0 0.43517863125 0.6688482421874999 0.43824630468750003 0.6688482421874999 0.43824630468750003 0.6492458859375001 0.43517863125 0.6492458859375001 0.43517863125 0.6688482421874999
0 0.4302849609375 0.6818299359375001 0.43474039218750005 0.6818299359375001 0.43474039218750005 0.6584628875 0.4302849609375 0.6584628875 0.4302849609375 0.6818299359375001
0 0.42349225312499994 0.6653431859375 0.4261216890625 0.6653431859375 0.4261216890625 0.645740828125 0.42349225312499994 0.645740828125 0.42349225312499994 0.6653431859375
0 0.4112215578125 0.684166640625 0.4145083515625 0.684166640625 0.4145083515625 0.6610592265624999 0.4112215578125 0.6610592265624999 0.4112215578125 0.684166640625
0 0.41333971406250003 0.6700165953124999 0.42276185625 0.6700165953124999 0.42276185625 0.650673871875 0.41333971406250003 0.650673871875 0.41333971406250003 0.6700165953124999
0 0.40019253906249996 0.6684587921875 0.4039906125 0.6684587921875 0.4039906125 0.6515825890625 0.40019253906249996 0.6515825890625 0.40019253906249996 0.6684587921875
0 0.40530532968750005 0.6584628875 0.40939556093749996 0.6584628875 0.40939556093749996 0.6411972359375 0.40530532968750005 0.6411972359375 0.40530532968750005 0.6584628875
0 0.41268235468750003 0.6402885171875 0.4280937640625 0.6402885171875 0.4280937640625 0.63211005 0.41268235468750003 0.63211005 0.41268235468750003 0.6402885171875
0 0.38719144375000003 0.68715243125 0.392012075 0.68715243125 0.392012075 0.6672904390625 0.38719144375000003 0.6672904390625 0.38719144375000003 0.68715243125
0 0.38258993281250003 0.6842964578125 0.3865340859375 0.6842964578125 0.3865340859375 0.660669775 0.38258993281250003 0.660669775 0.38258993281250003 0.6842964578125
0 0.3802526578125 0.6927345593750001 0.3850732890625 0.6927345593750001 0.3850732890625 0.6657326359375 0.3802526578125 0.6657326359375 0.3802526578125 0.6927345593750001
0 0.376527625 0.6870226140625 0.378937940625 0.6870226140625 0.378937940625 0.6675500734375 0.376527625 0.6675500734375 0.376527625 0.6870226140625
0 0.38390465156250003 0.6587225218749999 0.38777576406250003 0.6587225218749999 0.38777576406250003 0.6440532078125 0.38390465156250003 0.6440532078125 0.38390465156250003 0.6587225218749999
0 0.3674706828125 0.6511931390625 0.3700163453125 0.6511931390625 0.3700163453125 0.6404183343750001 0.3674706828125 0.6404183343750001 0.3674706828125 0.6511931390625
0 0.359363259375 0.660280325 0.3613353359375 0.660280325 0.3613353359375 0.644442659375 0.359363259375 0.644442659375 0.359363259375 0.660280325
0 0.36199269375 0.6833877390625 0.3674706828125 0.6833877390625 0.3674706828125 0.6592417890625001 0.36199269375 0.6592417890625001 0.36199269375 0.6833877390625
0 0.350452396875 0.660929409375 0.354159746875 0.660929409375 0.354159746875 0.6461302796874999 0.350452396875 0.6461302796874999 0.350452396875 0.660929409375
0 0.347749921875 0.658333071875 0.3511097546875 0.658333071875 0.3511097546875 0.645351378125 0.347749921875 0.645351378125 0.347749921875 0.658333071875
0 0.34380576875 0.6858542609375 0.34628912500000003 0.6858542609375 0.34628912500000003 0.6619679453125 0.34380576875 0.6619679453125 0.34380576875 0.6858542609375
0 0.3458508859375 0.68170011875 0.3484803203125 0.68170011875 0.3484803203125 0.659111971875 0.3458508859375 0.659111971875 0.3458508859375 0.68170011875
0 0.3351870671875 0.6620977625 0.337889540625 0.6620977625 0.337889540625 0.646649546875 0.3351870671875 0.646649546875 0.3351870671875 0.6620977625
0 0.33642874375 0.679233596875 0.339423378125 0.679233596875 0.339423378125 0.6566454515625 0.33642874375 0.6566454515625 0.33642874375 0.679233596875
0 0.330804675 0.6892295015625 0.33350715000000003 0.6892295015625 0.33350715000000003 0.6623573953124999 0.330804675 0.6623573953124999 0.330804675 0.6892295015625
0 0.3294169171875 0.6600206921874999 0.334602746875 0.6600206921874999 0.334602746875 0.637692178125 0.3294169171875 0.637692178125 0.3294169171875 0.6600206921874999
0 0.406463878125 0.64001744375 0.407959734375 0.64001744375 0.407959734375 0.633370815625 0.406463878125 0.633370815625 0.406463878125 0.64001744375
0 0.38496094375 0.6394358625000001 0.4022100375 0.6394358625000001 0.4022100375 0.6324569046875 0.38496094375 0.6324569046875 0.38496094375 0.6394358625000001
0 0.37425622187499996 0.63843886875 0.3832313609375 0.63843886875 0.3832313609375 0.63220765625 0.37425622187499996 0.63220765625 0.37425622187499996 0.63843886875
0 0.3944035375 0.6455009109375001 0.399732525 0.6455009109375001 0.399732525 0.64134676875 0.3944035375 0.64134676875 0.3944035375 0.6455009109375001
0 0.30503220937500003 0.6814154984374999 0.3095606796875 0.6814154984374999 0.3095606796875 0.6602553390624999 0.30503220937500003 0.6602553390624999 0.30503220937500003 0.6814154984374999
0 0.302548853125 0.6814154984374999 0.3066390859375 0.6814154984374999 0.3066390859375 0.658308084375 0.302548853125 0.658308084375 0.302548853125 0.6814154984374999
0 0.30751556406249997 0.6609044234375 0.3114597171875 0.6609044234375 0.3114597171875 0.6455860250000001 0.30751556406249997 0.6455860250000001 0.30751556406249997 0.6609044234375
0 0.29991941875 0.6658374671875 0.30503220937500003 0.6658374671875 0.30503220937500003 0.651168153125 0.29991941875 0.651168153125 0.29991941875 0.6658374671875
0 0.250252315625 0.6885554296875 0.2555111859375 0.6885554296875 0.2555111859375 0.660125521875 0.250252315625 0.660125521875 0.250252315625 0.6885554296875
0 0.250909675 0.6658374671875 0.25434254843750004 0.6658374671875 0.25434254843750004 0.6510383359375 0.250909675 0.6510383359375 0.250909675 0.6658374671875
0 0.2424370515625 0.66661636875 0.24645424375 0.66661636875 0.24645424375 0.6525961390624999 0.2424370515625 0.6525961390624999 0.2424370515625 0.66661636875
0 0.2742824296875 0.6429896859374999 0.2768388234375 0.6429896859374999 0.2768388234375 0.6320850640625 0.2742824296875 0.6320850640625 0.2742824296875 0.6429896859374999
0 0.241341453125 0.6445474890625 0.25609550468750003 0.6445474890625 0.25609550468750003 0.6318254296875001 0.241341453125 0.6318254296875001 0.241341453125 0.6445474890625
0 0.257775421875 0.6410424328125 0.2661750046875 0.6410424328125 0.2661750046875 0.6302676265625 0.257775421875 0.6302676265625 0.257775421875 0.6410424328125
0 0.293637990625 0.64247041875 0.301161096875 0.64247041875 0.301161096875 0.633253415625 0.293637990625 0.633253415625 0.293637990625 0.64247041875
0 0.28209769375 0.6445474890625 0.2866992046875 0.6445474890625 0.2866992046875 0.63442176875 0.28209769375 0.63442176875 0.28209769375 0.6445474890625
0 0.219429496875 0.6520768718750001 0.2367399421875 0.6520768718750001 0.2367399421875 0.6355901203125001 0.219429496875 0.6355901203125001 0.219429496875 0.6520768718750001
0 0.1936464265625 0.6522066890625 0.20774311875 0.6522066890625 0.20774311875 0.633253415625 0.1936464265625 0.633253415625 0.1936464265625 0.6522066890625
0 0.2088387171875 0.6533750406250001 0.2198677359375 0.6533750406250001 0.2198677359375 0.63623920625 0.2088387171875 0.63623920625 0.2088387171875 0.6533750406250001
0 0.1862694015625 0.6930990218749999 0.1924777890625 0.6930990218749999 0.1924777890625 0.6622025921875 0.1862694015625 0.6622025921875 0.1862694015625 0.6930990218749999
0 0.1729031078125 0.6947866421875 0.17721245937500002 0.6947866421875 0.17721245937500002 0.6645392984375 0.1729031078125 0.6645392984375 0.1729031078125 0.6947866421875
0 0.158441215625 0.68271366875 0.16355400625 0.68271366875 0.16355400625 0.660514971875 0.158441215625 0.660514971875 0.158441215625 0.68271366875
0 0.1460244390625 0.6838820203125 0.1501877109375 0.6838820203125 0.1501877109375 0.65675028125 0.1460244390625 0.65675028125 0.1460244390625 0.6838820203125
0 0.170054553125 0.6772613562500001 0.1729031078125 0.6772613562500001 0.1729031078125 0.6546732093750001 0.170054553125 0.6546732093750001 0.170054553125 0.6772613562500001
0 0.1647226421875 0.6731072140625 0.1687398359375 0.6731072140625 0.1687398359375 0.652466321875 0.1647226421875 0.652466321875 0.1647226421875 0.6731072140625
0 0.1498225125 0.6571397328125 0.18794931718750002 0.6571397328125 0.18794931718750002 0.6337726828125 0.1498225125 0.6337726828125 0.1498225125 0.6571397328125
0 0.1357258203125 0.644936940625 0.13893957343750002 0.644936940625 0.13893957343750002 0.636369021875 0.1357258203125 0.636369021875 0.1357258203125 0.644936940625
0 0.13302334531249999 0.644936940625 0.1357258203125 0.644936940625 0.1357258203125 0.63623920625 0.13302334531249999 0.63623920625 0.13302334531249999 0.644936940625
0 0.1199492109375 0.6441580390625 0.13068606875 0.6441580390625 0.13068606875 0.6361093890625 0.1199492109375 0.6361093890625 0.1199492109375 0.6441580390625
0 0.118196253125 0.682454034375 0.122724725 0.682454034375 0.122724725 0.65856771875 0.118196253125 0.65856771875 0.118196253125 0.682454034375
0 0.113156503125 0.6773911734375 0.11666241718749999 0.6773911734375 0.11666241718749999 0.6594764359375 0.113156503125 0.6594764359375 0.113156503125 0.6773911734375
0 0.08766559375 0.6763526390625 0.10782459375 0.6763526390625 0.10782459375 0.6531154078125001 0.08766559375 0.6531154078125001 0.08766559375 0.6763526390625
0 0.049830946875 0.68673799375 0.0535559796875 0.68673799375 0.0535559796875 0.6612938734375 0.049830946875 0.6612938734375 0.049830946875 0.68673799375
0 0.05552805625 0.6845311046875 0.060859965625 0.6845311046875 0.060859965625 0.6607746062500001 0.05552805625 0.6607746062500001 0.05552805625 0.6845311046875
0 0.07064730625 0.6775209906249999 0.086789115625 0.6775209906249999 0.086789115625 0.6542837593749999 0.07064730625 0.6542837593749999 0.07064730625 0.6775209906249999
0 0.0369759328125 0.7017967578125 0.04274608125 0.7017967578125 0.04274608125 0.6714195953125 0.0369759328125 0.6714195953125 0.0369759328125 0.7017967578125
0 0.0289415484375 0.7045229125 0.0366837734375 0.7045229125 0.0366837734375 0.6749246515625 0.0289415484375 0.6749246515625 0.0289415484375 0.7045229125
0 0.015867414062499998 0.706599984375 0.020468925 0.706599984375 0.020468925 0.6799875125 0.015867414062499998 0.6799875125 0.015867414062499998 0.706599984375
0 0.0042540765625 0.702965109375 0.0104624640625 0.702965109375 0.0104624640625 0.6819347671875 0.0042540765625 0.6819347671875 0.0042540765625 0.702965109375
0 0 0.6979022484375 0.00520359375 0.6979022484375 0.00520359375 0.6731072140625 0 0.6731072140625 0 0.6979022484375
0 0 0.6724581296875 0.014698776562499998 0.6724581296875 0.014698776562499998 0.6479227296875 0 0.6479227296875 0 0.6724581296875
0 0.018846256250000002 0.6585163765625 0.06810714531249999 0.6585163765625 0.06810714531249999 0.64465043125 0.018846256250000002 0.64465043125 0.018846256250000002 0.6585163765625
0 0.56875 0.6755163843750001 0.49604570312499996 0.6755163843750001 0.49604570312499996 0.7091115875 0.56875 0.7091115875 0.56875 0.6755163843750001
0 0.4784566671875 0.7062571828124999 0.48872789687499996 0.7062571828124999 0.48872789687499996 0.6826771546874999 0.4784566671875 0.6826771546874999 0.4784566671875 0.7062571828124999
0 0.45249328125000005 0.6890158703125 0.44678704218750004 0.6890158703125 0.44678704218750004 0.7179204234375 0.45249328125000005 0.7179204234375 0.45249328125000005 0.6890158703125
0 0.44207939375 0.701186209375 0.44507517031250005 0.701186209375 0.44507517031250005 0.67988811875 0.44207939375 0.67988811875 0.44207939375 0.701186209375
0 0.43594518750000005 0.6818299359375001 0.4302849609375 0.6818299359375001 0.4302849609375 0.707271378125 0.43594518750000005 0.707271378125 0.43594518750000005 0.6818299359375001
0 0.41996771875 0.68470554375 0.40926852187499996 0.68470554375 0.40926852187499996 0.7133565468749999 0.41996771875 0.7133565468749999 0.41996771875 0.68470554375
0 0.39100855625 0.68715243125 0.38858340625 0.68715243125 0.38858340625 0.7054965375 0.39100855625 0.7054965375 0.39100855625 0.68715243125
0 0.386443565625 0.6933262 0.37574436875 0.6933262 0.37574436875 0.7227378484375 0.386443565625 0.7227378484375 0.386443565625 0.6933262
0 0.36219205 0.7098068640624999 0.3666143859375 0.7098068640624999 0.3666143859375 0.6854661890625 0.36219205 0.6854661890625 0.36219205 0.7098068640624999
0 0.35634315625 0.69047486875 0.32676368125 0.69047486875 0.32676368125 0.7224843 0.35634315625 0.7224843 0.35634315625 0.69047486875
0 0.309551996875 0.6814154984374999 0.302548853125 0.6814154984374999 0.302548853125 0.707778475 0.309551996875 0.707778475 0.309551996875 0.6814154984374999
0 0.252489609375 0.7049486046875 0.2434384859375 0.7049486046875 0.2434384859375 0.727301725 0.252489609375 0.727301725 0.252489609375 0.7049486046875
0 0.25662663124999996 0.6885554296875 0.250252315625 0.6885554296875 0.250252315625 0.7219772015625 0.25662663124999996 0.7219772015625 0.25662663124999996 0.6885554296875
0 0.22781012656250002 0.6880590328125 0.222771109375 0.6880590328125 0.222771109375 0.7141171921875 0.22781012656250002 0.7141171921875 0.22781012656250002 0.6880590328125
0 0.1928594125 0.6930990218749999 0.1862694015625 0.6930990218749999 0.1862694015625 0.7240055921875 0.1928594125 0.7240055921875 0.1928594125 0.6930990218749999
0 0.17631132031250002 0.6940868453125 0.171888984375 0.6940868453125 0.171888984375 0.7247662375 0.17631132031250002 0.7247662375 0.17631132031250002 0.6940868453125
0 0.153058396875 0.6838820203125 0.1460244390625 0.6838820203125 0.1460244390625 0.7082855718750001 0.153058396875 0.7082855718750001 0.153058396875 0.6838820203125
0 0.12367126718749999 0.68217005625 0.11625315624999999 0.68217005625 0.11625315624999999 0.6943403937499999 0.12367126718749999 0.6943403937499999 0.12367126718749999 0.68217005625
0 0.0449315921875 0.705635340625 0.002859225 0.705635340625 0.002859225 0.736338503125 0.0449315921875 0.736338503125 0.0449315921875 0.705635340625
0 0.860701434375 0.7935586781249999 0.8614138859375 0.834375 0.8765625 0.834375 0.8765625 0.793835534375 0.860701434375 0.7935586781249999
0 1 0.7515625 0.9951709796875001 0.7515625 0.9951709796875001 0.809375 1 0.809375 1 0.7515625
0 0.79599775 0.5678269703125001 0.79599775 0.58125 0.8015625 0.58125 0.8015625 0.567665053125 0.79599775 0.5678269703125001
0 0.7996178984375 0.5655679499999999 0.7994354203125 0.58125 0.8046875 0.58125 0.8046875 0.5654794609375 0.7996178984375 0.5655679499999999
