0 0.6796875 0 0.56875 0 0.56875 0.0421875 0.640105696875 0.0421875 0.6796875 0.041496596875 0.6796875 0
0 0.25 0.5796875 0.25 0.575672165625 0.2462605046875 0.575672165625 0.24628386562500001 0.5796875 0.25 0.5796875
0 0.253125 0.5796875 0.253125 0.568593246875 0.249720759375 0.568593246875 0.249785303125 0.5796875 0.253125 0.5796875
0 0.1795581765625 0.5796875 0.17953630468749998 0.5759280359375001 0.178102078125 0.575911346875 0.175556178125 0.575881721875 0.1755783203125 0.5796875 0.1795581765625 0.5796875
0 0.175 0.5796875 0.175 0.57712313125 0.1734425828125 0.5771140703125 0.1723389171875 0.5771076484375001 0.1723839484375 0.5796875 0.175 0.5796875
0 0.17995137187500002 0.5336127187499999 0.1798334140625 0.54375 0.1828125 0.54375 0.1828125 0.5336293640625 0.17995137187500002 0.5336127187499999
0 0.21803768125 0.56621251875 0.21798655625 0.575 0.221875 0.575 0.221875 0.5661455375 0.21803768125 0.56621251875
0 0.1900338046875 0.4882451484375 0.1898286234375 0.5 0.196875 0.5 0.196875 0.4884043796875 0.1900338046875 0.4882451484375
0 0.203918475 0.513646875 0.20397785468750002 0.51875 0.20625 0.51875 0.20625 0.513606178125 0.203918475 0.513646875
0 0.1875 0.5796875 0.1875 0.565625 0.1854339203125 0.565625 0.1851066109375 0.5796875 0.1875 0.5796875
0 0.18125 0.5796875 0.18125 0.5740696890625 0.179634821875 0.5740884828125 0.179699971875 0.5796875 0.18125 0.5796875
0 0.7581607609375001 0.19966963124999998 0.7625 0.1996191390625 0.7625 0.18807552968750002 0.7580264578125 0.1881275859375 0.7581607609375001 0.19966963124999998
0 0 1 0.08585338125 1 0.0859375 0.9927708796874999 0.0859375 0.91875 0 0.91875 0 1
0 0.699400165625 0.5796875 0.699743221875 0.599341175 0.71875 0.5997835625000001 0.71875 0.5796875 0.699400165625 0.5796875
