0 0.228289775 0.746620834375 0.2281428515625 0.771875 0.234375 0.771875 0.234375 0.74658543125 0.228289775 0.746620834375
0 0.22620190624999997 0.775 0.2265017140625 0.749234609375 0.2188482953125 0.7493681999999999 0.21875 0.7578156765624999 0.21875 0.775 0.22620190624999997 0.775
0 0.7022587093749999 0.93135806875 0.685274040625 0.93135806875 0.685274040625 0.9652063343750001 0.7022587093749999 0.9652063343750001 0.7022587093749999 0.93135806875
0 0.682966340625 0.8781209890625 0.669304759375 0.8781209890625 0.669304759375 0.9017819140625001 0.682966340625 0.9017819140625001 0.682966340625 0.8781209890625
0 0.767638725 0.8061158500000001 0.7548309921875 0.8061158500000001 0.7548309921875 0.83158420625 0.767638725 0.83158420625 0.767638725 0.8061158500000001
0 0.8624035078125001 0.6928148125 0.8501265453125001 0.6928148125 0.8501265453125001 0.709574634375 0.8624035078125001 0.709574634375 0.8624035078125001 0.6928148125
0 0.8605419453125001 0.650922625 0.8707032078125 0.650922625 0.8707032078125 0.6371467093750001 0.8605419453125001 0.6371467093750001 0.8605419453125001 0.650922625
0 0.8702896687500001 0.620426321875 0.8581197828124999 0.620426321875 0.8581197828124999 0.6338867593749999 0.8702896687500001 0.6338867593749999 0.8702896687500001 0.620426321875
0 0.8643228796875 0.59318996875 0.854811465625 0.59318996875 0.854811465625 0.605598809375 0.8643228796875 0.605598809375 0.8643228796875 0.59318996875
0 0.6222110734374999 0.6914190359375001 0.6297138671875 0.6914190359375001 0.6297138671875 0.672279978125 0.6222110734374999 0.672279978125 0.6222110734374999 0.6914190359375001
0 0.48167331874999997 0.76257193125 0.49134719687499995 0.76257193125 0.49134719687499995 0.7272119953124999 0.48167331874999997 0.7272119953124999 0.48167331874999997 0.76257193125
0 0.5047872390625 0.7676984640625 0.5137226515625 0.7676984640625 0.5137226515625 0.7326014265625 0.5047872390625 0.7326014265625 0.5047872390625 0.7676984640625
0 0.5266806734375 0.7172490406250001 0.5348776234375 0.7172490406250001 0.5348776234375 0.699634796875 0.5266806734375 0.699634796875 0.5266806734375 0.7172490406250001
0 0.5514810609375 0.702812121875 0.5591610859375 0.702812121875 0.5591610859375 0.6692661890625 0.5514810609375 0.6692661890625 0.5514810609375 0.702812121875
0 0.5845790109375 0.7121225078125001 0.5918898046875001 0.7121225078125001 0.5918898046875001 0.6925365187500001 0.5845790109375 0.6925365187500001 0.5845790109375 0.7121225078125001
0 0.4589977625 0.686028525 0.46785932812500003 0.686028525 0.46785932812500003 0.6665739875 0.4589977625 0.6665739875 0.4589977625 0.686028525
0 0.5756805359375 0.5532842390624999 0.5809383984375 0.5532842390624999 0.5809383984375 0.528887196875 0.5756805359375 0.528887196875 0.5756805359375 0.5532842390624999
0 0.6075871968750001 0.5669572484375001 0.6139202625 0.5669572484375001 0.6139202625 0.5423078234375 0.6075871968750001 0.5423078234375 0.6075871968750001 0.5669572484375001
0 0.9123198453124999 0.5906084 0.9237217281250001 0.5906084 0.9237217281250001 0.57693764375 0.9123198453124999 0.57693764375 0.9123198453124999 0.5906084
0 0.5163919515625001 0.856767521875 0.529499684375 0.856767521875 0.529499684375 0.8403363234375 0.5163919515625001 0.8403363234375 0.5163919515625001 0.856767521875
0 0.5657094765624999 0.841876578125 0.5745710421875 0.841876578125 0.5745710421875 0.8174269578125 0.5657094765624999 0.8174269578125 0.5657094765624999 0.841876578125
0 0.5730941140625 0.8409564312499999 0.580478753125 0.8409564312499999 0.580478753125 0.8193987 0.5730941140625 0.8193987 0.5730941140625 0.8409564312499999
0 0.9007125484374999 0.584966571875 0.9066941046875 0.584966571875 0.9066941046875 0.5765537984375 0.9007125484374999 0.5765537984375 0.9007125484374999 0.584966571875
0 0.9057562562499999 0.5274322640625 0.8981943859375001 0.5274322640625 0.8981943859375001 0.53658115625 0.9057562562499999 0.53658115625 0.9057562562499999 0.5274322640625
0 0.76501918125 0.5868157703125 0.770188428125 0.5868157703125 0.770188428125 0.5659152859375001 0.76501918125 0.5659152859375001 0.76501918125 0.5868157703125
0 0.8521828140625001 0.4299864890625 0.855869225 0.4299864890625 0.855869225 0.4169466921875 0.8521828140625001 0.4169466921875 0.8521828140625001 0.4299864890625
0 0.8554438703125001 0.42872457500000005 0.8591302828125 0.42872457500000005 0.8591302828125 0.416526053125 0.8554438703125001 0.416526053125 0.8554438703125001 0.42872457500000005
0 0.430304965625 0.9580903203125001 0.4425357734375 0.9580903203125001 0.4425357734375 0.9250225359375002 0.430304965625 0.9250225359375002 0.430304965625 0.9580903203125001
0 0.604700646875 0.452901128125 0.617716071875 0.452901128125 0.617716071875 0.44254947343750006 0.604700646875 0.44254947343750006 0.604700646875 0.452901128125
0 0.8804680609375 0.5735267390625 0.8855450000000001 0.5735267390625 0.8855450000000001 0.5607104046875 0.8804680609375 0.5607104046875 0.8804680609375 0.5735267390625
0 0.8841603796874999 0.578949034375 0.8896065515625 0.578949034375 0.8896065515625 0.56465389375 0.8841603796874999 0.56465389375 0.8841603796874999 0.578949034375
0 0.8973651546875001 0.55873100625 0.9018077531250001 0.55873100625 0.9018077531250001 0.548803934375 0.8973651546875001 0.548803934375 0.8973651546875001 0.55873100625
0 0.90747915625 0.5498975953125 0.900720734375 0.5498975953125 0.900720734375 0.5619278609375 0.90747915625 0.5619278609375 0.90747915625 0.5498975953125
0 0.9774458390625 0.4822934046875 0.9774458390625 0.48927600625 0.9797046609375 0.48927600625 0.9852912796875 0.48927600625 0.9852912796875 0.4822934046875 0.9774458390625 0.4822934046875
0 0.9969121187500001 0.4240554484375 0.9969121187500001 0.41282721718750004 0.9916044109375001 0.41282721718750004 0.9916044109375001 0.42843685468750003 0.9969121187500001 0.42843685468750003 0.9969121187500001 0.4240554484375
0 1 0.3966014109375 0.99518134375 0.3966014109375 0.99518134375 0.41118409843750003 1 0.41118409843750003 1 0.3966014109375
0 1 0.37946601874999997 0.9958678859375001 0.37946601874999997 0.9958678859375001 0.389981984375 1 0.389981984375 1 0.37946601874999997
0 0.9637753765625 0.4785063875000001 0.951083028125 0.4785063875000001 0.951083028125 0.5006885046875 0.9637753765625 0.5006885046875 0.9637753765625 0.4785063875000001
0 0.9671215406249999 0.47953333750000005 0.9851215984374999 0.47953333750000005 0.9851215984374999 0.4622805796875 0.9671215406249999 0.4622805796875 0.9671215406249999 0.47953333750000005
0 0.9687943203125 0.45638393125 0.9730635640624999 0.45638393125 0.9730635640624999 0.450016840625 0.9687943203125 0.450016840625 0.9687943203125 0.45638393125
0 0.9873538390625001 0.4747959953125 0.9925461640624998 0.4747959953125 0.9925461640624998 0.4663750078125 0.9873538390625001 0.4663750078125 0.9873538390625001 0.4747959953125
0 0.95260175625 0.472254415625 0.9575494656250001 0.472254415625 0.9575494656250001 0.4658133859375 0.95260175625 0.4658133859375 0.95260175625 0.472254415625
