0 0.584375 0.559375 0.584375 0.5425826046875 0.5634260828125 0.5420950125 0.563124459375 0.559375 0.584375 0.559375
0 0.6078125 0.559375 0.6078125 0.5419401421875001 0.585489184375 0.54181026875 0.5855913734375 0.559375 0.6078125 0.559375
0 0.62372016875 0.559375 0.62372016875 0.5413507578125001 0.6052431515625 0.5413507578125001 0.6052431515625 0.559375 0.62372016875 0.559375
0 0.6499456125 0.559375 0.6499456125 0.5413507578125001 0.62372016875 0.5413507578125001 0.62372016875 0.559375 0.6499456125 0.559375
0 0.030176631250000002 0.9851952125000001 0.03399424375 0.9851952125000001 0.03399424375 0.9780011328124999 0.030176631250000002 0.9780011328124999 0.030176631250000002 0.9851952125000001
0 0.0253664375 0.9778653953124999 0.029336756250000002 0.9778653953124999 0.029336756250000002 0.9713500015625 0.0253664375 0.9713500015625 0.0253664375 0.9778653953124999
0 0.01918190625 0.954654309375 0.0227704609375 0.954654309375 0.0227704609375 0.9440667953125 0.01918190625 0.9440667953125 0.01918190625 0.954654309375
0 0.0105541 0.9364655031249999 0.01368454375 0.9364655031249999 0.01368454375 0.9284570000000001 0.0105541 0.9284570000000001 0.0105541 0.9364655031249999
0 0.0320854375 0.950645465625 0.0320854375 0.9429808968750001 0.0249846765625 0.9429808968750001 0.0249846765625 0.951260875 0.0320854375 0.951260875 0.0320854375 0.950645465625
0 0.030863801562499998 0.937008453125 0.036437515625 0.937008453125 0.036437515625 0.9296786359375 0.030863801562499998 0.9296786359375 0.030863801562499998 0.937008453125
0 0.0455997875 0.953839884375 0.049035639062500004 0.953839884375 0.049035639062500004 0.94651006875 0.0455997875 0.94651006875 0.0455997875 0.953839884375
0 0.039797015625 0.9642916609375 0.044454503125 0.9642916609375 0.044454503125 0.959405115625 0.039797015625 0.959405115625 0.039797015625 0.9642916609375
0 0.048272117187500005 0.9752863859375 0.052089729687499996 0.9752863859375 0.052089729687499996 0.96863525625 0.048272117187500005 0.96863525625 0.048272117187500005 0.9752863859375
0 0.047203184375 0.9196340734374999 0.0501045703125 0.9196340734374999 0.0501045703125 0.9132544171875001 0.047203184375 0.9132544171875001 0.047203184375 0.9196340734374999
0 0.0868300078125 0.94596711875 0.0895023359375 0.94596711875 0.0895023359375 0.9406733609375 0.0868300078125 0.9406733609375 0.0868300078125 0.94596711875
0 0.0760943875 0.9148677234375 0.07355492500000001 0.9148677234375 0.07355492500000001 0.9209842781249999 0.0760943875 0.9209842781249999 0.0760943875 0.9148677234375
0 0.1021033921875 1 0.1021033921875 0.9967130328125 0.098089403125 0.9967130328125 0.098089403125 1 0.1021033921875 1
0 0.08346046406249999 0.9343824421875 0.08128471875 0.9343824421875 0.08128471875 0.9397883109375 0.08346046406249999 0.9397883109375 0.08346046406249999 0.9343824421875
0 0.08603025625 0.9310401234375 0.0828091046875 0.9310401234375 0.0828091046875 0.93512025 0.08603025625 0.93512025 0.08603025625 0.9310401234375
0 0.088204534375 0.9296562218750001 0.086245 0.9296562218750001 0.086245 0.9338795093750001 0.088204534375 0.9338795093750001 0.088204534375 0.9296562218750001
0 0.559375 0.8210399765625 0.5175221296875 0.8207964828125001 0.5184278734375 0.9764806468749999 0.532497184375 0.9765625 0.559375 0.9765625 0.559375 0.8210399765625
