0 0.3605692609375 0.027074178124999997 0.35990250625 0.084375 0.3765625 0.084375 0.3765625 0.0274464234375 0.3605692609375 0.027074178124999997
0 0.2829848875 0.0838091625 0.282280734375 0.1140625 0.30310769843749996 0.1140625 0.303125 0.11331913281249999 0.303125 0.083926334375 0.2829848875 0.0838091625
0 0.38232754999999996 0.03125 0.38140025 0.084375 0.3947016609375 0.084375 0.3953125 0.0843643375 0.3953125 0.03125 0.38232754999999996 0.03125
0 0.14375 0.45750735468750003 0.134375 0.45723457031250003 0.134375 0.4890625 0.14375 0.4890625 0.14375 0.45750735468750003
0 0.040625 0.6858040203125 0.040625 0.7203125 0.06047034531249999 0.7203125 0.0609375 0.70024164375 0.0609375 0.6859221953125 0.040625 0.6858040203125
0 0.13020140468750002 0.47080209218749997 0.1303593390625 0.484375 0.1359375 0.484375 0.1359375 0.47090221562500006 0.13020140468750002 0.47080209218749997
0 0.542977178125 1 0.542977178125 0.9873639546875002 0.5341290734374999 0.9873639546875002 0.5341290734374999 1 0.542977178125 1
0 0.55070048125 1 0.55070048125 0.9891993328125 0.5420410984374999 0.9891993328125 0.5420410984374999 1 0.55070048125 1
0 0.5591536890625 1 0.5591536890625 0.9861725468749999 0.5485012734375 0.9861725468749999 0.5485012734375 1 0.5591536890625 1
0 0.5799899140625 1 0.5799899140625 0.9945671828125 0.57212493125 0.9945671828125 0.57212493125 1 0.5799899140625 1
