0 0.15033945312500002 0.40106885468750003 0.14880351875 0.4890625 0.1824662734375 0.4890625 0.1828125 0.4692272046875 0.1828125 0.4020137234375 0.15033945312500002 0.40106885468750003
0 0.1926676328125 0.7974091875 0.1926676328125 0.779289278125 0.189471903125 0.779289278125 0.189471903125 0.78473868125 0.189471903125 0.7974091875 0.1926676328125 0.7974091875
0 0.058997209375000005 0.7573308421875 0.058997209375000005 0.7451308234375 0.056185942187500004 0.7451308234375 0.056185942187500004 0.7494815781249999 0.056185942187500004 0.7573308421875 0.058997209375000005 0.7573308421875
0 0.06799339843749999 0.7676303953125 0.06799339843749999 0.7561025421875 0.064599375 0.7561025421875 0.064599375 0.7610562546875 0.064599375 0.7676303953125 0.06799339843749999 0.7676303953125
0 0.3117144421875 0.8205138703125 0.3117144421875 0.8099547046875 0.3076958328125 0.8099547046875 0.3076958328125 0.8284603046875001 0.3117144421875 0.8284603046875001 0.3117144421875 0.8205138703125
0 0.08556254218750001 0.7812372078125 0.08556254218750001 0.771004340625 0.0820954390625 0.771004340625 0.0820954390625 0.7744585140625 0.0820954390625 0.7812372078125 0.08556254218750001 0.7812372078125
0 0.065255503125 0.74917698125 0.065255503125 0.744300225 0.0625476890625 0.744300225 0.0625476890625 0.7573259078125 0.065255503125 0.7573259078125 0.065255503125 0.74917698125
0 0.0349430796875 0.761082815625 0.03774529375 0.761082815625 0.03774529375 0.7486625515625 0.0349430796875 0.7486625515625 0.0349430796875 0.761082815625
0 0.030636378125000002 0.7816525078125001 0.0344107734375 0.7816525078125001 0.0344107734375 0.771954021875 0.030636378125000002 0.771954021875 0.030636378125000002 0.7816525078125001
0 0.10535684218750001 0.7731158312499999 0.10535684218750001 0.7598102984375 0.10242715468750001 0.7598102984375 0.10242715468750001 0.7692803687499999 0.10242715468750001 0.7731158312499999 0.10535684218750001 0.7731158312499999
0 0.150267765625 0.7563327875 0.15404625156250001 0.7563327875 0.15404625156250001 0.7406718156250001 0.150267765625 0.7406718156250001 0.150267765625 0.7563327875
0 0.0127653421875 0.777597890625 0.01701685 0.777597890625 0.01701685 0.765309434375 0.0127653421875 0.765309434375 0.0127653421875 0.777597890625
0 0.1347136578125 0.74615733125 0.1347136578125 0.7428028515625 0.131303209375 0.7428028515625 0.131303209375 0.759822828125 0.1347136578125 0.759822828125 0.1347136578125 0.74615733125
0 0.1524111515625 0.819243784375 0.1524111515625 0.8130612640624999 0.1489287890625 0.8130612640624999 0.1489287890625 0.8232819250000001 0.1524111515625 0.8232819250000001 0.1524111515625 0.819243784375
0 0.20653458750000003 0.7772396015625 0.20653458750000003 0.7668792078125 0.20150342187499998 0.7668792078125 0.20150342187499998 0.773435284375 0.20150342187499998 0.7772396015625 0.20653458750000003 0.7772396015625
0 0.3301621 0.7659005671875 0.333292121875 0.7659005671875 0.333292121875 0.7572726640624999 0.3301621 0.7572726640624999 0.3301621 0.7659005671875
0 0.0078392359375 0.7306102343750001 0.0113495609375 0.7306102343750001 0.0113495609375 0.7145596765625 0.0078392359375 0.7145596765625 0.0078392359375 0.7306102343750001
0 0.1964937203125 0.801662428125 0.1964937203125 0.7839417156249999 0.1933996171875 0.7839417156249999 0.1933996171875 0.7912827515625 0.1933996171875 0.801662428125 0.1964937203125 0.801662428125
0 0.09045623281250001 0.7814642390625 0.09045623281250001 0.7762244046875 0.0868039078125 0.7762244046875 0.0868039078125 0.7883354671875 0.09045623281250001 0.7883354671875 0.09045623281250001 0.7814642390625
0 0.178155284375 0.743025175 0.1808701078125 0.743025175 0.1808701078125 0.726917996875 0.178155284375 0.726917996875 0.178155284375 0.743025175
0 0.0389218265625 0.78277691875 0.0434495984375 0.78277691875 0.0434495984375 0.7733707515624999 0.0389218265625 0.7733707515624999 0.0389218265625 0.78277691875
0 0.3245622703125 0.7586852390625001 0.3281583796875 0.7586852390625001 0.3281583796875 0.7487431296875 0.3245622703125 0.7487431296875 0.3245622703125 0.7586852390625001
0 0.3390625 0.7454478812499999 0.337574878125 0.7454478812499999 0.337574878125 0.752985203125 0.3390625 0.752985203125 0.3390625 0.7454478812499999
0 0.2956329203125 0.7625455171875 0.29979725468749996 0.7625455171875 0.29979725468749996 0.750960525 0.2956329203125 0.750960525 0.2956329203125 0.7625455171875
0 0.1751506890625 0.8220286921875001 0.178463234375 0.8220286921875001 0.178463234375 0.8102137140625001 0.1751506890625 0.8102137140625001 0.1751506890625 0.8220286921875001
0 0.30313542656250003 0.7617443984375 0.3074597953125 0.7617443984375 0.3074597953125 0.7514419234374999 0.30313542656250003 0.7514419234374999 0.30313542656250003 0.7617443984375
0 0.16146859375 0.8223012078125 0.16146859375 0.8088337343750001 0.157994628125 0.8088337343750001 0.157994628125 0.8132946296875 0.157994628125 0.8223012078125 0.16146859375 0.8223012078125
0 0.00403534375 0.730384925 0.0072638546875 0.730384925 0.0072638546875 0.715654025 0.00403534375 0.715654025 0.00403534375 0.730384925
0 0.31084666250000004 0.740758821875 0.314904259375 0.740758821875 0.314904259375 0.7311934453125 0.31084666250000004 0.7311934453125 0.31084666250000004 0.740758821875
0 0.0239358703125 0.7790013078125 0.0239358703125 0.7702804249999999 0.0208930203125 0.7702804249999999 0.0208930203125 0.7726309328125 0.0208930203125 0.7790013078125 0.0239358703125 0.7790013078125
0 0.2945674328125 0.7286912640625001 0.29799912812499996 0.7286912640625001 0.29799912812499996 0.7162812578125 0.2945674328125 0.7162812578125 0.2945674328125 0.7286912640625001
0 0.17241432968749998 0.7422426921875 0.17608330156250002 0.7422426921875 0.17608330156250002 0.7283536875000001 0.17241432968749998 0.7283536875000001 0.17241432968749998 0.7422426921875
0 0.17609702656249998 0.8018436515625 0.1811613390625 0.8018436515625 0.1811613390625 0.7891819734375 0.17609702656249998 0.7891819734375 0.17609702656249998 0.8018436515625
0 0.29705802812500004 0.86187278125 0.299660946875 0.86187278125 0.299660946875 0.857730265625 0.29705802812500004 0.857730265625 0.29705802812500004 0.86187278125
0 0.2943181140625 0.8647969109375 0.297469015625 0.8647969109375 0.297469015625 0.8601670406249999 0.2943181140625 0.8601670406249999 0.2943181140625 0.8647969109375
0 0.268528678125 0.8705385609375 0.27318653125000003 0.8705385609375 0.27318653125000003 0.8603041078124999 0.268528678125 0.8603041078124999 0.268528678125 0.8705385609375
0 0.2729125390625 0.85372481875 0.2777073875 0.85372481875 0.2777073875 0.8434903671875 0.2729125390625 0.8434903671875 0.2729125390625 0.85372481875
0 0.22617844062499998 0.842096896875 0.2289139703125 0.842096896875 0.2289139703125 0.8368568578125 0.22617844062499998 0.8368568578125 0.22617844062499998 0.842096896875
0 0.214114053125 0.8414730828125 0.2183225609375 0.8414730828125 0.2183225609375 0.8352349406249999 0.214114053125 0.8352349406249999 0.214114053125 0.8414730828125
0 0.054387021875 0.818921103125 0.05726393125 0.818921103125 0.05726393125 0.812585490625 0.054387021875 0.812585490625 0.054387021875 0.818921103125
0 0.0361665953125 0.8184337484374999 0.040002474999999996 0.8184337484374999 0.040002474999999996 0.812585490625 0.0361665953125 0.812585490625 0.0361665953125 0.8184337484374999
0 0.07233345625 0.8043004578125 0.07507336875000001 0.8043004578125 0.07507336875000001 0.7957717484375 0.07233345625 0.7957717484375 0.07233345625 0.8043004578125
0 0.0649356890625 0.7984521984375 0.0682235859375 0.7984521984375 0.0682235859375 0.7918729078125 0.0649356890625 0.7918729078125 0.0649356890625 0.7984521984375
0 0.0667166328125 0.7896798109375001 0.07027852031250001 0.7896798109375001 0.07027852031250001 0.7838315546875 0.0667166328125 0.7838315546875 0.0667166328125 0.7896798109375001
0 0.128691128125 0.756111065625 0.131303209375 0.756111065625 0.131303209375 0.7408899984375 0.128691128125 0.7408899984375 0.128691128125 0.756111065625
0 0.3238496078125 0.7327405515625001 0.3269183109375 0.7327405515625001 0.3269183109375 0.721511896875 0.3238496078125 0.721511896875 0.3238496078125 0.7327405515625001
0 0.30157958906250004 0.7378870187500001 0.307716996875 0.7378870187500001 0.307716996875 0.7291536203125 0.30157958906250004 0.7291536203125 0.30157958906250004 0.7378870187500001
0 0.2890417453125 0.724007153125 0.2923734796875 0.724007153125 0.2923734796875 0.7149618484375 0.2890417453125 0.7149618484375 0.2890417453125 0.724007153125
0 0.2835180796875 0.7238512 0.2874635546875 0.7238512 0.2874635546875 0.7163654296875 0.2835180796875 0.7163654296875 0.2835180796875 0.7238512
0 0.2637030234375 0.7304012484375 0.2676485 0.7304012484375 0.2676485 0.7232273859375 0.2637030234375 0.7232273859375 0.2637030234375 0.7304012484375
0 0.2696650765625 0.7316488781249999 0.2727337796875 0.7316488781249999 0.2727337796875 0.722915478125 0.2696650765625 0.722915478125 0.2696650765625 0.7316488781249999
0 0.2782574453125 0.730869109375 0.2829043390625 0.730869109375 0.2829043390625 0.7221357109375 0.2782574453125 0.7221357109375 0.2782574453125 0.730869109375
0 0.2446770640625 0.7506752109375 0.2446770640625 0.7397584609375001 0.241082296875 0.7397584609375001 0.241082296875 0.7506752109375 0.24371261406250003 0.7506752109375 0.2446770640625 0.7506752109375
0 0.2446770640625 0.7459966046875 0.2495869890625 0.7459966046875 0.2495869890625 0.7381989265625 0.2446770640625 0.7381989265625 0.2446770640625 0.7459966046875
0 0.250376084375 0.7506752109375 0.2430988734375 0.7506752109375 0.2430988734375 0.760188378125 0.250376084375 0.760188378125 0.250376084375 0.7506752109375
0 0.24318655156250002 0.720108315625 0.24660596250000003 0.720108315625 0.24660596250000003 0.7127784984375001 0.24318655156250002 0.7127784984375001 0.24318655156250002 0.720108315625
0 0.263139084375 0.7199230421875 0.2650244953125 0.7199230421875 0.2650244953125 0.714413515625 0.263139084375 0.714413515625 0.263139084375 0.7199230421875
0 0.2660569828125 0.720002890625 0.26879531874999996 0.720002890625 0.26879531874999996 0.7138545781250001 0.2660569828125 0.7138545781250001 0.2660569828125 0.720002890625
0 0.2559032578125 0.7316956640625 0.25958429843749997 0.7316956640625 0.25958429843749997 0.72363099375 0.2559032578125 0.72363099375 0.2559032578125 0.7316956640625
0 0.2516386359375 0.73033824375 0.2559032578125 0.73033824375 0.2559032578125 0.7207564578125 0.2516386359375 0.7207564578125 0.2516386359375 0.73033824375
0 0.2086262890625 0.766852584375 0.21266645624999997 0.766852584375 0.21266645624999997 0.7521804750000001 0.2086262890625 0.7521804750000001 0.2086262890625 0.766852584375
0 0.2167066234375 0.7521804750000001 0.21266645624999997 0.7521804750000001 0.21266645624999997 0.7653554312499999 0.2167066234375 0.7653554312499999 0.2167066234375 0.7521804750000001
0 0.2225099796875 0.7182980062500001 0.22711128125000002 0.7182980062500001 0.22711128125000002 0.7006315875 0.2225099796875 0.7006315875 0.2225099796875 0.7182980062500001
0 0.205476746875 0.7187799015625 0.20805796562499998 0.7187799015625 0.20805796562499998 0.7082998234375 0.205476746875 0.7082998234375 0.205476746875 0.7187799015625
0 0.199023703125 0.716484265625 0.20334443750000003 0.716484265625 0.20334443750000003 0.7113939421875 0.199023703125 0.7113939421875 0.199023703125 0.716484265625
0 0.1756244015625 0.7217742109375 0.17966456875 0.7217742109375 0.17966456875 0.713689578125 0.1756244015625 0.713689578125 0.1756244015625 0.7217742109375
0 0.18336805625000002 0.7123920453125 0.1794962296875 0.7123920453125 0.1794962296875 0.7204766765625 0.18336805625000002 0.7204766765625 0.18336805625000002 0.7123920453125
0 0.18471477812499998 0.71358976875 0.1892038515625 0.71358976875 0.1892038515625 0.7075013421875 0.18471477812499998 0.7075013421875 0.18471477812499998 0.71358976875
0 0.1948151953125 0.7128910953125 0.1984064546875 0.7128910953125 0.1984064546875 0.7077009609375 0.1948151953125 0.7077009609375 0.1948151953125 0.7128910953125
0 0.1910555953125 0.7134899578125 0.1945907421875 0.7134899578125 0.1945907421875 0.7077009609375 0.1910555953125 0.7077009609375 0.1910555953125 0.7134899578125
0 0.18892328593750002 0.7134899578125 0.1920656375 0.7134899578125 0.1920656375 0.7066030484375 0.18892328593750002 0.7066030484375 0.18892328593750002 0.7134899578125
0 0.153583046875 0.729958653125 0.15677028906249998 0.729958653125 0.15677028906249998 0.7205365625 0.153583046875 0.7205365625 0.153583046875 0.729958653125
0 0.1452333671875 0.73818301875 0.15075492968749998 0.73818301875 0.15075492968749998 0.7337913671875 0.1452333671875 0.7337913671875 0.1452333671875 0.73818301875
0 0.162809496875 0.7261926859375001 0.16596587812500002 0.7261926859375001 0.16596587812500002 0.7154318921875 0.162809496875 0.7154318921875 0.162809496875 0.7261926859375001
0 0.163510915625 0.7112211453125 0.1676317453125 0.7112211453125 0.1676317453125 0.7043591890625 0.163510915625 0.7043591890625 0.163510915625 0.7112211453125
0 0.16596587812500002 0.7261926859375001 0.1694729671875 0.7261926859375001 0.1694729671875 0.7176152421875 0.16596587812500002 0.7176152421875 0.16596587812500002 0.7261926859375001
0 0.17148954375 0.7217742109375 0.1756244015625 0.7217742109375 0.1756244015625 0.7158997515625 0.17148954375 0.7158997515625 0.17148954375 0.7217742109375
0 0.1366360890625 0.734246128125 0.1402273484375 0.734246128125 0.1402273484375 0.7236662390624999 0.1366360890625 0.7236662390624999 0.1366360890625 0.734246128125
0 0.127321259375 0.736741384375 0.132595921875 0.736741384375 0.132595921875 0.7313516296875 0.127321259375 0.7313516296875 0.127321259375 0.736741384375
0 0.151507025 0.720589275 0.15824063593749998 0.720589275 0.15824063593749998 0.7116063515625 0.151507025 0.7116063515625 0.151507025 0.720589275
0 0.1451942640625 0.7143511328125001 0.15045489843749998 0.7143511328125001 0.15045489843749998 0.707988228125 0.1451942640625 0.707988228125 0.1451942640625 0.7143511328125001
0 0.13116590625 0.711356825 0.137408525 0.711356825 0.137408525 0.7018748484375 0.13116590625 0.7018748484375 0.13116590625 0.711356825
0 0.1292019359375 0.7236662390624999 0.1366360890625 0.7236662390624999 0.1366360890625 0.7166592453125 0.1292019359375 0.7166592453125 0.1292019359375 0.7236662390624999
0 0.107920040625 0.7400897078125 0.1183317125 0.7400897078125 0.1183317125 0.7295628421875 0.107920040625 0.7295628421875 0.107920040625 0.7400897078125
0 0.09115176875 0.716696675 0.0992619140625 0.716696675 0.0992619140625 0.7063647515625 0.09115176875 0.7063647515625 0.09115176875 0.716696675
0 0.071643584375 0.7330717984375 0.0796441328125 0.7330717984375 0.0796441328125 0.721765165625 0.071643584375 0.721765165625 0.071643584375 0.7330717984375
0 0.080959290625 0.722739875 0.08600073281250001 0.722739875 0.08600073281250001 0.7124079515624999 0.080959290625 0.7124079515624999 0.080959290625 0.722739875
0 0.0919189453125 0.7124079515624999 0.08600073281250001 0.7124079515624999 0.08600073281250001 0.725079178125 0.0919189453125 0.725079178125 0.0919189453125 0.7124079515624999
0 0.1044129515625 0.68843009375 0.1085776203125 0.68843009375 0.1085776203125 0.68297171875 0.1044129515625 0.68297171875 0.1044129515625 0.68843009375
0 0.10057707187500001 0.7178663265624999 0.107920040625 0.7178663265624999 0.107920040625 0.7085091140625 0.10057707187500001 0.7085091140625 0.10057707187500001 0.7178663265624999
0 0.10766753124999999 0.7146739578125001 0.105310765625 0.7146739578125001 0.105310765625 0.724954415625 0.10766753124999999 0.724954415625 0.10766753124999999 0.7146739578125001
0 0.11513061718749999 0.7150731984375 0.11153935781249999 0.7150731984375 0.11153935781249999 0.7256530875 0.11513061718749999 0.7256530875 0.11513061718749999 0.7150731984375
0 0.08499279374999999 0.6822331234375 0.0888085078125 0.6822331234375 0.0888085078125 0.6762445078125 0.08499279374999999 0.6762445078125 0.08499279374999999 0.6822331234375
0 0.0284268828125 0.7207652390625 0.0332301921875 0.7207652390625 0.0332301921875 0.7149363203125 0.0284268828125 0.7149363203125 0.0284268828125 0.7207652390625
0 0.0395597875 0.72619491875 0.04274703125 0.72619491875 0.04274703125 0.7127005703125 0.0395597875 0.7127005703125 0.0395597875 0.72619491875
0 0.03098565625 0.7134192031250001 0.033319975 0.7134192031250001 0.033319975 0.7088678546875 0.03098565625 0.7088678546875 0.03098565625 0.7134192031250001
0 0.028651337500000002 0.7134192031250001 0.03098565625 0.7134192031250001 0.03098565625 0.7095864890625 0.028651337500000002 0.7095864890625 0.028651337500000002 0.7134192031250001
0 0.06038909375 0.710384971875 0.0635314453125 0.710384971875 0.0635314453125 0.6972898640625 0.06038909375 0.6972898640625 0.06038909375 0.710384971875
0 0.067436940625 0.701282275 0.0635314453125 0.701282275 0.0635314453125 0.7142176859375 0.067436940625 0.7142176859375 0.067436940625 0.701282275
0 0.069950821875 0.71445723125 0.0727789390625 0.71445723125 0.0727789390625 0.703118784375 0.069950821875 0.703118784375 0.069950821875 0.71445723125
0 0.045126240625 0.719647365625 0.0484930453125 0.719647365625 0.0484930453125 0.7077499796875 0.045126240625 0.7077499796875 0.045126240625 0.719647365625
0 0.02874111875 0.6971301671875001 0.031793689062500005 0.6971301671875001 0.031793689062500005 0.689065496875 0.02874111875 0.689065496875 0.02874111875 0.6971301671875001
0 0.00072929375 0.7253964359375 0.0035574109375000004 0.7253964359375 0.0035574109375000004 0.7149363203125 0.00072929375 0.7149363203125 0.00072929375 0.7253964359375
0 0 0.7082378031250001 0.0020086796875 0.7082378031250001 0.0020086796875 0.7010514624999999 0 0.7010514624999999 0 0.7082378031250001
0 0.010874601562499999 0.6988556375 0.013175253125 0.6988556375 0.013175253125 0.6917691078125 0.010874601562499999 0.6917691078125 0.010874601562499999 0.6988556375
0 0.0113495609375 0.717719778125 0.0150269953125 0.717719778125 0.0150269953125 0.7130286953125 0.0113495609375 0.7130286953125 0.0113495609375 0.717719778125
0 0.11648496875 0.66960383125 0.1184601609375 0.66960383125 0.1184601609375 0.658664625 0.11648496875 0.658664625 0.11648496875 0.66960383125
0 0.1079557265625 0.6659308125 0.1105145 0.6659308125 0.1105145 0.6592235609375 0.1079557265625 0.6592235609375 0.1079557265625 0.6659308125
0 0.1262272859375 0.6668561078125 0.127843353125 0.6668561078125 0.127843353125 0.659749615625 0.1262272859375 0.659749615625 0.1262272859375 0.6668561078125
0 0.1236685125 0.6662971703125 0.1257334875 0.6662971703125 0.1257334875 0.658951134375 0.1236685125 0.658951134375 0.1236685125 0.6662971703125
0 0.128189784375 0.668477075 0.130281334375 0.668477075 0.130281334375 0.662467378125 0.128189784375 0.662467378125 0.128189784375 0.668477075
0 0.2483387 0.7207564578125 0.2552406515625 0.7207564578125 0.2552406515625 0.7132463812500001 0.2483387 0.7132463812500001 0.2483387 0.7207564578125
0 0 0.6996049796875 0.0079961890625 0.6996049796875 0.0079961890625 0.6898009484375 0 0.6898009484375 0 0.6996049796875
0 0.015253439062499999 0.7113698171875 0.027012021874999997 0.7113698171875 0.027012021874999997 0.691108153125 0.015253439062499999 0.691108153125 0.015253439062499999 0.7113698171875
0 0.033901815625 0.706794603125 0.0595318515625 0.706794603125 0.0595318515625 0.6886571453125 0.033901815625 0.6886571453125 0.033901815625 0.706794603125
0 0.13361061875 0.6660843203125 0.14711375468750001 0.6660843203125 0.14711375468750001 0.6593131921875 0.13361061875 0.6593131921875 0.13361061875 0.6660843203125
0 0.51064365 0.9568273328125001 0.5101355296875 0.9859375 0.528125 0.9859375 0.528125 0.9573359890625 0.51064365 0.9568273328125001
0 0.52751428125 0.9263455859375 0.5360262203125 0.9263455859375 0.5360262203125 0.9072555343750001 0.52751428125 0.9072555343750001 0.52751428125 0.9263455859375
0 0.657413884375 0.94049855625 0.66722111875 0.94049855625 0.66722111875 0.9246998921875 0.657413884375 0.9246998921875 0.657413884375 0.94049855625
0 0.6559335468749999 1 0.6559335468749999 0.9901985218749999 0.6452011015625001 0.9901985218749999 0.6452011015625001 1 0.6559335468749999 1
0 0.6080076249999999 0.9638674140625 0.6194802390625 0.9638674140625 0.6194802390625 0.9467521953125001 0.6080076249999999 0.9467521953125001 0.6080076249999999 0.9638674140625
0 0.9371313265625 0.8910817671875 0.9484073343750001 0.8910817671875 0.9484073343750001 0.8401681015625 0.9371313265625 0.8401681015625 0.9371313265625 0.8910817671875
0 0.9498529765625001 0.8031399828125 0.9562138015624999 0.8031399828125 0.9562138015624999 0.7722832171875 0.9498529765625001 0.7722832171875 0.9498529765625001 0.8031399828125
0 0.45441738750000005 0.74348328125 0.45975323437500004 0.74348328125 0.45975323437500004 0.7318352421875 0.45441738750000005 0.7318352421875 0.45441738750000005 0.74348328125
0 0.4463529828125 0.7388456359375 0.4518707328125 0.7388456359375 0.4518707328125 0.7284918250000001 0.4463529828125 0.7284918250000001 0.4463529828125 0.7388456359375
0 0.443165409375 0.8442694812500001 0.4512610046875 0.8442694812500001 0.4512610046875 0.827401115625 0.443165409375 0.827401115625 0.443165409375 0.8442694812500001
0 0.46120702031250005 0.82657826875 0.4725408546875 0.82657826875 0.4725408546875 0.8092984796874999 0.46120702031250005 0.8092984796874999 0.46120702031250005 0.82657826875
0 0.652031759375 0.8512636812500001 0.6633655921875 0.8512636812500001 0.6633655921875 0.8323381984375 0.652031759375 0.8323381984375 0.652031759375 0.8512636812500001
0 0.5899330125000001 0.7922031390625 0.5938742625 0.7922031390625 0.5938742625 0.785866821875 0.5899330125000001 0.785866821875 0.5899330125000001 0.7922031390625
0 0.6009230375 0.7768341984375 0.60380318125 0.7768341984375 0.60380318125 0.7714415890625 0.6009230375 0.7714415890625 0.6009230375 0.7768341984375
0 0.63366573125 0.7864060828125 0.6368490484375 0.7864060828125 0.6368490484375 0.781283103125 0.63366573125 0.781283103125 0.63366573125 0.7864060828125
0 0.6281328234375 0.7555333859375 0.6308613796875 0.7555333859375 0.6308613796875 0.7513541125 0.6281328234375 0.7513541125 0.6281328234375 0.7555333859375
0 0.6963284875 0.8012894453125 0.7029900046875 0.8012894453125 0.7029900046875 0.78759726875 0.6963284875 0.78759726875 0.6963284875 0.8012894453125
0 0.577457396875 0.7441509421875 0.582638578125 0.7441509421875 0.582638578125 0.7362516109375 0.577457396875 0.7362516109375 0.577457396875 0.7441509421875
0 0.5866354890625 0.7491538531249999 0.59137256875 0.7491538531249999 0.59137256875 0.7407278984375 0.5866354890625 0.7407278984375 0.5866354890625 0.7491538531249999
0 0.63903943125 0.786017403125 0.643332409375 0.786017403125 0.643332409375 0.774431715625 0.63903943125 0.774431715625 0.63903943125 0.786017403125
0 0.63385825 0.7533668296875 0.6382992625 0.7533668296875 0.6382992625 0.7441509421875 0.63385825 0.7441509421875 0.63385825 0.7533668296875
0 0.6227557203125 0.7404645875 0.6291211703125 0.7404645875 0.6291211703125 0.7257191671875 0.6227557203125 0.7257191671875 0.6227557203125 0.7404645875
0 0.5307643390625 0.6842285484375 0.5335195765625 0.6842285484375 0.5335195765625 0.6797418953125 0.5307643390625 0.6797418953125 0.5307643390625 0.6842285484375
0 0.5411643890625 0.6916142671875 0.543027084375 0.6916142671875 0.543027084375 0.6825029109375 0.5411643890625 0.6825029109375 0.5411643890625 0.6916142671875
0 0.5655346546875 0.6902337578125 0.5684839234375 0.6902337578125 0.5684839234375 0.6833312171875 0.5655346546875 0.6833312171875 0.5655346546875 0.6902337578125
0 0.5517196640625001 0.695479690625 0.5551734109375 0.695479690625 0.5551734109375 0.6894054546875 0.5517196640625001 0.6894054546875 0.5517196640625001 0.695479690625
0 0.554940575 0.6699402859375 0.5619256828125 0.6699402859375 0.5619256828125 0.661519184375 0.554940575 0.661519184375 0.554940575 0.6699402859375
0 0.5888571546875 0.67546231875 0.5917676171874999 0.67546231875 0.5917676171874999 0.6702163890625 0.5888571546875 0.6702163890625 0.5888571546875 0.67546231875
0 0.57970443125 0.8561138734375 0.5850099609375 0.8561138734375 0.5850099609375 0.850384225 0.57970443125 0.850384225 0.57970443125 0.8561138734375
0 0.5013885828125 0.694963396875 0.503757121875 0.694963396875 0.503757121875 0.688896709375 0.5013885828125 0.688896709375 0.5013885828125 0.694963396875
0 0.5044203140625 0.7047375031249999 0.5071678203125 0.7047375031249999 0.5071678203125 0.6963115484375 0.5044203140625 0.6963115484375 0.5044203140625 0.7047375031249999
0 0.7760289515625 0.740006571875 0.7802491203125 0.740006571875 0.7802491203125 0.72801340625 0.7760289515625 0.72801340625 0.7760289515625 0.740006571875
0 0.3407560921875 0.759025425 0.343356903125 0.759025425 0.343356903125 0.7505870359375 0.3407560921875 0.7505870359375 0.3407560921875 0.759025425
0 0.3448258796875 0.7464320921875001 0.3407560921875 0.7464320921875001 0.3407560921875 0.755812840625 0.3448258796875 0.755812840625 0.3448258796875 0.7464320921875001
0 0.363200121875 0.7549133171875 0.3558793234375 0.7549133171875 0.3558793234375 0.7656647671875 0.363200121875 0.7656647671875 0.363200121875 0.7549133171875
0 0.3772776859375 0.7345267890625 0.3730916296875 0.7345267890625 0.3730916296875 0.7449007609375 0.3772776859375 0.7449007609375 0.3772776859375 0.7345267890625
0 0.36824709375 0.7346941109375 0.3644843484375 0.7346941109375 0.3644843484375 0.7436458453125 0.36824709375 0.7436458453125 0.36824709375 0.7346941109375
0 0.4081100375 0.7339678296875001 0.4042061875 0.7339678296875001 0.4042061875 0.740995359375 0.4081100375 0.740995359375 0.4081100375 0.7339678296875001
0 0.4195393796875 0.7321272875 0.41643511406249994 0.7321272875 0.41643511406249994 0.74040973125 0.4195393796875 0.74040973125 0.4195393796875 0.7321272875
0 0.43435150624999996 0.747439671875 0.43150024687500005 0.747439671875 0.43150024687500005 0.7552869453125 0.43435150624999996 0.7552869453125 0.43435150624999996 0.747439671875
0 0.43038286249999996 0.7528196796875 0.43286808125 0.7528196796875 0.43286808125 0.7455549546875 0.43038286249999996 0.7455549546875 0.43038286249999996 0.7528196796875
0 0.43324081875000003 0.7652048296875 0.4369659375 0.7652048296875 0.4369659375 0.75891351875 0.43324081875000003 0.75891351875 0.43324081875000003 0.7652048296875
0 0.43847103593750003 0.755500146875 0.43564897656249996 0.755500146875 0.43564897656249996 0.7608544546875 0.43847103593750003 0.7608544546875 0.43847103593750003 0.755500146875
0 0.4369927171875 0.7500895328125 0.43463773124999994 0.7500895328125 0.43463773124999994 0.75373011875 0.4369927171875 0.75373011875 0.4369927171875 0.7500895328125
0 0.44051128593750005 0.7304250140625 0.43662813125 0.7304250140625 0.43662813125 0.7376533296875 0.44051128593750005 0.7376533296875 0.44051128593750005 0.7304250140625
0 0.4475250453125 0.7565540375 0.45077605781249996 0.7565540375 0.45077605781249996 0.7519493328125 0.4475250453125 0.7519493328125 0.4475250453125 0.7565540375
0 0.4639908234375 0.7316029609375 0.46025817968750005 0.7316029609375 0.46025817968750005 0.7401163109375 0.4639908234375 0.7401163109375 0.4639908234375 0.7316029609375
0 0.47570049062499997 0.73058564375 0.471606621875 0.73058564375 0.471606621875 0.73904545 0.47570049062499997 0.73904545 0.47570049062499997 0.73058564375
0 0.5364093765625 0.7255569859375 0.53372841875 0.7255569859375 0.53372841875 0.7287361062500001 0.5364093765625 0.7287361062500001 0.5364093765625 0.7255569859375
0 0.5566796671875001 0.74789248125 0.554223346875 0.74789248125 0.554223346875 0.7515762453125 0.5566796671875001 0.7515762453125 0.5566796671875001 0.74789248125
0 0.556731840625 0.729073396875 0.559043671875 0.729073396875 0.559043671875 0.72487561875 0.556731840625 0.72487561875 0.556731840625 0.729073396875
0 0.56296896875 0.7224768890625001 0.5603681593750001 0.7224768890625001 0.5603681593750001 0.72727435 0.56296896875 0.72727435 0.56296896875 0.7224768890625001
0 0.5789591359375 0.7219200421874999 0.576526896875 0.7219200421874999 0.576526896875 0.7251754609375001 0.5789591359375 0.7251754609375001 0.5789591359375 0.7219200421874999
0 0.568290996875 0.7249184546875 0.5652567187499999 0.7249184546875 0.5652567187499999 0.7284308796875 0.568290996875 0.7284308796875 0.568290996875 0.7249184546875
0 0.569570846875 0.6987771578124999 0.5659209828125 0.6987771578124999 0.5659209828125 0.70265903125 0.569570846875 0.70265903125 0.569570846875 0.6987771578124999
0 0.5608412749999999 0.71135978125 0.5574171765625 0.71135978125 0.5574171765625 0.7145054390625 0.5608412749999999 0.7145054390625 0.5608412749999999 0.71135978125
0 0.5398827781250001 0.7134345765625 0.5373993640625 0.7134345765625 0.5373993640625 0.7162455890625 0.5398827781250001 0.7162455890625 0.5398827781250001 0.7134345765625
0 0.5535872 0.7670869781249999 0.557831578125 0.7670869781249999 0.557831578125 0.761679128125 0.5535872 0.761679128125 0.5535872 0.7670869781249999
0 0.6058897218749999 0.8493507765625001 0.601333271875 0.8493507765625001 0.601333271875 0.8562789578124999 0.6058897218749999 0.8562789578124999 0.6058897218749999 0.8493507765625001
0 0.5700260453125 0.851442303125 0.5753908984375 0.851442303125 0.5753908984375 0.8438605203125 0.5700260453125 0.8438605203125 0.5700260453125 0.851442303125
0 0.6417534 0.839023865625 0.6370499671875001 0.839023865625 0.6370499671875001 0.845559884375 0.6417534 0.845559884375 0.6417534 0.839023865625
0 0.622551471875 0.8254065531249999 0.618612346875 0.8254065531249999 0.618612346875 0.8301124890625001 0.622551471875 0.8301124890625001 0.622551471875 0.8254065531249999
0 0.8274428203124999 0.965284571875 0.81439079375 0.965284571875 0.81439079375 0.982121359375 0.8274428203124999 0.982121359375 0.8274428203124999 0.965284571875
0 0.8760020562499999 0.8428810484374999 0.8658050124999999 0.8428810484374999 0.8658050124999999 0.8671762218750001 0.8760020562499999 0.8671762218750001 0.8760020562499999 0.8428810484374999
0 0.9853052921875001 0.90635883125 0.9897735531249999 0.90635883125 0.9897735531249999 0.89841103125 0.9853052921875001 0.89841103125 0.9853052921875001 0.90635883125
0 0.9606703718750002 0.7722832171875 0.9558199578125001 0.7722832171875 0.9558199578125001 0.7982628546875 0.9606703718750002 0.7982628546875 0.9606703718750002 0.7722832171875
0 0.7304887046874999 0.8086424921875001 0.734665353125 0.8086424921875001 0.734665353125 0.8039574734375 0.7304887046874999 0.8039574734375 0.7304887046874999 0.8086424921875001
0 0.7377508046875001 0.805229121875 0.7431315328125 0.805229121875 0.7431315328125 0.7990047390624999 0.7377508046875001 0.7990047390624999 0.7377508046875001 0.805229121875
0 0.763262225 0.7979338765625 0.766347678125 0.7979338765625 0.766347678125 0.79344964375 0.763262225 0.79344964375 0.763262225 0.7979338765625
0 0.6386804515625 0.7426377421875 0.6415965796875 0.7426377421875 0.6415965796875 0.7381200453125001 0.6386804515625 0.7381200453125001 0.6386804515625 0.7426377421875
0 0.6505801375 0.7606248718749999 0.654248815625 0.7606248718749999 0.654248815625 0.7550195796875 0.6505801375 0.7550195796875 0.6505801375 0.7606248718749999
0 0.6771365125 0.6307632109375 0.6467111796875 0.6307632109375 0.6467111796875 0.6637047546875 0.6771365125 0.6637047546875 0.6771365125 0.6307632109375
0 0.6207688078125 0.682659215625 0.6461967421875 0.682659215625 0.6461967421875 0.656122971875 0.6207688078125 0.656122971875 0.6207688078125 0.682659215625
0 0.6919082328125 0.6637047546875 0.6474460921875 0.6637047546875 0.6474460921875 0.680175528125 0.6919082328125 0.680175528125 0.6919082328125 0.6637047546875
0 0.6886011296875 0.680175528125 0.6474460921875 0.680175528125 0.6474460921875 0.7050124062500001 0.6886011296875 0.7050124062500001 0.6886011296875 0.680175528125
0 0.6453148484375 0.690241 0.6410523625 0.690241 0.6410523625 0.6953390953125 0.6453148484375 0.6953390953125 0.6453148484375 0.690241
0 0.6372308234374999 0.6825284953125 0.6095246624999999 0.6825284953125 0.6095246624999999 0.7180844468750001 0.6372308234374999 0.7180844468750001 0.6372308234374999 0.6825284953125
