0 0.740702553125 1 0.740702553125 0.8678684015625 0.6831046 0.8678684015625 0.6831046 0.9032646734374999 0.6831046 1 0.740702553125 1
0 0.8004337625 1 0.8004337625 0.843849503125 0.740702553125 0.843849503125 0.740702553125 1 0.8004337625 1
0 0.8089667921875 0.9904912015624999 0.8765199453125 0.9904912015624999 0.8765199453125 0.807189078125 0.8089667921875 0.807189078125 0.8089667921875 0.9904912015624999
0 0.8765199453125 0.9361326421875 0.947628528125 0.9361326421875 0.947628528125 0.850170265625 0.8765199453125 0.850170265625 0.8765199453125 0.9361326421875
0 0.88789731875 0.7996041625 0.97820521875 0.7996041625 0.97820521875 0.639056784375 0.88789731875 0.639056784375 0.88789731875 0.7996041625
0 0.8118111359375 0.8337362828125 0.8523430281250001 0.8337362828125 0.8523430281250001 0.6643398359375 0.8118111359375 0.6643398359375 0.8118111359375 0.8337362828125
0 0.7506577546875 0.8337362828125 0.8118111359375 0.8337362828125 0.8118111359375 0.593547290625 0.7506577546875 0.593547290625 0.7506577546875 0.8337362828125
0 0.6774159140625 0.6504341578124999 0.6987484890625 0.6504341578124999 0.6987484890625 0.6049246640625 0.6774159140625 0.6049246640625 0.6774159140625 0.6504341578124999
0 0.636884021875 0.6504341578124999 0.6774159140625 0.6504341578124999 0.6774159140625 0.5467736453125001 0.636884021875 0.5467736453125001 0.636884021875 0.6504341578124999
0 0.629062078125 0.8893589953125 0.6831046 0.8893589953125 0.6831046 0.6200944953125 0.629062078125 0.6200944953125 0.629062078125 0.8893589953125
0 0.6831046 0.8893589953125 0.7307473515625 0.8893589953125 0.7307473515625 0.60745296875 0.6831046 0.60745296875 0.6831046 0.8893589953125
0 0.6802602578125 1 0.6802602578125 0.879245775 0.6198179625 0.879245775 0.6198179625 1 0.6802602578125 1
0 0.6461281375000001 1 0.6461281375000001 0.8248872140625 0.5899523578125 0.8248872140625 0.5899523578125 1 0.6461281375000001 1
0 0.47973405312499995 0.805924925 0.5088885734375 0.805924925 0.5088885734375 0.742717296875 0.47973405312499995 0.742717296875 0.47973405312499995 0.805924925
0 0.5885301859375 1 0.5885301859375 0.7932833984375 0.48613382656250004 0.7932833984375 0.48613382656250004 1 0.5885301859375 1
0 0.565064353125 0.84511365625 0.621240134375 0.84511365625 0.621240134375 0.6706605984375 0.565064353125 0.6706605984375 0.565064353125 0.84511365625
0 0.5935077859375 0.63779263125 0.629062078125 0.63779263125 0.629062078125 0.5834340703125 0.5935077859375 0.5834340703125 0.5935077859375 0.63779263125
0 0.5671976109375 0.7515663640625 0.621240134375 0.7515663640625 0.621240134375 0.60745296875 0.5671976109375 0.60745296875 0.5671976109375 0.7515663640625
0 0.5174216031250001 0.7932833984375 0.578574984375 0.7932833984375 0.578574984375 0.632736021875 0.5174216031250001 0.632736021875 0.5174216031250001 0.7932833984375
0 0.43493564687499997 0.783170178125 0.45840147968749995 0.783170178125 0.45840147968749995 0.7237550078125 0.43493564687499997 0.7237550078125 0.43493564687499997 0.783170178125
0 0.597537425 0.5241681703125 0.6101198890624999 0.5241681703125 0.6101198890624999 0.49558578124999997 0.597537425 0.49558578124999997 0.597537425 0.5241681703125
0 0.6129159921875 0.51422646875 0.6261974828125 0.51422646875 0.6261974828125 0.49517154375 0.6129159921875 0.49517154375 0.6129159921875 0.51422646875
0 0.32316205625 0.5856905328125 0.38467632812499997 0.5856905328125 0.38467632812499997 0.5334966046875 0.32316205625 0.5334966046875 0.32316205625 0.5856905328125
0 0.024398515625 0.4739355609375 0.041175134375 0.4739355609375 0.041175134375 0.4414593390625 0.024398515625 0.4414593390625 0.024398515625 0.4739355609375
0 0.0050122 0.4278723484375 0.015450984374999999 0.4278723484375 0.015450984374999999 0.40169253749999995 0.0050122 0.40169253749999995 0.0050122 0.4278723484375
0 0.012468475 0.3821405265625 0.0232800734375 0.3821405265625 0.0232800734375 0.35132125468750003 0.012468475 0.35132125468750003 0.012468475 0.3821405265625
0 0.0050122 0.37948940625 0.012468475 0.37948940625 0.012468475 0.34701318593749997 0.0050122 0.34701318593749997 0.0050122 0.37948940625
0 0.043039203124999995 0.425221228125 0.05254595468749999 0.425221228125 0.05254595468749999 0.41196562812500004 0.043039203124999995 0.41196562812500004 0.043039203124999995 0.425221228125
0 0.0478857828125 0.3599373953125 0.0553420578125 0.3599373953125 0.0553420578125 0.3413795546875 0.0478857828125 0.3413795546875 0.0478857828125 0.3599373953125
0 0.145190175 0.47492973125000004 0.17240558125 0.47492973125000004 0.17240558125 0.445767409375 0.145190175 0.445767409375 0.145190175 0.47492973125000004
0 0.1886229796875 0.498458421875 0.21509275625000002 0.498458421875 0.21509275625000002 0.4590230109375 0.1886229796875 0.4590230109375 0.1886229796875 0.498458421875
0 0.20297630937500002 0.4033494875 0.21136461875 0.4033494875 0.21136461875 0.36822214531249997 0.20297630937500002 0.36822214531249997 0.20297630937500002 0.4033494875
0 0.17315120781249999 0.3924136171875 0.19477440625 0.3924136171875 0.19477440625 0.370873265625 0.17315120781249999 0.370873265625 0.17315120781249999 0.3924136171875
0 0.235970328125 0.39970419687500003 0.2514420984375 0.39970419687500003 0.2514420984375 0.383134696875 0.235970328125 0.383134696875 0.235970328125 0.39970419687500003
0 0.0670856921875 0.357286275 0.07901573281249999 0.357286275 0.07901573281249999 0.323153103125 0.0670856921875 0.323153103125 0.0670856921875 0.357286275
0 0.16457649218749998 0.370873265625 0.1748288703125 0.370873265625 0.1748288703125 0.331437853125 0.16457649218749998 0.331437853125 0.16457649218749998 0.370873265625
0 0.0676449125 0.2900141015625 0.0751011875 0.2900141015625 0.0751011875 0.26582263125 0.0676449125 0.26582263125 0.0676449125 0.2900141015625
0 0.0754740015625 0.289351321875 0.0836759046875 0.289351321875 0.0836759046875 0.2631715109375 0.0754740015625 0.2631715109375 0.0754740015625 0.289351321875
0 0.1269223015625 0.2804037921875 0.1336329484375 0.2804037921875 0.1336329484375 0.2545553703125 0.1269223015625 0.2545553703125 0.1269223015625 0.2804037921875
0 0.11496231875 0.2758206671875 0.1206887390625 0.2758206671875 0.1206887390625 0.2569446921875 0.11496231875 0.2569446921875 0.11496231875 0.2758206671875
0 0.12176244218750001 0.2817591765625 0.1269223015625 0.2817591765625 0.1269223015625 0.2545553703125 0.12176244218750001 0.2545553703125 0.12176244218750001 0.2817591765625
0 0.14860503281249998 0.31760232187500004 0.15552445625 0.31760232187500004 0.15552445625 0.28600096875 0.14860503281249998 0.28600096875 0.14860503281249998 0.31760232187500004
0 0.12975556875 0.3167539625 0.1376293953125 0.3167539625 0.1376293953125 0.2974538078125 0.12975556875 0.2974538078125 0.12975556875 0.3167539625
0 0.14347511562499998 0.3116638125 0.1499173375 0.3116638125 0.1499173375 0.2896064921875 0.14347511562499998 0.2896064921875 0.14347511562499998 0.3116638125
0 0.13834519843749998 0.3116638125 0.14454881875 0.3116638125 0.14454881875 0.2840921625 0.13834519843749998 0.2840921625 0.13834519843749998 0.3116638125
0 0.19226898125 0.3511124796875 0.202409515625 0.3511124796875 0.202409515625 0.31908694843749996 0.19226898125 0.31908694843749996 0.19226898125 0.3511124796875
0 0.1681703 0.3313881453125 0.1797424390625 0.3313881453125 0.1797424390625 0.2980900765625 0.1681703 0.2980900765625 0.1681703 0.3313881453125
0 0.191314578125 0.301271421875 0.1797424390625 0.301271421875 0.1797424390625 0.3180265 0.191314578125 0.3180265 0.191314578125 0.301271421875
0 0.18940577187500002 0.3131484390625 0.2020516140625 0.3131484390625 0.2020516140625 0.29342410625 0.18940577187500002 0.29342410625 0.18940577187500002 0.3131484390625
0 0.2157648859375 0.3524157484375 0.22298815312500003 0.3524157484375 0.22298815312500003 0.315548609375 0.2157648859375 0.315548609375 0.2157648859375 0.3524157484375
0 0.2076095859375 0.3524157484375 0.2157648859375 0.3524157484375 0.2157648859375 0.33460353593750003 0.2076095859375 0.33460353593750003 0.2076095859375 0.3524157484375
0 0.21757303281249998 0.31552872656250003 0.225088959375 0.31552872656250003 0.225088959375 0.2866845390625 0.21757303281249998 0.2866845390625 0.21757303281249998 0.31552872656250003
0 0.23379788906250001 0.29177468906250004 0.225088959375 0.29177468906250004 0.225088959375 0.31786171093750004 0.23379788906250001 0.31786171093750004 0.23379788906250001 0.29177468906250004
0 0.2302188765625 0.30619678281249996 0.2359452953125 0.30619678281249996 0.2359452953125 0.28710871718750003 0.2302188765625 0.28710871718750003 0.2302188765625 0.30619678281249996
0 0.26457739375 0.31404409843750003 0.2755530296875 0.31404409843750003 0.2755530296875 0.2991978265625 0.26457739375 0.2991978265625 0.26457739375 0.31404409843750003
0 0.27916186718749997 0.28185950000000004 0.28512688750000004 0.28185950000000004 0.28512688750000004 0.2625063234375 0.27916186718749997 0.2625063234375 0.27916186718749997 0.28185950000000004
0 0.228906571875 0.28185950000000004 0.2333803375 0.28185950000000004 0.2333803375 0.2744363640625 0.228906571875 0.2744363640625 0.228906571875 0.28185950000000004
0 0.22249417500000002 0.28185950000000004 0.228906571875 0.28185950000000004 0.228906571875 0.27311080312499997 0.22249417500000002 0.27311080312499997 0.22249417500000002 0.28185950000000004
0 0.306153584375 0.327458765625 0.3113729765625 0.327458765625 0.3113729765625 0.31208226875 0.306153584375 0.31208226875 0.306153584375 0.327458765625
0 0.3148028640625 0.3224216375 0.308241340625 0.3224216375 0.308241340625 0.34442593593750004 0.3148028640625 0.34442593593750004 0.3148028640625 0.3224216375
0 0.3148028640625 0.34071436718750003 0.32017138125 0.34071436718750003 0.32017138125 0.31287760625 0.3148028640625 0.31287760625 0.3148028640625 0.34071436718750003
0 0.32002225625 0.344691046875 0.3268820296875 0.344691046875 0.3268820296875 0.3157938375 0.32002225625 0.3157938375 0.32002225625 0.344691046875
0 0.2597755515625 0.30571958125 0.2670827015625 0.30571958125 0.2670827015625 0.29166864375 0.2597755515625 0.29166864375 0.2597755515625 0.30571958125
0 0.332697925 0.29193375625 0.33970682343749997 0.29193375625 0.33970682343749997 0.2728456921875 0.332697925 0.2728456921875 0.332697925 0.29193375625
0 0.322706515625 0.30545446875 0.3295662890625 0.30545446875 0.3295662890625 0.2911384203125 0.322706515625 0.2911384203125 0.322706515625 0.30545446875
0 0.36043526875 0.3083707015625 0.36669854062499996 0.3083707015625 0.36669854062499996 0.2927290921875 0.36043526875 0.2927290921875 0.36043526875 0.3083707015625
0 0.3790479953125 0.2928119390625 0.389242121875 0.2928119390625 0.389242121875 0.2777958296875 0.3790479953125 0.2777958296875 0.3790479953125 0.2928119390625
0 0.3761353890625 0.311970425 0.3834169078125 0.311970425 0.3834169078125 0.299025503125 0.3761353890625 0.299025503125 0.3761353890625 0.311970425
0 0.38882270625 0.3151766234375 0.39434035 0.3151766234375 0.39434035 0.3011256875 0.38882270625 0.3011256875 0.38882270625 0.3151766234375
0 0.39434035 0.3151766234375 0.40194575156249995 0.3151766234375 0.40194575156249995 0.3016559109375 0.39434035 0.3016559109375 0.39434035 0.3151766234375
0 0.31786705312499997 0.40707479687500003 0.33242170312499997 0.40707479687500003 0.33242170312499997 0.379503146875 0.31786705312499997 0.379503146875 0.31786705312499997 0.40707479687500003
0 0.2675222828125 0.39116807656249997 0.27802071875 0.39116807656249997 0.27802071875 0.3735646375 0.2675222828125 0.3735646375 0.2675222828125 0.39116807656249997
0 0.3735803421875 0.3519314984375 0.378352359375 0.3519314984375 0.378352359375 0.3317829859375 0.3735803421875 0.3317829859375 0.3735803421875 0.3519314984375
0 0.37739795625 0.3498106015625 0.3837208765625 0.3498106015625 0.3837208765625 0.3275411921875 0.37739795625 0.3275411921875 0.37739795625 0.3498106015625
0 0.3626862234375 0.37124876093750003 0.37172633125 0.37124876093750003 0.37172633125 0.3603897734375 0.3626862234375 0.3603897734375 0.3626862234375 0.37124876093750003
0 0.3701626375 0.3683819890625 0.3765640109375 0.3683819890625 0.3765640109375 0.3523106859375 0.3701626375 0.3523106859375 0.3701626375 0.3683819890625
0 0.3122924296875 0.40707479687500003 0.32052415624999997 0.40707479687500003 0.32052415624999997 0.39533673281250004 0.3122924296875 0.39533673281250004 0.3122924296875 0.40707479687500003
0 0.392976534375 0.359610321875 0.39781421250000004 0.359610321875 0.39781421250000004 0.3510968765625 0.392976534375 0.3510968765625 0.392976534375 0.359610321875
0 0.389458221875 0.3539636484375 0.39634825 0.3539636484375 0.39634825 0.338761065625 0.389458221875 0.338761065625 0.389458221875 0.3539636484375
0 0.3950357625 0.34347715 0.4001060296875 0.34347715 0.4001060296875 0.317496171875 0.3950357625 0.317496171875 0.3950357625 0.34347715
0 0.40443067031249996 0.31325438125 0.3992112765625 0.31325438125 0.3992112765625 0.341886478125 0.40443067031249996 0.341886478125 0.40443067031249996 0.31325438125
0 0.41054481562499995 0.3339331171875 0.41665896093750004 0.3339331171875 0.41665896093750004 0.311133484375 0.41054481562499995 0.311133484375 0.41054481562499995 0.3339331171875
0 0.4182993421875 0.35752808593749996 0.4257556171875 0.35752808593749996 0.4257556171875 0.33313778125 0.4182993421875 0.33313778125 0.4182993421875 0.35752808593749996
0 0.4222970984375 0.3540890109375 0.4247892359375 0.3540890109375 0.4247892359375 0.33827832343750003 0.4222970984375 0.33827832343750003 0.4222970984375 0.3540890109375
0 0.42065050312499996 0.3305891859375 0.42922521874999997 0.3305891859375 0.42922521874999997 0.29877574375 0.42065050312499996 0.29877574375 0.42065050312499996 0.3305891859375
0 0.43630868125 0.3302577953125 0.43630868125 0.31070578437499996 0.43630868125 0.29877574375 0.42922521874999997 0.29877574375 0.42922521874999997 0.3302577953125 0.43630868125 0.3302577953125
0 0.43668149375 0.336222815625 0.44339214218749995 0.336222815625 0.44339214218749995 0.31103717343750004 0.43668149375 0.31103717343750004 0.43668149375 0.336222815625
0 0.4480523140625 0.34351339687500004 0.45625421718750003 0.34351339687500004 0.45625421718750003 0.305734934375 0.4480523140625 0.305734934375 0.4480523140625 0.34351339687500004
0 0.45906523281249995 0.3874689671875 0.4633600484375 0.3874689671875 0.4633600484375 0.37580403906250004 0.45906523281249995 0.37580403906250004 0.45906523281249995 0.3874689671875
0 0.43138753906250005 0.35586761562499997 0.439380665625 0.35586761562499997 0.439380665625 0.345899403125 0.43138753906250005 0.345899403125 0.43138753906250005 0.35586761562499997
0 0.46491095312499997 0.3861964296875 0.4693250671875 0.3861964296875 0.4693250671875 0.37262269375 0.46491095312499997 0.37262269375 0.46491095312499997 0.3861964296875
0 0.4689671671875 0.383227175 0.4755286890625 0.383227175 0.4755286890625 0.3647753796875 0.4689671671875 0.3647753796875 0.4689671671875 0.383227175
0 0.5017747781249999 0.37877329375 0.5194312375 0.37877329375 0.5194312375 0.36371493125 0.5017747781249999 0.36371493125 0.5017747781249999 0.37877329375
0 0.48423761875000004 0.34165761250000004 0.49079914062499996 0.34165761250000004 0.49079914062499996 0.3140859625 0.48423761875000004 0.3140859625 0.48423761875000004 0.34165761250000004
0 0.49079914062499996 0.34165761250000004 0.49724136249999995 0.34165761250000004 0.49724136249999995 0.31344969375 0.49079914062499996 0.31344969375 0.49079914062499996 0.34165761250000004
0 0.496286959375 0.34165761250000004 0.5030870828125 0.34165761250000004 0.5030870828125 0.3138738734375 0.496286959375 0.3138738734375 0.496286959375 0.34165761250000004
0 0.51370481875 0.3372037296875 0.521817246875 0.3372037296875 0.521817246875 0.3100562609375 0.51370481875 0.3100562609375 0.51370481875 0.3372037296875
0 0.457514328125 0.28163625312499996 0.4619284421875 0.28163625312499996 0.4619284421875 0.26191191875 0.457514328125 0.26191191875 0.457514328125 0.28163625312499996
0 0.49521325625 0.29690670468749997 0.49998527187499997 0.29690670468749997 0.49998527187499997 0.27760655 0.49521325625 0.27760655 0.49521325625 0.29690670468749997
0 0.516687328125 0.3041177515625 0.5227716499999999 0.3041177515625 0.5227716499999999 0.28821103125 0.516687328125 0.28821103125 0.516687328125 0.3041177515625
0 0.5304068749999999 0.2956341671875 0.5304068749999999 0.314934321875 0.5360139937499999 0.314934321875 0.5360139937499999 0.3063316140625 0.5360139937499999 0.2956341671875 0.5304068749999999 0.2956341671875
0 0.5399814328125 0.33787994375 0.5453499500000001 0.33787994375 0.5453499500000001 0.30792228593750004 0.5399814328125 0.30792228593750004 0.5399814328125 0.33787994375
0 0.5539992296875 0.349809984375 0.5599642499999999 0.349809984375 0.5599642499999999 0.32674523906249997 0.5539992296875 0.32674523906249997 0.5539992296875 0.349809984375
0 0.535209415625 0.3673073765625 0.5422183140625 0.3673073765625 0.5422183140625 0.3535215515625 0.535209415625 0.3535215515625 0.535209415625 0.3673073765625
0 0.5420691890625 0.37022360781249997 0.5532536015625 0.37022360781249997 0.5532536015625 0.356702896875 0.5420691890625 0.356702896875 0.5420691890625 0.37022360781249997
0 0.5623502578124999 0.3588237921875 0.5532536015625 0.3588237921875 0.5532536015625 0.3694282734375 0.5623502578124999 0.3694282734375 0.5623502578124999 0.3588237921875
0 0.5636923875 0.369958496875 0.5712977890625 0.369958496875 0.5712977890625 0.3479542 0.5636923875 0.3479542 0.5636923875 0.369958496875
0 0.6029123953125 0.350075096875 0.611263425 0.350075096875 0.611263425 0.325419678125 0.6029123953125 0.325419678125 0.6029123953125 0.350075096875
0 0.6120090515625 0.4030974984375 0.617974071875 0.4030974984375 0.617974071875 0.3882512265625 0.6120090515625 0.3882512265625 0.6120090515625 0.4030974984375
0 0.66141828125 0.37223693281250003 0.6670104875 0.37223693281250003 0.6670104875 0.35367909218750004 0.66141828125 0.35367909218750004 0.66141828125 0.37223693281250003
0 0.63233880625 0.33578403125 0.6379310140625 0.33578403125 0.6379310140625 0.3168948 0.63233880625 0.3168948 0.63233880625 0.33578403125
0 0.6438960328125 0.33744098125 0.6500474609375 0.33744098125 0.6500474609375 0.3142436796875 0.6438960328125 0.3142436796875 0.6438960328125 0.33744098125
0 0.6243233109374999 0.360969671875 0.6282378546875 0.360969671875 0.6282378546875 0.3503651921875 0.6243233109374999 0.3503651921875 0.6243233109374999 0.360969671875
0 0.6610454671875 0.3265051109375 0.66551923125 0.3265051109375 0.66551923125 0.303307809375 0.6610454671875 0.303307809375 0.6610454671875 0.3265051109375
0 0.66719689375 0.337772371875 0.6729755078124999 0.337772371875 0.6729755078124999 0.3115925609375 0.66719689375 0.3115925609375 0.66719689375 0.337772371875
0 0.6811863578125 0.3445995359375 0.6876763 0.3445995359375 0.6876763 0.33333333593750003 0.6811863578125 0.33333333593750003 0.6811863578125 0.3445995359375
0 0.6767579265625 0.3528795140625 0.682942459375 0.3528795140625 0.682942459375 0.3420205265625 0.6767579265625 0.3420205265625 0.6767579265625 0.3528795140625
0 0.675001825 0.3298041640625 0.6789721421875 0.3298041640625 0.6789721421875 0.31799501406249997 0.675001825 0.31799501406249997 0.675001825 0.3298041640625
0 0.679964721875 0.3298041640625 0.6852330281250001 0.3298041640625 0.6852330281250001 0.316773378125 0.679964721875 0.316773378125 0.679964721875 0.3298041640625
0 0.6901195718750001 0.334690709375 0.697296684375 0.334690709375 0.697296684375 0.3181307515625 0.6901195718750001 0.3181307515625 0.6901195718750001 0.334690709375
0 0.6882107656249999 0.3524723015625 0.692639196875 0.3524723015625 0.692639196875 0.3383556171875 0.6882107656249999 0.3383556171875 0.6882107656249999 0.3524723015625
0 0.7028704 0.32301729687499997 0.697296684375 0.32301729687499997 0.697296684375 0.3394415171875 0.7028704 0.3394415171875 0.7028704 0.32301729687499997
0 0.700885240625 0.29722719999999997 0.696456809375 0.29722719999999997 0.696456809375 0.302883853125 0.696456809375 0.31799501406249997 0.700885240625 0.31799501406249997 0.700885240625 0.31034940781250003 0.700885240625 0.29722719999999997
0 0.7013485875 0.35870583906250003 0.707361328125 0.35870583906250003 0.707361328125 0.34547144687500003 0.7013485875 0.34547144687500003 0.7013485875 0.35870583906250003
0 0.714137590625 0.346828821875 0.7085066125 0.346828821875 0.7085066125 0.359554196875 0.714137590625 0.359554196875 0.714137590625 0.346828821875
0 0.7243497062500001 0.3410599828125 0.729980684375 0.3410599828125 0.729980684375 0.3293526375 0.7243497062500001 0.3293526375 0.7243497062500001 0.3410599828125
0 0.7128968671875 0.3108584234375 0.7128968671875 0.312215796875 0.7128968671875 0.3193420078125 0.7157600765625001 0.3193420078125 0.7157600765625001 0.3108584234375 0.7128968671875 0.3108584234375
0 0.71805064375 0.318323978125 0.721104734375 0.318323978125 0.721104734375 0.3108584234375 0.71805064375 0.3108584234375 0.71805064375 0.318323978125
0 0.9864822578125001 0.35876887343749997 0.9937637765625 0.35876887343749997 0.9937637765625 0.340160546875 0.9864822578125001 0.340160546875 0.9864822578125001 0.35876887343749997
0 0.936082496875 0.3330550796875 0.936082496875 0.34597928906250003 0.9442843999999999 0.34597928906250003 0.9442843999999999 0.3330550796875 0.9401178328125 0.3330550796875 0.936082496875 0.3330550796875
0 0.8950729828125 0.3449851203125 0.8950729828125 0.35303126875 0.8950729828125 0.36022906093749996 0.9029020718749999 0.36022906093749996 0.9029020718749999 0.3449851203125 0.8950729828125 0.3449851203125
0 0.9053253609375 0.33239229843749996 0.9107311609375 0.33239229843749996 0.9107311609375 0.32344476875 0.9053253609375 0.32344476875 0.9053253609375 0.33239229843749996
0 0.8984283062499999 0.32344476875 0.8984283062499999 0.3268514578125 0.8984283062499999 0.33239229843749996 0.9053253609375 0.33239229843749996 0.9053253609375 0.32344476875 0.8984283062499999 0.32344476875
0 0.88892155625 0.3327236890625 0.8939545421874999 0.3327236890625 0.8939545421874999 0.3277528390625 0.88892155625 0.3277528390625 0.88892155625 0.3327236890625
0 0.891717659375 0.32013086875 0.891717659375 0.32453172812500003 0.891717659375 0.32675866875000004 0.8958186109374999 0.32675866875000004 0.8958186109374999 0.32013086875 0.891717659375 0.32013086875
0 0.9148321125000001 0.3376945390625 0.9202379125 0.3376945390625 0.9202379125 0.3260958890625 0.9148321125000001 0.3260958890625 0.9148321125000001 0.3376945390625
0 0.9280670015625001 0.34995597031250003 0.9342184281250001 0.34995597031250003 0.9342184281250001 0.34167121875 0.9280670015625001 0.34167121875 0.9280670015625001 0.34995597031250003
0 0.8782963640625001 0.31090231875 0.88478630625 0.31090231875 0.88478630625 0.2946138375 0.8782963640625001 0.2946138375 0.8782963640625001 0.31090231875
0 0.8721881828125 0.3192162328125 0.8800142890625 0.3192162328125 0.8800142890625 0.300213003125 0.8721881828125 0.300213003125 0.8721881828125 0.3192162328125
0 0.849855146875 0.3125990375 0.8551998046874999 0.3125990375 0.8551998046874999 0.298007271875 0.849855146875 0.298007271875 0.849855146875 0.3125990375
0 0.8580630140625001 0.309205603125 0.8622623890625001 0.309205603125 0.8622623890625001 0.2959712109375 0.8580630140625001 0.2959712109375 0.8580630140625001 0.309205603125
0 0.8103786421875 0.327845628125 0.8185805453125001 0.327845628125 0.8185805453125001 0.2996774765625 0.8103786421875 0.2996774765625 0.8103786421875 0.327845628125
0 0.7764227359375 0.40196178125 0.7917080999999999 0.40196178125 0.7917080999999999 0.38307255156250003 0.7764227359375 0.38307255156250003 0.7764227359375 0.40196178125
0 0.8058750234375 0.3549044 0.81556818125 0.3549044 0.81556818125 0.3353523890625 0.8058750234375 0.3353523890625 0.8058750234375 0.3549044
0 0.7859294875 0.34363713906250004 0.7928265421875 0.34363713906250004 0.7928265421875 0.32077122812500003 0.7859294875 0.32077122812500003 0.7859294875 0.34363713906250004
0 0.7516306203124999 0.3419801890625 0.75666360625 0.3419801890625 0.75666360625 0.32441651875 0.7516306203124999 0.32441651875 0.7516306203124999 0.3419801890625
0 0.761323778125 0.329055978125 0.7553587578125 0.329055978125 0.7553587578125 0.34098601875 0.761323778125 0.34098601875 0.761323778125 0.329055978125
0 0.7906697203124999 0.326172790625 0.7944567921875 0.326172790625 0.7944567921875 0.3123818765625 0.7906697203124999 0.3123818765625 0.7906697203124999 0.326172790625
0 0.7934184015625 0.3260642015625 0.7963503281250001 0.3260642015625 0.7963503281250001 0.30749533125 0.7934184015625 0.30749533125 0.7934184015625 0.3260642015625
0 0.7953119375 0.3218291953125 0.7989768453125 0.3218291953125 0.7989768453125 0.3058664828125 0.7953119375 0.3058664828125 0.7953119375 0.3218291953125
0 0.8034358171875 0.3270415109375 0.8071007265624999 0.3270415109375 0.8071007265624999 0.30749533125 0.8034358171875 0.30749533125 0.8034358171875 0.3270415109375
0 0.8061844984375 0.315856753125 0.8093607531250001 0.315856753125 0.8093607531250001 0.29945968125 0.8061844984375 0.29945968125 0.8061844984375 0.315856753125
0 0.82043195 0.32270915625 0.8257766078125 0.32270915625 0.8257766078125 0.3037059265625 0.82043195 0.3037059265625 0.82043195 0.32270915625
0 0.43384266406250005 0.29724929375000003 0.43999409062500006 0.29724929375000003 0.43999409062500006 0.28233674375 0.43384266406250005 0.28233674375 0.43384266406250005 0.29724929375000003
0 0.43630868125 0.30122597500000003 0.44894162031249996 0.30122597500000003 0.44894162031249996 0.28664481406250003 0.43630868125 0.28664481406250003 0.43630868125 0.30122597500000003
0 0.47820750156249997 0.3140859625 0.489578321875 0.3140859625 0.489578321875 0.294266784375 0.47820750156249997 0.294266784375 0.47820750156249997 0.3140859625
0 0.5482964890625001 0.29360400468750003 0.5482964890625001 0.31746408593750003 0.552211034375 0.31746408593750003 0.552211034375 0.3098421140625 0.552211034375 0.29360400468750003 0.5482964890625001 0.29360400468750003
0 0.5581760546875 0.30884794531250004 0.5520246281250001 0.30884794531250004 0.5520246281250001 0.32177215625 0.5581760546875 0.32177215625 0.5581760546875 0.30884794531250004
0 0.558735275 0.3260802265625 0.565259515625 0.3260802265625 0.565259515625 0.30288292499999997 0.558735275 0.30288292499999997 0.558735275 0.3260802265625
0 0.569546875 0.3032143140625 0.5745798609375 0.3032143140625 0.5745798609375 0.2833309140625 0.569546875 0.2833309140625 0.569546875 0.3032143140625
0 0.589119596875 0.30884794531250004 0.5950846171874999 0.30884794531250004 0.5950846171874999 0.28730759375 0.589119596875 0.28730759375 0.589119596875 0.30884794531250004
0 0.5553531578124999 0.28392923125 0.559323475 0.28392923125 0.559323475 0.27339601406249997 0.5553531578124999 0.27339601406249997 0.5553531578124999 0.28392923125
0 0.5509552671875 0.281757434375 0.558285084375 0.281757434375 0.558285084375 0.2695953671875 0.5509552671875 0.2695953671875 0.5509552671875 0.281757434375
0 0.621324390625 0.31587590625 0.624784103125 0.31587590625 0.624784103125 0.292970228125 0.621324390625 0.292970228125 0.621324390625 0.31587590625
0 0.624784103125 0.30718023125 0.6275280125 0.30718023125 0.6275280125 0.28957679375 0.624784103125 0.28957679375 0.624784103125 0.30718023125
0 0.7466592249999999 0.32494734531249997 0.7516306203124999 0.32494734531249997 0.7516306203124999 0.3002974421875 0.7466592249999999 0.3002974421875 0.7466592249999999 0.32494734531249997
0 0.73841318125 0.32581606406249997 0.7427499890625 0.32581606406249997 0.7427499890625 0.3075729640625 0.73841318125 0.3075729640625 0.73841318125 0.32581606406249997
0 0.7430553984375 0.32375285625 0.7466592249999999 0.32375285625 0.7466592249999999 0.301926290625 0.7430553984375 0.301926290625 0.7430553984375 0.32375285625
0 0.7392683265625 0.307030015625 0.7437883796875 0.307030015625 0.7437883796875 0.2968225671875 0.7392683265625 0.2968225671875 0.7392683265625 0.307030015625
0 0.761310934375 0.3284371015625 0.769137040625 0.3284371015625 0.769137040625 0.30570109375 0.761310934375 0.30570109375 0.761310934375 0.3284371015625
0 0.574124396875 0.2853271765625 0.5812824203125 0.2853271765625 0.5812824203125 0.27294114375 0.574124396875 0.27294114375 0.574124396875 0.2853271765625
0 0.6195539906249999 0.28787225156249996 0.6233716046875 0.28787225156249996 0.6233716046875 0.281424728125 0.6195539906249999 0.281424728125 0.6195539906249999 0.28787225156249996
0 0 0.060691746874999994 0.1063437421875 0.060691746874999994 0.1063437421875 0.000368821875 0 0.000368821875 0 0.060691746874999994
0 0.50545455 0.3040691796875 0.5097031296875 0.3040691796875 0.5097031296875 0.2852397921875 0.50545455 0.2852397921875 0.50545455 0.3040691796875
0 0.5477128234374999 0.3002543296875 0.5540557749999999 0.3002543296875 0.5540557749999999 0.28833968906249996 0.5477128234374999 0.28833968906249996 0.5477128234374999 0.3002543296875
0 0.5851429078125 0.332524628125 0.5890338890625 0.332524628125 0.5890338890625 0.3120450640625 0.5851429078125 0.3120450640625 0.5851429078125 0.332524628125
0 0.5869505296875 0.3270779359375 0.5913317124999999 0.3270779359375 0.5913317124999999 0.31563988125 0.5869505296875 0.31563988125 0.5869505296875 0.3270779359375
0 0.66962318125 0.29747253906250004 0.6736324046875 0.29747253906250004 0.6736324046875 0.27864315156249997 0.66962318125 0.27864315156249997 0.66962318125 0.29747253906250004
