0 0.534971634375 0.2926796484375 0.5353602234375 0.309375 0.540625 0.309375 0.540625 0.2927125390625 0.534971634375 0.2926796484375
0 0.8936456625 0.41496566562500004 0.8997810109375 0.41496566562500004 0.8997810109375 0.4060299515625 0.8936456625 0.4060299515625 0.8936456625 0.41496566562500004
0 0.89990495625 0.4085672515625 0.9088910734375 0.4085672515625 0.9088910734375 0.3993005859375 0.89990495625 0.3993005859375 0.89990495625 0.4085672515625
0 0.8801974749999999 0.41606883906250003 0.88825399375 0.41606883906250003 0.88825399375 0.40735376093750003 0.8801974749999999 0.40735376093750003 0.8801974749999999 0.41606883906250003
0 0.9902606625000001 0.4390625 0.9902606625000001 0.425655246875 0.97902801875 0.425655246875 0.97902801875 0.4390625 0.9902606625000001 0.4390625
0 0.8048924015625 0.4390625 0.8048924015625 0.4360813375 0.773162115625 0.4360813375 0.773162115625 0.4390625 0.8048924015625 0.4390625
0 0.8018562640625 0.39692889375 0.8062137546875 0.39692889375 0.8062137546875 0.38615570312499997 0.8018562640625 0.38615570312499997 0.8018562640625 0.39692889375
0 0.7635420828124999 0.4008989890625 0.767413178125 0.4008989890625 0.767413178125 0.393838671875 0.7635420828124999 0.393838671875 0.7635420828124999 0.4008989890625
0 0.7948120359375 0.3726439328125 0.7993510890625 0.3726439328125 0.7993510890625 0.36456404062500003 0.7948120359375 0.36456404062500003 0.7948120359375 0.3726439328125
0 0.8029823328125 0.36779599687500003 0.8069161781249999 0.36779599687500003 0.8069161781249999 0.3618707421875 0.8029823328125 0.3618707421875 0.8029823328125 0.36779599687500003
0 0.8069161781249999 0.359446775 0.81024481875 0.359446775 0.81024481875 0.349481575 0.8069161781249999 0.349481575 0.8069161781249999 0.359446775
0 0.8117578359375 0.375606559375 0.8197768312499999 0.375606559375 0.8197768312499999 0.369411975 0.8117578359375 0.369411975 0.8117578359375 0.375606559375
0 0.7662159984375 0.390689025 0.773024578125 0.390689025 0.773024578125 0.3842251109375 0.7662159984375 0.3842251109375 0.7662159984375 0.390689025
0 0.7598613234375 0.3659106890625 0.7640977734375001 0.3659106890625 0.7640977734375001 0.35971610468750004 0.7598613234375 0.35971610468750004 0.7598613234375 0.3659106890625
0 0.751237121875 0.3618707421875 0.755019665625 0.3618707421875 0.755019665625 0.35459884062499997 0.751237121875 0.35459884062499997 0.751237121875 0.3618707421875
0 0.7949633375 0.3559454890625 0.7982919765625 0.3559454890625 0.7982919765625 0.3513668828125 0.7949633375 0.3513668828125 0.7949633375 0.3559454890625
0 0.7926938109374999 0.3513668828125 0.79647635625 0.3513668828125 0.79647635625 0.3440949796875 0.7926938109374999 0.3440949796875 0.7926938109374999 0.3513668828125
0 0.7591048140625001 0.343286990625 0.7630386609375 0.343286990625 0.7630386609375 0.33736173593749996 0.7591048140625001 0.33736173593749996 0.7591048140625001 0.343286990625
0 0.76591339375 0.35406018125 0.76893943125 0.35406018125 0.76893943125 0.349481575 0.76591339375 0.349481575 0.76591339375 0.35406018125
0 0.751539725 0.3440949796875 0.753960553125 0.3440949796875 0.753960553125 0.3405936921875 0.751539725 0.3405936921875 0.751539725 0.3440949796875
0 0.7945094328125 0.33709240625 0.79753546875 0.33709240625 0.79753546875 0.33278313125 0.7945094328125 0.33278313125 0.7945094328125 0.33709240625
0 0.8061596703125 0.33709240625 0.8091857062500001 0.33709240625 0.8091857062500001 0.3303591625 0.8061596703125 0.3303591625 0.8061596703125 0.33709240625
0 0.8143299671875 0.347865596875 0.8178099078125 0.347865596875 0.8178099078125 0.341132353125 0.8143299671875 0.341132353125 0.8143299671875 0.347865596875
0 0.8523579609375 0.41043449687500005 0.8605887781250001 0.41043449687500005 0.8605887781250001 0.39940275000000003 0.8523579609375 0.39940275000000003 0.8523579609375 0.41043449687500005
0 0.8544864609375 0.356488025 0.8705994953125 0.356488025 0.8705994953125 0.349207071875 0.8544864609375 0.349207071875 0.8544864609375 0.356488025
0 0.8052615828124999 0.3253857546875 0.81052930625 0.3253857546875 0.81052930625 0.31887702500000004 0.8052615828124999 0.31887702500000004 0.8052615828124999 0.3253857546875
0 0.8198872609375 0.3229587703125 0.825154984375 0.3229587703125 0.825154984375 0.31656035781249997 0.8198872609375 0.31656035781249997 0.8198872609375 0.3229587703125
0 0.8112110109374999 0.317442896875 0.8198872609375 0.317442896875 0.8198872609375 0.3101619453125 0.8112110109374999 0.3101619453125 0.8112110109374999 0.317442896875
0 0.8354425375 0.32847464375 0.8389130375 0.32847464375 0.8389130375 0.32119369062500003 0.8354425375 0.32119369062500003 0.8354425375 0.32847464375
0 0.9321372984374999 0.356113165625 0.936131665625 0.356113165625 0.936131665625 0.3418925546875 0.9321372984374999 0.3418925546875 0.9321372984374999 0.356113165625
0 0.786712146875 0.3231197171875 0.793591171875 0.3231197171875 0.793591171875 0.315287178125 0.786712146875 0.315287178125 0.786712146875 0.3231197171875
0 0.712360790625 0.3477307328125 0.716143334375 0.3477307328125 0.716143334375 0.33911218125000003 0.712360790625 0.33911218125000003 0.712360790625 0.3477307328125
0 0.7365690765624999 0.3493467109375 0.7473115031249999 0.3493467109375 0.7473115031249999 0.337496203125 0.7365690765624999 0.337496203125 0.7365690765624999 0.3493467109375
0 0.7141764109375 0.30517663437500003 0.7181102578125 0.30517663437500003 0.7181102578125 0.29925138125 0.7141764109375 0.29925138125 0.7141764109375 0.30517663437500003
0 0.7362664718749999 0.289555509375 0.7417133375 0.289555509375 0.7417133375 0.28309159687499996 0.7362664718749999 0.28309159687499996 0.7362664718749999 0.289555509375
0 0.7400490171875 0.3127178671875 0.7485219171875 0.3127178671875 0.7485219171875 0.297366071875 0.7400490171875 0.297366071875 0.7400490171875 0.3127178671875
0 0.768947659375 0.29655808281249996 0.7704606765625 0.29655808281249996 0.7704606765625 0.290632828125 0.768947659375 0.290632828125 0.768947659375 0.29655808281249996
0 0.7883142875 0.2860542234375 0.7905838140625 0.2860542234375 0.7905838140625 0.2820142765625 0.7883142875 0.2820142765625 0.7883142875 0.2860542234375
0 0.8010236374999999 0.278512990625 0.8051087859375 0.278512990625 0.8051087859375 0.2752810328125 0.8010236374999999 0.2752810328125 0.8010236374999999 0.278512990625
0 0.8849699203125001 0.288760896875 0.8877538734374999 0.288760896875 0.8877538734374999 0.2850980140625 0.8849699203125001 0.2850980140625 0.8849699203125001 0.288760896875
0 0.8950163578125 0.2857444046875 0.8976792703124999 0.2857444046875 0.8976792703124999 0.281219665625 0.8950163578125 0.281219665625 0.8950163578125 0.2857444046875
0 0.9210402656250001 0.27066193906249997 0.9245504671875 0.27066193906249997 0.9245504671875 0.2674299828125 0.9210402656250001 0.2674299828125 0.9210402656250001 0.27066193906249997
0 0.87032390625 0.2730320421875 0.873592025 0.2730320421875 0.873592025 0.27001554843750003 0.87032390625 0.27001554843750003 0.87032390625 0.2730320421875
0 0.8781916000000001 0.273893896875 0.8804913875 0.273893896875 0.8804913875 0.2691536921875 0.8781916000000001 0.2691536921875 0.8781916000000001 0.273893896875
0 0.533062709375 0.4390625 0.533062709375 0.45951139531249996 0.5471434984375 0.45951139531249996 0.5471434984375 0.4390625 0.533062709375 0.4390625
0 0.504768871875 0.7132400437499999 0.5329819171875 0.7132400437499999 0.5329819171875 0.65176018125 0.504768871875 0.65176018125 0.504768871875 0.7132400437499999
0 0.524814703125 0.6085044171874999 0.537633390625 0.6085044171874999 0.537633390625 0.5730552062500001 0.524814703125 0.5730552062500001 0.524814703125 0.6085044171874999
0 0.47771789375000007 0.6395224765625 0.497373215625 0.6395224765625 0.497373215625 0.5606479828125 0.47771789375000007 0.5606479828125 0.47771789375000007 0.6395224765625
0 0.4577463875 0.6914274 0.49210545312500004 0.6914274 0.49210545312500004 0.6133581125 0.4577463875 0.6133581125 0.4577463875 0.6914274
0 0.4325240015625 0.7121886843749999 0.46353724218750003 0.7121886843749999 0.46353724218750003 0.6552238406249999 0.4325240015625 0.6552238406249999 0.4325240015625 0.7121886843749999
0 0.47859346093750005 0.6727250875 0.440373825 0.6727250875 0.440373825 0.7353521000000001 0.47859346093750005 0.7353521000000001 0.47859346093750005 0.6727250875
0 0.256291665625 0.78868853125 0.224924540625 0.78868853125 0.224924540625 0.8730216125 0.256291665625 0.8730216125 0.256291665625 0.78868853125
0 0.6279479 0.7441385265625 0.6571756953125 0.7441385265625 0.6571756953125 0.6891447718749999 0.6279479 0.6891447718749999 0.6279479 0.7441385265625
0 0.58922478125 0.7609531625 0.6325471984375 0.7609531625 0.6325471984375 0.7006182890625 0.58922478125 0.7006182890625 0.58922478125 0.7609531625
0 0.5007669171875 0.4390625 0.5007669171875 0.47501574218750003 0.5179771921875 0.47501574218750003 0.5179771921875 0.4390625 0.5007669171875 0.4390625
0 0.66040705625 0.4390625 0.66040705625 0.4631465875 0.68088135 0.4631465875 0.68088135 0.4390625 0.66040705625 0.4390625
0 0.6366687468750001 0.5412851937500001 0.6571430390625 0.5412851937500001 0.6571430390625 0.4762026578125 0.6366687468750001 0.4762026578125 0.6366687468750001 0.5412851937500001
0 0.1219431953125 0.7092608921875 0.1556515984375 0.7092608921875 0.1556515984375 0.6304497 0.1219431953125 0.6304497 0.1219431953125 0.7092608921875
0 0.0231672921875 0.4390625 0.0231672921875 0.473092996875 0.0396511765625 0.473092996875 0.0396511765625 0.4390625 0.0231672921875 0.4390625
0 0.0624399546875 0.4390625 0.0624399546875 0.4672185578125 0.0823421546875 0.4672185578125 0.0823421546875 0.4390625 0.0624399546875 0.4390625
0 0.43277867187499997 0.4390625 0.43277867187499997 0.46591858124999996 0.45020543125 0.46591858124999996 0.45020543125 0.4390625 0.43277867187499997 0.4390625
0 0.1670182421875 0.784690584375 0.205288771875 0.784690584375 0.205288771875 0.7375358234375 0.1670182421875 0.7375358234375 0.1670182421875 0.784690584375
0 0.21519810625 0.7867407906249999 0.23570017656250003 0.7867407906249999 0.23570017656250003 0.7548486828125001 0.21519810625 0.7548486828125001 0.21519810625 0.7867407906249999
