0 0.2546875 0.33507834999999997 0.2546875 0.3473624359375 0.2548536953125 0.3545028640625 0.275 0.35438565781250003 0.275 0.334960175 0.2546875 0.33507834999999997
0 0.1265622296875 0.2604716171875 0.1262604453125 0.2734375 0.1328125 0.2734375 0.1328125 0.26061709375 0.1265622296875 0.2604716171875
0 0.23630786874999998 0.23302525468750002 0.2360661203125 0.246875 0.24958659062500002 0.246875 0.24982971250000002 0.2329465875 0.23630786874999998 0.23302525468750002
0 0.1162365859375 0.214254446875 0.1158773765625 0.2296875 0.1228409203125 0.2296875 0.1231963578125 0.2144164375 0.1162365859375 0.214254446875
0 0.5110702218750001 0.39409634375 0.5109651640624999 0.403125 0.514011509375 0.403125 0.5140625 0.39874287812500003 0.5140625 0.3940789359375 0.5110702218750001 0.39409634375
0 0.5171875 0.39148795937499997 0.5140625 0.39148795937499997 0.5140625 0.39889915781249996 0.5141399953125 0.4015625 0.5171875 0.4015625 0.5171875 0.39148795937499997
0 0.5725185374999999 0.0075639765625 0.5765625 0.0076581015625 0.5765625 0.0008365843749999999 0.572677225 0.000746153125 0.5725185374999999 0.0075639765625
0 0.3466472546875 0.68315224375 0.3462330375 0.71875 0.3578125 0.71875 0.3578125 0.6830872859375 0.3466472546875 0.68315224375
0 0.402911559375 0.7311520578125 0.415625 0.7311520578125 0.415625 0.6961666359375001 0.40189358750000004 0.6961666359375001 0.402911559375 0.7311520578125
0 0.4401247046875 1 0.4421875 0.8818225625 0.4421875 0.8675152234375 0.4033861390625 0.8677409640625001 0.403125 0.8827016078125001 0.403125 1 0.4401247046875 1
0 0.7138527234375001 0.719555728125 0.715193203125 0.765625 0.7375 0.765625 0.7375 0.719555728125 0.7138527234375001 0.719555728125
