0 0 0.1265625 0.003125 0.1265625 0.003125 0.117599125 0 0.117599125 0 0.1265625
0 0.008211062500000001 0.083950959375 0.0084027703125 0.0921875 0.0125 0.0921875 0.0125 0.08402582343750001 0.008211062500000001 0.083950959375
0 0.0078125 0.09905436875 0.0015625 0.0990180078125 0.0015625 0.109375 0.0078125 0.109375 0.0078125 0.09905436875
0 0.0121509578125 0.0860562078125 0.0120796125 0.0921875 0.015625 0.0921875 0.015625 0.0861370671875 0.0121509578125 0.0860562078125
0 0.9444805390625 0.2150975328125 0.9442136890625001 0.2265625 0.95 0.2265625 0.95 0.21506542187500002 0.9444805390625 0.2150975328125
0 0.0640625 0.82414390625 0.0578125 0.82414390625 0.0578125 0.8252628984375001 0.05830495625 0.8421875 0.0640625 0.8421875 0.0640625 0.82414390625
0 0.0006577812500000001 0.7285370046875 0.0006577812500000001 0.7421875 0.0062245734375 0.7421875 0.0062245734375 0.7284722296874999 0.0006577812500000001 0.7285370046875
0 0.00812575 0.7404975515625 0.009375 0.740490284375 0.009375 0.7316963421875 0.007921096875 0.7317047999999999 0.00812575 0.7404975515625
0 0.0102570078125 0.7243060546875 0.0100539796875 0.7359375 0.0125 0.7359375 0.0125 0.7242930046875 0.0102570078125 0.7243060546875
0 0.013561075 0.7166795703125001 0.013561075 0.7328125 0.0171875 0.7328125 0.0171875 0.7166795703125001 0.013561075 0.7166795703125001
0 0.027718784375 0.7188715453125 0.027970526562499997 0.7296875 0.0296875 0.7296875 0.0296875 0.7188486375 0.027718784375 0.7188715453125
0 0.03170604375 0.7150944562499999 0.0319729640625 0.7265625 0.034375 0.7265625 0.034375 0.7151565765625 0.03170604375 0.7150944562499999
0 0.07587209375000001 0.7912983984374999 0.075618903125 0.8 0.078125 0.8 0.078125 0.7913115046874999 0.07587209375000001 0.7912983984374999
0 0.10621517968750001 0.8277104046874999 0.1058782234375 0.8421875 0.109375 0.8421875 0.109375 0.827692021875 0.10621517968750001 0.8277104046874999
0 0.11875 0.804296621875 0.1140625 0.8042148015624999 0.1140625 0.8171875 0.11875 0.8171875 0.11875 0.804296621875
0 0.11631955624999998 0.8173068906250001 0.11625661875 0.828125 0.1203125 0.828125 0.1203125 0.8172371937499999 0.11631955624999998 0.8173068906250001
0 0.1185520703125 0.691717653125 0.1184675234375 0.70625 0.121875 0.70625 0.121875 0.6916596515625 0.1185520703125 0.691717653125
0 0.0843656796875 0.6935018359375 0.08455802031250001 0.7265625 0.109375 0.7265625 0.109375 0.6929197375 0.0843656796875 0.6935018359375
0 0.18145579218750002 0.6668083953125 0.1813717734375 0.68125 0.184375 0.68125 0.184375 0.666757440625 0.18145579218750002 0.6668083953125
0 0.0765625 0.7224077734375 0.0578125 0.7221895953125 0.0578125 0.74375 0.0765625 0.74375 0.0765625 0.7224077734375
0 0.194746353125 0.696345375 0.1947069109375 0.703125 0.19676882812500002 0.703125 0.1968081296875 0.6963693656250001 0.194746353125 0.696345375
0 0.24800144999999998 0.592831853125 0.2477618734375 0.603125 0.25 0.603125 0.25 0.592831853125 0.24800144999999998 0.592831853125
0 0.2466681328125 0.6066153828124999 0.24691420156250002 0.6171875 0.2484375 0.6171875 0.2484375 0.60659479375 0.2466681328125 0.6066153828124999
0 0.267994040625 0.6010483015625 0.2679093375 0.6046875 0.2703125 0.6046875 0.2703125 0.6010752796875 0.267994040625 0.6010483015625
0 0.2585674953125 0.605463415625 0.2587676421875 0.6140625 0.259375 0.6140625 0.259375 0.6054775109375 0.2585674953125 0.605463415625
0 0.273417440625 0.5843456609375 0.2732532875 0.59375 0.275 0.59375 0.275 0.5843548671875001 0.273417440625 0.5843456609375
0 0.2839393828125 0.5953125 0.284103015625 0.58125 0.280390815625 0.58125 0.2802271828125 0.5953125 0.2839393828125 0.5953125
0 0.27947013906249996 0.5706947140625 0.279365496875 0.5796875 0.2828125 0.5796875 0.2828125 0.57067526875 0.27947013906249996 0.5706947140625
0 0.28922135937500004 0.567458415625 0.2893272953125 0.5765625 0.290625 0.5765625 0.290625 0.5674665812499999 0.28922135937500004 0.567458415625
0 0.3039031953125 0.5423945015625 0.3039656234375 0.553125 0.30625 0.553125 0.30625 0.542435465625 0.3039031953125 0.5423945015625
0 0.275997628125 0.540625 0.2757612703125 0.5609375 0.3015625 0.5609375 0.3015625 0.540625 0.275997628125 0.540625
0 0.3306993640625 0.5298560203125 0.3306548921875 0.5375 0.334375 0.5375 0.334375 0.5298774046875 0.3306993640625 0.5298560203125
0 0.3353775859375 0.572835590625 0.33522513125 0.5859375 0.3390625 0.5859375 0.3390625 0.5727927125 0.3353775859375 0.572835590625
0 0.32263176875 0.515745071875 0.32263176875 0.525 0.3261367859375 0.525 0.3261367859375 0.5157042875 0.32263176875 0.515745071875
0 0.30388164687499997 0.522639165625 0.3036765609375 0.5296875 0.3046875 0.5296875 0.3046875 0.5226251000000001 0.30388164687499997 0.522639165625
0 0.3586300734375 0.5 0.3586300734375 0.51033905 0.36172273593750004 0.51033905 0.36172273593750004 0.5 0.3586300734375 0.5
0 0.2818721796875 0.887009259375 0.2851710203125 0.887009259375 0.2851710203125 0.8780992718749999 0.2818721796875 0.8780992718749999 0.2818721796875 0.887009259375
0 0.24743228281250002 0.829094340625 0.252446521875 0.829094340625 0.252446521875 0.8215911921875 0.24743228281250002 0.8215911921875 0.24743228281250002 0.829094340625
0 0.27342714687499997 0.7681312671875 0.2780455234375 0.7681312671875 0.2780455234375 0.75898680625 0.27342714687499997 0.75898680625 0.27342714687499997 0.7681312671875
0 0.21417997031249997 0.7786825687500001 0.219458115625 0.7786825687500001 0.219458115625 0.7730552078125 0.21417997031249997 0.7730552078125 0.21417997031249997 0.7786825687500001
0 0.3466614078125 0.769303634375 0.351015878125 0.769303634375 0.351015878125 0.7618004875000001 0.3466614078125 0.7618004875000001 0.3466614078125 0.769303634375
0 0.43823722343749993 0.599779396875 0.44219583125 0.599779396875 0.44219583125 0.5932141421875 0.43823722343749993 0.5932141421875 0.43823722343749993 0.599779396875
0 0.41897199374999994 0.5871178359375 0.42279865 0.5871178359375 0.42279865 0.5817249484375 0.41897199374999994 0.5817249484375 0.41897199374999994 0.5871178359375
0 0.397199646875 0.5828973140625 0.399970671875 0.5828973140625 0.399970671875 0.5742218 0.397199646875 0.5742218 0.397199646875 0.5828973140625
0 0.38598358906249997 0.579145740625 0.388358753125 0.579145740625 0.388358753125 0.5739873265625001 0.38598358906249997 0.5739873265625001 0.38598358906249997 0.579145740625
0 0.381497165625 0.5941520359375 0.3853238203125 0.5941520359375 0.3853238203125 0.5833662625 0.381497165625 0.5833662625 0.381497165625 0.5941520359375
0 0.5274621484375001 0.6306303890625 0.5307609890625 0.6306303890625 0.5307609890625 0.6196101421875 0.5274621484375001 0.6196101421875 0.5274621484375001 0.6306303890625
0 0.55781148125 0.604603846875 0.5612422765625 0.604603846875 0.5612422765625 0.5954593859374999 0.55781148125 0.5954593859374999 0.55781148125 0.604603846875
0 0.5929111453125 0.6029625328125 0.5948904500000001 0.6029625328125 0.5948904500000001 0.5952249125 0.5929111453125 0.5952249125 0.5929111453125 0.6029625328125
0 0.59423068125 0.6083554203125 0.597265615625 0.6083554203125 0.597265615625 0.5994454328125001 0.59423068125 0.5994454328125001 0.59423068125 0.6083554203125
0 0.6054467406249999 0.6271132890625 0.6094053484375 0.6271132890625 0.6094053484375 0.6191411953125 0.6054467406249999 0.6191411953125 0.6054467406249999 0.6271132890625
0 0.26248934375 0.612679821875 0.2596362015625 0.612679821875 0.2596362015625 0.622819534375 0.26248934375 0.622819534375 0.26248934375 0.612679821875
0 0.2744368765625 0.6196508749999999 0.2767550546875 0.6196508749999999 0.2767550546875 0.6095111624999999 0.2744368765625 0.6095111624999999 0.2744368765625 0.6196508749999999
0 0.265431646875 0.5982624203125 0.26783898437500003 0.5982624203125 0.26783898437500003 0.590974503125 0.265431646875 0.590974503125 0.265431646875 0.5982624203125
0 0.338008453125 0.5252248093749999 0.3400591484375 0.5252248093749999 0.3400591484375 0.5161941296875 0.338008453125 0.5161941296875 0.338008453125 0.5252248093749999
0 0.384158028125 0.5185560234375 0.386212290625 0.5185560234375 0.386212290625 0.5127155484375 0.384158028125 0.5127155484375 0.384158028125 0.5185560234375
0 0.2198489671875 0.9553232765625002 0.2250732265625 0.9553232765625002 0.2250732265625 0.9435645781249999 0.2198489671875 0.9435645781249999 0.2198489671875 0.9553232765625002
0 0.0979104671875 0.8328721421875 0.10219018124999998 0.8328721421875 0.10219018124999998 0.8205777421875 0.0979104671875 0.8205777421875 0.0979104671875 0.8328721421875
0 0.0896462125 0.8699097234375 0.09466617968749999 0.8699097234375 0.09466617968749999 0.8482327578125 0.0896462125 0.8482327578125 0.0896462125 0.8699097234375
0 0.18863716875 0.7120966171875001 0.1926790515625 0.7120966171875001 0.1926790515625 0.6944788078124999 0.18863716875 0.6944788078124999 0.18863716875 0.7120966171875001
0 0.1940608921875 0.67974614375 0.1976882234375 0.67974614375 0.1976882234375 0.6632332828124999 0.1940608921875 0.6632332828124999 0.1940608921875 0.67974614375
0 0.20105835781249998 0.64297740625 0.206165640625 0.64297740625 0.206165640625 0.6286769 0.20105835781249998 0.6286769 0.20105835781249998 0.64297740625
0 0.2081195625 0.656978346875 0.21292145625 0.656978346875 0.21292145625 0.6277585640625001 0.2081195625 0.6277585640625001 0.2081195625 0.656978346875
0 0.2627349625 0.6153404640625 0.2651891109375 0.6153404640625 0.2651891109375 0.606461578125 0.2627349625 0.606461578125 0.2627349625 0.6153404640625
0 0.3530648234375 0.5200011015625 0.3557853203125 0.5200011015625 0.3557853203125 0.5107164531249999 0.3530648234375 0.5107164531249999 0.3530648234375 0.5200011015625
0 0.37759248749999996 0.5 0.37759248749999996 0.50242933125 0.3802266203125 0.50242933125 0.3802266203125 0.5 0.37759248749999996 0.5
0 0.233063746875 0.657418778125 0.23793473281250002 0.657418778125 0.23793473281250002 0.6479653187500001 0.233063746875 0.6479653187500001 0.233063746875 0.657418778125
0 0.2136167625 0.652248840625 0.21755224375 0.652248840625 0.21755224375 0.641837759375 0.2136167625 0.641837759375 0.2136167625 0.652248840625
0 0.208901796875 0.6761581328124999 0.2114927484375 0.6761581328124999 0.2114927484375 0.6702113546875 0.208901796875 0.6702113546875 0.208901796875 0.6761581328124999
0 0.21842480156250002 0.674897109375 0.2206357453125 0.674897109375 0.2206357453125 0.6703712359375 0.21842480156250002 0.6703712359375 0.21842480156250002 0.674897109375
0 0.3309492203125 0.6766671953125 0.33358487187499997 0.6766671953125 0.33358487187499997 0.6704851234375 0.3309492203125 0.6704851234375 0.3309492203125 0.6766671953125
0 0.779098796875 0.515365640625 0.779024565625 0.528125 0.7828125 0.528125 0.7828125 0.515365640625 0.779098796875 0.515365640625
