0 0.953125 0.4171875 0.953125 0.3958291390625 0.9375425921874999 0.3958291390625 0.9375 0.398269240625 0.9375 0.4171875 0.953125 0.4171875
0 1 0.3780613359375 0.9913641796875 0.37816182343750004 0.9908738984374998 0.40625 1 0.40625 1 0.3780613359375
0 0.978864934375 0.36981613750000003 0.9785289875000001 0.3890625 0.9953125 0.3890625 0.9953125 0.36981613750000003 0.978864934375 0.36981613750000003
0 0.9652849281249999 0.3618004546875 0.976298009375 0.3618004546875 0.976298009375 0.3272176375 0.9652849281249999 0.3272176375 0.9652849281249999 0.3618004546875
0 1 0.3211275828125 0.9926952625000001 0.3211275828125 0.9926952625000001 0.3639754734375 1 0.3639754734375 1 0.3211275828125
0 0.9841295328124999 0.347662825 0.9937965703125 0.347662825 0.9937965703125 0.3126450046875 0.9841295328124999 0.3126450046875 0.9841295328124999 0.347662825
0 0.9885947218750001 0.2996897453125 0.9965486140625 0.2996897453125 0.9965486140625 0.27837455 0.9885947218750001 0.27837455 0.9885947218750001 0.2996897453125
0 0.937101840625 0.3295592921875 0.9425839078125 0.3295592921875 0.9425839078125 0.28682450312499996 0.937101840625 0.28682450312499996 0.937101840625 0.3295592921875
0 0.9464996687499999 0.306034278125 0.953469725 0.306034278125 0.953469725 0.2716515640625 0.9464996687499999 0.2716515640625 0.9464996687499999 0.306034278125
0 0.8524328421874999 0.37708383749999996 0.8648225578125001 0.37708383749999996 0.8648225578125001 0.34500229375 0.8524328421874999 0.34500229375 0.8524328421874999 0.37708383749999996
0 0.8620692875 0.4069903609375 0.8793537046875001 0.4069903609375 0.8793537046875001 0.3803463671875 0.8620692875 0.3803463671875 0.8620692875 0.4069903609375
0 0.8418480484374999 0.345709175 0.851515084375 0.345709175 0.851515084375 0.3263514984375 0.8418480484374999 0.3263514984375 0.8418480484374999 0.345709175
0 0.9117199250000001 0.3183039265625 0.9200409203125 0.3183039265625 0.9200409203125 0.27937107031249997 0.9117199250000001 0.27937107031249997 0.9117199250000001 0.3183039265625
0 0.89762318125 0.3176949203125 0.9057483874999999 0.3176949203125 0.9057483874999999 0.28602663125 0.89762318125 0.28602663125 0.89762318125 0.3176949203125
0 0.8576824109375 0.313170878125 0.8664928749999999 0.313170878125 0.8664928749999999 0.2825466 0.8576824109375 0.2825466 0.8576824109375 0.313170878125
0 0.855137165625 0.287070640625 0.8652202515624999 0.287070640625 0.8652202515624999 0.2588823828125 0.855137165625 0.2588823828125 0.855137165625 0.287070640625
0 0.8149027109375 0.30168677499999996 0.8247900093749999 0.30168677499999996 0.8247900093749999 0.26914847656249996 0.8149027109375 0.26914847656249996 0.8149027109375 0.30168677499999996
0 0.7737872109375 0.3279610140625 0.7809334765625 0.3279610140625 0.7809334765625 0.2886366546875 0.7737872109375 0.2886366546875 0.7737872109375 0.3279610140625
0 0.7991417703125 0.2703664875 0.8072669749999999 0.2703664875 0.8072669749999999 0.24235223281249998 0.7991417703125 0.24235223281249998 0.7991417703125 0.2703664875
0 0.8132385125000001 0.2482682859375 0.8063859296875 0.2482682859375 0.8063859296875 0.2696704828125 0.8132385125000001 0.2696704828125 0.8132385125000001 0.2482682859375
0 0.7520547328125 0.35858529375 0.7598862546875 0.35858529375 0.7598862546875 0.31351888125 0.7520547328125 0.31351888125 0.7520547328125 0.35858529375
0 0.7564599640624999 0.4092197546875 0.7646830640625 0.4092197546875 0.7646830640625 0.3838155234375 0.7564599640624999 0.3838155234375 0.7564599640624999 0.4092197546875
0 0.765368321875 0.3716354125 0.7746682578125 0.3716354125 0.7746682578125 0.347449190625 0.765368321875 0.347449190625 0.765368321875 0.3716354125
0 0.7496073812499999 0.41269978749999997 0.7553831296875 0.41269978749999997 0.7553831296875 0.402085690625 0.7496073812499999 0.402085690625 0.7496073812499999 0.41269978749999997
0 0.7859318390625 0.334897390625 0.792906790625 0.334897390625 0.792906790625 0.3198897515625 0.7859318390625 0.3198897515625 0.7859318390625 0.334897390625
0 0.7512088203125 0.2971651453125 0.7593536046875 0.2971651453125 0.7593536046875 0.26737607343750003 0.7512088203125 0.26737607343750003 0.7512088203125 0.2971651453125
0 0.69412129375 0.3522458921875 0.7045372203125 0.3522458921875 0.7045372203125 0.31382634062500003 0.69412129375 0.31382634062500003 0.69412129375 0.3522458921875
0 0.7068723 0.344176025 0.7166617046875 0.344176025 0.7166617046875 0.315117759375 0.7068723 0.315117759375 0.7068723 0.344176025
0 0.6890625 0.288239525 0.6964628875 0.288239525 0.6964628875 0.25831125 0.6890625 0.25831125 0.6890625 0.288239525
0 0.7425298234375 0.4073452875 0.7382219421875 0.4073452875 0.7382219421875 0.4151846328125 0.7425298234375 0.4151846328125 0.7425298234375 0.4073452875
0 0.93506070625 0.3373576640625 0.9277526937499999 0.3373576640625 0.9277526937499999 0.362881115625 0.93506070625 0.362881115625 0.93506070625 0.3373576640625
0 0.8131322781250001 0.2970214953125 0.8060806875000001 0.2970214953125 0.8060806875000001 0.33849710312500003 0.8131322781250001 0.33849710312500003 0.8131322781250001 0.2970214953125
0 0.8283893593749999 0.3079601171875 0.8206967140625 0.3079601171875 0.8206967140625 0.3425990875 0.8283893593749999 0.3425990875 0.8283893593749999 0.3079601171875
0 0.7133843109375 0.27719524375 0.7059480875 0.27719524375 0.7059480875 0.2986167125 0.7133843109375 0.2986167125 0.7133843109375 0.27719524375
0 0.480444684375 0.861036765625 0.48052477343750005 0.865625 0.484375 0.865625 0.484375 0.86099103125 0.480444684375 0.861036765625
0 0.3207271203125 0.9523762109374999 0.3210354875 0.965625 0.32145436250000003 0.965625 0.3234375 0.9544548421875 0.3234375 0.9523446734375 0.3207271203125 0.9523762109374999
0 0.20625 1 0.20625 0.9663853843750001 0.18630525 0.9667335203124999 0.185530965625 1 0.20625 1
0 0.1890625 1 0.1890625 0.9674747078125 0.164379984375 0.9671875 0.16428946718749998 0.9671875 0.16390765937500001 1 0.1890625 1
0 0.1625 1 0.1625 0.96000594375 0.1355986515625 0.96000594375 0.136762359375 1 0.1625 1
0 0.090625 1 0.090625 0.9847890203125 0.058592160937500005 0.9844162843750001 0.058410828125 1 0.090625 1
0 0.046623042187500005 0.5395661125 0.0512342421875 0.5395661125 0.0512342421875 0.5285903703125 0.046623042187500005 0.5285903703125 0.046623042187500005 0.5395661125
0 0.0469684671875 0.5498848 0.05151075000000001 0.5498848 0.05151075000000001 0.5405583140625 0.0469684671875 0.5405583140625 0.0469684671875 0.5498848
0 0.03312170625 0.540527803125 0.036938978125 0.540527803125 0.036938978125 0.5324314109375 0.03312170625 0.5324314109375 0.03312170625 0.540527803125
0 0.033731185937500005 0.549251378125 0.0358483296875 0.549251378125 0.0358483296875 0.5422383078124999 0.033731185937500005 0.5422383078124999 0.033731185937500005 0.549251378125
0 0.020380115625 0.5388241390624999 0.02329535625 0.5388241390624999 0.02329535625 0.5281688328125 0.020380115625 0.5281688328125 0.020380115625 0.5388241390624999
0 0.0206264734375 0.5484577046875 0.023521184375 0.5484577046875 0.023521184375 0.5397364078125 0.0206264734375 0.5397364078125 0.0206264734375 0.5484577046875
0 0.7234375 0.739621309375 0.7046875 0.739621309375 0.7046875 0.815625 0.7234375 0.815625 0.7234375 0.739621309375
0 0.6890625 0.815625 0.703125 0.815625 0.703125 0.7514190765625 0.6890625 0.7515827078124999 0.6890625 0.815625
0 0.965625 0.818907509375 0.9655331437499999 0.8149609906249999 0.9564160484374999 0.815067078125 0.9581383109375 0.8890625 0.965625 0.8890625 0.965625 0.818907509375
0 0.939485225 0.8128087781250001 0.9399288562500001 0.8890625 0.95625 0.8890625 0.95625 0.812613703125 0.939485225 0.8128087781250001
