0 0.4 0.003621378125 0.39151937812500004 0.0038187671875 0.39078201562500003 0.0671875 0.4 0.0671875 0.4 0.003621378125
0 0.684945940625 0.165625 0.684891396875 0.1703125 0.6875 0.1703125 0.6875 0.165625 0.684945940625 0.165625
0 0.4900358609375 0.20120009374999998 0.48994771562499995 0.20625 0.49375 0.20625 0.49375 0.20122170156250002 0.4900358609375 0.20120009374999998
0 0.6493320765625 0.1861585859375 0.6493320765625 0.19375 0.65 0.19375 0.65 0.1861663578125 0.6493320765625 0.1861585859375
0 0.6211091359375001 0.230610590625 0.621069053125 0.2375 0.625 0.2375 0.625 0.2307011515625 0.6211091359375001 0.230610590625
0 0.5343006781249999 0.2150349125 0.536719384375 0.2150349125 0.536719384375 0.20808642656249998 0.5343006781249999 0.20808642656249998 0.5343006781249999 0.2150349125
0 0.5106164140625 0.19219979843749999 0.5134009203125001 0.19219979843749999 0.5134009203125001 0.185173859375 0.5106164140625 0.185173859375 0.5106164140625 0.19219979843749999
0 0.5617512390625 0.2110293265625 0.56569349375 0.2110293265625 0.56569349375 0.20015676875000002 0.5617512390625 0.20015676875000002 0.5617512390625 0.2110293265625
0 0.54775030625 0.21582229531250002 0.550753646875 0.21582229531250002 0.550753646875 0.2078668515625 0.54775030625 0.2078668515625 0.54775030625 0.21582229531250002
0 0.637894671875 0.1908090203125 0.6410301640625 0.1908090203125 0.6410301640625 0.18069659375 0.637894671875 0.18069659375 0.637894671875 0.1908090203125
0 0.5532142906249999 0.21199276718750001 0.556862134375 0.21199276718750001 0.556862134375 0.201070159375 0.5532142906249999 0.201070159375 0.5532142906249999 0.21199276718750001
0 0.659683090625 0.1655349453125 0.659683090625 0.15924185156249998 0.65739523125 0.15924185156249998 0.65739523125 0.1689557796875 0.659683090625 0.1689557796875 0.659683090625 0.1655349453125
0 0.41368913125000006 0.36965252656250003 0.41804621875 0.36965252656250003 0.41804621875 0.36202508437500003 0.41368913125000006 0.36202508437500003 0.41368913125000006 0.36965252656250003
0 0.5392242781250001 0.18907773125 0.5392242781250001 0.1862908625 0.5370424421875 0.1862908625 0.5370424421875 0.19170419375 0.5392242781250001 0.19170419375 0.5392242781250001 0.18907773125
0 0.7634850999999999 0.350672240625 0.7669488109375 0.350672240625 0.7669488109375 0.342845459375 0.7634850999999999 0.342845459375 0.7634850999999999 0.350672240625
0 0.8219103859375 0.15167615625 0.8219103859375 0.1489811703125 0.8195841921875001 0.1489811703125 0.8195841921875001 0.1550124203125 0.8219103859375 0.1550124203125 0.8219103859375 0.15167615625
0 0.6875923421875 0.1498500375 0.6900849078125 0.1498500375 0.6900849078125 0.14266491718750002 0.6875923421875 0.14266491718750002 0.6875923421875 0.1498500375
0 0.5001842375 0.1869458015625 0.5031290125 0.1869458015625 0.5031290125 0.180579834375 0.5001842375 0.180579834375 0.5001842375 0.1869458015625
0 0.789177609375 0.20758972187500002 0.7911165390624999 0.20758972187500002 0.7911165390624999 0.20281127968749998 0.789177609375 0.20281127968749998 0.789177609375 0.20758972187500002
0 0.7807463921875 0.1194185796875 0.7832973187500001 0.1194185796875 0.7832973187500001 0.11358929375 0.7807463921875 0.11358929375 0.7807463921875 0.1194185796875
0 0.663026034375 0.175190125 0.6671515296875 0.175190125 0.6671515296875 0.1692239375 0.663026034375 0.1692239375 0.663026034375 0.175190125
0 0.777186328125 0.12236416562500001 0.77901484375 0.12236416562500001 0.77901484375 0.11656619374999999 0.777186328125 0.11656619374999999 0.777186328125 0.12236416562500001
0 0.6558210390625 0.2133534234375 0.6591465640624999 0.2133534234375 0.6591465640624999 0.2001554875 0.6558210390625 0.2001554875 0.6558210390625 0.2133534234375
0 0.8664072781249998 0.31940289375 0.8689729500000001 0.31940289375 0.8689729500000001 0.31221380625 0.8664072781249998 0.31221380625 0.8664072781249998 0.31940289375
0 0.8191116843749999 0.18700350937500002 0.8218891265625 0.18700350937500002 0.8218891265625 0.1798591609375 0.8191116843749999 0.1798591609375 0.8191116843749999 0.18700350937500002
0 0.712911884375 0.35088922031249997 0.715909328125 0.35088922031249997 0.715909328125 0.34073309375 0.712911884375 0.34073309375 0.712911884375 0.35088922031249997
0 0.527069109375 0.1961604609375 0.5303523546875 0.1961604609375 0.5303523546875 0.19137622031249998 0.527069109375 0.19137622031249998 0.527069109375 0.1961604609375
0 0.53777875625 0.31578595 0.5416844578125 0.31578595 0.5416844578125 0.3077280875 0.53777875625 0.3077280875 0.53777875625 0.31578595
0 0.6771918140625 0.15024865625 0.67978875625 0.15024865625 0.67978875625 0.14505493125 0.6771918140625 0.14505493125 0.6771918140625 0.15024865625
0 0.6454707796875001 0.10744638124999999 0.6483842828124999 0.10744638124999999 0.6483842828124999 0.1024806203125 0.6454707796875001 0.1024806203125 0.6454707796875001 0.10744638124999999
0 0.48528365156250003 0.3872006234375 0.48996710624999995 0.3872006234375 0.48996710624999995 0.378786315625 0.48528365156250003 0.378786315625 0.48528365156250003 0.3872006234375
0 0.78682161875 0.4181002203125 0.7902002921875 0.4181002203125 0.7902002921875 0.40735449218750003 0.78682161875 0.40735449218750003 0.78682161875 0.4181002203125
0 0.6341061703124999 0.1795889890625 0.63645341875 0.1795889890625 0.63645341875 0.16935345468750002 0.6341061703124999 0.16935345468750002 0.6341061703124999 0.1795889890625
0 0.7815375171875 0.210475615625 0.7836491953125 0.210475615625 0.7836491953125 0.20527041562499998 0.7815375171875 0.20527041562499998 0.7815375171875 0.210475615625
0 0.527364271875 0.18656182968749999 0.530395696875 0.18656182968749999 0.530395696875 0.1812357796875 0.527364271875 0.1812357796875 0.527364271875 0.18656182968749999
0 0.646986784375 0.17386715625 0.6492481015625 0.17386715625 0.6492481015625 0.1687389828125 0.646986784375 0.1687389828125 0.646986784375 0.17386715625
0 0.62692415 0.15038020937500002 0.62692415 0.14783389375 0.6249251453125 0.14783389375 0.6249251453125 0.15256875625 0.62692415 0.15256875625 0.62692415 0.15038020937500002
0 0.6005973906250001 0.1268459171875 0.602897353125 0.1268459171875 0.602897353125 0.122750884375 0.6005973906250001 0.122750884375 0.6005973906250001 0.1268459171875
0 0.6367744015625 0.1453978625 0.6367744015625 0.14233654843750002 0.6345309140625 0.14233654843750002 0.6345309140625 0.14997216875 0.6367744015625 0.14997216875 0.6367744015625 0.1453978625
0 0.559303884375 0.2112565 0.5633693390625 0.2112565 0.5633693390625 0.2031914984375 0.559303884375 0.2031914984375 0.559303884375 0.2112565
0 0.7417671453125 0.2317915046875 0.7450620156250001 0.2317915046875 0.7450620156250001 0.22546954375 0.7417671453125 0.22546954375 0.7417671453125 0.2317915046875
0 0.6020240359375 0.0948849484375 0.6052587625 0.0948849484375 0.6052587625 0.08986395312499999 0.6020240359375 0.08986395312499999 0.6020240359375 0.0948849484375
0 0.4823056 0.21227630625 0.48431111875 0.21227630625 0.48431111875 0.2073715203125 0.4823056 0.2073715203125 0.4823056 0.21227630625
0 0.807609815625 0.2533524171875 0.8102167015624999 0.2533524171875 0.8102167015624999 0.2453197625 0.807609815625 0.2453197625 0.807609815625 0.2533524171875
0 0.843440709375 0.1350523375 0.8456702078125 0.1350523375 0.8456702078125 0.1253429875 0.843440709375 0.1253429875 0.843440709375 0.1350523375
0 0.7740004640625 0.089562653125 0.7762763890625 0.089562653125 0.7762763890625 0.07533023125 0.7740004640625 0.07533023125 0.7740004640625 0.089562653125
0 0.6454296671875 0.160388915625 0.6489428234375 0.160388915625 0.6489428234375 0.15606744374999998 0.6454296671875 0.15606744374999998 0.6454296671875 0.160388915625
0 0.8162744421875001 0.22749890156250002 0.8206967468750002 0.22749890156250002 0.8206967468750002 0.22196801875 0.8162744421875001 0.22196801875 0.8162744421875001 0.22749890156250002
0 0.6566472078125 0.1428289390625 0.6566472078125 0.1401180734375 0.6545565828125 0.1401180734375 0.6545565828125 0.1466008609375 0.6566472078125 0.1466008609375 0.6566472078125 0.1428289390625
0 0.8481739171874999 0.366197509375 0.8519016562499999 0.366197509375 0.8519016562499999 0.3560078125 0.8481739171874999 0.3560078125 0.8481739171874999 0.366197509375
0 0.8251396609375 0.1873139046875 0.8282134328125 0.1873139046875 0.8282134328125 0.1822937625 0.8251396609375 0.1822937625 0.8251396609375 0.1873139046875
0 0.5976817953125 0.129059234375 0.5998690140624999 0.129059234375 0.5998690140624999 0.12337112343750001 0.5976817953125 0.12337112343750001 0.5976817953125 0.129059234375
0 0.498076278125 0.2074493703125 0.5010905234375 0.2074493703125 0.5010905234375 0.201776825 0.498076278125 0.201776825 0.498076278125 0.2074493703125
0 0.651905634375 0.164122925 0.6546721718749999 0.164122925 0.6546721718749999 0.1529855953125 0.651905634375 0.1529855953125 0.651905634375 0.164122925
0 0.6338165281249999 0.0910978703125 0.6362698671875 0.0910978703125 0.6362698671875 0.084124603125 0.6338165281249999 0.084124603125 0.6338165281249999 0.0910978703125
0 0.813634465625 0.11706848125 0.81705353125 0.11706848125 0.81705353125 0.10280596875 0.813634465625 0.10280596875 0.813634465625 0.11706848125
0 0.79595985 0.1197775265625 0.798197440625 0.1197775265625 0.798197440625 0.1109849234375 0.79595985 0.1109849234375 0.79595985 0.1197775265625
0 0.7735398546875001 0.1041146234375 0.7766230890625 0.1041146234375 0.7766230890625 0.0977243046875 0.7735398546875001 0.0977243046875 0.7735398546875001 0.1041146234375
0 0.561540565625 0.0724431453125 0.5645794296875 0.0724431453125 0.5645794296875 0.0673832703125 0.561540565625 0.0673832703125 0.561540565625 0.0724431453125
0 0.5811174203125 0.190380309375 0.583507084375 0.190380309375 0.583507084375 0.1833820796875 0.5811174203125 0.1833820796875 0.5811174203125 0.190380309375
0 0.4535821890625 0.214063109375 0.455783775 0.214063109375 0.455783775 0.2079383546875 0.4535821890625 0.2079383546875 0.4535821890625 0.214063109375
0 0.7957376890625 0.14702957187500001 0.798919678125 0.14702957187500001 0.798919678125 0.1411684875 0.7957376890625 0.1411684875 0.7957376890625 0.14702957187500001
0 0.6191096625 0.095287140625 0.6215798015624999 0.095287140625 0.6215798015624999 0.091576140625 0.6191096625 0.091576140625 0.6191096625 0.095287140625
0 0.8115783343749999 0.2515900875 0.81336796875 0.2515900875 0.81336796875 0.2465173953125 0.8115783343749999 0.2465173953125 0.8115783343749999 0.2515900875
0 0.54830819375 0.06809500156250001 0.5508472921875 0.06809500156250001 0.5508472921875 0.0636990046875 0.54830819375 0.0636990046875 0.54830819375 0.06809500156250001
0 0.4970310859375 0.18281924375 0.49913851249999996 0.18281924375 0.49913851249999996 0.17761123750000002 0.4970310859375 0.17761123750000002 0.4970310859375 0.18281924375
0 0.450338496875 0.0574413453125 0.45240753749999996 0.0574413453125 0.45240753749999996 0.0533176875 0.450338496875 0.0533176875 0.450338496875 0.0574413453125
0 0.4 0.1223710015625 0.40261200468749997 0.1223710015625 0.40261200468749997 0.11823660312499999 0.4 0.11823660312499999 0.4 0.1223710015625
0 0.7686242265625 0.1676999515625 0.77129633125 0.1676999515625 0.77129633125 0.16248602343750002 0.7686242265625 0.16248602343750002 0.7686242265625 0.1676999515625
0 0.6420994796875 0.1960538640625 0.6450094843749999 0.1960538640625 0.6450094843749999 0.1912221375 0.6420994796875 0.1912221375 0.6420994796875 0.1960538640625
0 0.6095138375 0.207665221875 0.6126759046875 0.207665221875 0.6126759046875 0.19677911406249998 0.6095138375 0.19677911406249998 0.6095138375 0.207665221875
0 0.8273692609375001 0.11931115625 0.8302150078124999 0.11931115625 0.8302150078124999 0.1064453125 0.8273692609375001 0.1064453125 0.8273692609375001 0.11931115625
0 0.44384667968749997 0.07536233437499999 0.44595697031250003 0.07536233437499999 0.44595697031250003 0.07030917343750001 0.44384667968749997 0.07030917343750001 0.44384667968749997 0.07536233437499999
0 0.659898565625 0.15716180468750002 0.6616943015625 0.15716180468750002 0.6616943015625 0.1498947140625 0.659898565625 0.1498947140625 0.659898565625 0.15716180468750002
0 0.83389645625 0.118674346875 0.83668384375 0.118674346875 0.83668384375 0.10478018124999999 0.83389645625 0.10478018124999999 0.83389645625 0.118674346875
0 0.8556931062500001 0.1729072265625 0.8604201078125 0.1729072265625 0.8604201078125 0.1649739984375 0.8556931062500001 0.1649739984375 0.8556931062500001 0.1729072265625
0 0.7735678 0.21048211718749998 0.7756055515625 0.21048211718749998 0.7756055515625 0.20519177187499998 0.7735678 0.20519177187499998 0.7735678 0.21048211718749998
0 0.4363531140625 0.0750287046875 0.4363531140625 0.0728456125 0.4344580921875 0.0728456125 0.4344580921875 0.07670309374999999 0.4363531140625 0.07670309374999999 0.4363531140625 0.0750287046875
0 0.8104143468749999 0.13939859062499999 0.8127329281249999 0.13939859062499999 0.8127329281249999 0.1339517515625 0.8104143468749999 0.1339517515625 0.8104143468749999 0.13939859062499999
0 0.79506585625 0.1942916875 0.7977562031250001 0.1942916875 0.7977562031250001 0.188769653125 0.79506585625 0.188769653125 0.79506585625 0.1942916875
0 0.7634313687500001 0.0913651125 0.766357421875 0.0913651125 0.766357421875 0.0792792359375 0.7634313687500001 0.0792792359375 0.7634313687500001 0.0913651125
0 0.6623690828125 0.16002661093749998 0.6645913109375 0.16002661093749998 0.6645913109375 0.15430267343749998 0.6623690828125 0.15430267343749998 0.6623690828125 0.16002661093749998
0 0.9766145515625 0.25609011875 0.979891453125 0.25609011875 0.979891453125 0.24422390625 0.9766145515625 0.24422390625 0.9766145515625 0.25609011875
0 0.9504515234375 0.1860071109375 0.9538543359375 0.1860071109375 0.9538543359375 0.1632554015625 0.9504515234375 0.1632554015625 0.9504515234375 0.1860071109375
0 0.9609178187499999 0.3713446046875 0.9658635171875 0.3713446046875 0.9658635171875 0.3621632078125 0.9609178187499999 0.3621632078125 0.9609178187499999 0.3713446046875
0 0.9428983875 0.16113388125 0.9467217265624999 0.16113388125 0.9467217265624999 0.1490946953125 0.9428983875 0.1490946953125 0.9428983875 0.16113388125
0 0.9294847812499999 0.1565659796875 0.931746784375 0.1565659796875 0.931746784375 0.14511279375 0.9294847812499999 0.14511279375 0.9294847812499999 0.1565659796875
0 0.90072031875 0.1426153875 0.9034047328125 0.1426153875 0.9034047328125 0.13296182343750002 0.90072031875 0.13296182343750002 0.90072031875 0.1426153875
0 0.9926076140625 0.252693665625 0.9971883359374999 0.252693665625 0.9971883359374999 0.23460919218749998 0.9926076140625 0.23460919218749998 0.9926076140625 0.252693665625
0 0.8678217515625001 0.1218078 0.86989324375 0.1218078 0.86989324375 0.11347991875 0.8678217515625001 0.11347991875 0.8678217515625001 0.1218078
0 0.9050980124999999 0.1386789546875 0.9071716312500001 0.1386789546875 0.9071716312500001 0.1290144046875 0.9050980124999999 0.1290144046875 0.9050980124999999 0.1386789546875
0 0.9927918171875 0.2060291140625 0.9957053874999999 0.2060291140625 0.9957053874999999 0.1942604375 0.9927918171875 0.1942604375 0.9927918171875 0.2060291140625
0 0.9336342796875 0.187382415625 0.9365082125 0.187382415625 0.9365082125 0.17501925625 0.9336342796875 0.17501925625 0.9336342796875 0.187382415625
0 0.8788038953124999 0.23250671406249998 0.8810049 0.23250671406249998 0.8810049 0.226715759375 0.8788038953124999 0.226715759375 0.8788038953124999 0.23250671406249998
0 0.9376768640625001 0.21383325156250002 0.940315984375 0.21383325156250002 0.940315984375 0.2069050296875 0.9376768640625001 0.2069050296875 0.9376768640625001 0.21383325156250002
0 0.9498650375000001 0.176341309375 0.95323253125 0.176341309375 0.95323253125 0.16100091562500002 0.9498650375000001 0.16100091562500002 0.9498650375000001 0.176341309375
0 1 0.3889359734375 0.99755324375 0.3889359734375 0.99755324375 0.397430603125 1 0.397430603125 1 0.3889359734375
0 0.8702220437499999 0.14001980625 0.8722875703125 0.14001980625 0.8722875703125 0.1300244453125 0.8702220437499999 0.1300244453125 0.8702220437499999 0.14001980625
0 0.8699436484374999 0.109776459375 0.8729487734374999 0.109776459375 0.8729487734374999 0.097693878125 0.8699436484374999 0.097693878125 0.8699436484374999 0.109776459375
0 0.949791040625 0.15334884531249998 0.9522747593750001 0.15334884531249998 0.9522747593750001 0.1428684390625 0.949791040625 0.1428684390625 0.949791040625 0.15334884531249998
0 0.939043984375 0.190694153125 0.9420585718750001 0.190694153125 0.9420585718750001 0.1802247921875 0.939043984375 0.1802247921875 0.939043984375 0.190694153125
0 0.8640755296875 0.12186813437499999 0.8667084765624999 0.12186813437499999 0.8667084765624999 0.1124909359375 0.8640755296875 0.1124909359375 0.8640755296875 0.12186813437499999
0 0.8779624343750001 0.1486784671875 0.88089414375 0.1486784671875 0.88089414375 0.13341925 0.8779624343750001 0.13341925 0.8779624343750001 0.1486784671875
0 0.931464171875 0.1718242796875 0.9340580968750001 0.1718242796875 0.9340580968750001 0.1585616453125 0.931464171875 0.1585616453125 0.931464171875 0.1718242796875
0 0.8900314843749999 0.34601641875 0.8950627015624999 0.34601641875 0.8950627015624999 0.33673516875 0.8900314843749999 0.33673516875 0.8900314843749999 0.34601641875
0 0.8624540515625 0.182502715625 0.8650160546875 0.182502715625 0.8650160546875 0.1760391546875 0.8624540515625 0.1760391546875 0.8624540515625 0.182502715625
0 0.928847271875 0.20911572343749998 0.932370578125 0.20911572343749998 0.932370578125 0.20147106875 0.928847271875 0.20147106875 0.928847271875 0.20911572343749998
0 0.8942887890625 0.13111309843750002 0.8968382078125 0.13111309843750002 0.8968382078125 0.1242307734375 0.8942887890625 0.1242307734375 0.8942887890625 0.13111309843750002
0 0.9814398265625 0.22704898125 0.9842009468749999 0.22704898125 0.9842009468749999 0.22265188593750002 0.9814398265625 0.22265188593750002 0.9814398265625 0.22704898125
0 0.9295836718749999 0.21372802656249998 0.9325210406250001 0.21372802656249998 0.9325210406250001 0.20473016406250003 0.9295836718749999 0.20473016406250003 0.9295836718749999 0.21372802656249998
0 0.9667524359375002 0.14425308125 0.9690972828125 0.14425308125 0.9690972828125 0.13398226875000002 0.9667524359375002 0.13398226875000002 0.9667524359375002 0.14425308125
0 0.9906615515624999 0.191685303125 0.9947332140625 0.191685303125 0.9947332140625 0.18143261718749998 0.9906615515624999 0.18143261718749998 0.9906615515624999 0.191685303125
0 0.8900883015625001 0.14379788124999998 0.8926594937499999 0.14379788124999998 0.8926594937499999 0.134424225 0.8900883015625001 0.134424225 0.8900883015625001 0.14379788124999998
0 0.9927749453124999 0.21199700937500002 0.9968274062500001 0.21199700937500002 0.9968274062500001 0.193461853125 0.9927749453124999 0.193461853125 0.9927749453124999 0.21199700937500002
0 0.8814298140624999 0.1209297484375 0.8838213625 0.1209297484375 0.8838213625 0.11201825000000001 0.8814298140624999 0.11201825000000001 0.8814298140624999 0.1209297484375
0 0.9471474640625 0.22763656562499998 0.9495088375 0.22763656562499998 0.9495088375 0.22148892187500002 0.9471474640625 0.22148892187500002 0.9471474640625 0.22763656562499998
0 0.43469191562500004 0.4473942484375 0.440386640625 0.4473942484375 0.440386640625 0.43877813125 0.43469191562500004 0.43877813125 0.43469191562500004 0.4473942484375
0 0.428877753125 0.0781426703125 0.431428990625 0.0781426703125 0.431428990625 0.0732122234375 0.428877753125 0.0732122234375 0.428877753125 0.0781426703125
0 0.5284124296874999 0.1289976390625 0.530278478125 0.1289976390625 0.530278478125 0.124222890625 0.5284124296874999 0.124222890625 0.5284124296874999 0.1289976390625
0 0.53284429375 0.127648253125 0.5355267359375 0.127648253125 0.5355267359375 0.122354509375 0.53284429375 0.122354509375 0.53284429375 0.127648253125
0 0.5827610609375 0.106058084375 0.5867264125 0.106058084375 0.5867264125 0.10066054218750001 0.5827610609375 0.10066054218750001 0.5827610609375 0.106058084375
0 0.5481808703125 0.0964047875 0.5530209312500001 0.0964047875 0.5530209312500001 0.09225283125 0.5481808703125 0.09225283125 0.5481808703125 0.0964047875
0 0.5246220218750001 0.097857971875 0.5277126625 0.097857971875 0.5277126625 0.09194143593750001 0.5246220218750001 0.09194143593750001 0.5246220218750001 0.097857971875
0 0.569173903125 0.0714930546875 0.5711565796875 0.0714930546875 0.5711565796875 0.06547271875 0.569173903125 0.06547271875 0.569173903125 0.0714930546875
0 0.42298538125 0.1442032453125 0.42697872343750004 0.1442032453125 0.42697872343750004 0.1404166625 0.42298538125 0.1404166625 0.42298538125 0.1442032453125
0 0.4795972875 0.13266731874999999 0.48572025625000004 0.13266731874999999 0.48572025625000004 0.12215768125 0.4795972875 0.12215768125 0.4795972875 0.13266731874999999
0 0.48936487968750003 0.0179695484375 0.491989009375 0.0179695484375 0.491989009375 0.01252010625 0.48936487968750003 0.01252010625 0.48936487968750003 0.0179695484375
0 0.4999342890625 0.0349666171875 0.5030686656250001 0.0349666171875 0.5030686656250001 0.031074157812499996 0.4999342890625 0.031074157812499996 0.4999342890625 0.0349666171875
0 0.496289665625 0.05209343281249999 0.49956982656250004 0.05209343281249999 0.49956982656250004 0.0476819796875 0.496289665625 0.0476819796875 0.496289665625 0.05209343281249999
0 0.49424867656250004 0.0808976234375 0.5008089984375 0.0808976234375 0.5008089984375 0.0773944125 0.49424867656250004 0.0773944125 0.49424867656250004 0.0808976234375
0 0.5165537734375001 0.10697709531249999 0.5210731078124999 0.10697709531249999 0.5210731078124999 0.09192625625 0.5165537734375001 0.09192625625 0.5165537734375001 0.10697709531249999
0 0.47420324375 0.08998002656250001 0.47915993281249997 0.08998002656250001 0.47915993281249997 0.08141661875 0.47420324375 0.08141661875 0.47420324375 0.08998002656250001
0 0.5104308062499999 0.0223810015625 0.5201255046875 0.0223810015625 0.5201255046875 0.013817593750000001 0.5104308062499999 0.013817593750000001 0.5104308062499999 0.0223810015625
0 0.536890775 0.0483307234375 0.543669775 0.0483307234375 0.543669775 0.034447621875 0.536890775 0.034447621875 0.536890775 0.0483307234375
0 0.53404796875 0.08024888125 0.540243828125 0.08024888125 0.540243828125 0.0644195515625 0.53404796875 0.0644195515625 0.53404796875 0.08024888125
0 0.5298202046875 0.096856703125 0.5358702796875 0.096856703125 0.5358702796875 0.089850278125 0.5298202046875 0.089850278125 0.5298202046875 0.096856703125
0 0.4712875453125 0.048460471875 0.47566109375 0.048460471875 0.47566109375 0.04054580625 0.4712875453125 0.04054580625 0.4712875453125 0.048460471875
0 0.5076608921875 0.038859075 0.5110868375 0.038859075 0.5110868375 0.032112146875000004 0.5076608921875 0.032112146875000004 0.5076608921875 0.038859075
0 0.5298202046875 0.0142068390625 0.5328816890625 0.0142068390625 0.5328816890625 0.007978906249999999 0.5298202046875 0.007978906249999999 0.5298202046875 0.0142068390625
0 0.5478975390625 0.017710051562500002 0.5529271203125 0.017710051562500002 0.5529271203125 0.010573878125 0.5478975390625 0.010573878125 0.5478975390625 0.017710051562500002
0 0.5527084421875 0.069627740625 0.5548223234374999 0.069627740625 0.5548223234374999 0.0643080484375 0.5527084421875 0.0643080484375 0.5527084421875 0.069627740625
0 0.5500114203125 0.07650441875 0.5545307546875 0.07650441875 0.5545307546875 0.07170371875 0.5500114203125 0.07170371875 0.5500114203125 0.07650441875
0 0.557687909375 0.0497762046875 0.5616969953125001 0.0497762046875 0.5616969953125001 0.045235003125 0.557687909375 0.045235003125 0.557687909375 0.0497762046875
0 0.562717490625 0.0409532984375 0.564904265625 0.0409532984375 0.564904265625 0.0369310921875 0.562717490625 0.0369310921875 0.562717490625 0.0409532984375
0 0.5656331906250001 0.039915309375 0.567747071875 0.039915309375 0.567747071875 0.034725365625 0.5656331906250001 0.034725365625 0.5656331906250001 0.039915309375
0 0.5700796312499999 0.0441970140625 0.5719748359375 0.0441970140625 0.5719748359375 0.039266567187500004 0.5700796312499999 0.039266567187500004 0.5700796312499999 0.0441970140625
0 0.5724850828125 0.05185218125 0.57474475 0.05185218125 0.57474475 0.0486084671875 0.5724850828125 0.0486084671875 0.5724850828125 0.05185218125
0 0.5665720453125 0.056476421875 0.5705373953125 0.056476421875 0.5705373953125 0.05116191875 0.5665720453125 0.05116191875 0.5665720453125 0.056476421875
0 0.573523071875 0.058718478124999994 0.575295815625 0.058718478124999994 0.575295815625 0.05373613125 0.573523071875 0.05373613125 0.573523071875 0.058718478124999994
0 0.5797743296875 0.0581372046875 0.58178033125 0.0581372046875 0.58178033125 0.053570053124999996 0.5797743296875 0.053570053124999996 0.5797743296875 0.0581372046875
0 0.5834131234375001 0.058552400000000004 0.5854657750000001 0.058552400000000004 0.5854657750000001 0.0528227015625 0.5834131234375001 0.0528227015625 0.5834131234375001 0.058552400000000004
0 0.5891045671875 0.0713404234375 0.591017265625 0.0713404234375 0.591017265625 0.065776803125 0.5891045671875 0.065776803125 0.5891045671875 0.0713404234375
0 0.5938629875 0.066108959375 0.59162373125 0.066108959375 0.59162373125 0.0686831703125 0.5938629875 0.0686831703125 0.5938629875 0.066108959375
0 0.6127940390625 0.05102905625 0.6155557890625 0.05102905625 0.6155557890625 0.044917378125000004 0.6127940390625 0.044917378125000004 0.6127940390625 0.05102905625
0 0.6029786296874999 0.056409990624999996 0.6050312812499999 0.056409990624999996 0.6050312812499999 0.051560506250000006 0.6029786296874999 0.051560506250000006 0.6029786296874999 0.056409990624999996
0 0.5930512578125 0.055479953125 0.5948053421875 0.055479953125 0.5948053421875 0.049634 0.5930512578125 0.049634 0.5930512578125 0.055479953125
0 0.59674603125 0.049766862499999995 0.5952905140625 0.049766862499999995 0.5952905140625 0.056343559375 0.59674603125 0.056343559375 0.59674603125 0.049766862499999995
0 0.5958130078125 0.0643817453125 0.5976790546874999 0.0643817453125 0.5976790546874999 0.05959869375 0.5958130078125 0.05959869375 0.5958130078125 0.0643817453125
0 0.6005900890625 0.05428419062499999 0.5989479671875 0.05428419062499999 0.5989479671875 0.0643817453125 0.6005900890625 0.0643817453125 0.6005900890625 0.05428419062499999
0 0.6139136687500001 0.0647139015625 0.617907009375 0.0647139015625 0.617907009375 0.06013014375 0.6139136687500001 0.06013014375 0.6139136687500001 0.0647139015625
0 0.5997317078125001 0.0691647984375 0.6017470390625 0.0691647984375 0.6017470390625 0.0650460578125 0.5997317078125001 0.0650460578125 0.5997317078125001 0.0691647984375
0 0.6412699234374999 0.052424114062500006 0.64309865 0.052424114062500006 0.64309865 0.046578159375 0.6412699234374999 0.046578159375 0.6412699234374999 0.052424114062500006
0 0.6358210640624999 0.044120203125 0.6376124703125 0.044120203125 0.6376124703125 0.03873926875 0.6358210640624999 0.03873926875 0.6358210640624999 0.044120203125
0 0.65610296875 0.1941535953125 0.65960180625 0.1941535953125 0.65960180625 0.1905829140625 0.65610296875 0.1905829140625 0.65610296875 0.1941535953125
0 0.6757431171875 0.153879628125 0.67779576875 0.153879628125 0.67779576875 0.14831600625000002 0.6757431171875 0.14831600625000002 0.6757431171875 0.153879628125
0 0.7255018546875001 0.1447131484375 0.7279650375 0.1447131484375 0.7279650375 0.13926578125 0.7255018546875001 0.13926578125 0.7255018546875001 0.1447131484375
0 0.9099333796875001 0.22692056875 0.9117994265625 0.22692056875 0.9117994265625 0.21996604375 0.9099333796875001 0.21996604375 0.9099333796875001 0.22692056875
0 0.9501700265625 0.225467384375 0.9526192140624999 0.225467384375 0.9526192140624999 0.22027744062500001 0.9501700265625 0.22027744062500001 0.9501700265625 0.225467384375
0 0.6572700359375 0.44009890625 0.665842190625 0.44009890625 0.665842190625 0.428992425 0.6572700359375 0.428992425 0.6572700359375 0.44009890625
0 0.720832275 0.432106390625 0.7295210593749999 0.432106390625 0.7295210593749999 0.418716334375 0.720832275 0.418716334375 0.720832275 0.432106390625
0 0.7481333765625 0.15355555781250002 0.75174884375 0.15355555781250002 0.75174884375 0.1484694125 0.7481333765625 0.1484694125 0.7481333765625 0.15355555781250002
0 0.7656858859375 0.1578113125 0.7688931546875001 0.1578113125 0.7688931546875001 0.1515833796875 0.7656858859375 0.1515833796875 0.7656858859375 0.1578113125
0 0.8016072984375 0.143487065625 0.8001494484375 0.143487065625 0.8001494484375 0.15033779375 0.8016072984375 0.15033779375 0.8016072984375 0.143487065625
0 0.8175270156250001 0.1512719828125 0.8158942234375001 0.1512719828125 0.8158942234375001 0.156669525 0.8175270156250001 0.156669525 0.8175270156250001 0.1512719828125
0 0.8179935265625 0.14670483125 0.8150195140625 0.14670483125 0.8150195140625 0.14909220625 0.8179935265625 0.14909220625 0.8179935265625 0.14670483125
0 0.8087216046875 0.1393351109375 0.806505671875 0.1393351109375 0.806505671875 0.1427604734375 0.8087216046875 0.1427604734375 0.8087216046875 0.1393351109375
0 0.7479394828125 0.08943120156249999 0.7500667765625 0.08943120156249999 0.7500667765625 0.081393015625 0.7479394828125 0.081393015625 0.7479394828125 0.08943120156249999
0 0.7501040984375 0.10145526406250001 0.7529778109375 0.10145526406250001 0.7529778109375 0.0966057796875 0.7501040984375 0.0966057796875 0.7501040984375 0.10145526406250001
0 0.7555529562500001 0.1074340796875 0.7606659265625 0.1074340796875 0.7606659265625 0.1025181640625 0.7555529562500001 0.1025181640625 0.7555529562500001 0.1074340796875
0 0.751671578125 0.08796971249999999 0.7537615515625 0.08796971249999999 0.7537615515625 0.0783371765625 0.751671578125 0.0783371765625 0.751671578125 0.08796971249999999
0 0.7583893484375 0.0955428796875 0.760218075 0.0955428796875 0.760218075 0.08816900625 0.7583893484375 0.08816900625 0.7583893484375 0.0955428796875
0 0.761225740625 0.07660996249999999 0.759434334375 0.07660996249999999 0.759434334375 0.08796971249999999 0.761225740625 0.08796971249999999 0.761225740625 0.07660996249999999
0 0.7558888453125 0.0883683 0.7573816828125001 0.0883683 0.7573816828125001 0.0817251703125 0.7558888453125 0.0817251703125 0.7558888453125 0.0883683
0 0.7576802499999999 0.08723896875 0.7589118421875 0.08723896875 0.7589118421875 0.0797322328125 0.7576802499999999 0.0797322328125 0.7576802499999999 0.08723896875
0 0.747528953125 0.0793336453125 0.749656246875 0.0793336453125 0.749656246875 0.0679074625 0.747528953125 0.0679074625 0.747528953125 0.0793336453125
0 0.7433863281249999 0.0754806296875 0.7458121890625 0.0754806296875 0.7458121890625 0.06485162343749999 0.7433863281249999 0.06485162343749999 0.7433863281249999 0.0754806296875
0 0.8141113859375 0.1422927375 0.8156042249999998 0.1422927375 0.8156042249999998 0.1379747046875 0.8141113859375 0.1379747046875 0.8141113859375 0.1422927375
0 0.8398161906249999 0.14868674843750002 0.8414956328125001 0.14868674843750002 0.8414956328125001 0.1391372515625 0.8398161906249999 0.1391372515625 0.8398161906249999 0.14868674843750002
0 0.852412009375 0.13971852499999998 0.8544180109374999 0.13971852499999998 0.8544180109374999 0.1222803125 0.852412009375 0.1222803125 0.852412009375 0.13971852499999998
0 0.857077128125 0.1288404015625 0.85521108125 0.1288404015625 0.85521108125 0.13872205625 0.857077128125 0.13872205625 0.857077128125 0.1288404015625
0 0.9107481515625 0.1852039765625 0.9129349250000001 0.1852039765625 0.9129349250000001 0.179527475 0.9107481515625 0.179527475 0.9107481515625 0.1852039765625
0 0.8182986218749999 0.12411184374999999 0.8199780640625001 0.12411184374999999 0.8199780640625001 0.11414715 0.8182986218749999 0.11414715 0.8182986218749999 0.12411184374999999
0 0.79945154375 0.11099166406250001 0.8019707078125 0.11099166406250001 0.8019707078125 0.09704109375 0.79945154375 0.09704109375 0.79945154375 0.11099166406250001
0 0.8073355937500001 0.1129015640625 0.808921734375 0.1129015640625 0.808921734375 0.09961530625000001 0.8073355937500001 0.09961530625000001 0.8073355937500001 0.1129015640625
0 0.8098547578125 0.113316759375 0.8121406656249999 0.113316759375 0.8121406656249999 0.09571246875 0.8098547578125 0.09571246875 0.8098547578125 0.113316759375
0 0.7946931218750001 0.1040163796875 0.796885728125 0.1040163796875 0.796885728125 0.0935534515625 0.7946931218750001 0.0935534515625 0.7946931218750001 0.1040163796875
0 0.79139693125 0.1116500703125 0.793682840625 0.1116500703125 0.793682840625 0.10567125468750001 0.79139693125 0.10567125468750001 0.79139693125 0.1116500703125
0 0.7851456734375001 0.10193449375000001 0.7874782328125 0.10193449375000001 0.7874782328125 0.08898039375 0.7851456734375001 0.08898039375 0.7851456734375001 0.10193449375000001
0 0.788892346875 0.1057439125 0.7906184406250001 0.1057439125 0.7906184406250001 0.0943675546875 0.788892346875 0.0943675546875 0.788892346875 0.1057439125
0 0.7891722546875 0.0906307953125 0.7914581625 0.0906307953125 0.7914581625 0.07277738593750001 0.7891722546875 0.07277738593750001 0.7891722546875 0.0906307953125
0 0.7664064749999999 0.0792544375 0.76864573125 0.0792544375 0.76864573125 0.07277738593750001 0.7664064749999999 0.07277738593750001 0.7664064749999999 0.0792544375
0 0.7705117796875001 0.0719469953125 0.768739034375 0.0719469953125 0.768739034375 0.0786731625 0.7705117796875001 0.0786731625 0.7705117796875001 0.0719469953125
0 0.77895564375 0.0798257453125 0.776895528125 0.0798257453125 0.776895528125 0.092049103125 0.77895564375 0.092049103125 0.77895564375 0.0798257453125
0 0.782419028125 0.0824829984375 0.78441943125 0.0824829984375 0.78441943125 0.0757335796875 0.782419028125 0.0757335796875 0.782419028125 0.0824829984375
0 0.9209780640624998 0.1068693015625 0.9232639718750001 0.1068693015625 0.9232639718750001 0.096323334375 0.9209780640624998 0.096323334375 0.9209780640624998 0.1068693015625
0 0.578573784375 0.040190081249999995 0.5840552999999999 0.040190081249999995 0.5840552999999999 0.033858348437500005 0.578573784375 0.033858348437500005 0.578573784375 0.040190081249999995
0 0.5728590140625001 0 0.5728590140625001 0.0030300796875000003 0.5757747140625 0.0030300796875000003 0.5757747140625 0 0.5728590140625001 0
0 0.6199767125 0.02264806875 0.622600840625 0.02264806875 0.622600840625 0.014136559375 0.6199767125 0.014136559375 0.6199767125 0.02264806875
0 0.5995085046875 0.014655554687499999 0.601432865625 0.014655554687499999 0.601432865625 0.0079086265625 0.5995085046875 0.0079086265625 0.5995085046875 0.014655554687499999
0 0.59344385 0.0077010296874999995 0.5950766421875 0.0077010296874999995 0.5950766421875 0.0024072859375 0.59344385 0.0024072859375 0.59344385 0.0077010296874999995
0 0.5850466375 0 0.5850466375 0.0014730953125 0.5873791953125 0.0014730953125 0.5873791953125 0 0.5850466375 0
0 0.6018993781249999 0.0477674 0.6045818203125 0.0477674 0.6045818203125 0.04371924375 0.6018993781249999 0.04371924375 0.6018993781249999 0.0477674
0 0.6415528859374999 0.0292911984375 0.6431856765624999 0.0292911984375 0.6431856765624999 0.0228556671875 0.6415528859374999 0.0228556671875 0.6415528859374999 0.0292911984375
0 0.6450099203125 0.031059217187499998 0.646316153125 0.031059217187499998 0.646316153125 0.02348605 0.6450099203125 0.02348605 0.6450099203125 0.031059217187499998
0 0.6597143734375 0.04268469375 0.6609832859375 0.04268469375 0.6609832859375 0.0355765453125 0.6597143734375 0.0355765453125 0.6597143734375 0.04268469375
0 0.6551985390625 0.0408246171875 0.6566167359375 0.0408246171875 0.6566167359375 0.03504509375 0.6551985390625 0.03504509375 0.6551985390625 0.0408246171875
0 0.6619909515625 0.0433490046875 0.6632598640625 0.0433490046875 0.6632598640625 0.0365065828125 0.6619909515625 0.0365065828125 0.6619909515625 0.0433490046875
0 0.6656484046875001 0.04401331875 0.666842675 0.04401331875 0.666842675 0.0377023453125 0.6656484046875001 0.0377023453125 0.6656484046875001 0.04401331875
0 0.6674024890625001 0.0435482984375 0.66885800625 0.0435482984375 0.66885800625 0.0355101140625 0.6674024890625001 0.0355101140625 0.6674024890625001 0.0435482984375
0 0.6749786421875 0.046471276562500004 0.6765834421875001 0.046471276562500004 0.6765834421875001 0.038167365625 0.6749786421875 0.038167365625 0.6749786421875 0.046471276562500004
0 0.679531796875 0.05098860468750001 0.68106195625 0.05098860468750001 0.68106195625 0.040558890624999996 0.679531796875 0.040558890624999996 0.679531796875 0.05098860468750001
0 0.6815098078125 0.050058565624999996 0.6828160406249999 0.050058565624999996 0.6828160406249999 0.04414618125 0.6815098078125 0.04414618125 0.6815098078125 0.050058565624999996
0 0.6834131765625 0.049128528125 0.6858017171874999 0.049128528125 0.6858017171874999 0.037104464062499995 0.6834131765625 0.037104464062499995 0.6834131765625 0.049128528125
0 0.68624956875 0.0479327640625 0.687705084375 0.0479327640625 0.687705084375 0.040160304687499995 0.68624956875 0.040160304687499995 0.68624956875 0.0479327640625
0 0.7111053203125 0.059757534375 0.71226226875 0.059757534375 0.71226226875 0.049460684375 0.7111053203125 0.049460684375 0.7111053203125 0.059757534375
0 0.7224508875 0.052915110937499996 0.7241676515625001 0.052915110937499996 0.7241676515625001 0.0442126125 0.7224508875 0.0442126125 0.7224508875 0.052915110937499996
0 0.735961071875 0.0644741546875 0.737677834375 0.0644741546875 0.737677834375 0.056502399999999994 0.735961071875 0.056502399999999994 0.735961071875 0.0644741546875
0 0.6984908390625 0.072180184375 0.7006554546875 0.072180184375 0.7006554546875 0.06839360156249999 0.6984908390625 0.06839360156249999 0.6984908390625 0.072180184375
0 0.7226748140625 0.072512340625 0.72446621875 0.072512340625 0.72446621875 0.0673307 0.7226748140625 0.0673307 0.7226748140625 0.072512340625
0 0.7061043124999999 0.07098442031249999 0.708268928125 0.07098442031249999 0.708268928125 0.0675964265625 0.7061043124999999 0.0675964265625 0.7061043124999999 0.07098442031249999
0 0.722824096875 0.062481215624999996 0.724391578125 0.062481215624999996 0.724391578125 0.05537306875 0.722824096875 0.05537306875 0.722824096875 0.062481215624999996
0 0.8419152437499999 0.11077676249999999 0.8449755609375 0.11077676249999999 0.8449755609375 0.09622831093749999 0.8419152437499999 0.09622831093749999 0.8419152437499999 0.11077676249999999
0 0.8383697531250001 0.09563042968749999 0.8406836515624999 0.09563042968749999 0.8406836515624999 0.082277740625 0.8383697531250001 0.082277740625 0.8383697531250001 0.09563042968749999
0 0.8134020390625001 0.094368234375 0.8162757515625 0.094368234375 0.8162757515625 0.0840049546875 0.8134020390625001 0.0840049546875 0.8134020390625001 0.094368234375
0 0.826053840625 0.092840315625 0.8292634421875 0.092840315625 0.8292634421875 0.08154699531250001 0.826053840625 0.08154699531250001 0.826053840625 0.092840315625
0 0.7951520953125 0.0770961 0.79735403125 0.0770961 0.79735403125 0.06566991875 0.7951520953125 0.06566991875 0.7951520953125 0.0770961
0 0.7985483015625 0.0759003375 0.8004516703124999 0.0759003375 0.8004516703124999 0.0678621515625 0.7985483015625 0.0678621515625 0.7985483015625 0.0759003375
0 0.8127302624999999 0.08241060312500001 0.8147829140624999 0.08241060312500001 0.8147829140624999 0.072313046875 0.8127302624999999 0.072313046875 0.8127302624999999 0.08241060312500001
0 0.82971129375 0.07849115625 0.831353415625 0.07849115625 0.831353415625 0.06620136875 0.82971129375 0.06620136875 0.82971129375 0.07849115625
0 0.8314226265624999 0.1431043421875 0.8389334671875 0.1431043421875 0.8389334671875 0.12765906875 0.8314226265624999 0.12765906875 0.8314226265624999 0.1431043421875
0 0.8479837968750001 0.09543989375 0.8495232859375001 0.09543989375 0.8495232859375001 0.08705294375 0.8479837968750001 0.08705294375 0.8479837968750001 0.09543989375
0 0.850176403125 0.0965194015625 0.851902496875 0.0965194015625 0.851902496875 0.08655470781249999 0.850176403125 0.08655470781249999 0.850176403125 0.0965194015625
0 0.8503630078125 0.10640105625 0.853115428125 0.10640105625 0.853115428125 0.0980971453125 0.8503630078125 0.0980971453125 0.8503630078125 0.10640105625
0 0.8596932453124999 0.1138745765625 0.8620724546874999 0.1138745765625 0.8620724546874999 0.10573674375 0.8596932453124999 0.10573674375 0.8596932453124999 0.1138745765625
0 0.8583403593749999 0.1266625984375 0.8608595234374998 0.1266625984375 0.8608595234374998 0.11761133593749999 0.8583403593749999 0.11761133593749999 0.8583403593749999 0.1266625984375
0 0.8510627750000002 0.1222803125 0.8528821718749999 0.1222803125 0.8528821718749999 0.11678094375 0.8510627750000002 0.11678094375 0.8510627750000002 0.1222803125
0 0.8575939421874998 0.10233213906250001 0.8593666859375 0.10233213906250001 0.8593666859375 0.09186921249999999 0.8575939421874998 0.09186921249999999 0.8575939421874998 0.10233213906250001
0 0.8543283578124999 0.0975158703125 0.856334359375 0.0975158703125 0.856334359375 0.08946107656249999 0.8543283578124999 0.08946107656249999 0.8543283578124999 0.0975158703125
0 0.8773740437499999 0.1073144859375 0.879706603125 0.1073144859375 0.879706603125 0.096602440625 0.8773740437499999 0.096602440625 0.8773740437499999 0.1073144859375
0 0.8791467890625 0.120102509375 0.8808728828125 0.120102509375 0.8808728828125 0.112712028125 0.8791467890625 0.112712028125 0.8791467890625 0.120102509375
0 0.8891301421875 0.1318940625 0.8913227484374999 0.1318940625 0.8913227484374999 0.12176329062499999 0.8891301421875 0.12176329062499999 0.8891301421875 0.1318940625
0 0.9669093312499999 0.09143325625 0.9702332281250001 0.09143325625 0.9702332281250001 0.08209135625 0.9669093312499999 0.08209135625 0.9669093312499999 0.09143325625
0 0.6439633468749999 0.043565193749999995 0.6464234687499999 0.043565193749999995 0.6464234687499999 0.040159293750000005 0.6439633468749999 0.040159293750000005 0.6439633468749999 0.043565193749999995
0 0.64496561875 0.053782896875 0.6488835890625 0.053782896875 0.6488835890625 0.049079509375000004 0.64496561875 0.049079509375000004 0.64496561875 0.053782896875
0 0.6487924734374999 0.060919070312500004 0.65343936875 0.060919070312500004 0.65343936875 0.055566940625000005 0.6487924734374999 0.055566940625000005 0.6487924734374999 0.060919070312500004
0 0.6590885359375 0.0539450828125 0.66300650625 0.0539450828125 0.66300650625 0.0489173234375 0.6590885359375 0.0489173234375 0.6590885359375 0.0539450828125
0 0.0577530828125 0.627663025 0.070235390625 0.627663025 0.070235390625 0.6203332078125 0.0577530828125 0.6203332078125 0.0577530828125 0.627663025
0 0.10832573125 0.5974275296875 0.11218623750000001 0.5974275296875 0.11218623750000001 0.5878071453125 0.10832573125 0.5878071453125 0.10832573125 0.5974275296875
0 0.1044652234375 0.618729809375 0.114759909375 0.618729809375 0.114759909375 0.6081931984375 0.1044652234375 0.6081931984375 0.1044652234375 0.618729809375
0 0.1826916328125 0.583561175 0.19009093906250002 0.583561175 0.19009093906250002 0.576689471875 0.1826916328125 0.576689471875 0.1826916328125 0.583561175
0 0.2401095484375 0.535558265625 0.2442274234375 0.535558265625 0.2442274234375 0.5298776562499999 0.2401095484375 0.5298776562499999 0.2401095484375 0.535558265625
0 0.223535103125 0.54288808125 0.22806476562500003 0.54288808125 0.22806476562500003 0.5357415109375 0.223535103125 0.5357415109375 0.223535103125 0.54288808125
0 0.043889801562500004 0.6082757062499999 0.054390381249999994 0.6082757062499999 0.054390381249999994 0.6002129078125 0.043889801562500004 0.6002129078125 0.043889801562500004 0.6082757062499999
0 0.8909420578125001 0.796875 0.8835298093749999 0.7970475218749999 0.8828125 0.8586928796875 0.8828125 0.859375 0.9148820734375 0.859375 0.9156093265624999 0.796875 0.8909420578125001 0.796875
