0 0.03165754375 0.126196975 0.03165754375 0.1515625 0.057464756250000006 0.1515625 0.057464756250000006 0.12679764531249998 0.03165754375 0.126196975
0 0.00625 0.123061090625 0.00625 0.1609375 0.0234236 0.1609375 0.0234375 0.160340321875 0.0234375 0.1232610859375 0.00625 0.123061090625
0 0 0.196875 0.003711065625 0.196875 0.004228925 0.17462560625 0 0.1745271765625 0 0.196875
0 0.0350549484375 0.20913772812500003 0.0349535734375 0.2265625 0.0453125 0.2265625 0.0453125 0.2090183703125 0.0350549484375 0.20913772812500003
0 0.18007687187500002 0 0.1799132390625 0.0140625 0.1857778859375 0.0140625 0.1859375 0.00034537343750000004 0.1859375 0 0.18007687187500002 0
0 0.0415867046875 0.1578125 0.0414867109375 0.175 0.0546875 0.175 0.0546875 0.1578125 0.0415867046875 0.1578125
0 1 0.3429362484375 0.9979184140624999 0.3429362484375 0.9979184140624999 0.40899075625 1 0.40899075625 1 0.3429362484375
0 0.606785878125 0.4813781078125 0.69370421875 0.4813781078125 0.69370421875 0.21511343749999998 0.606785878125 0.21511343749999998 0.606785878125 0.4813781078125
0 0.8400771203125 0.3133522171875 0.7646489 0.3133522171875 0.744406584375 0.3133522171875 0.744406584375 0.540428740625 0.8400771203125 0.540428740625 0.8400771203125 0.3133522171875
0 0.8183475343750001 0.5302290859375 0.903153278125 0.5302290859375 0.903153278125 0.2881214921875 0.8183475343750001 0.2881214921875 0.8183475343750001 0.5302290859375
0 0.9408782515624999 0.2784586609375 0.8847434890624999 0.2784586609375 0.8847434890624999 0.5173453109375 0.9408782515624999 0.5173453109375 0.9408782515624999 0.2784586609375
0 0.9076802749999999 0.2784586609375 0.9499322453125 0.2784586609375 0.9499322453125 0.2065242546875 0.9076802749999999 0.2065242546875 0.9076802749999999 0.2784586609375
0 0.86059950625 0.2784586609375 0.9272972609375 0.2784586609375 0.9272972609375 0.059434498437500004 0.86059950625 0.059434498437500004 0.86059950625 0.2784586609375
0 0.7208662 0.0873493421875 0.7404831875 0.0873493421875 0.7404831875 0.0610449703125 0.7208662 0.0610449703125 0.7208662 0.0873493421875
0 0.4890625 0.188809065625 0.537070125 0.188809065625 0.537070125 0.1453263265625 0.4890625 0.1453263265625 0.4890625 0.188809065625
0 0.5738534843750001 0.1046350734375 0.597804315625 0.1046350734375 0.597804315625 0.07611898593750001 0.5738534843750001 0.07611898593750001 0.5738534843750001 0.1046350734375
0 0.6323785 0.07130904375 0.6323785 0.0197739453125 0.5682520796875 0.0197739453125 0.5682520796875 0.07130904375 0.629249440625 0.07130904375 0.6323785 0.07130904375
0 0.5413653390625 0.20976667187500003 0.56628193125 0.20976667187500003 0.56628193125 0.1520473625 0.5413653390625 0.1520473625 0.5413653390625 0.20976667187500003
0 0.5966067749999999 0.3135240015625 0.64373583125 0.3135240015625 0.64373583125 0.043136523437500005 0.5966067749999999 0.043136523437500005 0.5966067749999999 0.3135240015625
0 0.7007156328125 0.193962575 0.66826611875 0.193962575 0.66826611875 0.3166161078125 0.7007156328125 0.3166161078125 0.7007156328125 0.193962575
0 0.7260185265625 0.320395346875 0.762910534375 0.320395346875 0.762910534375 0.0771496875 0.7260185265625 0.0771496875 0.7260185265625 0.320395346875
0 0.74977620625 0.3066526546875 0.7814531140625001 0.3066526546875 0.7814531140625001 0.0153075703125 0.74977620625 0.0153075703125 0.74977620625 0.3066526546875
0 0.8231739171875001 0.259240365625 0.8591001640625 0.259240365625 0.8591001640625 0.1314333234375 0.8231739171875001 0.1314333234375 0.8231739171875001 0.259240365625
0 0.8308999921875 0.11013215000000001 0.849828875 0.11013215000000001 0.849828875 0.0678733703125 0.8308999921875 0.0678733703125 0.8308999921875 0.11013215000000001
0 0.7592959374999999 0.34300680781250004 0.8053716187500001 0.34300680781250004 0.8053716187500001 0.0336536921875 0.7592959374999999 0.0336536921875 0.7592959374999999 0.34300680781250004
0 0.649921334375 0.063677403125 0.617952365625 0.063677403125 0.617952365625 0.2795964734375 0.649921334375 0.2795964734375 0.649921334375 0.063677403125
0 0.646985709375 0.23934294843749998 0.6778035421874999 0.23934294843749998 0.6778035421874999 0.05608229687500001 0.646985709375 0.05608229687500001 0.646985709375 0.23934294843749998
0 0.8060540671875 0.2994336328125 0.83977844375 0.2994336328125 0.83977844375 0.0621298984375 0.8060540671875 0.0621298984375 0.8060540671875 0.2994336328125
0 0.5655266109375 0.2757083703125 0.603897834375 0.2757083703125 0.603897834375 0.112601015625 0.5655266109375 0.112601015625 0.5655266109375 0.2757083703125
0 0.3149267078125 0.9453125 0.3145176046875 0.96875 0.31875 0.96875 0.31875 0.9453125 0.3149267078125 0.9453125
0 0.315625 0.93125 0.3109375 0.93125 0.3109375 0.9421875 0.315625 0.9421875 0.315625 0.93125
0 0.3871529421875 0.6789988140625 0.3871529421875 0.69375 0.390625 0.69375 0.390625 0.6790796265625 0.3871529421875 0.6789988140625
0 0.7202132062500001 0.55 0.7214133374999999 0.6015625 0.7421875 0.6015625 0.7421875 0.55 0.7202132062500001 0.55
