0 0.0242243984375 0.0929675328125 0.024656196875 0.1671875 0.0373960296875 0.1671875 0.036966387499999996 0.09333828749999999 0.0242243984375 0.0929675328125
0 0.0578125 0.102186753125 0.045519928125 0.102329790625 0.0453125 0.1142133390625 0.0453125 0.1640625 0.057181781249999994 0.1640625 0.0578125 0.127928615625 0.0578125 0.102186753125
0 0.0664011171875 0.100375165625 0.0664011171875 0.165625 0.0765625 0.165625 0.0765625 0.100197796875 0.0664011171875 0.100375165625
0 0.9734375 0.236883615625 0.9651520062500001 0.23664253125 0.9652376125 0.251356990625 0.9723004906250001 0.2515625 0.9734375 0.2515625 0.9734375 0.236883615625
0 0.5056026609375 0.2649204796875 0.5050721671875 0.2953125 0.51559731875 0.2953125 0.515625 0.29372665 0.515625 0.264803859375 0.5056026609375 0.2649204796875
0 0.9453822437500001 0.2425228625 0.9453822437500001 0.25625 0.953125 0.25625 0.953125 0.24238771250000002 0.9453822437500001 0.2425228625
0 0.2938591390625 0.646602540625 0.294007759375 0.659375 0.3015625 0.659375 0.3015625 0.6464232421875 0.2938591390625 0.646602540625
0 0.2197285671875 0.6061406234375 0.22542411874999999 0.6061406234375 0.22542411874999999 0.583343428125 0.2197285671875 0.583343428125 0.2197285671875 0.6061406234375
0 0.9695518796875 0.8652949171875001 0.9797388390624999 0.8652949171875001 0.9797388390624999 0.8435595656249999 0.9695518796875 0.8435595656249999 0.9695518796875 0.8652949171875001
0 0.9630322265625001 0.8526159625 0.9746453593750001 0.8526159625 0.9746453593750001 0.8182016546875 0.9630322265625001 0.8182016546875 0.9630322265625001 0.8526159625
0 0.96812570625 0.8149413531249999 0.99563049375 0.8149413531249999 0.99563049375 0.7928437453124999 0.96812570625 0.7928437453124999 0.96812570625 0.8149413531249999
0 0.9524377890625001 0.8182016546875 0.96506961875 0.8182016546875 0.96506961875 0.779078021875 0.9524377890625001 0.779078021875 0.9524377890625001 0.8182016546875
0 0.926562915625 0.74176566875 0.9304339593750001 0.74176566875 0.9304339593750001 0.73089799375 0.926562915625 0.73089799375 0.926562915625 0.74176566875
0 0.7827230625 0.7642255328124999 0.7890389765625001 0.7642255328124999 0.7890389765625001 0.7305357375 0.7827230625 0.7305357375 0.7827230625 0.7642255328124999
0 0.7757959296875001 0.7305357375 0.78048193125 0.7305357375 0.78048193125 0.7106116640625 0.7757959296875001 0.7106116640625 0.7757959296875001 0.7305357375
0 0.7664239281249999 0.7287244578125 0.7715174078125 0.7287244578125 0.7715174078125 0.710249409375 0.7664239281249999 0.710249409375 0.7664239281249999 0.7287244578125
0 0.75908931875 0.7587916953125 0.7635715796875 0.7587916953125 0.7635715796875 0.7348828078125 0.75908931875 0.7348828078125 0.75908931875 0.7587916953125
0 0.7436051406249999 0.7526333453125 0.750328534375 0.7526333453125 0.750328534375 0.7305357375 0.7436051406249999 0.7305357375 0.7436051406249999 0.7526333453125
0 0.75766314375 0.7254641546875 0.7619416671874999 0.7254641546875 0.7619416671874999 0.7073513625000001 0.75766314375 0.7073513625000001 0.75766314375 0.7254641546875
0 0.753384621875 0.7254641546875 0.75766314375 0.7254641546875 0.75766314375 0.7062645953125 0.753384621875 0.7062645953125 0.753384621875 0.7254641546875
0 0.7478836640625 0.7254641546875 0.753384621875 0.7254641546875 0.753384621875 0.7055400828125 0.7478836640625 0.7055400828125 0.7478836640625 0.7254641546875
0 0.745031315625 0.7305357375 0.750328534375 0.7305357375 0.750328534375 0.714234225 0.745031315625 0.714234225 0.745031315625 0.7305357375
0 0.739734096875 0.7305357375 0.7436051406249999 0.7305357375 0.7436051406249999 0.7109739203125001 0.739734096875 0.7109739203125001 0.739734096875 0.7305357375
0 0.7356593140625 0.7305357375 0.739734096875 0.7305357375 0.739734096875 0.7084381296875 0.7356593140625 0.7084381296875 0.7356593140625 0.7305357375
0 0.7368817484375001 0.8805096640624999 0.7568481874999999 0.8805096640624999 0.7568481874999999 0.7837873500000001 0.7368817484375001 0.7837873500000001 0.7368817484375001 0.8805096640624999
0 0.7379004453125 0.7895834421875 0.7513472296874999 0.7895834421875 0.7513472296874999 0.7453882281249999 0.7379004453125 0.7453882281249999 0.7379004453125 0.7895834421875
0 0.7352518359375 0.7667613234375 0.7417714890625 0.7667613234375 0.7417714890625 0.7337960390625 0.7352518359375 0.7337960390625 0.7352518359375 0.7667613234375
0 0.730565834375 0.745750484375 0.7352518359375 0.745750484375 0.7352518359375 0.71858129375 0.730565834375 0.71858129375 0.730565834375 0.745750484375
0 0.8682374859374999 0.9382685687500001 0.8914764859375002 0.9382685687500001 0.8914764859375002 0.7995924984375 0.8682374859374999 0.7995924984375 0.8682374859374999 0.9382685687500001
0 0.8305624234375 0.7610712859375 0.8377392578125 0.7610712859375 0.8377392578125 0.732285565625 0.8305624234375 0.732285565625 0.8305624234375 0.7610712859375
0 0.8028565046875 0.7805090671875 0.8136217562500001 0.7805090671875 0.8136217562500001 0.7373304859375001 0.8028565046875 0.7373304859375001 0.8028565046875 0.7805090671875
0 0.815874946875 0.7652259265625 0.8281423265625001 0.7652259265625 0.8281423265625001 0.71715080625 0.815874946875 0.71715080625 0.815874946875 0.7652259265625
0 0.8366543875 0.730208246875 0.856849665625 0.730208246875 0.856849665625 0.7201184062499999 0.8366543875 0.7201184062499999 0.8366543875 0.730208246875
0 0.8431636093750001 0.775315765625 0.880216103125 0.775315765625 0.880216103125 0.7321371859375001 0.8431636093750001 0.7321371859375001 0.8431636093750001 0.775315765625
0 0.694770471875 0.9025604937499999 0.7105881109375 0.9025604937499999 0.7105881109375 0.7654763671875 0.694770471875 0.7654763671875 0.694770471875 0.9025604937499999
0 0.663931046875 1 0.663931046875 0.837998290625 0.64154759375 0.837998290625 0.64154759375 1 0.663931046875 1
0 0.6941743328125 0.7654763671875 0.7046796328125 0.7654763671875 0.7046796328125 0.7194195765625 0.6941743328125 0.7194195765625 0.6941743328125 0.7654763671875
0 0.7129565375 0.7567772109375 0.7183683593750001 0.7567772109375 0.7183683593750001 0.7347022453125 0.7129565375 0.7347022453125 0.7129565375 0.7567772109375
0 0.70372460625 0.7307400718749999 0.730565834375 0.7307400718749999 0.730565834375 0.6950805109375 0.70372460625 0.6950805109375 0.70372460625 0.7307400718749999
0 0.662976771875 0.7460227406250001 0.69130925 0.7460227406250001 0.69130925 0.699608709375 0.662976771875 0.699608709375 0.662976771875 0.7460227406250001
0 0.6273224171875 0.7952668968750001 0.6601116906250001 0.7952668968750001 0.6601116906250001 0.700174734375 0.6273224171875 0.700174734375 0.6273224171875 0.7952668968750001
0 0.6190455140625 0.7313060968749999 0.6273224171875 0.7313060968749999 0.6273224171875 0.7086651046875 0.6190455140625 0.7086651046875 0.6190455140625 0.7313060968749999
0 0.6059934734375 0.7460227406250001 0.613952034375 0.7460227406250001 0.613952034375 0.713193303125 0.6059934734375 0.713193303125 0.6059934734375 0.7460227406250001
0 0.603128390625 0.7364003203125 0.609176896875 0.7364003203125 0.609176896875 0.7041369078124999 0.603128390625 0.7041369078124999 0.603128390625 0.7364003203125
0 0.5958065140625 0.7364003203125 0.603128390625 0.7364003203125 0.603128390625 0.6967785859375001 0.5958065140625 0.6967785859375001 0.5958065140625 0.7364003203125
0 0.5862562406249999 0.7550791375 0.5951698296875 0.7550791375 0.5951698296875 0.7262118734375 0.5862562406249999 0.7262118734375 0.5862562406249999 0.7550791375
0 0.5553770234375 0.747154790625 0.5862562406249999 0.747154790625 0.5862562406249999 0.7092311296875 0.5553770234375 0.7092311296875 0.5553770234375 0.747154790625
0 0.48311328593749997 0.787908575 0.49457361562499996 0.787908575 0.49457361562499996 0.7573432359375 0.48311328593749997 0.7573432359375 0.48311328593749997 0.787908575
0 0.5162209015625 0.7539470875000001 0.5162209015625 0.6865901390625 0.45828257499999997 0.6865901390625 0.45828257499999997 0.7539470875000001 0.5013184984375 0.7539470875000001 0.5162209015625 0.7539470875000001
0 0.44077374062499997 0.779418203125 0.45509915 0.779418203125 0.45509915 0.7420605671875 0.44077374062499997 0.7420605671875 0.44077374062499997 0.779418203125
0 0.4372719734375 0.7562111874999999 0.45509915 0.7562111874999999 0.45509915 0.7222497000000001 0.4372719734375 0.7222497000000001 0.4372719734375 0.7562111874999999
0 0.41848976875000005 0.7754560296874999 0.43695363125000003 0.7754560296874999 0.43695363125000003 0.7426265921875 0.41848976875000005 0.7426265921875 0.41848976875000005 0.7754560296874999
0 0.4 0.8490392515625 0.40925783750000005 0.8490392515625 0.40925783750000005 0.7663996328125 0.4 0.7663996328125 0.4 0.8490392515625
0 0.89870528125 0.7617125625 0.9044853281249999 0.7617125625 0.9044853281249999 0.7458297125 0.89870528125 0.7458297125 0.89870528125 0.7617125625
0 0.917796946875 0.7539268515625001 0.9235769937499999 0.7539268515625001 0.9235769937499999 0.7464525703125 0.917796946875 0.7464525703125 0.917796946875 0.7539268515625001
0 0.8873203437499999 0.74520685625 0.9255036750000001 0.74520685625 0.9255036750000001 0.7187354421875 0.8873203437499999 0.7187354421875 0.8873203437499999 0.74520685625
0 0.934916353125 0.8200517015625 0.9424499640625001 0.8200517015625 0.9424499640625001 0.78154095625 0.934916353125 0.78154095625 0.934916353125 0.8200517015625
0 0.5422761421875 1 0.5422761421875 0.8016001234375001 0.47604300625 0.8016001234375001 0.47604300625 1 0.5422761421875 1
0 0.6462509359374999 1 0.6462509359374999 0.8862650296875 0.521238696875 0.8862650296875 0.521238696875 1 0.6462509359374999 1
0 0.7741370203125 1 0.7741370203125 0.8287797453125 0.694770471875 0.8287797453125 0.694770471875 1 0.7741370203125 1
0 0.5477068015625 0.9816100343749999 0.630013709375 0.9816100343749999 0.630013709375 0.85325178125 0.5477068015625 0.85325178125 0.5477068015625 0.9816100343749999
0 0.49457361562499996 0.923562671875 0.5477068015625 0.923562671875 0.5477068015625 0.7573432359375 0.49457361562499996 0.7573432359375 0.49457361562499996 0.923562671875
0 0.575685796875 0.77683211875 0.5608355421875 0.77683211875 0.5608355421875 0.8143811015625 0.575685796875 0.8143811015625 0.575685796875 0.77683211875
0 0.6235151875 0.837998290625 0.66218370625 0.837998290625 0.66218370625 0.8013504046875 0.6235151875 0.8013504046875 0.6235151875 0.837998290625
0 0.6659191718749999 0.7855118140625 0.67193641875 0.7855118140625 0.67193641875 0.752317828125 0.6659191718749999 0.752317828125 0.6659191718749999 0.7855118140625
0 0.6741735984374999 0.77755623125 0.6802679890625 0.77755623125 0.6802679890625 0.749163028125 0.6741735984374999 0.749163028125 0.6741735984374999 0.77755623125
0 0.680422278125 0.8007371546875 0.6908367421875 0.8007371546875 0.6908367421875 0.74806570625 0.680422278125 0.74806570625 0.680422278125 0.8007371546875
0 0.77280265625 0.7720398171875 0.7808256515625001 0.7720398171875 0.7808256515625001 0.7424121265625001 0.77280265625 0.7424121265625001 0.77280265625 0.7720398171875
0 0.7228518015625001 0.7558117484375 0.728059034375 0.7558117484375 0.728059034375 0.736094246875 0.7228518015625001 0.736094246875 0.7228518015625001 0.7558117484375
0 0.7183683593750001 0.7539257265625 0.721598209375 0.7539257265625 0.721598209375 0.7367800718749999 0.7183683593750001 0.7367800718749999 0.7183683593750001 0.7539257265625
0 0.7193803140625 0.78324479375 0.7358698828125 0.78324479375 0.7358698828125 0.758555053125 0.7193803140625 0.758555053125 0.7193803140625 0.78324479375
0 0.585339290625 0.7669082015625 0.57222478125 0.7669082015625 0.57222478125 0.816459140625 0.585339290625 0.816459140625 0.585339290625 0.7669082015625
0 0.549081528125 0.775309571875 0.5712604796875 0.775309571875 0.5712604796875 0.7494196343749999 0.549081528125 0.7494196343749999 0.549081528125 0.775309571875
0 0.5388599234375 0.7687942234375 0.5477068015625 0.7687942234375 0.5477068015625 0.7465048734374999 0.5388599234375 0.7465048734374999 0.5388599234375 0.7687942234375
0 0.9934288515624999 0.7555862250000001 0.997477378125 0.7555862250000001 0.997477378125 0.7445252203124999 0.9934288515624999 0.7445252203124999 0.9934288515624999 0.7555862250000001
0 0.97590169375 0.778322734375 0.9863686156250001 0.778322734375 0.9863686156250001 0.7542694390625 0.97590169375 0.7542694390625 0.97590169375 0.778322734375
0 0.98291255625 0.7463687218749999 0.9875041781250001 0.7463687218749999 0.9875041781250001 0.7369756453124999 0.98291255625 0.7369756453124999 0.98291255625 0.7463687218749999
0 0.974371153125 0.75031908125 0.9809376656250001 0.75031908125 0.9809376656250001 0.7347810015625 0.974371153125 0.7347810015625 0.974371153125 0.75031908125
0 0.9406992625000001 0.7612045125 0.9439578328125 0.7612045125 0.9439578328125 0.7550595109375 0.9406992625000001 0.7550595109375 0.9406992625000001 0.7612045125
0 0.9536347984375 0.752513725 0.9594113546875 0.752513725 0.9594113546875 0.7470710078125 0.9536347984375 0.7470710078125 0.9536347984375 0.752513725
0 0.953190446875 0.7450519359375 0.9693351812500002 0.7450519359375 0.9693351812500002 0.7347810015625 0.953190446875 0.7347810015625 0.953190446875 0.7450519359375
0 0.6003587890625 0.7852632234375 0.6139020875 0.7852632234375 0.6139020875 0.7509948328125 0.6003587890625 0.7509948328125 0.6003587890625 0.7852632234375
0 0.7398612734375 0.7704676140625001 0.7128788546875 0.7704676140625001 0.7128788546875 0.9001317953125 0.7398612734375 0.9001317953125 0.7398612734375 0.7704676140625001
0 0.4 0.7651237765625 0.40980943593749997 0.7651237765625 0.40980943593749997 0.67384019375 0.4 0.67384019375 0.4 0.7651237765625
