0 0.8273589093750001 0.09613603281250001 0.8267918390624999 0.115625 0.8333129578125 0.115625 0.8338789249999999 0.096173965625 0.8273589093750001 0.09613603281250001
0 0.757257909375 0.1538417578125 0.7568018125 0.1734375 0.7609375 0.1734375 0.7609375 0.1539488234375 0.757257909375 0.1538417578125
0 0.9709281015624999 0.10828676562499999 0.9709281015624999 0.1203125 0.978125 0.1203125 0.978125 0.10816114375000001 0.9709281015624999 0.10828676562499999
0 0.9026902046874999 0.09425334375 0.9027690890625 0.1078125 0.90625 0.1078125 0.90625 0.0942326328125 0.9026902046874999 0.09425334375
0 0.7835309625 0.235093384375 0.7831426890625 0.2484375 0.7867407546875 0.2484375 0.7871302468750001 0.235051503125 0.7835309625 0.235093384375
0 0.7869925703125 0.229765103125 0.7873544390625 0.2453125 0.790625 0.2453125 0.790625 0.22987079531250001 0.7869925703125 0.229765103125
0 0.9943962453124999 0.110742653125 0.9941007687500001 0.1234375 0.996875 0.1234375 0.996875 0.110684959375 0.9943962453124999 0.110742653125
0 0.823491409375 0.1171875 0.830720909375 0.1171875 0.8312173171874999 0.100127040625 0.8257591375000001 0.1 0.8239915140625002 0.1 0.823491409375 0.1171875
0 0.9356031578125 0.1270944375 0.9353911703125 0.1453125 0.940625 0.1453125 0.940625 0.127123653125 0.9356031578125 0.1270944375
0 0.843010421875 0.0032498359375 0.8432271453125001 0.021875 0.8484375 0.021875 0.8484375 0.003281409375 0.843010421875 0.0032498359375
0 0.5458473515625 0.0162833078125 0.551688640625 0.0162833078125 0.551688640625 0.0007547921875 0.5458473515625 0.0007547921875 0.5458473515625 0.0162833078125
0 0.536769671875 0.019957996875 0.5443475609374999 0.019957996875 0.5443475609374999 0.002532865625 0.536769671875 0.002532865625 0.536769671875 0.019957996875
0 0.7917514609375 0.2481568546875 0.7960682921875 0.2481568546875 0.7960682921875 0.23389521562499999 0.7917514609375 0.23389521562499999 0.7917514609375 0.2481568546875
0 0.9073634671875 0 0.9073634671875 0.0039252734375 0.9114050078125 0.0039252734375 0.9114050078125 0 0.9073634671875 0
0 0.8746201265625 0 0.8746201265625 0.0037251046875 0.8832241875000001 0.0037251046875 0.8832241875000001 0 0.8746201265625 0
0 0.8835399328125 0 0.8835399328125 0.0037251046875 0.8941963390625001 0.0037251046875 0.8941963390625001 0 0.8835399328125 0
0 0.8588328578125001 0 0.8588328578125001 0.012378400000000001 0.8700418187500001 0.012378400000000001 0.8700418187500001 0 0.8588328578125001 0
0 0.9361916656249999 0.0839167546875 0.94944086875 0.0839167546875 0.94944086875 0.060402992187500004 0.9361916656249999 0.060402992187500004 0.9361916656249999 0.0839167546875
0 0.8275703437499999 0.04855514375 0.835519865625 0.04855514375 0.835519865625 0.02467963125 0.8275703437499999 0.02467963125 0.8275703437499999 0.04855514375
0 0.8222706640624999 0.032999884374999996 0.8292566062500001 0.032999884374999996 0.8292566062500001 0.009486121875 0.8222706640624999 0.009486121875 0.8222706640624999 0.032999884374999996
0 0.8340744984375 0.037702637500000004 0.8417831249999999 0.037702637500000004 0.8417831249999999 0.010933123437500001 0.8340744984375 0.010933123437500001 0.8340744984375 0.037702637500000004
0 1 0.024832401562500002 0.9951199031249999 0.024832401562500002 0.9951199031249999 0.04442008125 1 0.04442008125 1 0.024832401562500002
0 1 0.10828486875000001 0.9979187546875 0.10828486875000001 0.9979187546875 0.12316492187500001 1 0.12316492187500001 1 0.10828486875000001
0 0.8110711421874999 0.09567519218750001 0.8165036406249999 0.09567519218750001 0.8165036406249999 0.0810448078125 0.8110711421874999 0.0810448078125 0.8110711421874999 0.09567519218750001
0 0.6971179218750001 0.254893 0.705948890625 0.254893 0.705948890625 0.22716457812500002 0.6971179218750001 0.22716457812500002 0.6971179218750001 0.254893
0 0.28125 0.4875 0.28125 0.4709082953125 0.276732165625 0.47077683906250006 0.2765625 0.4780663625 0.2765625 0.4875 0.28125 0.4875
0 0.2675939625 0.467910465625 0.2674932875 0.4765625 0.2748116953125 0.4765625 0.2749133625 0.46782529687499996 0.2675939625 0.467910465625
0 0.2602263171875 0.47900270625 0.26017688125 0.4875 0.275 0.4875 0.275 0.47926058281249995 0.2602263171875 0.47900270625
0 0.8301873609375001 0.44375 0.8296964812500001 0.528125 0.8546875 0.528125 0.8546875 0.44375 0.8301873609375001 0.44375
