0 0.46875 0.0461983078125 0.46875 0.0121490796875 0.44405642656250005 0.01186174375 0.44375 0.029416906250000003 0.44375 0.062416440625 0.45093111406249997 0.0625 0.468465453125 0.0625 0.46875 0.0461983078125
0 1 0.5 1 0.44414049218749996 0.8302966406250001 0.439202628125 0.8296875 0.46013743281249997 0.8296875 0.5 1 0.5
0 0.8618420140625 0.10042689062500001 0.8615246421875 0.1140625 0.8650468296875001 0.1140625 0.865625 0.1140490421875 0.865625 0.10033884062500001 0.8618420140625 0.10042689062500001
0 0.9589892546875 0.18203076875 0.9587574203125 0.1953125 0.9609375 0.1953125 0.9609375 0.1820534390625 0.9589892546875 0.18203076875
0 0.9534817546875001 0.196903840625 0.9570194359374999 0.196903840625 0.9570194359374999 0.1848315703125 0.9534817546875001 0.1848315703125 0.9534817546875001 0.196903840625
0 0.7151214203125 0.036251904687499996 0.71837834375 0.036251904687499996 0.71837834375 0.026494318750000002 0.7151214203125 0.026494318750000002 0.7151214203125 0.036251904687499996
0 0.5974501078125 0.065557815625 0.60079221875 0.065557815625 0.60079221875 0.0526184765625 0.5974501078125 0.0526184765625 0.5974501078125 0.065557815625
0 0.607139421875 0.0720524640625 0.6105657890625 0.0720524640625 0.6105657890625 0.05936291875000001 0.607139421875 0.05936291875000001 0.607139421875 0.0720524640625
0 0.5796875 0.727085140625 0.5506998750000001 0.727759834375 0.55 0.75782931875 0.55 0.825 0.5785345328125 0.825 0.5796875 0.7754638593750001 0.5796875 0.727085140625
0 0.815625 0.5942284234375 0.7865492859375001 0.5938900968749999 0.7859375 0.6289392625 0.7859375 0.696875 0.8145489874999999 0.696875 0.815625 0.635230371875 0.815625 0.5942284234375
