0 0.21824879218749998 0.3 0.21875 0.2784660421875 0.21875 0.2734940265625 0.20064536562500002 0.27359935625 0.200030884375 0.3 0.21824879218749998 0.3
0 0.225 0.3 0.225 0.28670135625 0.21425423437500002 0.2867638734375 0.21402319687500002 0.3 0.225 0.3
0 0.427579025 0.3 0.42788668281250003 0.2735599171875 0.4098467078125 0.2735599171875 0.40953904999999996 0.3 0.427579025 0.3
0 0.38125 0.3 0.38125 0.2793359890625 0.37004590312499996 0.2792708046875 0.369925303125 0.3 0.38125 0.3
0 0.178996925 0.26983053749999997 0.184375 0.2699244125 0.184375 0.25400148906250003 0.1789042796875 0.25390599687500004 0.178996925 0.26983053749999997
0 0.055437903125 0.18950563125 0.054866335937499996 0.2140625 0.065625 0.2140625 0.065625 0.18938709375 0.055437903125 0.18950563125
0 0.028774125 0.18837959531249998 0.028774125 0.2109375 0.0390625 0.2109375 0.0390625 0.1885591796875 0.028774125 0.18837959531249998
0 0.000746990625 0.1635260890625 0.0002739765625 0.190625 0.009375 0.190625 0.009375 0.16372690781250002 0.000746990625 0.1635260890625
0 0.0140625 0.1862002234375 0.0140625 0.2078125 0.02653286875 0.2078125 0.0265625 0.2067941234375 0.0265625 0.1862729453125 0.0140625 0.1862002234375
0 0.01875 0.1691550546875 0.015625 0.16922779062499999 0.015625 0.1765625 0.01875 0.1765625 0.01875 0.1691550546875
0 0.033264864062499996 0.175309515625 0.0335486 0.1875 0.046875 0.1875 0.046875 0.1750719515625 0.033264864062499996 0.175309515625
0 0.051945182812500004 0.1671875 0.052054265625 0.1859375 0.0640625 0.1859375 0.0640625 0.1671875 0.051945182812500004 0.1671875
0 0.0663054984375 0.15551346562499999 0.0663054984375 0.1671875 0.0796875 0.1671875 0.0796875 0.1553577515625 0.0663054984375 0.15551346562499999
0 0.11306244843749999 0.18955213437500001 0.1129834828125 0.203125 0.11875 0.203125 0.11875 0.1896514109375 0.11306244843749999 0.18955213437500001
0 0.128125 0.1921875 0.128125 0.1799536546875 0.12191291093750001 0.18009824375 0.121875 0.182270159375 0.121875 0.1921875 0.128125 0.1921875
0 0.1141368234375 0.1796875 0.11442776406249999 0.1921875 0.1203125 0.1921875 0.1203125 0.1796875 0.1141368234375 0.1796875
0 0.10124985312499998 0.1675431859375 0.101126721875 0.178125 0.10625 0.178125 0.10625 0.1674850046875 0.10124985312499998 0.1675431859375
0 0.08540935937500001 0.187381421875 0.0921875 0.1873419890625 0.0921875 0.1706486015625 0.0857007734375 0.1706863390625 0.08540935937500001 0.187381421875
0 0.1341501890625 0.180253784375 0.13390879687499999 0.190625 0.140625 0.190625 0.140625 0.1804421828125 0.1341501890625 0.180253784375
0 0.14647746875 0.175 0.1463138359375 0.1890625 0.153125 0.1890625 0.153125 0.175 0.14647746875 0.175
0 0.17295524843750001 0.185141296875 0.173228353125 0.196875 0.178125 0.196875 0.178125 0.1852315359375 0.17295524843750001 0.185141296875
0 0.18205405937500002 0.1761769296875 0.1819041234375 0.1890625 0.1875 0.1890625 0.1875 0.1760184671875 0.18205405937500002 0.1761769296875
0 0.1919624359375 0.1741552703125 0.19178404843750002 0.184375 0.1984375 0.184375 0.1984375 0.1742306140625 0.1919624359375 0.1741552703125
0 0.203270703125 0.19519822343749998 0.2109375 0.1950643984375 0.2109375 0.1835097875 0.20347244999999997 0.183640090625 0.203270703125 0.19519822343749998
0 0.23243676875000002 0.17669032499999998 0.23270727343750003 0.1921875 0.24375 0.1921875 0.24375 0.1764270078125 0.23243676875000002 0.17669032499999998
0 0.2493866703125 0.18650196562500002 0.249326321875 0.196875 0.2625 0.196875 0.2625 0.186425675 0.2493866703125 0.18650196562500002
0 0.23323943281249998 0.15620969375 0.2334585765625 0.165625 0.2435664359375 0.165625 0.24334181875 0.1559745578125 0.23323943281249998 0.15620969375
0 0.21961254062500002 0.1629254390625 0.21955138437500002 0.1734375 0.2296875 0.1734375 0.2296875 0.163042671875 0.21961254062500002 0.1629254390625
0 0.2805284734375 0.168125240625 0.280452115625 0.18125 0.290625 0.18125 0.290625 0.16824272499999998 0.2805284734375 0.168125240625
0 0.19644663281250002 0.2321720671875 0.19644663281250002 0.2578125 0.2078125 0.2578125 0.2078125 0.2322381921875 0.19644663281250002 0.2321720671875
0 0.196875 0.23125 0.1950685515625 0.23125 0.1888110703125 0.23139564531249998 0.18856815 0.2453125 0.1941292359375 0.2453125 0.196875 0.245248590625 0.196875 0.23125
0 0.24298520781250002 0.27959658125 0.2484375 0.2794379359375 0.2484375 0.25817856093749997 0.2433564796875 0.2583264046875 0.24298520781250002 0.27959658125
0 0.24853006406249997 0.24169882656250002 0.2492749796875 0.284375 0.2578125 0.284375 0.2578125 0.241590815625 0.24853006406249997 0.24169882656250002
0 0.328125 0.275 0.328125 0.2543061453125 0.319093084375 0.254095925 0.31875 0.2737512046875 0.31875 0.275 0.328125 0.275
0 0.311883775 0.22444117812500003 0.311883775 0.240625 0.321875 0.240625 0.321875 0.2243249203125 0.311883775 0.22444117812500003
0 0.333816590625 0.24420963125 0.33427867031249997 0.2640625 0.34344936875 0.2640625 0.346875 0.2639827671875 0.346875 0.24390569375 0.333816590625 0.24420963125
0 0.32399315156249997 0.269779209375 0.3237687703125 0.2890625 0.333692771875 0.2890625 0.3339151375 0.26995239843749996 0.32399315156249997 0.269779209375
0 0.3662447765625 0.24855697656250003 0.3663524734375 0.2578125 0.371875 0.2578125 0.371875 0.2485242203125 0.3662447765625 0.24855697656250003
0 0.39756301562499996 0.24908758125000002 0.39756301562499996 0.265625 0.4015625 0.265625 0.4015625 0.2491806703125 0.39756301562499996 0.24908758125000002
0 0.41910091562499996 0.2506973125 0.41903225 0.2625 0.425 0.2625 0.425 0.250834615625 0.41910091562499996 0.2506973125
0 0.43061053749999995 0.2551591765625 0.4302096671875 0.278125 0.43900415625000005 0.278125 0.4390625 0.2747825109375 0.4390625 0.2551591765625 0.43061053749999995 0.2551591765625
0 0.4234375 0.24375 0.4234375 0.23070827968750002 0.41738153593750005 0.2306378125 0.4171875 0.23897439999999998 0.4171875 0.24375 0.4234375 0.24375
0 0.4546875 0.2373548546875 0.4545616671875 0.23303026249999997 0.44712017656249997 0.23290037031250002 0.44743586874999997 0.24375 0.4546875 0.24375 0.4546875 0.2373548546875
0 0.490625 0.23505807656250002 0.48125 0.23527628125 0.48125 0.2515625 0.490625 0.2515625 0.490625 0.23505807656250002
0 0.465625 0.195204121875 0.4625 0.195167759375 0.4625 0.2007968625 0.4626269234375 0.20625 0.465625 0.20625 0.465625 0.195204121875
0 0.45440911406250006 0.19458553125 0.45440911406250006 0.2078125 0.459375 0.2078125 0.459375 0.19470111406249999 0.45440911406250006 0.19458553125
0 0.4331425484375 0.20863045468750002 0.4334871859375 0.2234375 0.4453125 0.2234375 0.4453125 0.20884288125 0.4331425484375 0.20863045468750002
0 0.4234375 0.2109375 0.4234375 0.2015625 0.422410184375 0.2015625 0.415625 0.20172042656250003 0.415625 0.2109375 0.4234375 0.2109375
0 0.41031105468750007 0.230736509375 0.4098626921875 0.25 0.415625 0.25 0.415625 0.2306746765625 0.41031105468750007 0.230736509375
0 0.39941994375 0.23013166875 0.399766746875 0.25 0.409375 0.25 0.409375 0.23007375156249998 0.39941994375 0.23013166875
0 0.4069124890625 0.13504313437499998 0.4069124890625 0.15625 0.412353490625 0.15625 0.4125 0.1562482953125 0.4125 0.13497811875000001 0.4069124890625 0.13504313437499998
0 0.3788762671875 0.15086948125 0.3789621125 0.165625 0.3859375 0.165625 0.3859375 0.1508284 0.3788762671875 0.15086948125
0 0.40694448593750004 0.15212604999999998 0.40694448593750004 0.1703125 0.41875 0.1703125 0.41875 0.15198867968750002 0.40694448593750004 0.15212604999999998
0 0.3992812609375 0.150280446875 0.3987893171875 0.1671875 0.404198559375 0.1671875 0.4046875 0.150383703125 0.4046875 0.15018608125 0.3992812609375 0.150280446875
0 0.3860674953125 0.1508322171875 0.3861353765625 0.1625 0.39375 0.1625 0.39375 0.1509216109375 0.3860674953125 0.1508322171875
0 0.39301396875 0.1426103828125 0.392870984375 0.1671875 0.396875 0.1671875 0.396875 0.1425879203125 0.39301396875 0.1426103828125
0 0.4706937671875 0.217664734375 0.4706937671875 0.2296875 0.478125 0.2296875 0.478125 0.217794446875 0.4706937671875 0.217664734375
0 0.48227163281249996 0.2081261015625 0.482333440625 0.21875 0.4875 0.21875 0.4875 0.20821736249999998 0.48227163281249996 0.2081261015625
0 0.5375 0.2796875 0.5375 0.263161165625 0.5204106562499999 0.2630617421875 0.5203125 0.2714973015625 0.5203125 0.2796875 0.5375 0.2796875
0 0.5421875 0.3 0.5421875 0.2886474671875 0.5265625 0.28855656406249997 0.5265625 0.2905739875 0.5267818937500001 0.3 0.5421875 0.3
0 0.559375 0.21369330468749997 0.54781534375 0.213626053125 0.5477219015625 0.2296875 0.559375 0.2296875 0.559375 0.21369330468749997
0 0.0078125 0.196434271875 0.0078125 0.2359375 0.019024085937499997 0.2359375 0.0202516171875 0.19375 0.0078906046875 0.19375 0.0078125 0.196434271875
0 0 0.2125 0.005995793750000001 0.2125 0.00625 0.20157824687499998 0.00625 0.1875 0 0.1875 0 0.2125
0 0.0431168796875 0.190152925 0.042929571875 0.20625 0.05 0.20625 0.05 0.19003277968750001 0.0431168796875 0.190152925
0 0.1532396015625 0.18561070625 0.15346157968750002 0.2046875 0.1703125 0.2046875 0.1703125 0.18600808124999998 0.1532396015625 0.18561070625
0 0.125245621875 0.1940872734375 0.1256449859375 0.2078125 0.140625 0.2078125 0.140625 0.1940872734375 0.125245621875 0.1940872734375
0 0.215019321875 0.8125 0.21418298125000002 0.884375 0.2453125 0.884375 0.2453125 0.8125 0.215019321875 0.8125
0 0.0367918046875 0.826288371875 0.0625 0.82613880625 0.0625 0.8036560953125 0.03718428125 0.803803378125 0.0367918046875 0.826288371875
0 0.46502874531250005 0.735791603125 0.46502874531250005 0.8984375 0.5046875 0.8984375 0.5046875 0.73648385 0.46502874531250005 0.735791603125
0 0.15040558906249998 0.7796875 0.1499510546875 0.81875 0.175 0.81875 0.175 0.7796875 0.15040558906249998 0.7796875
0 0 0.9171875 0.0359375 0.9171875 0.0359375 0.8074508640625 0 0.8072417859375001 0 0.9171875
0 0 0.9046875 0.008862340625 0.9046875 0.009375 0.8753172250000001 0.009375 0.8231075609375 0 0.8229439187499998 0 0.9046875
0 0.576659875 0.39246600000000004 0.5767491578125 0.4078125 0.5984375 0.4078125 0.5984375 0.39259269999999996 0.576659875 0.39246600000000004
0 0.5759467093749999 0.41312223125 0.5726041234375 0.41316112499999996 0.5727791640625 0.4231891640625 0.57612175 0.42315027031249997 0.5759467093749999 0.41312223125
0 0.588080590625 0.4203 0.5878257265625 0.43125 0.590625 0.43125 0.590625 0.420285196875 0.588080590625 0.4203
0 0.5846294890625 0.42003190312500005 0.5845534984375 0.4265625 0.5875 0.4265625 0.5875 0.41996509218749994 0.5846294890625 0.42003190312500005
0 0.5878651203125 0.4140625 0.587756028125 0.4203125 0.5890625 0.4203125 0.5890625 0.4140625 0.5878651203125 0.4140625
0 0.5914722984375 0.4149431953125 0.5914722984375 0.421875 0.5921875 0.421875 0.5921875 0.4149556796875 0.5914722984375 0.4149431953125
0 1 0.458362903125 0.9883251796875001 0.45829498125 0.9882461734374999 0.471875 1 0.471875 1 0.458362903125
0 0.8759210281250001 0.426931659375 0.8758183765625001 0.4328125 0.8765625 0.4328125 0.8765625 0.42694285625 0.8759210281250001 0.426931659375
0 0.87896736875 0.42733547656250004 0.87892181875 0.43125 0.88125 0.43125 0.88125 0.4273620375 0.87896736875 0.42733547656250004
0 0.695851515625 0.5341221265625 0.695851515625 0.5546875 0.7078125 0.5546875 0.7078125 0.53426130625 0.695851515625 0.5341221265625
0 0.6171875 0.4618240703125 0.6019039046875 0.46155729531249995 0.60172794375 0.4716380390625 0.6153034453124999 0.471875 0.6171875 0.471875 0.6171875 0.4618240703125
0 0.8019378953124999 0.4462362140625 0.8017850109375001 0.459375 0.8171875 0.459375 0.8171875 0.44614749375 0.8019378953124999 0.4462362140625
0 0.568518546875 0.41164210625 0.5685689890625001 0.4203125 0.5703125 0.4203125 0.5703125 0.41167342031250004 0.568518546875 0.41164210625
0 0.562321225 0.4249055828125 0.5640625 0.4249157125 0.5640625 0.41648621874999997 0.562174071875 0.4164752328125 0.562321225 0.4249055828125
0 0.5676672453125 0.4003417359375 0.567877496875 0.409375 0.5703125 0.409375 0.5703125 0.4003725171875 0.5676672453125 0.4003417359375
