0 0.397467421875 0.44754528281250006 0.43336611718749996 0.44754528281250006 0.43336611718749996 0.3496298109375 0.397467421875 0.3496298109375 0.397467421875 0.44754528281250006
0 0.2622326046875 0.37847990625 0.2858372265625 0.37847990625 0.2858372265625 0.32077971875 0.2622326046875 0.32077971875 0.2622326046875 0.37847990625
0 0.476813571875 0.2713995453125 0.4878920078125 0.2713995453125 0.4878920078125 0.20801746250000003 0.476813571875 0.20801746250000003 0.476813571875 0.2713995453125
0 0.5471112859375 0.2309352796875 0.5577868703125 0.2309352796875 0.5577868703125 0.179012103125 0.5471112859375 0.179012103125 0.5471112859375 0.2309352796875
0 0.5924321609375001 0.2176859171875 0.5990792234375 0.2176859171875 0.5990792234375 0.202288009375 0.5924321609375001 0.202288009375 0.5924321609375001 0.2176859171875
0 0.56000255625 0.22019255312500002 0.568261028125 0.22019255312500002 0.568261028125 0.20694319062500002 0.56000255625 0.20694319062500002 0.56000255625 0.22019255312500002
0 0.9734409656249999 0.14745186562499998 0.982310159375 0.14745186562499998 0.982310159375 0.1175670328125 0.9734409656249999 0.1175670328125 0.9734409656249999 0.14745186562499998
0 0.9210508390625 0.13021766875000002 0.9290949906250001 0.13021766875000002 0.9290949906250001 0.109133278125 0.9210508390625 0.109133278125 0.9210508390625 0.13021766875000002
0 0.8447345140625 0.101616234375 0.8503035421874999 0.101616234375 0.8503035421874999 0.08401535156249999 0.8447345140625 0.08401535156249999 0.8447345140625 0.101616234375
0 0.876086084375 0.14745186562499998 0.8837177171875 0.14745186562499998 0.8837177171875 0.11903377343749999 0.876086084375 0.11903377343749999 0.876086084375 0.14745186562499998
0 0.6652470875 0.10374759062500001 0.6704448484375 0.10374759062500001 0.6704448484375 0.0805730953125 0.6652470875 0.0805730953125 0.6652470875 0.10374759062500001
0 0.547544625 0.20304131875000003 0.5577868703125 0.20304131875000003 0.5577868703125 0.1597839421875 0.547544625 0.1597839421875 0.547544625 0.20304131875000003
0 0.5190226874999999 0.1741075765625 0.5282077187499999 0.1741075765625 0.5282077187499999 0.1380120171875 0.5190226874999999 0.1380120171875 0.5190226874999999 0.1741075765625
0 0.46930750000000004 0.23326991718749998 0.47889860625 0.23326991718749998 0.47889860625 0.1769837625 0.46930750000000004 0.1769837625 0.46930750000000004 0.23326991718749998
0 0.462397778125 0.23803682187500003 0.472092015625 0.23803682187500003 0.472092015625 0.18541751875 0.462397778125 0.18541751875 0.462397778125 0.23803682187500003
0 0.3551424015625 0.1885343421875 0.3653522890625 0.1885343421875 0.3653522890625 0.164333128125 0.3551424015625 0.164333128125 0.3551424015625 0.1885343421875
0 0.3396728765625 0.1832174078125 0.350398415625 0.1832174078125 0.350398415625 0.1626830453125 0.3396728765625 0.1626830453125 0.3396728765625 0.1832174078125
0 0.3303911625 0.17606705 0.337197753125 0.17606705 0.337197753125 0.158832853125 0.3303911625 0.158832853125 0.3303911625 0.17606705
0 0.309043215625 0.22795298281249998 0.3213157078125 0.22795298281249998 0.3213157078125 0.17771713125 0.309043215625 0.17771713125 0.309043215625 0.22795298281249998
0 0.1752350453125 0.28505845 0.195603253125 0.28505845 0.195603253125 0.20278349375000002 0.1752350453125 0.20278349375000002 0.1752350453125 0.28505845
0 0.0901526546875 0.2396811765625 0.103043925 0.2396811765625 0.103043925 0.21217979687500002 0.0901526546875 0.21217979687500002 0.0901526546875 0.2396811765625
0 0.07571443125 0.24197295625 0.0900237421875 0.24197295625 0.0900237421875 0.2142424 0.07571443125 0.2142424 0.07571443125 0.24197295625
0 0.0013448890625 0.13234701875 0.013462682812499998 0.13234701875 0.013462682812499998 0.09888700781250001 0.0013448890625 0.09888700781250001 0.0013448890625 0.13234701875
0 0.061031475 0.14059743281249998 0.071473403125 0.14059743281249998 0.071473403125 0.1160753703125 0.061031475 0.1160753703125 0.061031475 0.14059743281249998
0 0.093775303125 0.1518271625 0.10511962187499999 0.1518271625 0.10511962187499999 0.1110334515625 0.093775303125 0.1110334515625 0.093775303125 0.1518271625
0 0.1263902203125 0.122950715625 0.1345117203125 0.122950715625 0.1345117203125 0.099345365625 0.1263902203125 0.099345365625 0.1263902203125 0.122950715625
0 0.2028549703125 0.14421526875 0.2176799328125 0.14421526875 0.2176799328125 0.0983796390625 0.2028549703125 0.0983796390625 0.2028549703125 0.14421526875
0 0.28033151093750003 0.083024703125 0.2889686625 0.083024703125 0.2889686625 0.064002915625 0.28033151093750003 0.064002915625 0.28033151093750003 0.083024703125
0 0.42479600937499995 0.12172659062499999 0.4313138375 0.12172659062499999 0.4313138375 0.0938585265625 0.42479600937499995 0.0938585265625 0.42479600937499995 0.12172659062499999
0 0.463572953125 0.11380619375 0.4697607640625 0.11380619375 0.4697607640625 0.0887249359375 0.463572953125 0.0887249359375 0.463572953125 0.11380619375
0 0.4678631703125 0.11380619375 0.475288540625 0.11380619375 0.475288540625 0.09884544375 0.4678631703125 0.09884544375 0.4678631703125 0.11380619375
