0 0.2273356546875 0.37034686875 0.22726313125000003 0.3828125 0.2306284078125 0.3828125 0.230700703125 0.370386025 0.2273356546875 0.37034686875
0 0.1328125 0.2690149609375 0.13240008125 0.2690221578125 0.13024512187499998 0.2690597734375 0.1303215359375 0.2734375 0.1328125 0.2734375 0.1328125 0.2690149609375
0 0.2578125 0.298544178125 0.25625 0.29855326875 0.25625 0.3109375 0.2578125 0.3109375 0.2578125 0.298544178125
0 0.10996876250000001 0.3520718359375 0.11012351406250001 0.3609375 0.1125 0.3609375 0.1125 0.352057109375 0.10996876250000001 0.3520718359375
0 0.2759795515625 0.4811944078125 0.2757600515625 0.490625 0.278125 0.490625 0.278125 0.481181925 0.2759795515625 0.4811944078125
0 0.153125 0.46472778437500006 0.15036596875 0.46472778437500006 0.15039021875 0.46681180624999996 0.15043095312500002 0.4703125 0.153125 0.4703125 0.153125 0.46472778437500006
0 0.10240853750000001 0.3521281765625 0.1024597890625 0.3609375 0.103125 0.3609375 0.103125 0.3521323453125 0.10240853750000001 0.3521281765625
0 0.265328890625 0.2926251796875 0.26520671406249996 0.303125 0.2671875 0.303125 0.2671875 0.2926251796875 0.265328890625 0.2926251796875
0 0.263764834375 0.30603726875000004 0.26409709375 0.3203125 0.265625 0.3203125 0.265625 0.30605891406249996 0.263764834375 0.30603726875000004
0 0.216437928125 0.3116348390625 0.2164975046875 0.321875 0.2171875 0.321875 0.2171875 0.3116261171875 0.216437928125 0.3116348390625
0 0.1598670625 0.3306896546875 0.1600677578125 0.3421875 0.1625 0.3421875 0.1625 0.3307202921875 0.1598670625 0.3306896546875
0 0.2546875 0.2986782328125 0.253125 0.2986873234375 0.253125 0.3125 0.2546875 0.3125 0.2546875 0.2986782328125
0 0.18857242968750001 0.27891329374999996 0.1887359203125 0.2859375 0.190625 0.2859375 0.190625 0.27892523593749996 0.18857242968750001 0.27891329374999996
0 0.221475215625 0.328981315625 0.2205463546875 0.3289705078125 0.2206625609375 0.3356280109375 0.221875 0.33564211875 0.221875 0.3289859671875 0.221475215625 0.328981315625
0 0.1083980765625 0.249101903125 0.1072527375 0.24907524531249997 0.107346375 0.2544397859375 0.109375 0.254487003125 0.109375 0.249124640625 0.1083980765625 0.249101903125
0 0.1838289390625 0.2632238796875 0.18394778437499998 0.2734375 0.1859375 0.2734375 0.1859375 0.263260684375 0.1838289390625 0.2632238796875
0 0.29145930937500003 0.332851190625 0.29116926875 0.3453125 0.29375 0.3453125 0.29375 0.332851190625 0.29145930937500003 0.332851190625
0 0.098169490625 0.255114040625 0.098169490625 0.2609375 0.1 0.2609375 0.1 0.25514599375 0.098169490625 0.255114040625
0 0.29322324375000003 0.2436398359375 0.2953125 0.24357904531250002 0.2953125 0.23336490781250002 0.2931638296875 0.233427428125 0.29322324375000003 0.2436398359375
0 0.284375 0.3658233859375 0.2812538234375 0.3657870671875 0.28125 0.366115646875 0.28125 0.3734375 0.2843598609375 0.3734375 0.284375 0.37213642187499996 0.284375 0.3658233859375
0 0.20278088906249997 0.3048567578125 0.202886053125 0.309375 0.2078125 0.309375 0.2078125 0.30488603125 0.20278088906249997 0.3048567578125
0 0.1557550828125 0.2649969984375 0.1558478640625 0.2703125 0.1578125 0.2703125 0.1578125 0.265044884375 0.1557550828125 0.2649969984375
0 0.10177875 0.281581828125 0.10175340937499999 0.2859375 0.103125 0.2859375 0.103125 0.281581828125 0.10177875 0.281581828125
0 0.235798596875 0.29969395312499997 0.23329513125 0.299723084375 0.233255 0.3031719234375 0.23312827656250001 0.3140625 0.23563140312500003 0.3140625 0.235798596875 0.29969395312499997
0 0.2953125 0.23367704531250003 0.2952993046875 0.2325430453125 0.292297671875 0.23245570624999998 0.2924109125 0.2421875 0.2953125 0.2421875 0.2953125 0.23367704531250003
0 0.2479602140625 0.280766159375 0.24818968125000002 0.290625 0.2484375 0.290625 0.2484375 0.28076893593749996 0.2479602140625 0.280766159375
0 0.24034113750000002 0.28262970468750004 0.2401743046875 0.2921875 0.2421875 0.2921875 0.2421875 0.2825867296875 0.24034113750000002 0.28262970468750004
0 0.3037876859375 0.2381501296875 0.30368616249999997 0.246875 0.30625 0.246875 0.30625 0.2381358046875 0.3037876859375 0.2381501296875
0 0 0.290625 0.0015625 0.290625 0.0015625 0.2859918328125 0 0.28600092187500004 0 0.290625
0 0.2135035078125 0.3314430953125 0.21360811562499998 0.3359375 0.2140625 0.3359375 0.2140625 0.33143984375 0.2135035078125 0.3314430953125
0 0.14402639687500002 0.22489311562499997 0.14402639687500002 0.2328125 0.146875 0.2328125 0.146875 0.2248433921875 0.14402639687500002 0.22489311562499997
0 0.03504874375 0.2344805515625 0.034978465624999996 0.2375 0.037217357812500004 0.2375 0.0372870296875 0.23450659687500003 0.03504874375 0.2344805515625
0 0.3051004328125 0.23865267031249998 0.3051482703125 0.246875 0.30625 0.246875 0.30625 0.23865267031249998 0.3051004328125 0.23865267031249998
0 0.2057866421875 0.245632153125 0.20565585468749997 0.253125 0.2078125 0.253125 0.2078125 0.245632153125 0.2057866421875 0.245632153125
0 0.2273926078125 0.3002565421875 0.22732783906249998 0.30248250468750004 0.227220078125 0.3061859921875 0.2296875 0.3061716375 0.2296875 0.300243190625 0.2273926078125 0.3002565421875
0 0.14273954375 0.276696821875 0.14273954375 0.28125 0.14375 0.28125 0.14375 0.2766850640625 0.14273954375 0.276696821875
0 0.165625 0.2410099421875 0.1649285828125 0.2410018390625 0.1634367234375 0.24098447968749998 0.16337518281250002 0.2515625 0.165625 0.2515625 0.165625 0.2410099421875
0 0.251158134375 0.2791311609375 0.25129187656249996 0.290625 0.253125 0.290625 0.253125 0.27908538125 0.251158134375 0.2791311609375
0 0.2125 0.315625 0.2125 0.311182384375 0.2114782078125 0.311212115625 0.2109375 0.3112278484375 0.2109375 0.315625 0.2125 0.315625
0 0.2 0.2862642890625 0.19917734375 0.28625950312500004 0.19777218125 0.286251328125 0.19787761718750002 0.2953125 0.2 0.2953125 0.2 0.2862642890625
0 0.240625 0.3226603265625 0.23955780781249997 0.32267274375 0.23810789687499997 0.322689615625 0.23810789687499997 0.328125 0.240625 0.328125 0.240625 0.3226603265625
0 0.21091980000000002 0.2755775546875 0.20873706250000001 0.275602953125 0.20801841406250002 0.275611315625 0.20794015781250003 0.2890625 0.21084134687499997 0.2890625 0.21091980000000002 0.2755775546875
0 0.1631666625 0.3091235421875 0.163137928125 0.3140625 0.1640625 0.3140625 0.1640625 0.3091496078125 0.1631666625 0.3091235421875
0 0.1803117109375 0.3102199046875 0.18024881718750002 0.315625 0.1828125 0.315625 0.1828125 0.3102053546875 0.1803117109375 0.3102199046875
0 0.2377496890625 0.28609940625 0.2378568921875 0.2953125 0.2404893296875 0.2953125 0.24038177031250002 0.286068778125 0.2377496890625 0.28609940625
0 0.1875 0.29537732656250004 0.184375 0.29537732656250004 0.184375 0.3 0.1875 0.3 0.1875 0.29537732656250004
0 0.3024828453125 0.2387098859375 0.3026253671875 0.246875 0.3046875 0.246875 0.3046875 0.2387098859375 0.3024828453125 0.2387098859375
0 0.0809308953125 0.346875 0.0808399671875 0.35 0.08125 0.35 0.08125 0.346875 0.0809308953125 0.346875
0 0.140097771875 0.2642861296875 0.1401756890625 0.26875 0.140625 0.26875 0.140625 0.2642984015625 0.140097771875 0.2642861296875
0 0.175 0.24098090156250002 0.174388025 0.24099514531250002 0.1731914375 0.2410229953125 0.1732527546875 0.2515625 0.175 0.2515625 0.175 0.24098090156250002
0 0.26197971875000003 0.3083444859375 0.261628425 0.3234375 0.2640625 0.3234375 0.2640625 0.30836872187500003 0.26197971875000003 0.3083444859375
0 0.22881926406250003 0.29989315156249996 0.22874529531249999 0.30625 0.2296875 0.30625 0.2296875 0.2998678890625 0.22881926406250003 0.29989315156249996
0 0.31632025625 0.29026904375 0.31618884375 0.3015625 0.31875 0.3015625 0.31875 0.2902831796875 0.31632025625 0.29026904375
0 0.3198486484375 0.2895045484375 0.3200929328125 0.3 0.3234375 0.3 0.3234375 0.2895880796875 0.3198486484375 0.2895045484375
0 0.25100133750000003 0.3172746609375 0.25067605625 0.33125 0.2546875 0.33125 0.2546875 0.3173819171875 0.25100133750000003 0.3172746609375
0 0.2578125 0.290308934375 0.25773555 0.28766434687500003 0.254983796875 0.2877444140625 0.25520400625 0.2953125 0.2578125 0.2953125 0.2578125 0.290308934375
0 0.16590829375 0.3117881953125 0.165975265625 0.315625 0.1671875 0.315625 0.1671875 0.31175842187499997 0.16590829375 0.3117881953125
0 0.1793393515625 0.303501571875 0.179291378125 0.30625 0.18125 0.30625 0.18125 0.303534921875 0.1793393515625 0.303501571875
0 0.19292829218750002 0.29375 0.1929646546875 0.296875 0.1953125 0.296875 0.1953125 0.29375 0.19292829218750002 0.29375
0 0.20314155781249998 0.2861434453125 0.20303724843749998 0.290625 0.2046875 0.290625 0.2046875 0.2861704296875 0.20314155781249998 0.2861434453125
0 0.2006105125 0.29359965312499997 0.2015625 0.29358857656250004 0.2015625 0.2882760078125 0.2005796078125 0.2882874453125 0.2006105125 0.29359965312499997
0 0.195039603125 0.26100596249999997 0.19487676874999998 0.275 0.196875 0.275 0.196875 0.26099528437499997 0.195039603125 0.26100596249999997
0 0.198293271875 0.2596484640625 0.197892053125 0.2734375 0.2 0.2734375 0.2 0.2596881890625 0.198293271875 0.2596484640625
0 0.1745625703125 0.271875 0.17458075 0.275 0.1765625 0.275 0.1765625 0.271875 0.1745625703125 0.271875
0 0.2015625 0.2546875 0.2 0.2546875 0.2 0.2625 0.2015625 0.2625 0.2015625 0.2546875
0 0.2022023453125 0.2496531390625 0.20239225625 0.2578125 0.203125 0.2578125 0.203125 0.249637034375 0.2022023453125 0.2496531390625
0 0.20402 0.2506733296875 0.204084890625 0.25625 0.2046875 0.25625 0.2046875 0.25065779374999997 0.20402 0.2506733296875
0 0.2140625 0.26883009062499996 0.2125 0.2688573640625 0.2125 0.2828125 0.2140625 0.2828125 0.2140625 0.26883009062499996
0 0.214861090625 0.273772525 0.214744865625 0.29375 0.2171875 0.29375 0.2171875 0.273826671875 0.214861090625 0.273772525
0 0.21674664531249999 0.270607790625 0.21649554218749997 0.2921875 0.2203125 0.2921875 0.2203125 0.27052479375 0.21674664531249999 0.270607790625
0 0.1829295671875 0.2769020515625 0.182982134375 0.2859375 0.1859375 0.2859375 0.1859375 0.2769720625 0.1829295671875 0.2769020515625
0 0.1734375 0.2468992625 0.171875 0.24688108125000002 0.171875 0.25625 0.1734375 0.25625 0.1734375 0.2468992625
0 0.1457649234375 0.27690044999999996 0.14573249375 0.2796875 0.146875 0.2796875 0.146875 0.27691336718750004 0.1457649234375 0.27690044999999996
0 0.1669357953125 0.2767028734375 0.1668836984375 0.2796875 0.1671875 0.2796875 0.1671875 0.2766984796875 0.1669357953125 0.2767028734375
0 0.1665386609375 0.26084876874999996 0.166500228125 0.2625 0.16864921718749998 0.2625 0.16868765 0.26084876874999996 0.1665386609375 0.26084876874999996
0 0.2015625 0.22150654687500002 0.2 0.2214792734375 0.2 0.2296875 0.2015625 0.2296875 0.2015625 0.22150654687500002
0 0 0.3578125 0.0015625 0.3578125 0.0015625 0.352078446875 0 0.3520875375 0 0.3578125
0 0.0206016921875 0.32918329687500003 0.0206861625 0.3328125 0.0234375 0.3328125 0.0234375 0.3292162953125 0.0206016921875 0.32918329687500003
0 0.0468949140625 0.34346786875 0.0515625 0.34360368124999996 0.0515625 0.337000653125 0.0468949140625 0.336864840625 0.0468949140625 0.34346786875
0 0.06855327343749999 0.38587571249999997 0.06853473437499999 0.3890625 0.0703125 0.3890625 0.0703125 0.385885946875 0.06855327343749999 0.38587571249999997
0 0.034402884375 0.29294094375 0.034494449999999996 0.296875 0.0359375 0.296875 0.0359375 0.29293201562500004 0.034402884375 0.29294094375
0 0.040625 0.2963810578125 0.0421875 0.2963901484375 0.0421875 0.2927762421875 0.040625 0.2927671515625 0.040625 0.2963810578125
0 0.053125 0.2828125 0.05115536875 0.2828125 0.050423903125 0.282829525 0.050405821875 0.2859375 0.053125 0.2859375 0.053125 0.2828125
0 0.03128439375 0.2666935140625 0.0312422828125 0.2703125 0.0328125 0.2703125 0.0328125 0.2666490515625 0.03128439375 0.2666935140625
0 0.0585627796875 0.26913265625 0.05853086875 0.271875 0.0609375 0.271875 0.0609375 0.2690912046875 0.0585627796875 0.26913265625
0 0.0737447625 0.26372335625 0.075 0.263694140625 0.075 0.25973211093750004 0.0738139484375 0.2597597171875 0.0737447625 0.26372335625
0 0.08184369375 0.26078786875 0.08180384375000001 0.2625 0.084375 0.2625 0.084375 0.26084678437500003 0.08184369375 0.26078786875
0 0.0799690078125 0.290511421875 0.08125 0.29050397031249997 0.08125 0.2868896984375 0.0799059265625 0.2868975171875 0.0799690078125 0.290511421875
0 0.0541316796875 0.23861348124999998 0.05409009218750001 0.2421875 0.0546875 0.2421875 0.0546875 0.23860377968750002 0.0541316796875 0.23861348124999998
0 0.0053750984375 0.1690028921875 0.00555105 0.1765625 0.0078125 0.1765625 0.0078125 0.16897452968749999 0.0053750984375 0.1690028921875
0 0.005222325 0.1680432703125 0.0053164812499999995 0.1734375 0.00625 0.1734375 0.00625 0.168037290625 0.005222325 0.1680432703125
0 0.0138456234375 0.1751397859375 0.013862990624999998 0.178125 0.015625 0.178125 0.015625 0.175160490625 0.0138456234375 0.1751397859375
0 0.01226015625 0.1609375 0.0123965484375 0.165625 0.0140625 0.165625 0.0140625 0.1609375 0.01226015625 0.1609375
0 0.28256624218750004 0.277165721875 0.28251520937499996 0.2859375 0.284375 0.2859375 0.284375 0.277123621875 0.28256624218750004 0.277165721875
0 0.08125 0.23495176093749998 0.078125 0.23500630781249998 0.078125 0.23514545625 0.078220646875 0.240625 0.08125 0.240625 0.08125 0.23495176093749998
0 0.089750640625 0.23842460937499999 0.0897634421875 0.240625 0.0921875 0.240625 0.0921875 0.2384104328125 0.089750640625 0.23842460937499999
0 0.07599984531250001 0.21956722968750003 0.0760674015625 0.2234375 0.0765625 0.2234375 0.0765625 0.2195574078125 0.07599984531250001 0.21956722968750003
0 0.090273353125 0.211746134375 0.090273353125 0.2203125 0.09375 0.2203125 0.09375 0.2117865890625 0.090273353125 0.211746134375
0 0.1086750671875 0.23195950937499998 0.10877177812500001 0.2375 0.1109375 0.2375 0.1109375 0.231999 0.1086750671875 0.23195950937499998
0 0.0993919484375 0.2338617421875 0.09942818125 0.2359375 0.1 0.2359375 0.1 0.23384758906249997 0.0993919484375 0.2338617421875
0 0.0982906984375 0.23918508906249997 0.09614380781250001 0.2391351203125 0.09605523437499999 0.2421791953125 0.0964120421875 0.2421875 0.0982033375 0.2421875 0.0982906984375 0.23918508906249997
0 0.0967366890625 0.22928054062499997 0.0969303859375 0.2359375 0.0984375 0.2359375 0.0984375 0.229330028125 0.0967366890625 0.22928054062499997
0 0.1201537046875 0.2216180578125 0.12029455781250001 0.2296875 0.121875 0.2296875 0.121875 0.22162807187500003 0.1201537046875 0.2216180578125
0 0.12420355937500001 0.2222949859375 0.1243077609375 0.23125 0.1265625 0.23125 0.1265625 0.22224008125 0.12420355937500001 0.2222949859375
0 0.1289823421875 0.2225978015625 0.128858590625 0.2296875 0.13125 0.2296875 0.13125 0.2226505828125 0.1289823421875 0.2225978015625
0 0.12992229375 0.2171875 0.130085934375 0.2265625 0.1328125 0.2265625 0.1328125 0.2171875 0.12992229375 0.2171875
0 0.1359375 0.21728727656250002 0.134375 0.2172690953125 0.134375 0.228125 0.1359375 0.228125 0.1359375 0.21728727656250002
0 0.1203125 0.22006979062499998 0.121875 0.2200425171875 0.121875 0.2096014078125 0.1203125 0.20962868124999998 0.1203125 0.22006979062499998
0 0.1222271390625 0.20694280156249997 0.122460509375 0.2203125 0.125 0.2203125 0.125 0.20692667031249998 0.1222271390625 0.20694280156249997
0 0.1265625 0.2048591203125 0.1239746890625 0.20482900937499998 0.123993765625 0.20646838125000003 0.12413667343749998 0.21875 0.1265625 0.21875 0.1265625 0.2048591203125
0 0.13125 0.20136983593750002 0.1303216796875 0.20135903281249998 0.1289438375 0.2013430015625 0.1286945453125 0.215625 0.13125 0.215625 0.13125 0.20136983593750002
0 0.134375 0.2018099296875 0.1315345546875 0.20176034999999998 0.131578953125 0.2093918109375 0.1316152171875 0.215625 0.134375 0.215625 0.134375 0.2018099296875
0 0.10652428437499999 0.203435378125 0.10684436718749998 0.2171875 0.109375 0.2171875 0.109375 0.20348513906250001 0.10652428437499999 0.203435378125
0 0.1125 0.21875 0.1125 0.2021101921875 0.11157956093750002 0.202115546875 0.109375 0.20212837343749998 0.109375 0.21516110312499998 0.10943764375000001 0.21875 0.1125 0.21875
0 0.11197557968750001 0.20115249999999998 0.11226029374999999 0.2109375 0.1140625 0.2109375 0.1140625 0.20116464218750002 0.11197557968750001 0.20115249999999998
0 0.1181640015625 0.2171875 0.11853957343749999 0.204279965625 0.1143464265625 0.20425557031250002 0.1140625 0.21401346718749997 0.1140625 0.2171875 0.1181640015625 0.2171875
0 0.09600325781249999 0.21128895937499997 0.095970984375 0.2140625 0.0980260421875 0.2140625 0.0980578984375 0.21132482343749998 0.09600325781249999 0.21128895937499997
0 0.0457815296875 0.18773031093749998 0.0457815296875 0.190625 0.05 0.190625 0.05 0.18773031093749998 0.0457815296875 0.18773031093749998
0 0.08365064531250001 0.194674134375 0.0835031359375 0.203125 0.084375 0.203125 0.084375 0.1946825625 0.08365064531250001 0.194674134375
0 0.0890625 0.1931993734375 0.0875 0.1931630046875 0.0875 0.203125 0.0890625 0.203125 0.0890625 0.1931993734375
0 0.09627036562499999 0.18844459687499998 0.096515665625 0.196875 0.0984375 0.196875 0.0984375 0.188482425 0.09627036562499999 0.18844459687499998
0 0.100030884375 0.1854495578125 0.100030884375 0.19375 0.1015625 0.19375 0.1015625 0.1854762921875 0.100030884375 0.1854495578125
0 0.10343710625 0.1937622078125 0.1033827046875 0.1984375 0.1046875 0.1984375 0.1046875 0.1937622078125 0.10343710625 0.1937622078125
0 0.1244681859375 0.187793934375 0.12436251875 0.196875 0.1265625 0.196875 0.1265625 0.18778175 0.1244681859375 0.187793934375
0 0.1215494421875 0.187850409375 0.12157467343749999 0.1921875 0.121875 0.1921875 0.121875 0.18784283125 0.1215494421875 0.187850409375
0 0.1345029484375 0.1940098515625 0.1343635265625 0.2 0.1359375 0.2 0.1359375 0.193993159375 0.1345029484375 0.1940098515625
0 0.140193925 0.25355017968750004 0.1400583515625 0.259375 0.1453125 0.259375 0.1453125 0.253639525 0.140193925 0.25355017968750004
0 0.06593755625 0.20517113281250002 0.0660109359375 0.209375 0.06875 0.209375 0.06875 0.205220225 0.06593755625 0.20517113281250002
0 0.077154284375 0.20857389999999998 0.0770400453125 0.2125 0.0796875 0.2125 0.0796875 0.2086033765625 0.077154284375 0.20857389999999998
0 0.1393704359375 0.1921875 0.139506803125 0.2 0.140625 0.2 0.140625 0.1921875 0.1393704359375 0.1921875
0 0.1484375 0.1982228234375 0.1484129875 0.19400954374999999 0.1461067578125 0.1939961265625 0.14615986875 0.203125 0.1484375 0.203125 0.1484375 0.1982228234375
0 0.1423376921875 0.191374584375 0.1423376921875 0.2 0.14375 0.2 0.14375 0.1913910171875 0.1423376921875 0.191374584375
0 0.154399540625 0.2188239625 0.154399540625 0.23125 0.15625 0.23125 0.15625 0.21886703281250003 0.154399540625 0.2188239625
0 0.144519946875 0.20533086093750003 0.1444001640625 0.215625 0.1578125 0.215625 0.1578125 0.2051761890625 0.144519946875 0.20533086093750003
0 0.08125 0.17733597343750002 0.0765625 0.1774450765625 0.0765625 0.1875 0.08125 0.1875 0.08125 0.17733597343750002
0 0.033999562500000004 0.1649247875 0.0339550515625 0.16875 0.0359375 0.16875 0.0359375 0.164981175 0.033999562500000004 0.1649247875
0 0.0302756265625 0.164014965625 0.030358276562499998 0.16875 0.03125 0.16875 0.03125 0.16398661406249998 0.0302756265625 0.164014965625
0 0.028200681249999998 0.16389190625 0.028350123437500003 0.1703125 0.0296875 0.1703125 0.0296875 0.16388325625 0.028200681249999998 0.16389190625
0 0.0256788 0.163710346875 0.025638340625 0.1671875 0.028102146875 0.1671875 0.028125 0.1652234984375 0.028125 0.16373880937500002 0.0256788 0.163710346875
0 0.025 0.161796278125 0.0234375 0.1617690046875 0.0234375 0.165625 0.025 0.165625 0.025 0.161796278125
0 0.023085795312499997 0.1604001734375 0.025 0.160411309375 0.025 0.153883628125 0.022971843750000002 0.153871828125 0.023085795312499997 0.1604001734375
0 0.041243059375 0.1681618921875 0.0412123671875 0.1734375 0.0421875 0.1734375 0.0421875 0.1681344125 0.041243059375 0.1681618921875
0 0.0433887828125 0.16510586249999998 0.0435463359375 0.171875 0.0453125 0.171875 0.0453125 0.1651506375 0.0433887828125 0.16510586249999998
0 0.049897840625 0.1769103125 0.04996651875 0.1828125 0.0546875 0.1828125 0.0546875 0.1768267078125 0.049897840625 0.1769103125
0 0.0596583875 0.174119559375 0.05953392656249999 0.18125 0.0625 0.18125 0.0625 0.17408649375000002 0.0596583875 0.174119559375
0 0.06159685 0.1669114390625 0.06159685 0.175 0.06511909375 0.175 0.06511909375 0.1669524234375 0.06159685 0.1669114390625
0 0.0571587375 0.16629164999999999 0.0571587375 0.171875 0.059375 0.171875 0.059375 0.166343234375 0.0571587375 0.16629164999999999
0 0.05625 0.155934403125 0.043533575000000005 0.155638425 0.0438197796875 0.165474659375 0.050279028125 0.165625 0.05625 0.165625 0.05625 0.155934403125
0 0.05669400625 0.1523749125 0.056462725000000005 0.165625 0.06454829375 0.165625 0.0734375 0.16557328437500002 0.0734375 0.1522775015625 0.05669400625 0.1523749125
0 0.11533125156249999 0.180153925 0.1127760515625 0.18018365625 0.11257255 0.1889269765625 0.11512775 0.18889724531250002 0.11533125156249999 0.180153925
0 0.160232628125 0.2078125 0.1605599109375 0.2265625 0.1734375 0.2265625 0.1734375 0.2078125 0.160232628125 0.2078125
0 0.29271521875 0.2163061859375 0.2924765015625 0.2265625 0.2951586609375 0.2265625 0.2953125 0.2199529515625 0.2953125 0.216245734375 0.29271521875 0.2163061859375
0 0.2828125 0.2125 0.28003604531250004 0.2125 0.2751305890625 0.21255707968749998 0.2752935578125 0.2265625 0.2828125 0.2265625 0.2828125 0.2125
0 0.625 0.19442818906249998 0.6185283625 0.194352884375 0.6184504734375 0.2077409421875 0.6246001421875 0.2078125 0.625 0.2078125 0.625 0.19442818906249998
0 0.2463403640625 0.5188446546875001 0.24639380625 0.5234375 0.246875 0.5234375 0.246875 0.5188446546875001 0.2463403640625 0.5188446546875001
0 0.24802140781249998 0.51875 0.2480759515625 0.5234375 0.2484375 0.5234375 0.2484375 0.51875 0.24802140781249998 0.51875
0 0.2933241890625 0.530769384375 0.29341788750000003 0.546875 0.3046875 0.546875 0.3046875 0.5308354937499999 0.2933241890625 0.530769384375
0 0.293502971875 0.5126660234375 0.2935818953125 0.5171875 0.296875 0.5171875 0.296875 0.5127445078124999 0.293502971875 0.5126660234375
0 0.3072641484375 0.517282209375 0.30702889375 0.5375 0.3140625 0.5375 0.3140625 0.517282209375 0.3072641484375 0.517282209375
0 0.3296875 0.528125 0.3244046484375 0.528125 0.32462285468749996 0.5375 0.3296875 0.5375 0.3296875 0.528125
0 0.32138965937499997 0.5429264 0.321421721875 0.5484375 0.321875 0.5484375 0.321875 0.542920753125 0.32138965937499997 0.5429264
0 0.8293343140625 0.7779289687500001 0.8291877281249999 0.803125 0.8375 0.803125 0.8375 0.7780239859375 0.8293343140625 0.7779289687500001
0 0.8377365937499999 0.7878198624999999 0.8380037453125 0.803125 0.8453125 0.803125 0.8453125 0.787687625 0.8377365937499999 0.7878198624999999
0 0.665625 0.6794929234375 0.6578125 0.6795383765625 0.6578125 0.6935685875 0.6578974875 0.6984375 0.665625 0.6984375 0.665625 0.6794929234375
0 0.5945132421875 0.6305180781249999 0.5947987515625 0.646875 0.6015625 0.646875 0.6015625 0.6304770671875 0.5945132421875 0.6305180781249999
0 0.6394079921875 0.61791691875 0.6390612921875001 0.6328125 0.6484375 0.6328125 0.6484375 0.6178643875 0.6394079921875 0.61791691875
0 0.5250061953125 0.5928893609375 0.525179840625 0.6078125 0.5328125 0.6078125 0.5328125 0.5928893609375 0.5250061953125 0.5928893609375
0 0.3671441609375 0.5421875 0.3672350671875 0.55 0.371875 0.55 0.371875 0.5421875 0.3671441609375 0.5421875
0 0.46105702031250007 0.533433384375 0.46113522187499995 0.546875 0.4671875 0.546875 0.4671875 0.5334690515625 0.46105702031250007 0.533433384375
0 0.478125 0.5296281390625001 0.4703125 0.5294463015625 0.4703125 0.5384923734375 0.4704860921874999 0.5484375 0.478125 0.5484375 0.478125 0.5296281390625001
0 0.4903614546875 0.5308308453125 0.4902111265625 0.54375 0.4921875 0.54375 0.4921875 0.5308308453125 0.4903614546875 0.5308308453125
0 0.51809585 0.53223575625 0.5184002140625 0.5453125 0.521875 0.5453125 0.521875 0.5322797312499999 0.51809585 0.53223575625
0 0.5154105453125 0.5516226984375 0.5154920078125 0.565625 0.5203125 0.565625 0.5203125 0.551565659375 0.5154105453125 0.5516226984375
0 0.496364375 0.5727987140625 0.49648461875 0.5796875 0.5171875 0.5796875 0.5171875 0.5730410125 0.496364375 0.5727987140625
0 0.519187034375 0.5826225546875 0.525 0.5827578515624999 0.525 0.5694734046875001 0.518955059375 0.5693327078125 0.519187034375 0.5826225546875
0 0.540761965625 0.5475774171875 0.540761965625 0.5609375 0.546875 0.5609375 0.546875 0.5474707140625 0.540761965625 0.5475774171875
0 0.5082452453124999 0.5346800125 0.5084035609375 0.54375 0.5125 0.54375 0.5125 0.534655259375 0.5082452453124999 0.5346800125
0 0.78654035 0.596521190625 0.7873374578125001 0.6421875 0.8015625 0.6421875 0.8015625 0.5966959890625 0.78654035 0.596521190625
0 0.8438168312500001 0.5515625 0.8515625 0.5515625 0.8515625 0.5109515124999999 0.85096049375 0.5109375 0.8431077203124999 0.5109375 0.8438168312500001 0.5515625
0 0.77054763125 0.509375 0.7708748953125 0.5375 0.7796875 0.5375 0.7796875 0.509375 0.77054763125 0.509375
0 0.6886526796875 0.5353689734375 0.6882757703125 0.5515625 0.69375 0.5515625 0.69375 0.5353689734375 0.6886526796875 0.5353689734375
0 0.622441765625 0.55592415 0.622441765625 0.5765625 0.628125 0.5765625 0.628125 0.5560233515624999 0.622441765625 0.55592415
0 0.649923659375 0.509375 0.64995093125 0.5140625 0.6546875 0.5140625 0.6546875 0.509375 0.649923659375 0.509375
0 0.5847584921875 0.509375 0.584522134375 0.5296875 0.5875 0.5296875 0.5875 0.509375 0.5847584921875 0.509375
0 0.55289779375 0.5129958859375 0.5531829265624999 0.5375 0.5578125 0.5375 0.5578125 0.5131388890624999 0.55289779375 0.5129958859375
0 0.5412437578125 0.5137056875 0.5417975765625 0.5375 0.5453125 0.5375 0.5453125 0.5138240749999999 0.5412437578125 0.5137056875
0 0.5962120765625001 0.509375 0.5965030171875 0.521875 0.6015625 0.521875 0.6015625 0.509375 0.5962120765625001 0.509375
0 0.5913851984375 0.5239005640625 0.5911050359375001 0.5359375 0.6078125 0.5359375 0.6078125 0.5239961359375 0.5913851984375 0.5239005640625
0 0.5421875 0.6515625 0.5361132375000001 0.6515625 0.5359375 0.6576021984375 0.5359375 0.6703125 0.5418780375 0.6703125 0.5421875 0.659677003125 0.5421875 0.6515625
0 0.3985082125 0.565550240625 0.39867315937500003 0.575 0.403125 0.575 0.403125 0.565657696875 0.3985082125 0.565550240625
0 0.444813271875 0.569961715625 0.4448880359375 0.5828125 0.4515625 0.5828125 0.4515625 0.569804625 0.444813271875 0.569961715625
0 0.4515625 0.5174725109375 0.4469281515625 0.517418584375 0.446875 0.5197021828125 0.446875 0.53125 0.4515213953125 0.53125 0.4515625 0.5294839734375 0.4515625 0.5174725109375
0 0.495118640625 0.5307847125 0.49498595781250004 0.5421875 0.5 0.5421875 0.5 0.5306426796875 0.495118640625 0.5307847125
0 0.46322875 0.51181421875 0.46322875 0.5171875 0.465625 0.5171875 0.465625 0.51181421875 0.46322875 0.51181421875
0 0.48161083906249996 0.5118835078124999 0.48169073749999997 0.51875 0.4859375 0.51875 0.4859375 0.511757615625 0.48161083906249996 0.5118835078124999
0 0.49239046250000007 0.55156674375 0.4923632171875 0.55625 0.496875 0.55625 0.496875 0.5515145609375 0.49239046250000007 0.55156674375
