0 0.3682403953125 0.382971821875 0.3680249875 0.3953125 0.3703125 0.3953125 0.3703125 0.38292359375 0.3682403953125 0.382971821875
0 0.43287091093749996 0.36875 0.432689096875 0.384375 0.4375 0.384375 0.4375 0.36875 0.43287091093749996 0.36875
0 0.41751152031250005 0.3746486234375 0.41777427187500005 0.3859375 0.421875 0.3859375 0.421875 0.3746232375 0.41751152031250005 0.3746486234375
0 0.3546875 0.5258568328125001 0.353125 0.5258204640625 0.353125 0.5484375 0.3546875 0.5484375 0.3546875 0.5258568328125001
0 0.355277734375 0.54994748125 0.359375 0.5499236453125 0.359375 0.5256084875 0.35570219999999997 0.5256298546875 0.355277734375 0.54994748125
0 0.3703125 0.55 0.3703125 0.54377259375 0.3660278609375 0.54382245 0.3659559796875 0.55 0.3703125 0.55
0 0.4654565203125 0.4770767578125 0.46516548750000003 0.49375 0.46875 0.49375 0.46875 0.47705759687500005 0.4654565203125 0.4770767578125
0 0.4246627171875 0.55 0.4246627171875 0.5381914562500001 0.4193328296875 0.5380674015625 0.4193328296875 0.55 0.4246627171875 0.55
0 0.4296875 0.55 0.4296875 0.5377568859374999 0.425 0.5378659890625 0.425 0.55 0.4296875 0.55
0 0.4953125 0.5110157953125001 0.4921875 0.5110157953125001 0.4921875 0.51875 0.4953125 0.51875 0.4953125 0.5110157953125001
0 0.4640625 0.425 0.4640625 0.407549053125 0.4610921390625 0.407531771875 0.4609375 0.41417569531250004 0.4609375 0.425 0.4640625 0.425
0 0.5075562703125 0.4296875 0.507647178125 0.421875 0.5053025015625 0.421875 0.5052115953125 0.4296875 0.5075562703125 0.4296875
0 0.50839526875 0.4185980921875 0.50839526875 0.4328125 0.5109375 0.4328125 0.5109375 0.41865726406250003 0.50839526875 0.4185980921875
0 0.5347805171875 0.36938919531250003 0.53505658125 0.38125 0.5375 0.38125 0.5375 0.36935755000000003 0.5347805171875 0.36938919531250003
0 0.505743215625 0.3726569890625 0.5058386609375 0.3890625 0.5109375 0.3890625 0.5109375 0.37274765625 0.505743215625 0.3726569890625
0 0.5512886734375 0.470244740625 0.55145309375 0.484375 0.5546875 0.484375 0.5546875 0.470264515625 0.5512886734375 0.470244740625
0 0.558523059375 0.49428354218750004 0.5589167109375001 0.5078125 0.5609375 0.5078125 0.5609375 0.4942694953125 0.558523059375 0.49428354218750004
0 0.5621047765625 0.4942789125 0.5623410062499999 0.5078125 0.5671875 0.5078125 0.5671875 0.49430848281250006 0.5621047765625 0.4942789125
0 0.58125 0.55 0.58125 0.5425728750000001 0.5791263828125001 0.542622303125 0.5789117140625 0.55 0.58125 0.55
0 0.6151126328125 0.39509204375 0.6148788984375 0.403125 0.61875 0.403125 0.61875 0.3950073828125 0.6151126328125 0.39509204375
0 0.29910435625 0.33125 0.2991588984375 0.340625 0.3015625 0.340625 0.3015625 0.33125 0.29910435625 0.33125
0 0.4609375 0.3582811375 0.45625 0.35833568125 0.45625 0.3703125 0.4609375 0.3703125 0.4609375 0.3582811375
0 0.44362927343749997 0.3342407921875 0.4435375890625 0.35 0.4453125 0.35 0.4453125 0.33420161406250004 0.44362927343749997 0.3342407921875
0 0.435987409375 0.32288393593750003 0.435987409375 0.3359375 0.4390625 0.3359375 0.4390625 0.3228123625 0.435987409375 0.32288393593750003
0 0.47833436406249996 0.35680643437500004 0.478473340625 0.36875 0.48125 0.36875 0.48125 0.356874296875 0.47833436406249996 0.35680643437500004
0 0.6182119828125 0.26274280625 0.6180511765625 0.2765625 0.621875 0.2765625 0.621875 0.26278542968749996 0.6182119828125 0.26274280625
0 0.6796875 0.24309318124999998 0.676847846875 0.2431262234375 0.67667695625 0.2578125 0.6796875 0.2578125 0.6796875 0.24309318124999998
0 0.672949471875 0.24489317812500003 0.6726644859375 0.2546875 0.675 0.2546875 0.675 0.24494090468750002 0.672949471875 0.24489317812500003
0 0.6669965078125 0.24133787187500003 0.6671518453124999 0.2546875 0.671875 0.2546875 0.671875 0.2414230265625 0.6669965078125 0.24133787187500003
0 0.608611090625 0.306433609375 0.60852125625 0.321875 0.6125 0.321875 0.6125 0.30636572968750003 0.608611090625 0.306433609375
0 0.6006083375 0.3010203953125 0.6009450828125 0.3203125 0.60625 0.3203125 0.60625 0.3009875734375 0.6006083375 0.3010203953125
0 0.627824503125 0.533422003125 0.6280865999999999 0.5484375 0.63125 0.5484375 0.63125 0.533362209375 0.627824503125 0.533422003125
0 0.6484375 0.5240368921874999 0.64375 0.523955071875 0.64375 0.5453125 0.6484375 0.5453125 0.6484375 0.5240368921874999
0 0.6390625 0.55 0.6390625 0.5427072171875 0.6354689515625 0.5427281234375 0.6355535671875 0.55 0.6390625 0.55
0 0.6010911906249999 0.52573379375 0.6012420234375 0.534375 0.60625 0.534375 0.60625 0.525793821875 0.6010911906249999 0.52573379375
0 0.6107771125 0.55 0.610818803125 0.5464171171875 0.606821384375 0.5464171171875 0.60677969375 0.55 0.6107771125 0.55
0 0.6203125 0.55 0.6203125 0.5427786765625 0.6163802031250001 0.5427100390625 0.6165498781250001 0.55 0.6203125 0.55
0 0.094998734375 0.2640625 0.095126003125 0.253125 0.0914197359375 0.253125 0.091292465625 0.2640625 0.094998734375 0.2640625
0 0.135296296875 0.23494539531249997 0.13517566406249998 0.2453125 0.1375 0.2453125 0.1375 0.23489410312499998 0.135296296875 0.23494539531249997
0 0.2881956046875 0.1786995140625 0.28804199218750004 0.1875 0.2890625 0.1875 0.2890625 0.17868438281250001 0.2881956046875 0.1786995140625
0 0.286335415625 0.18159156875 0.286335415625 0.1875 0.2875 0.1875 0.2875 0.18161189687499998 0.286335415625 0.18159156875
0 0.390625 0.1484375 0.390625 0.14149334062500002 0.3890985796875 0.1414755796875 0.3890625 0.143025715625 0.3890625 0.1484375 0.390625 0.1484375
0 0.43343195312500005 0.13103450156250002 0.43361880781249995 0.1390625 0.434375 0.1390625 0.434375 0.131029015625 0.43343195312500005 0.13103450156250002
0 0.5703125 0.11527774531249999 0.56875 0.115250471875 0.56875 0.121875 0.5703125 0.121875 0.5703125 0.11527774531249999
0 0.375444 0.23125 0.375444 0.2421875 0.378125 0.2421875 0.378125 0.23125 0.375444 0.23125
0 0.334417840625 0.21792763124999998 0.334375 0.2252913078125 0.334375 0.23112387812500002 0.3375 0.23105114375000002 0.3375 0.21785589375 0.334417840625 0.21792763124999998
0 0.47602323750000003 0.1942472984375 0.47588357343750004 0.20625 0.478125 0.20625 0.478125 0.1942350703125 0.47602323750000003 0.1942472984375
0 0.4828125 0.196388125 0.48125 0.1963517578125 0.48125 0.20625 0.4828125 0.20625 0.4828125 0.196388125
0 0.4802794671875 0.1706638609375 0.48043697500000004 0.1796875 0.4828125 0.1796875 0.4828125 0.17063438749999998 0.4802794671875 0.1706638609375
0 0.5132995499999999 0.20596442812500002 0.5140625 0.20595555000000001 0.5140625 0.1945850109375 0.5131672593750001 0.194595428125 0.5132995499999999 0.20596442812500002
0 0.5168591890625 0.19291606562500002 0.5171562375 0.203125 0.51875 0.203125 0.51875 0.192905065625 0.5168591890625 0.19291606562500002
0 0.4575 0.2805594421875 0.45761712499999996 0.290625 0.459375 0.290625 0.459375 0.2805812609375 0.4575 0.2805594421875
0 0.4477446515625 0.2706019984375 0.44802885468750003 0.2828125 0.45 0.2828125 0.45 0.2706544921875 0.4477446515625 0.2706019984375
0 0.47046630624999997 0.2833410421875 0.4704148390625 0.2921875 0.4734375 0.2921875 0.4734375 0.2833410421875 0.47046630624999997 0.2833410421875
0 0.4626580890625 0.30982806875 0.46261527343750003 0.3171875 0.4640625 0.3171875 0.4640625 0.3098525828125 0.4626580890625 0.30982806875
0 0.466353165625 0.29864916875 0.466458565625 0.3046875 0.4671875 0.3046875 0.4671875 0.29862975 0.466353165625 0.29864916875
0 0.5086010171875001 0.30484528437499997 0.5087346296875 0.3125 0.5109375 0.3125 0.5109375 0.3048588765625 0.5086010171875001 0.30484528437499997
0 0.51197325625 0.2993097796875 0.5121267375 0.3125 0.5140625 0.3125 0.5140625 0.29928546875 0.51197325625 0.2993097796875
0 0.3078125 0.325 0.30625 0.325 0.30625 0.334375 0.3078125 0.334375 0.3078125 0.325
0 0.315625 0.3213346140625 0.3140625 0.321325525 0.3140625 0.328125 0.315625 0.328125 0.315625 0.3213346140625
0 0.31680319375 0.31637762343750003 0.3166526890625 0.325 0.3171875 0.325 0.3171875 0.3163820953125 0.31680319375 0.31637762343750003
0 0.3188926109375 0.3171875 0.3188289796875 0.328125 0.3203125 0.328125 0.3203125 0.3171875 0.3188926109375 0.3171875
0 0.30977445625 0.3342129171875 0.3125 0.33422877500000003 0.3125 0.3242845046875 0.3097166 0.3242683109375 0.30977445625 0.3342129171875
0 0.360818090625 0.2848972640625 0.360469575 0.296875 0.3625 0.296875 0.3625 0.28486790625 0.360818090625 0.2848972640625
0 0.390629434375 0.3133815125 0.39057093125 0.3234375 0.3921875 0.3234375 0.3921875 0.31341777656250003 0.390629434375 0.3133815125
0 0.35678377656250004 0.385218728125 0.356883046875 0.39375 0.3578125 0.39375 0.3578125 0.3851887953125 0.35678377656250004 0.385218728125
0 0.365625 0.37389304375 0.3640625 0.37390213437500003 0.3640625 0.38125 0.365625 0.38125 0.365625 0.37389304375
0 0.4018740546875 0.3661810875 0.40191627187499995 0.3734375 0.4046875 0.3734375 0.4046875 0.366213825 0.4018740546875 0.3661810875
0 0.3921875 0.3443396890625 0.3890625 0.3443396890625 0.3890625 0.3515625 0.3921875 0.3515625 0.3921875 0.3443396890625
0 0.4509361171875 0.3413927421875 0.45077215 0.3484375 0.4515625 0.3484375 0.4515625 0.341407321875 0.4509361171875 0.3413927421875
0 0.4526490328125 0.3376388625 0.4525597421875 0.3453125 0.4546875 0.3453125 0.4546875 0.337650721875 0.4526490328125 0.3376388625
0 0.4551727859375 0.3370509609375 0.4550558546875 0.34375 0.45756272343750004 0.34375 0.457679909375 0.337036375 0.4551727859375 0.3370509609375
0 0.4886437609375 0.3171579109375 0.4887899203125 0.3234375 0.490625 0.3234375 0.490625 0.317146384375 0.4886437609375 0.3171579109375
0 0.5535441671875 0.333687734375 0.5534452640625 0.3421875 0.5593378328124999 0.3421875 0.559375 0.338993303125 0.559375 0.3337895125 0.5535441671875 0.333687734375
0 0.57059296875 0.3234041015625 0.57059296875 0.3328125 0.5765625 0.3328125 0.5765625 0.32336937187500003 0.57059296875 0.3234041015625
0 0.510462378125 0.352679596875 0.51050133125 0.359375 0.5125 0.359375 0.5125 0.3526677421875 0.510462378125 0.352679596875
0 0.5277742765625 0.3538271109375 0.5279397734375 0.3609375 0.5296875 0.3609375 0.5296875 0.35383824218750004 0.5277742765625 0.3538271109375
0 0.5226405984375 0.349237215625 0.522558996875 0.35625 0.5234375 0.35625 0.5234375 0.349251125 0.5226405984375 0.349237215625
0 0.515970775 0.38435101718750003 0.51875 0.38435101718750003 0.51875 0.3704013234375 0.5156460921875 0.3704013234375 0.515970775 0.38435101718750003
0 0.534375 0.3658087859375 0.5328125 0.36582696718749996 0.5328125 0.3765625 0.534375 0.3765625 0.534375 0.3658087859375
0 0.613022315625 0.2643389765625 0.6131463671875 0.275 0.615625 0.275 0.615625 0.264323834375 0.613022315625 0.2643389765625
0 0.6275474546875001 0.25035502656249997 0.627677625 0.2578125 0.628125 0.2578125 0.628125 0.2503583859375 0.6275474546875001 0.25035502656249997
0 0.6639575453125001 0.3082526203125 0.6642629890625 0.31875 0.665625 0.31875 0.665625 0.3082526203125 0.6639575453125001 0.3082526203125
0 0.5675603 0.5266677750000001 0.5675603 0.540625 0.571875 0.540625 0.571875 0.52671798125 0.5675603 0.5266677750000001
0 0.5403136265625 0.5075164546875001 0.540369890625 0.5171875 0.5453125 0.5171875 0.5453125 0.5075455375 0.5403136265625 0.5075164546875001
0 0.486195634375 0.50734739375 0.4860511484375 0.515625 0.4890625 0.515625 0.4890625 0.5073974359375 0.486195634375 0.50734739375
0 0.46923058281249996 0.48975788593749997 0.469037803125 0.4980405171875 0.47329795468749997 0.49796615624999996 0.4734375 0.49197069843749996 0.4734375 0.4896844546875 0.46923058281249996 0.48975788593749997
0 0.47307704375000004 0.483720215625 0.4730368734375 0.490625 0.4765625 0.490625 0.4765625 0.48369993750000007 0.47307704375000004 0.483720215625
0 0.4519702203125 0.519831753125 0.4518919 0.5265625 0.45625 0.5265625 0.45625 0.519931365625 0.4519702203125 0.519831753125
0 0.4478783671875 0.5210263296875 0.44792875781249997 0.5296875 0.45 0.5296875 0.45 0.5209892968750001 0.4478783671875 0.5210263296875
0 0.4515625 0.5118790828125 0.4484375 0.5118427203125 0.4484375 0.51875 0.4515625 0.51875 0.4515625 0.5118790828125
0 0.44780660625 0.5074935 0.44761546875 0.5140625 0.4515625 0.5140625 0.4515625 0.507449796875 0.44780660625 0.5074935
0 0.5265625 0.475 0.5265625 0.444375628125 0.50372661875 0.444375628125 0.503125 0.47022361406249996 0.503125 0.475 0.5265625 0.475
0 0.2588924125 0.5861531375 0.25914196718750004 0.596875 0.271875 0.596875 0.271875 0.58622866875 0.2588924125 0.5861531375
0 0.40393180937500006 0.5548400499999999 0.4044010375 0.575 0.4125 0.575 0.4125 0.5548400499999999 0.40393180937500006 0.5548400499999999
0 0.5171969296875 0.6411707046874999 0.517802478125 0.6671875 0.53125 0.6671875 0.53125 0.6413342265625 0.5171969296875 0.6411707046874999
