0 0.4241172921875 0.3097759 0.42434221875 0.3484375 0.440625 0.3484375 0.440625 0.309391678125 0.4241172921875 0.3097759
0 0.32755208750000003 0.271872778125 0.327024803125 0.3171875 0.340625 0.3171875 0.340625 0.27172066093749997 0.32755208750000003 0.271872778125
0 0.31003649375000003 0.2335500046875 0.3105369890625 0.2765625 0.31875 0.2765625 0.31875 0.2337020984375 0.31003649375000003 0.2335500046875
0 0.30203666875 0.238089365625 0.30293214062499996 0.2765625 0.309375 0.2765625 0.309375 0.23826016718749998 0.30203666875 0.238089365625
0 0.2691695375 0.2462553 0.2695840046875 0.2640625 0.2796875 0.2640625 0.2796875 0.2462553 0.2691695375 0.2462553
0 0.26144284687499997 0.2383547109375 0.26144284687499997 0.2640625 0.2734375 0.2640625 0.2734375 0.2383547109375 0.26144284687499997 0.2383547109375
0 0.115625 0.22577919687499998 0.109375 0.22570647031250002 0.109375 0.24346632812500002 0.10965268749999998 0.259375 0.115625 0.259375 0.115625 0.22577919687499998
0 0.1335556625 0.199311525 0.1390625 0.1994396984375 0.1390625 0.163377903125 0.1329259453125 0.1632350734375 0.1335556625 0.199311525
0 0.16866303437500002 0.1484375 0.169426753125 0.18125 0.1734375 0.18125 0.1734375 0.1484375 0.16866303437500002 0.1484375
0 0.174950415625 0.16819904375 0.175035434375 0.1828125 0.1796875 0.1828125 0.1796875 0.1682541640625 0.174950415625 0.16819904375
0 0.105468371875 0.1407375625 0.1057579625 0.165625 0.1078125 0.165625 0.1078125 0.14076483906249998 0.105468371875 0.1407375625
0 0.0807934453125 0.1400624625 0.0805869046875 0.1578125 0.0828125 0.1578125 0.0828125 0.1400742078125 0.0807934453125 0.1400624625
0 0.006231703125 0.1703371171875 0.0057231296875 0.1921875 0.0140625 0.1921875 0.0140625 0.170154853125 0.006231703125 0.1703371171875
0 0.008262464062499999 0.1296617125 0.0125 0.129612403125 0.0125 0.117438240625 0.008262464062499999 0.11748755 0.008262464062499999 0.1296617125
0 0.0035086703125 0.12066053437499999 0.00375514375 0.13125 0.00625 0.13125 0.00625 0.1207402984375 0.0035086703125 0.12066053437499999
0 0.006566225 0.10958589375000001 0.006522 0.1171875 0.0125 0.1171875 0.0125 0.10958589375000001 0.006566225 0.10958589375000001
0 0.00243630625 0.1109375 0.00243630625 0.1203125 0.0046875 0.1203125 0.0046875 0.1109375 0.00243630625 0.1109375
0 0.203125 0.61875 0.203125 0.6006979109375 0.1910238640625 0.6009091375 0.191127659375 0.61875 0.203125 0.61875
0 0.125 0.534375 0.125 0.5115162 0.1143583671875 0.511825840625 0.1140625 0.5287760890625 0.1140625 0.534375 0.125 0.534375
0 0.041872134374999995 0.5806375593750001 0.0417195578125 0.59375 0.0515625 0.59375 0.0515625 0.5809195203125 0.041872134374999995 0.5806375593750001
0 0.0305753015625 0.34288694531249997 0.030191537499999997 0.359375 0.0453125 0.359375 0.0453125 0.3428012078125 0.0305753015625 0.34288694531249997
0 0.025707782812500003 0.328975671875 0.025400275 0.3421875 0.0328125 0.3421875 0.0328125 0.3291410359375 0.025707782812500003 0.328975671875
0 0.0167472984375 0.334625678125 0.016827653125 0.3484375 0.0234375 0.3484375 0.0234375 0.334625678125 0.0167472984375 0.334625678125
0 0.014218239062499999 0.326338253125 0.014452084374999999 0.334375 0.0234375 0.334375 0.0234375 0.3262846171875 0.014218239062499999 0.326338253125
0 0.3408694359375 0.2609375 0.3408694359375 0.3015625 0.353125 0.3015625 0.353125 0.2609375 0.3408694359375 0.2609375
0 0.5359375 0.15497758749999999 0.53568065 0.146150225 0.52424763125 0.14588411875 0.5259131703125 0.203125 0.5359375 0.203125 0.5359375 0.15497758749999999
0 0.228372796875 0.0995588859375 0.22929491406250002 0.13125 0.2359375 0.13125 0.2359375 0.099602896875 0.228372796875 0.0995588859375
0 0.0080143046875 0.13125 0.0077688421875 0.1453125 0.025 0.1453125 0.025 0.13125 0.0080143046875 0.13125
0 0.0276183765625 0.12325316875 0.0276183765625 0.1453125 0.0328125 0.1453125 0.0328125 0.1233740625 0.0276183765625 0.12325316875
0 0.6513178 0.09958663749999999 0.6514111078125 0.115625 0.6578125 0.115625 0.6578125 0.099435471875 0.6513178 0.09958663749999999
0 0.675 0.043102528125 0.66875 0.0431752546875 0.66875 0.059375 0.675 0.059375 0.675 0.043102528125
0 0.6953125 0.06771055312499999 0.6953125 0.07782532343750001 0.6956394046875001 0.09187047968749999 0.703125 0.0920447078125 0.703125 0.0678923890625 0.6953125 0.06771055312499999
0 0.7122835296875 0.215625 0.71875 0.215625 0.71875 0.20455034374999997 0.7184986203125 0.19375 0.7117743843750001 0.19375 0.7122835296875 0.215625
0 0.1214048328125 0.64671830625 0.1211121078125 0.671875 0.134375 0.671875 0.134375 0.646567384375 0.1214048328125 0.64671830625
0 0.431130359375 0.8644500890625 0.43132584375 0.88125 0.45 0.88125 0.45 0.864779459375 0.431130359375 0.8644500890625
0 0.47093096250000005 0.6317781765625 0.47139144843749997 0.6515625 0.4765625 0.6515625 0.4765625 0.6317781765625 0.47093096250000005 0.6317781765625
0 0.4631269171875 0.625306009375 0.4631269171875 0.6328125 0.484375 0.6328125 0.484375 0.625306009375 0.4631269171875 0.625306009375
0 0.9634050921874999 0.7354637859375 0.9635742359374999 0.75 0.9734375 0.75 0.9734375 0.7355805234374999 0.9634050921874999 0.7354637859375
0 0.9347355625 0.7271083046875 0.9345601 0.7421875 0.940625 0.7421875 0.940625 0.7271425687499999 0.9347355625 0.7271083046875
0 0.9380506515625001 0.656239728125 0.937723103125 0.6703125 0.9453125 0.6703125 0.9453125 0.6560707078125 0.9380506515625001 0.656239728125
0 0.6703125 0.78125 0.6703125 0.733540009375 0.6616391796875 0.733388615625 0.6609375 0.7635356421875 0.6609375 0.78125 0.6703125 0.78125
0 0.973862115625 0.898754928125 0.97361493125 0.909375 0.9796875 0.909375 0.9796875 0.8987210375 0.973862115625 0.898754928125
0 0.9156755171875 0.8219012234375 0.9154034953125001 0.83125 0.9203125 0.83125 0.9203125 0.8219012234375 0.9156755171875 0.8219012234375
0 0.8433229156250001 0.7839422609375 0.8433229156250001 0.7921875 0.846875 0.7921875 0.846875 0.784045615625 0.8433229156250001 0.7839422609375
0 0.8365420374999999 0.75522371875 0.83691450625 0.7765625 0.84371844375 0.7765625 0.843343903125 0.755104990625 0.8365420374999999 0.75522371875
0 0.924061009375 0.7579661359375 0.9243483734375 0.7703125 0.93125 0.7703125 0.93125 0.7581334625 0.924061009375 0.7579661359375
0 0.9347045421875 0.706852071875 0.9351416640625001 0.721875 0.9421875 0.721875 0.9421875 0.70693914375 0.9347045421875 0.706852071875
0 0.9385371499999999 0.61875 0.938628078125 0.621875 0.940625 0.621875 0.940625 0.61875 0.9385371499999999 0.61875
