0 0.6375812390625001 0.272879934375 0.636292021875 0.3171875 0.6515164140625 0.3171875 0.6515625 0.31560360625 0.6515625 0.2725545171875 0.6375812390625001 0.272879934375
0 0.70720804375 0.2890625 0.7076989390625 0.33125 0.7234375 0.33125 0.7234375 0.2890625 0.70720804375 0.2890625
0 0.8923831890624999 0.3390625 0.8923831890624999 0.33770130625 0.8923831890624999 0.2860814546875 0.864833871875 0.2860814546875 0.864833871875 0.3390625 0.8923831890624999 0.3390625
0 0.251269884375 0.460544403125 0.250758340625 0.478125 0.2546875 0.478125 0.2546875 0.46046485781249996 0.251269884375 0.460544403125
0 0.265137278125 0.4703656546875 0.26473847031250003 0.4875 0.26875 0.4875 0.26875 0.4703236171875 0.265137278125 0.4703656546875
0 0.4901484390625 0.7712398781250001 0.4896753171875 0.7875 0.4984375 0.7875 0.4984375 0.7710469484375 0.4901484390625 0.7712398781250001
0 0.4480276671875 0.7003941046875 0.4483139828125 0.725 0.4546875 0.725 0.4546875 0.700355359375 0.4480276671875 0.7003941046875
0 0.42582594062499995 0.7015625 0.4257077671875 0.721875 0.43277204999999996 0.721875 0.4328125 0.714922109375 0.4328125 0.7015625 0.42582594062499995 0.7015625
0 0.41875 0.7328125 0.421875 0.7328125 0.421875 0.69783796875 0.41875 0.697783421875 0.41875 0.7328125
0 0.7917386453124999 0.6729474484375 0.7963898765625 0.6729474484375 0.7963898765625 0.6486611734375 0.7917386453124999 0.6486611734375 0.7917386453124999 0.6729474484375
0 0.7874027515625001 0.671959053125 0.792369321875 0.671959053125 0.792369321875 0.6495083671874999 0.7874027515625001 0.6495083671874999 0.7874027515625001 0.671959053125
0 0.7836975328125 0.671959053125 0.7884276 0.671959053125 0.7884276 0.6509203609374999 0.7836975328125 0.6509203609374999 0.7836975328125 0.671959053125
0 0.7788886328125 0.671959053125 0.7843282078125 0.671959053125 0.7843282078125 0.6483787734375 0.7788886328125 0.6483787734375 0.7788886328125 0.671959053125
0 0.7736067249999999 0.6677230749999999 0.7782579578125001 0.6677230749999999 0.7782579578125001 0.656003534375 0.7736067249999999 0.656003534375 0.7736067249999999 0.6677230749999999
0 0.814048790625 0.6753478359375 0.819803703125 0.6753478359375 0.819803703125 0.6650402890625 0.814048790625 0.6650402890625 0.814048790625 0.6753478359375
0 0.71140635625 0.67859541875 0.7169247671875001 0.67859541875 0.7169247671875001 0.6680054734375 0.71140635625 0.6680054734375 0.71140635625 0.67859541875
0 0.6957183046875001 0.6721002515625 0.6999753640625 0.6721002515625 0.6999753640625 0.648096375 0.6957183046875001 0.648096375 0.6957183046875001 0.6721002515625
0 0.6917765828125 0.6721002515625 0.696900821875 0.6721002515625 0.696900821875 0.6496495671875 0.6917765828125 0.6496495671875 0.6917765828125 0.6721002515625
0 0.67734988125 0.671959053125 0.6833412984375 0.671959053125 0.6833412984375 0.6576979265625 0.67734988125 0.6576979265625 0.67734988125 0.671959053125
0 0.6570894328125 0.6695586656250001 0.6633173515624999 0.6695586656250001 0.6633173515624999 0.6396244171875 0.6570894328125 0.6396244171875 0.6570894328125 0.6695586656250001
0 0.638549140625 0.6984109546875 0.6460567015625001 0.6984109546875 0.6460567015625001 0.6796868015624999 0.638549140625 0.6796868015624999 0.638549140625 0.6984109546875
0 0.607469453125 0.6846750890625 0.6014405 0.6846750890625 0.5996793499999999 0.6846750890625 0.5996793499999999 0.7033269499999999 0.607469453125 0.7033269499999999 0.607469453125 0.6846750890625
0 0.6052898390625 0.7206775171875 0.61384684375 0.7206775171875 0.61384684375 0.6961698390625 0.6052898390625 0.6961698390625 0.6052898390625 0.7206775171875
0 0.568230653125 0.7064392484375001 0.5746359515625 0.7064392484375001 0.5746359515625 0.6767874 0.568230653125 0.6767874 0.568230653125 0.7064392484375001
0 0.5176780734374999 0.6940843109375 0.5257586015625 0.6940843109375 0.5257586015625 0.6780228921875 0.5176780734374999 0.6780228921875 0.5176780734374999 0.6940843109375
0 0.4965898609375 0.6887893390625 0.5061485359375 0.6887893390625 0.5061485359375 0.6591374890624999 0.4965898609375 0.6591374890624999 0.4965898609375 0.6887893390625
0 0.9633204578125 0.56798645 0.9659062265625 0.56798645 0.9659062265625 0.5592885734374999 0.9633204578125 0.5592885734374999 0.9633204578125 0.56798645
0 0.9642034031249999 0.576684325 0.9669783750000001 0.576684325 0.9669783750000001 0.569454921875 0.9642034031249999 0.569454921875 0.9642034031249999 0.576684325
0 0.9604193500000001 0.575441771875 0.9642034031249999 0.575441771875 0.9642034031249999 0.567082775 0.9604193500000001 0.567082775 0.9604193500000001 0.575441771875
0 0.9598517421875 0.5684382875 0.9626897828125 0.5684382875 0.9626897828125 0.56267735625 0.9598517421875 0.56267735625 0.9598517421875 0.5684382875
0 0.9549324734375 0.576797284375 0.9585273234375 0.576797284375 0.9585273234375 0.5690030828125 0.9549324734375 0.5690030828125 0.9549324734375 0.576797284375
0 0.951194365625 0.558088821875 0.9539042999999999 0.558088821875 0.9539042999999999 0.551690728125 0.951194365625 0.551690728125 0.951194365625 0.558088821875
0 0.9428182078125001 0.54639575625 0.9456513203124999 0.54639575625 0.9456513203124999 0.53911516875 0.9428182078125001 0.53911516875 0.9428182078125001 0.54639575625
0 0.9176897328125001 0.5538969671875 0.9216314546875001 0.5538969671875 0.9216314546875001 0.54727825 0.9176897328125001 0.54727825 0.9176897328125001 0.5538969671875
0 0.8882499984375001 0.6150097796875 0.8944089390624999 0.6150097796875 0.8944089390624999 0.600669228125 0.8882499984375001 0.600669228125 0.8882499984375001 0.6150097796875
0 0.8561003312499998 0.615451028125 0.8609043046875 0.615451028125 0.8609043046875 0.598462990625 0.8561003312499998 0.598462990625 0.8561003312499998 0.615451028125
0 0.8400870859375 0.5719881250000001 0.843289734375 0.5719881250000001 0.843289734375 0.5622806734375001 0.8400870859375 0.5622806734375001 0.8400870859375 0.5719881250000001
0 0.81839991875 0.59961575 0.8238197859374999 0.59961575 0.8238197859374999 0.58355433125 0.81839991875 0.58355433125 0.81839991875 0.59961575
0 0.7958335609375 0.60085124375 0.8008592562500001 0.60085124375 0.8008592562500001 0.5846133265625 0.7958335609375 0.5846133265625 0.7958335609375 0.60085124375
0 0.7832200515625 0.6462115109375001 0.7895268078125 0.6462115109375001 0.7895268078125 0.6275026078125 0.7832200515625 0.6275026078125 0.7832200515625 0.6462115109375001
0 0.8068703828124999 0.6486824984374999 0.8116004484375001 0.6486824984374999 0.8116004484375001 0.6356215656249999 0.8068703828124999 0.6356215656249999 0.8068703828124999 0.6486824984374999
0 0.846926090625 0.5522541015625 0.8652550968749999 0.5522541015625 0.8652550968749999 0.5342511937500001 0.846926090625 0.5342511937500001 0.846926090625 0.5522541015625
0 0.7826760265624999 0.5487241203125001 0.8144068875 0.5487241203125001 0.8144068875 0.5296622171875 0.7826760265624999 0.5296622171875 0.7826760265624999 0.5487241203125001
0 0.7216778843749999 0.548547621875 0.764347021875 0.548547621875 0.764347021875 0.5307212109374999 0.7216778843749999 0.5307212109374999 0.7216778843749999 0.548547621875
0 0.6862023890625 0.5407816609375 0.702560534375 0.5407816609375 0.702560534375 0.5282502250000001 0.6862023890625 0.5282502250000001 0.6862023890625 0.5407816609375
0 0.6660010656249999 0.5527835984375 0.6695486140625 0.5527835984375 0.6695486140625 0.545723634375 0.6660010656249999 0.545723634375 0.6660010656249999 0.5527835984375
0 0.6487560328124999 0.5503126109375 0.6508254375 0.5503126109375 0.6508254375 0.542370153125 0.6487560328124999 0.542370153125 0.6487560328124999 0.5503126109375
0 0.655456959375 0.5570224687499999 0.655456959375 0.55649008125 0.6529933828125 0.55649008125 0.6529933828125 0.5649620375 0.655456959375 0.5649620375 0.655456959375 0.5570224687499999
0 0.655456959375 0.5641015015624999 0.6576232484375 0.5641015015624999 0.6576232484375 0.5568836656249999 0.655456959375 0.5568836656249999 0.655456959375 0.5641015015624999
0 0.57375965625 0.561323784375 0.5766607640625 0.561323784375 0.5766607640625 0.5520611109375 0.57375965625 0.5520611109375 0.57375965625 0.561323784375
0 0.5718676296874999 0.5723938078125 0.57571475 0.5723938078125 0.57571475 0.5640348093750001 0.5718676296874999 0.5640348093750001 0.5718676296874999 0.5723938078125
0 0.5383787625 0.5763473875 0.541847478125 0.5763473875 0.541847478125 0.5676495109374999 0.5383787625 0.5676495109374999 0.5383787625 0.5763473875
0 0.534468575 0.5763473875 0.5383787625 0.5763473875 0.5383787625 0.568666146875 0.534468575 0.568666146875 0.534468575 0.5763473875
0 0.4836457390625 0.6527313421875001 0.48837580625 0.6527313421875001 0.48837580625 0.642141396875 0.4836457390625 0.642141396875 0.4836457390625 0.6527313421875001
0 0.4767477265625 0.651848846875 0.4836457390625 0.651848846875 0.4836457390625 0.6398469078125 0.4767477265625 0.6398469078125 0.4767477265625 0.651848846875
0 0.453393025 0.6806182 0.45743329062499993 0.6806182 0.45743329062499993 0.6724992421875 0.453393025 0.6724992421875 0.453393025 0.6806182
0 0.443226925 0.6043616265624999 0.44830804999999996 0.6043616265624999 0.44830804999999996 0.5869874968750001 0.443226925 0.5869874968750001 0.443226925 0.6043616265624999
0 0.4327567265625 0.6035342874999999 0.43691401093750004 0.6035342874999999 0.43691401093750004 0.59250309375 0.4327567265625 0.59250309375 0.4327567265625 0.6035342874999999
0 0.450391003125 0.5733816218750001 0.45370204999999997 0.5733816218750001 0.45370204999999997 0.56194448125 0.450391003125 0.56194448125 0.450391003125 0.5733816218750001
0 0.4274832296875 0.543942946875 0.4305104734375 0.543942946875 0.4305104734375 0.536894278125 0.4274832296875 0.536894278125 0.4274832296875 0.543942946875
0 0.42889594375 0.54791911875 0.43227636406250003 0.54791911875 0.43227636406250003 0.5403282453125 0.42889594375 0.5403282453125 0.42889594375 0.54791911875
0 0.444933775 0.5399613203125 0.45991231875 0.5399613203125 0.45991231875 0.5217466125 0.444933775 0.5217466125 0.444933775 0.5399613203125
0 0.49940836875 0.5360077390625 0.5292077859375001 0.5360077390625 0.5292077859375001 0.517651834375 0.49940836875 0.517651834375 0.49940836875 0.5360077390625
0 0.461252503125 0.551963259375 0.470003125 0.551963259375 0.470003125 0.5379845296875 0.461252503125 0.5379845296875 0.461252503125 0.551963259375
0 0.546236021875 0.5374197328125 0.582736365625 0.5374197328125 0.582736365625 0.52061701875 0.546236021875 0.52061701875 0.546236021875 0.5374197328125
0 0.6011047890625 0.544338496875 0.6445425625000001 0.544338496875 0.6445425625000001 0.525841390625 0.6011047890625 0.525841390625 0.6011047890625 0.544338496875
0 0.959768046875 0.5913666953125001 0.9630514640625 0.5913666953125001 0.9630514640625 0.5776767703125 0.959768046875 0.5776767703125 0.959768046875 0.5913666953125001
0 0.9624443015625002 0.5898269953125 0.9646117140625 0.5898269953125 0.9646117140625 0.5799034078125 0.9624443015625002 0.5799034078125 0.9624443015625002 0.5898269953125
0 0.9845728796875001 0.6113290890625 0.987712759375 0.6113290890625 0.987712759375 0.593654303125 0.9845728796875001 0.593654303125 0.9845728796875001 0.6113290890625
0 0.9872866328125 0.61148976875 0.990134953125 0.61148976875 0.990134953125 0.592850903125 0.9872866328125 0.592850903125 0.9872866328125 0.61148976875
0 0.8567239796875 0.6270334171874999 0.8609948812500001 0.6270334171874999 0.8609948812500001 0.616735940625 0.8567239796875 0.616735940625 0.8567239796875 0.6270334171874999
0 0.822775784375 0.59961575 0.8192166984375 0.59961575 0.8192166984375 0.6122246640625 0.822775784375 0.6122246640625 0.822775784375 0.59961575
0 0.8007094578124999 0.60085124375 0.7964933109375 0.60085124375 0.7964933109375 0.6089883140625 0.8007094578124999 0.6089883140625 0.8007094578124999 0.60085124375
0 0.797545421875 0.6802071656249999 0.778873915625 0.6802071656249999 0.778873915625 0.6890335750000001 0.797545421875 0.6890335750000001 0.797545421875 0.6802071656249999
0 0.5763592 0.7064392484375001 0.568230653125 0.7064392484375001 0.568230653125 0.73648011875 0.5763592 0.73648011875 0.5763592 0.7064392484375001
0 0.661946209375 0.6695586656250001 0.6575110421874999 0.6695586656250001 0.6575110421874999 0.6787797703124999 0.661946209375 0.6787797703124999 0.661946209375 0.6695586656250001
0 0.5071702890625 0.6887893390625 0.4976736921875 0.6887893390625 0.4976736921875 0.7052475031250001 0.5071702890625 0.7052475031250001 0.5071702890625 0.6887893390625
0 0.5271901421875 0.6940843109375 0.518720203125 0.6940843109375 0.518720203125 0.7047877953125 0.5271901421875 0.7047877953125 0.5271901421875 0.6940843109375
0 0.49868626093749996 0.789264565625 0.508342659375 0.789264565625 0.508342659375 0.7817171859375 0.49868626093749996 0.7817171859375 0.49868626093749996 0.789264565625
