0 0.134375 0.018410326562500003 0.13125 0.018319398437500002 0.13125 0.0359375 0.134375 0.0359375 0.134375 0.018410326562500003
0 0.35780190625 0.082890265625 0.35780190625 0.109375 0.3625 0.109375 0.3625 0.0828629328125 0.35780190625 0.082890265625
0 0.350729259375 0.1108515359375 0.3546875 0.110874565625 0.3546875 0.08514890625 0.3505795859375 0.08512500625 0.350729259375 0.1108515359375
0 0.4095805546875 0.0283354 0.4095805546875 0.04375 0.4125 0.04375 0.4125 0.028369370312499996 0.4095805546875 0.0283354
0 0.21009251562500003 0 0.2100743359375 0.003125 0.2125 0.003125 0.2125 0 0.21009251562500003 0
0 0.7865774453125 0.21907080156249997 0.7869809484375001 0.2421875 0.7890625 0.2421875 0.7890625 0.21914310937499998 0.7865774453125 0.21907080156249997
0 0.48943242031249995 0.6871179359375 0.48916895625 0.6984375 0.49507440625 0.6984375 0.4953125 0.6882079453125 0.4953125 0.6872890296875 0.48943242031249995 0.6871179359375
0 0.4774598140625 0.6875 0.4828125 0.6875 0.4828125 0.6719049703125 0.477660840625 0.671875 0.477368909375 0.671875 0.4774598140625 0.6875
0 0 0.65625 0.003125 0.65625 0.003125 0.6465268171874999 0 0.6464904546875 0 0.65625
0 0.3277557859375 1 0.3277557859375 0.9824570921875001 0.3104719890625 0.9824570921875001 0.3104719890625 1 0.3277557859375 1
0 0.4517413640625 0.67134359375 0.458633296875 0.67134359375 0.458633296875 0.6595119390624999 0.4517413640625 0.6595119390624999 0.4517413640625 0.67134359375
0 0.27945878749999997 0.8976828671875001 0.2844598359375 0.8976828671875001 0.2844598359375 0.8813276890624999 0.27945878749999997 0.8813276890624999 0.27945878749999997 0.8976828671875001
0 0.091762040625 0.8896831671874998 0.10015168906250001 0.8896831671874998 0.10015168906250001 0.85980021875 0.091762040625 0.85980021875 0.091762040625 0.8896831671874998
0 0.260258575 0.7371485109375 0.265216009375 0.7371485109375 0.265216009375 0.7230884890625 0.260258575 0.7230884890625 0.260258575 0.7371485109375
0 0.27489315 0.8945891359375 0.2797230359375 0.8945891359375 0.2797230359375 0.8794352578125 0.27489315 0.8794352578125 0.27489315 0.8945891359375
0 0.306425375 0.7892315437499999 0.3502960890625 0.7892315437499999 0.3502960890625 0.7556544265625 0.306425375 0.7556544265625 0.306425375 0.7892315437499999
0 0.4173756734375 0.9207281843749999 0.4207727421875 0.9207281843749999 0.4207727421875 0.9073422437499999 0.4173756734375 0.9073422437499999 0.4173756734375 0.9207281843749999
0 0.41507052031249997 0.8535825875 0.419680828125 0.8535825875 0.419680828125 0.8425715734375 0.41507052031249997 0.8425715734375 0.41507052031249997 0.8535825875
0 0.438486028125 0.8559575125000001 0.441397803125 0.8559575125000001 0.441397803125 0.8455942046875 0.438486028125 0.8455942046875 0.438486028125 0.8559575125000001
0 0.48407468906249995 0.8737737656250001 0.4881899953125 0.8737737656250001 0.4881899953125 0.8520799078125 0.48407468906249995 0.8520799078125 0.48407468906249995 0.8737737656250001
0 0.4595381484375 0.8302478734375001 0.46194521406250005 0.8302478734375001 0.46194521406250005 0.8223717609375001 0.4595381484375 0.8223717609375001 0.4595381484375 0.8302478734375001
0 0.44742517187499997 0.8700429749999999 0.4714181828125 0.8700429749999999 0.4714181828125 0.8396439390625 0.44742517187499997 0.8396439390625 0.44742517187499997 0.8700429749999999
0 0.15172787968749998 0.597574946875 0.1840485609375 0.597574946875 0.1840485609375 0.5678668 0.15172787968749998 0.5678668 0.15172787968749998 0.597574946875
0 0.20862936250000003 0.6476634375 0.26667070625 0.6476634375 0.26667070625 0.5925651875 0.20862936250000003 0.5925651875 0.20862936250000003 0.6476634375
0 0.1089496625 0.5635479265625 0.1699998390625 0.5635479265625 0.1699998390625 0.544548528125 0.1089496625 0.544548528125 0.1089496625 0.5635479265625
0 0.25415008125 0.7018980796875001 0.2696795375 0.7018980796875001 0.2696795375 0.6825532390625 0.25415008125 0.6825532390625 0.25415008125 0.7018980796875001
0 0.283170753125 0.7255609671875 0.3127737796875 0.7255609671875 0.3127737796875 0.6908438859375 0.283170753125 0.6908438859375 0.283170753125 0.7255609671875
0 0.3789680875 0.6573358578125 0.381491625 0.6573358578125 0.381491625 0.6467998296874999 0.3789680875 0.6467998296874999 0.3789680875 0.6573358578125
0 0.3509180078125 0.6269368234374999 0.35382977968749996 0.6269368234374999 0.35382977968749996 0.6157099078125 0.3509180078125 0.6157099078125 0.3509180078125 0.6269368234374999
0 0.378191615625 0.6822077953125 0.3808122109375 0.6822077953125 0.3808122109375 0.6695991046875001 0.378191615625 0.6695991046875001 0.378191615625 0.6822077953125
0 0.3342145078125 0.739862403125 0.337394940625 0.739862403125 0.337394940625 0.73080680625 0.3342145078125 0.73080680625 0.3342145078125 0.739862403125
0 0.3221157625 0.6548997671875 0.3244166796875 0.6548997671875 0.3244166796875 0.6450505859375 0.3221157625 0.6450505859375 0.3221157625 0.6548997671875
0 0.31962828593750003 0.6541251125 0.322519978125 0.6541251125 0.322519978125 0.6446079265625 0.31962828593750003 0.6446079265625 0.31962828593750003 0.6541251125
0 0.5 0.31875 0.5 0.359375 0.5289565296875 0.359375 0.5296875 0.32796956875 0.5296875 0.31875 0.5 0.31875
0 0.828009809375 0.6278131890624999 0.8280698000000001 0.63125 0.828125 0.63125 0.828125 0.627816540625 0.828009809375 0.6278131890624999
0 0.8406969562500001 0.6358201140624999 0.8406969562500001 0.6390625 0.8421875 0.6390625 0.8421875 0.635811440625 0.8406969562500001 0.6358201140624999
0 0.85072004375 0.626836615625 0.8507366296875001 0.6296875 0.853125 0.6296875 0.853125 0.62685060625 0.85072004375 0.626836615625
0 0.8556055078125 0.6270507453125 0.8556055078125 0.63125 0.8578125 0.63125 0.8578125 0.627076425 0.8556055078125 0.6270507453125
0 0.864886665625 0.5510223984375 0.8648471609375001 0.5578125 0.865625 0.5578125 0.865625 0.5510309890625 0.864886665625 0.5510223984375
0 0.8840715296875 0.5835123765625 0.8839555015624999 0.5875 0.8859375 0.5875 0.8859375 0.5835340890625 0.8840715296875 0.5835123765625
0 0.8532568796875001 0.5758906312500001 0.8553687343749999 0.5758906312500001 0.8553687343749999 0.5710294015625 0.8532568796875001 0.5710294015625 0.8532568796875001 0.5758906312500001
0 0.846921315625 0.5887066015625 0.8502754375 0.5887066015625 0.8502754375 0.58251958125 0.846921315625 0.58251958125 0.846921315625 0.5887066015625
0 0.836113590625 0.5878227421875 0.8385981250000001 0.5878227421875 0.8385981250000001 0.583182478125 0.836113590625 0.583182478125 0.836113590625 0.5878227421875
0 0.744417165625 0.5826207375 0.7472743796875 0.5826207375 0.7472743796875 0.572898278125 0.744417165625 0.572898278125 0.744417165625 0.5826207375
0 0.7603181859375 0.5894706515625 0.7621815875 0.5894706515625 0.7621815875 0.58549328125 0.7603181859375 0.58549328125 0.7603181859375 0.5894706515625
0 0.7629269484375 0.5865981078125 0.76479035 0.5865981078125 0.76479035 0.5828417015625 0.7629269484375 0.5828417015625 0.7629269484375 0.5865981078125
0 0.7833001328125 0.5638387125 0.7856604390624999 0.5638387125 0.7856604390624999 0.5567678328125 0.7833001328125 0.5567678328125 0.7833001328125 0.5638387125
0 0.7916233234375 0.5525694984375 0.79398363125 0.5525694984375 0.79398363125 0.5483711625 0.7916233234375 0.5483711625 0.7916233234375 0.5525694984375
0 0.7957228046875 0.5550001124999999 0.7982073390625001 0.5550001124999999 0.7982073390625001 0.5508017781250001 0.7957228046875 0.5508017781250001 0.7957228046875 0.5550001124999999
0 0.7762192078125001 0.5368809828125001 0.778082609375 0.5368809828125001 0.778082609375 0.5324616828125001 0.7762192078125001 0.5324616828125001 0.7762192078125001 0.5368809828125001
0 0.773113540625 0.5532323921875 0.7748527140625 0.5532323921875 0.7748527140625 0.5481501984375 0.773113540625 0.5481501984375 0.773113540625 0.5532323921875
0 0.7795733296874999 0.55212756875 0.78230631875 0.55212756875 0.78230631875 0.5479292328125001 0.7795733296874999 0.5479292328125001 0.7795733296874999 0.55212756875
0 0.8274694 0.560850090625 0.829457028125 0.560850090625 0.829457028125 0.5546630718750001 0.8274694 0.5546630718750001 0.8274694 0.560850090625
0 0.8254817734375 0.5627945828125 0.82717125625 0.5627945828125 0.82717125625 0.557137878125 0.8254817734375 0.557137878125 0.8254817734375 0.5627945828125
0 0.824487959375 0.602037965625 0.8265749687499999 0.602037965625 0.8265749687499999 0.597265121875 0.824487959375 0.597265121875 0.824487959375 0.602037965625
0 0.8310471296875 0.5931993656250001 0.8273700187499999 0.5931993656250001 0.8273700187499999 0.5999167015625 0.8310471296875 0.5999167015625 0.8310471296875 0.5931993656250001
0 0.8253823921875 0.5787040625 0.8308483671874999 0.5787040625 0.8308483671874999 0.5718099546875 0.8253823921875 0.5718099546875 0.8253823921875 0.5787040625
0 0.83681125 0.5815324140625 0.838600115625 0.5815324140625 0.838600115625 0.5769363421875 0.83681125 0.5769363421875 0.83681125 0.5815324140625
0 0.8656318515624999 0.5769363421875 0.8678182421875 0.5769363421875 0.8678182421875 0.5725170421875 0.8656318515624999 0.5725170421875 0.8656318515624999 0.5769363421875
0 0.7280751125 0.52673394375 0.7305596484375 0.52673394375 0.7305596484375 0.5165143125 0.7280751125 0.5165143125 0.7280751125 0.52673394375
0 0.7066460015625 0.5449635546875 0.708975253125 0.5449635546875 0.708975253125 0.5386108109375 0.7066460015625 0.5386108109375 0.7066460015625 0.5449635546875
0 0.7196898093749999 0.5488304421875 0.72170849375 0.5488304421875 0.72170849375 0.54330631875 0.7196898093749999 0.54330631875 0.7196898093749999 0.5488304421875
0 0.7566472609374999 0.54606838125 0.758355378125 0.54606838125 0.758355378125 0.5383346046874999 0.7566472609374999 0.5383346046874999 0.7566472609374999 0.54606838125
0 0.758355378125 0.5471732046875 0.7614610468749999 0.5471732046875 0.7614610468749999 0.5383346046874999 0.758355378125 0.5383346046874999 0.758355378125 0.5471732046875
0 0.7621889718749999 0.5426530765625 0.7637781578125 0.5426530765625 0.7637781578125 0.536119175 0.7621889718749999 0.536119175 0.7621889718749999 0.5426530765625
0 0.727719825 0.5512065359375 0.7317396031250001 0.5512065359375 0.7317396031250001 0.5422463171875 0.727719825 0.5422463171875 0.727719825 0.5512065359375
0 0.736624396875 0.536725375 0.7446130703125 0.536725375 0.7446130703125 0.527584140625 0.736624396875 0.527584140625 0.736624396875 0.536725375
