0 0.5069575375 0.3726909296875 0.507325125 0.39375 0.509375 0.39375 0.509375 0.3726909296875 0.5069575375 0.3726909296875
0 0.49752195625000006 0.363243428125 0.49752195625000006 0.38125 0.5 0.38125 0.5 0.36321459375 0.49752195625000006 0.363243428125
0 0.488442003125 0.3751592390625 0.488442003125 0.396875 0.4921875 0.396875 0.4921875 0.3751592390625 0.488442003125 0.3751592390625
0 0.0853165296875 0.2597418671875 0.08570803437499999 0.2765625 0.0875 0.2765625 0.0875 0.2598053984375 0.0853165296875 0.2597418671875
0 0.1927279796875 0.254047484375 0.1927279796875 0.275 0.1953125 0.275 0.1953125 0.254047484375 0.1927279796875 0.254047484375
0 0.57824228125 0.24037236874999998 0.57824228125 0.26875 0.5828125 0.26875 0.5828125 0.2403191890625 0.57824228125 0.24037236874999998
0 0.0081335453125 0.64341178125 0.0272118609375 0.64341178125 0.0272118609375 0.6165747781250001 0.0081335453125 0.6165747781250001 0.0081335453125 0.64341178125
0 0.044927439062500005 0.622488015625 0.0302780171875 0.622488015625 0.0302780171875 0.6525090703124999 0.044927439062500005 0.6525090703124999 0.044927439062500005 0.622488015625
0 0.0652779953125 0.609375 0.0652779953125 0.6186140531250001 0.08571904687500001 0.6186140531250001 0.08571904687500001 0.609375 0.0652779953125 0.609375
0 0.0606963078125 0.73195470625 0.0926354515625 0.73195470625 0.0926354515625 0.669979421875 0.0606963078125 0.669979421875 0.0606963078125 0.73195470625
0 0.1722291875 0.808514553125 0.189263396875 0.808514553125 0.189263396875 0.7509457703125 0.1722291875 0.7509457703125 0.1722291875 0.808514553125
0 0.1557272953125 0.808514553125 0.1722291875 0.808514553125 0.1722291875 0.75023504375 0.1557272953125 0.75023504375 0.1557272953125 0.808514553125
0 0.014591071875 0.8221548484374999 0.0272336484375 0.8221548484374999 0.0272336484375 0.790172190625 0.014591071875 0.790172190625 0.014591071875 0.8221548484374999
0 0.039210828125 0.8274852921875 0.0591727921875 0.8274852921875 0.0591727921875 0.8052751125000001 0.039210828125 0.8052751125000001 0.039210828125 0.8274852921875
0 0.039210828125 0.7875069703124999 0.0624997875 0.7875069703124999 0.0624997875 0.759966346875 0.039210828125 0.759966346875 0.039210828125 0.7875069703124999
0 0 0.9531111703124999 0.0129981203125 0.9531111703124999 0.0129981203125 0.9201334953125 0 0.9201334953125 0 0.9531111703124999
0 0.175932928125 0.609375 0.175932928125 0.6238843453125 0.20489108437499998 0.6238843453125 0.20489108437499998 0.609375 0.175932928125 0.609375
0 0.2332394171875 0.7023094140625 0.253080865625 0.7023094140625 0.253080865625 0.6653380312499999 0.2332394171875 0.6653380312499999 0.2332394171875 0.7023094140625
0 0.3134383234375 0.6729281671875 0.3479325984375 0.6729281671875 0.3479325984375 0.653596428125 0.3134383234375 0.653596428125 0.3134383234375 0.6729281671875
0 0.3560238484375 0.6291474625 0.316845165625 0.6291474625 0.316845165625 0.65530216875 0.3560238484375 0.65530216875 0.3560238484375 0.6291474625
0 0.32280713906249997 0.609375 0.32280713906249997 0.6291474625 0.3560238484375 0.6291474625 0.3560238484375 0.609375 0.32280713906249997 0.609375
0 0.35261700625 0.747980803125 0.38200101875 0.747980803125 0.38200101875 0.701357196875 0.35261700625 0.701357196875 0.35261700625 0.747980803125
0 0.3683736515625 0.7110230671875 0.3355827953125 0.7110230671875 0.3355827953125 0.763901059375 0.3683736515625 0.763901059375 0.3683736515625 0.7110230671875
0 0.292997271875 0.78266421875 0.313864178125 0.78266421875 0.313864178125 0.7445693203125 0.292997271875 0.7445693203125 0.292997271875 0.78266421875
0 0.3070504953125 0.747980803125 0.28277674531249997 0.747980803125 0.28277674531249997 0.7894871859375 0.3070504953125 0.7894871859375 0.3070504953125 0.747980803125
0 0.1903232375 0.9147397609375 0.21214831875 0.9147397609375 0.21214831875 0.8813356515624999 0.1903232375 0.8813356515624999 0.1903232375 0.9147397609375
0 0.22545629531250003 0.9396151609375 0.26431558593750004 0.9396151609375 0.26431558593750004 0.9083432281249999 0.22545629531250003 0.9083432281249999 0.22545629531250003 0.9396151609375
0 0.22545629531250003 0.93535080625 0.186597003125 0.93535080625 0.186597003125 0.968754915625 0.22545629531250003 0.968754915625 0.22545629531250003 0.93535080625
0 0.5390625 0.883725065625 0.5277441015625 0.883725065625 0.5277441015625 0.939327696875 0.5390625 0.939327696875 0.5390625 0.883725065625
0 0.5353754281249999 0.891002896875 0.514879865625 0.891002896875 0.514879865625 0.9483522078125001 0.5353754281249999 0.9483522078125001 0.5353754281249999 0.891002896875
0 0.5041961640625 0.9483522078125001 0.5191010984375 0.9483522078125001 0.5191010984375 0.900080153125 0.5041961640625 0.900080153125 0.5041961640625 0.9483522078125001
0 0.4850908984375 0.866708565625 0.5083798578125001 0.866708565625 0.5083798578125001 0.8267302421875 0.4850908984375 0.8267302421875 0.4850908984375 0.866708565625
0 0.467510165625 0.8785586328124999 0.4818189015625 0.8785586328124999 0.4818189015625 0.8453535265625 0.467510165625 0.8453535265625 0.467510165625 0.8785586328124999
0 0.4525200609375 0.9126734671874999 0.47432384843750003 0.9126734671874999 0.47432384843750003 0.8599091890625001 0.4525200609375 0.8599091890625001 0.4525200609375 0.9126734671874999
0 0.4241580984375 0.9126734671874999 0.4525200609375 0.9126734671874999 0.4525200609375 0.8662326171875 0.4241580984375 0.8662326171875 0.4241580984375 0.9126734671874999
0 0.3615607984375 0.9010245171874999 0.369464671875 0.9010245171874999 0.369464671875 0.8821021546875001 0.3615607984375 0.8821021546875001 0.3615607984375 0.9010245171874999
0 0.35420201875 0.8879244203125 0.3615607984375 0.8879244203125 0.3615607984375 0.874824325 0.35420201875 0.874824325 0.35420201875 0.8879244203125
0 0.3615607984375 0.9010245171874999 0.343401265625 0.9010245171874999 0.343401265625 0.9260320609375 0.3615607984375 0.9260320609375 0.3615607984375 0.9010245171874999
0 0.4005320125 0.9677247734375 0.42139891875 0.9677247734375 0.42139891875 0.929629875 0.4005320125 0.929629875 0.4005320125 0.9677247734375
