0 0.06788932812500001 1 0.06788932812500001 0.9857474421875001 0.062896109375 0.9857474421875001 0.062896109375 1 0.06788932812500001 1
0 0.3570167734375 0.9927208578125001 0.368771875 0.9927208578125001 0.368771875 0.9702749031250001 0.3570167734375 0.9702749031250001 0.3570167734375 0.9927208578125001
0 0.367030378125 0.979562884375 0.3805269765625 0.979562884375 0.3805269765625 0.9640829140625 0.367030378125 0.9640829140625 0.367030378125 0.979562884375
0 0.507656228125 0.7009234281250001 0.522023575 0.7009234281250001 0.522023575 0.6699634890625 0.507656228125 0.6699634890625 0.507656228125 0.7009234281250001
0 0.453438084375 0.5262725265625 0.47501592343750004 0.5262725265625 0.47501592343750004 0.507250740625 0.453438084375 0.507250740625 0.453438084375 0.5262725265625
0 0.43917174374999995 0.538319659375 0.456291353125 0.538319659375 0.456291353125 0.5145424249999999 0.43917174374999995 0.5145424249999999 0.43917174374999995 0.538319659375
0 0.34323060625 0.46064736249999994 0.353038715625 0.46064736249999994 0.353038715625 0.43401686093749997 0.34323060625 0.43401686093749997 0.34323060625 0.46064736249999994
0 0.3418039734375 0.43211468281250004 0.35446535 0.43211468281250004 0.35446535 0.41626319375 0.3418039734375 0.41626319375 0.3418039734375 0.43211468281250004
0 0.3712283 0.4029479421875 0.3774698234375 0.4029479421875 0.3774698234375 0.3807558578125 0.3712283 0.3807558578125 0.3712283 0.4029479421875
0 0.2765354671875 0.516761634375 0.2904451484375 0.516761634375 0.2904451484375 0.49647172812499996 0.2765354671875 0.49647172812499996 0.2765354671875 0.516761634375
0 0.26502845 0.42528813750000005 0.27115851874999997 0.42528813750000005 0.27115851874999997 0.4039876984375 0.26502845 0.4039876984375 0.26502845 0.42528813750000005
0 0.1726072265625 0.549716134375 0.181314709375 0.549716134375 0.181314709375 0.527270178125 0.1726072265625 0.527270178125 0.1726072265625 0.549716134375
0 0.14895713593749998 0.4178007109375 0.1533797 0.4178007109375 0.1533797 0.39725718125 0.14895713593749998 0.39725718125 0.14895713593749998 0.4178007109375
0 0.158800909375 0.41551809687499996 0.1670753875 0.41551809687499996 0.1670753875 0.393706446875 0.158800909375 0.393706446875 0.158800909375 0.41551809687499996
0 0.2630793 0.1807126828125 0.2700698078125 0.1807126828125 0.2700698078125 0.165495253125 0.2630793 0.165495253125 0.2630793 0.1807126828125
0 0.6978738109375 0.80507343125 0.6978738109375 0.819779403125 0.71311190625 0.819779403125 0.71311190625 0.8143614140625001 0.71311190625 0.80507343125 0.6978738109375 0.80507343125
0 0.7313976203125 0.8143614140625001 0.71311190625 0.8143614140625001 0.71311190625 0.8298413828125 0.7313976203125 0.8298413828125 0.7313976203125 0.8143614140625001
0 0.7666629265625 0.729995578125 0.772758165625 0.729995578125 0.772758165625 0.69593964375 0.7666629265625 0.69593964375 0.7666629265625 0.729995578125
0 0.7788534031250001 0.7106456156250001 0.772758165625 0.7106456156250001 0.772758165625 0.7307695765625 0.7788534031250001 0.7307695765625 0.7788534031250001 0.7106456156250001
0 0.8728575781250001 0.7548207437500001 0.8728575781250001 0.76826280625 0.886125275 0.76826280625 0.886125275 0.7548207437500001 0.8739988859375 0.7548207437500001 0.8728575781250001 0.7548207437500001
0 0.8866959281250001 0.76826280625 0.8762814999999999 0.76826280625 0.8762814999999999 0.7880454640625 0.8866959281250001 0.7880454640625 0.8866959281250001 0.76826280625
0 0.7934540234374999 0.6657216859374999 0.7847158890625 0.6657216859374999 0.7847158890625 0.6825242640625 0.7934540234374999 0.6825242640625 0.7934540234374999 0.6657216859374999
0 0.7302152656249999 0.5391685984375 0.7232492796875001 0.5391685984375 0.7232492796875001 0.5616145546875 0.7302152656249999 0.5616145546875 0.7302152656249999 0.5391685984375
0 0.6514125453124999 0.6126984546875 0.6588139046875 0.6126984546875 0.6588139046875 0.5894785 0.6514125453124999 0.5894785 0.6514125453124999 0.6126984546875
0 0.6622968984375001 0.6096024609375 0.6679567625 0.6096024609375 0.6679567625 0.5894785 0.6622968984375001 0.5894785 0.6622968984375001 0.6096024609375
0 0.3348136046875 0.3372184421875 0.342127890625 0.3372184421875 0.342127890625 0.30873529843749997 0.3348136046875 0.30873529843749997 0.3348136046875 0.3372184421875
0 0.3160054421875 0.3502216171875 0.3271510203125 0.3502216171875 0.3271510203125 0.33350325000000003 0.3160054421875 0.33350325000000003 0.3160054421875 0.3502216171875
0 0.3052081625 0.3279304609375 0.3205333328125 0.3279304609375 0.3205333328125 0.3124504921875 0.3052081625 0.3124504921875 0.3052081625 0.3279304609375
0 0.5894204078125 0.29139773281250003 0.5977795921875 0.29139773281250003 0.5977795921875 0.2734409671875 0.5894204078125 0.2734409671875 0.5894204078125 0.29139773281250003
0 0.52010884375 0.2059482984375 0.53299591875 0.2059482984375 0.53299591875 0.184895540625 0.52010884375 0.184895540625 0.52010884375 0.2059482984375
0 0.45535912968750003 0.1632452546875 0.46093191874999995 0.1632452546875 0.46093191874999995 0.1525455 0.45535912968750003 0.1525455 0.45535912968750003 0.1632452546875
0 0.45446748281250005 0.15809352031249999 0.46093191874999995 0.15809352031249999 0.46093191874999995 0.1343162875 0.45446748281250005 0.1343162875 0.45446748281250005 0.15809352031249999
0 0.494368653125 0.129957128125 0.494368653125 0.13590143593749998 0.494368653125 0.14224203124999998 0.4992727078125 0.14224203124999998 0.4992727078125 0.129957128125 0.494368653125 0.129957128125
0 0.47185458437500005 0.1481863390625 0.4745295234375 0.1481863390625 0.4745295234375 0.1335237125 0.47185458437500005 0.1335237125 0.47185458437500005 0.1481863390625
0 0.31626231250000003 0.1315422765625 0.322949659375 0.1315422765625 0.322949659375 0.11093534062499999 0.31626231250000003 0.11093534062499999 0.31626231250000003 0.1315422765625
0 0.6588669390625 0.12647723125000002 0.6636560546875 0.12647723125000002 0.6636560546875 0.10712726875 0.6588669390625 0.10712726875 0.6588669390625 0.12647723125000002
0 0.739298028125 0.22112027968749998 0.74372059375 0.22112027968749998 0.74372059375 0.20717096875 0.739298028125 0.20717096875 0.739298028125 0.22112027968749998
0 0.7365874234375 0.2327869765625 0.740296671875 0.2327869765625 0.740296671875 0.224163765625 0.7365874234375 0.224163765625 0.7365874234375 0.2327869765625
0 0.7348754640624999 0.24952614843749998 0.7384420484375 0.24952614843749998 0.7384420484375 0.23557683749999997 0.7348754640624999 0.23557683749999997 0.7348754640624999 0.24952614843749998
0 0.7813837328125001 0.23785945156250002 0.7863769515625 0.23785945156250002 0.7863769515625 0.22720725156250002 0.7813837328125001 0.22720725156250002 0.7813837328125001 0.23785945156250002
0 0.7695131265625 0.20679492812500003 0.7792655078124999 0.20679492812500003 0.7792655078124999 0.19255335625 0.7695131265625 0.19255335625 0.7695131265625 0.20679492812500003
0 0.8475321750000001 0.208033325 0.86041925 0.208033325 0.86041925 0.18512296875 0.8475321750000001 0.18512296875 0.8475321750000001 0.208033325
0 0.8388246921875 0.1064847234375 0.8482287734374999 0.1064847234375 0.8482287734374999 0.09286235000000001 0.8388246921875 0.09286235000000001 0.8388246921875 0.1064847234375
0 0.7493117671875 0.15106703593749998 0.7601090453125 0.15106703593749998 0.7601090453125 0.1355870671875 0.7493117671875 0.1355870671875 0.7493117671875 0.15106703593749998
0 0.6740791140625 0.06995199375 0.679651903125 0.06995199375 0.679651903125 0.0569488203125 0.6740791140625 0.0569488203125 0.6740791140625 0.06995199375
0 0.5479947593750001 0.078620778125 0.55635394375 0.078620778125 0.55635394375 0.055710421875000006 0.5479947593750001 0.055710421875000006 0.5479947593750001 0.078620778125
0 0.4706723109375 0.0420880484375 0.47833489531250006 0.0420880484375 0.47833489531250006 0.024131284375 0.4706723109375 0.024131284375 0.4706723109375 0.0420880484375
0 0.429572990625 0.07923997656250001 0.436190678125 0.07923997656250001 0.436190678125 0.06004481406249999 0.429572990625 0.06004481406249999 0.429572990625 0.07923997656250001
0 0.93768054375 0.064809675 0.9438106124999999 0.064809675 0.9438106124999999 0.04697675 0.93768054375 0.04697675 0.93768054375 0.064809675
0 0.324307940625 0.02308511875 0.335364353125 0.02308511875 0.335364353125 0.0027952125 0.324307940625 0.0027952125 0.324307940625 0.02308511875
0 0.2483396796875 0 0.2483396796875 0.01642749375 0.2560078375 0.01642749375 0.2560078375 0 0.2483396796875 0
0 0.1565001140625 0.06968849687499999 0.1620283203125 0.06968849687499999 0.1620283203125 0.046228293749999996 0.1565001140625 0.046228293749999996 0.1565001140625 0.06968849687499999
0 0.16452493125 0.0646160203125 0.16719986874999998 0.0646160203125 0.16719986874999998 0.0544710671875 0.16452493125 0.0544710671875 0.16452493125 0.0646160203125
0 0.190382671875 0.06366493125 0.1980508296875 0.06366493125 0.1980508296875 0.0417898765625 0.190382671875 0.0417898765625 0.190382671875 0.06366493125
0 0.190382671875 0.05542215625 0.1960892078125 0.05542215625 0.1960892078125 0.0335471015625 0.190382671875 0.0335471015625 0.190382671875 0.05542215625
0 0.1662725578125 0.0228314953125 0.171180178125 0.0228314953125 0.171180178125 0.01106335 0.1662725578125 0.01106335 0.1662725578125 0.0228314953125
0 0.16376168124999999 0.035817035937500005 0.17049539375 0.035817035937500005 0.17049539375 0.024048889062500002 0.16376168124999999 0.024048889062500002 0.16376168124999999 0.035817035937500005
0 0.11552206406250001 0.0646299828125 0.12118192812499999 0.0646299828125 0.12118192812499999 0.055342 0.11552206406250001 0.055342 0.11552206406250001 0.0646299828125
0 0.09439353125 0.0703709453125 0.10437996875 0.0703709453125 0.10437996875 0.049066543750000004 0.09439353125 0.049066543750000004 0.09439353125 0.0703709453125
0 0.1179329921875 0 0.1179329921875 0.009501228125 0.12435284531249999 0.009501228125 0.12435284531249999 0 0.1179329921875 0
0 0.24457124531250002 0.232830546875 0.2503681640625 0.232830546875 0.2503681640625 0.22186003593749998 0.24457124531250002 0.22186003593749998 0.24457124531250002 0.232830546875
0 0.23069687343749998 0.2607732140625 0.2386255625 0.2607732140625 0.2386255625 0.24428420312500002 0.23069687343749998 0.24428420312500002 0.23069687343749998 0.2607732140625
0 0.1340114109375 0.4635725796875 0.13808047343750002 0.4635725796875 0.13808047343750002 0.4491048015625 0.1340114109375 0.4491048015625 0.1340114109375 0.4635725796875
0 0.4261100390625 0.8250083390625 0.44533336874999996 0.8250083390625 0.44533336874999996 0.8071895687499999 0.4261100390625 0.8071895687499999 0.4261100390625 0.8250083390625
0 0.41292434218749996 0.7865286874999999 0.4212515671875 0.7865286874999999 0.4212515671875 0.77068585625 0.41292434218749996 0.77068585625 0.41292434218749996 0.7865286874999999
0 0.1866301984375 0.060939034375 0.192179825 0.060939034375 0.192179825 0.0423345703125 0.1866301984375 0.0423345703125 0.1866301984375 0.060939034375
