0 0.0664590125 0.029831815625 0.066584603125 0.040625 0.0765625 0.040625 0.0765625 0.0296554578125 0.0664590125 0.029831815625
0 0.873909459375 0.368557040625 0.873909459375 0.371875 0.875 0.371875 0.875 0.3685316578125 0.873909459375 0.368557040625
0 0.1515625 0.7245377828125 0.1515625 0.6946483999999999 0.125445821875 0.694040528125 0.125 0.709362440625 0.125 0.7264356171874999 0.13045140625 0.7265625 0.15150358749999998 0.7265625 0.1515625 0.7245377828125
0 0.2630620171875 0.693040978125 0.26339753125 0.721875 0.2890625 0.721875 0.2890625 0.6931922453125 0.2630620171875 0.693040978125
0 0.5265625 0.67770885625 0.5046875 0.677581590625 0.5046875 0.67838025625 0.5055012515625 0.725 0.5265625 0.725 0.5265625 0.67770885625
0 0.5119809875 0.8033160125000001 0.5119809875 0.828125 0.51875 0.828125 0.51875 0.8031584625000001 0.5119809875 0.8033160125000001
0 0.6526964859375 0.521964953125 0.6526151953125 0.5359375 0.6546875 0.5359375 0.6546875 0.5219186125 0.6526964859375 0.521964953125
0 0.8706699234374999 0.540625 0.870579021875 0.55625 0.8734375 0.55625 0.8734375 0.540625 0.8706699234374999 0.540625
0 0.7209200499999999 0.5616937078124999 0.7176601859375 0.5616937078124999 0.7176601859375 0.5714136562500001 0.7209200499999999 0.5714136562500001 0.7209200499999999 0.5616937078124999
0 0.7898219046875 0.5574505609375 0.7874837953125 0.5574505609375 0.7874837953125 0.5666213843750001 0.7898219046875 0.5666213843750001 0.7898219046875 0.5574505609375
0 0.8234371453125 0.5087759296875001 0.819221803125 0.5087759296875001 0.819221803125 0.5195480375 0.8234371453125 0.5195480375 0.8234371453125 0.5087759296875001
0 0.853344375 0.5246439625 0.8497023203125 0.5246439625 0.8497023203125 0.5338628828124999 0.853344375 0.5338628828124999 0.853344375 0.5246439625
0 0.8568965015625001 0.5151845484375001 0.853479265625 0.5151845484375001 0.853479265625 0.5308967953125 0.8568965015625001 0.5308967953125 0.8568965015625001 0.5151845484375001
0 0.9137305390625 0.5178299765625 0.9106280468750001 0.5178299765625 0.9106280468750001 0.5323397562500001 0.9137305390625 0.5323397562500001 0.9137305390625 0.5178299765625
0 0.932345484375 0.49169634218749997 0.9292879562499999 0.49169634218749997 0.9292879562499999 0.5064466140625 0.932345484375 0.5064466140625 0.932345484375 0.49169634218749997
0 0.9536582484375 0.4890625 0.9536582484375 0.495303746875 0.9575251203124999 0.495303746875 0.9575251203124999 0.4890625 0.9536582484375 0.4890625
