0 0.039488440624999996 0.4250309234375 0.0426841015625 0.4250309234375 0.0426841015625 0.41383089687499997 0.039488440624999996 0.41383089687499997 0.039488440624999996 0.4250309234375
0 0.05227108125 0.44483387187499995 0.054462390625 0.44483387187499995 0.054462390625 0.43720486718749996 0.05227108125 0.43720486718749996 0.05227108125 0.44483387187499995
0 0.04852759375 0.448891853125 0.0523623859375 0.448891853125 0.0523623859375 0.4380164640625 0.04852759375 0.4380164640625 0.04852759375 0.448891853125
0 0.015931859375 0.44402227656250004 0.0262492765625 0.44402227656250004 0.0262492765625 0.43558167656249996 0.015931859375 0.43558167656249996 0.015931859375 0.44402227656250004
0 0.1931371015625 0.5472901703125 0.1963327625 0.5472901703125 0.1963327625 0.5365770999999999 0.1931371015625 0.5365770999999999 0.1931371015625 0.5472901703125
0 0.19322840624999998 0.56319745625 0.19514580312500002 0.56319745625 0.19514580312500002 0.5575162828125 0.19322840624999998 0.5575162828125 0.19322840624999998 0.56319745625
0 0.217332815625 0.5554061328125 0.21988934375000002 0.5554061328125 0.21988934375000002 0.54907568125 0.217332815625 0.54907568125 0.217332815625 0.5554061328125
0 0.2113980171875 0.555730771875 0.21422845937499999 0.555730771875 0.21422845937499999 0.5489133625 0.2113980171875 0.5489133625 0.2113980171875 0.555730771875
0 0.289717903125 0.42285245781249997 0.2918215609375 0.42285245781249997 0.2918215609375 0.41711804375000006 0.289717903125 0.41711804375000006 0.289717903125 0.42285245781249997
0 0.27316913125000003 0.43008280625 0.2757402671875 0.43008280625 0.2757402671875 0.42243692031249996 0.27316913125000003 0.42243692031249996 0.27316913125000003 0.43008280625
0 0.674000978125 0.42082988749999994 0.6770140296875 0.42082988749999994 0.6770140296875 0.4143371171875 0.674000978125 0.4143371171875 0.674000978125 0.42082988749999994
0 0.655922671875 0.4292704875 0.6590270281249999 0.4292704875 0.6590270281249999 0.4232646765625 0.655922671875 0.4232646765625 0.655922671875 0.4292704875
0 0.6769227250000001 0.45329373593750005 0.6799357765625 0.45329373593750005 0.6799357765625 0.44290530468749995 0.6769227250000001 0.44290530468749995 0.6769227250000001 0.45329373593750005
0 0.673678125 0.451347203125 0.6762025140625 0.451347203125 0.6762025140625 0.44195606249999997 0.673678125 0.44195606249999997 0.673678125 0.451347203125
0 0.6930937312500001 0.4819991578125 0.6978872203125001 0.4819991578125 0.6978872203125001 0.46840492187500005 0.6930937312500001 0.46840492187500005 0.6930937312500001 0.4819991578125
0 0.6758599921874999 0.4641440421875 0.67939804375 0.4641440421875 0.67939804375 0.45866576718749996 0.6758599921874999 0.45866576718749996 0.6758599921874999 0.4641440421875
0 0.7371421625 0.44130020468750003 0.739339315625 0.44130020468750003 0.739339315625 0.4316597390625 0.7371421625 0.4316597390625 0.7371421625 0.44130020468750003
0 0.7329815953125001 0.442962353125 0.73517875 0.442962353125 0.73517875 0.436479971875 0.7329815953125001 0.436479971875 0.7329815953125001 0.442962353125
0 0.7363006999999999 0.4561764390625 0.7381706171875 0.4561764390625 0.7381706171875 0.44911230625 0.7363006999999999 0.44911230625 0.7363006999999999 0.4561764390625
0 0.7696319843749999 0.431244203125 0.772156371875 0.431244203125 0.772156371875 0.423930746875 0.7696319843749999 0.423930746875 0.7696319843749999 0.431244203125
0 0.8034467359375 0.4134336375 0.806300003125 0.4134336375 0.806300003125 0.4022741890625 0.8034467359375 0.4022741890625 0.8034467359375 0.4134336375
0 0.9102000453124999 0.3802312671875 0.9124826593750001 0.3802312671875 0.9124826593750001 0.37312979999999996 0.9102000453124999 0.37312979999999996 0.9102000453124999 0.3802312671875
0 0.680394596875 0.5615633140625 0.680394596875 0.5669048171875 0.680394596875 0.5727227625 0.68381851875 0.5727227625 0.68381851875 0.5615633140625 0.680394596875 0.5615633140625
0 0.6839611828125001 0.513882034375 0.68781309375 0.513882034375 0.68781309375 0.5050052015625 0.6839611828125001 0.5050052015625 0.6839611828125001 0.513882034375
0 0.66398830625 0.501708090625 0.66398830625 0.5077950625 0.6658694796875 0.5077950625 0.6676975546875 0.5077950625 0.6676975546875 0.501708090625 0.66398830625 0.501708090625
0 0.7528676046875 0.59554890625 0.7587168046875 0.59554890625 0.7587168046875 0.5841358343749999 0.7528676046875 0.5841358343749999 0.7528676046875 0.59554890625
0 0.7263322125 0.582614090625 0.731896084375 0.582614090625 0.731896084375 0.5719618890625 0.7263322125 0.5719618890625 0.7263322125 0.582614090625
0 0.7903880796875 0.579824228125 0.7903880796875 0.5892083109375 0.7939546640625 0.5892083109375 0.7939546640625 0.585530315625 0.7939546640625 0.579824228125 0.7903880796875 0.579824228125
0 0.815782165625 0.5762734953125 0.8196340765624999 0.5762734953125 0.8196340765624999 0.5689184046875 0.815782165625 0.5689184046875 0.815782165625 0.5762734953125
0 0.8400349437499999 0.5714546421875 0.844600171875 0.5714546421875 0.844600171875 0.563592303125 0.8400349437499999 0.563592303125 0.8400349437499999 0.5714546421875
0 0.8497360546875001 0.5770343671875 0.8534453031250001 0.5770343671875 0.8534453031250001 0.5701865234375 0.8497360546875001 0.5701865234375 0.8497360546875001 0.5770343671875
0 0.8659996828125 0.5775416140625 0.8691382765625001 0.5775416140625 0.8691382765625001 0.5696792765625001 0.8659996828125 0.5696792765625001 0.8659996828125 0.5775416140625
0 0.8488800734374999 0.5899691812500001 0.8523039953125 0.5899691812500001 0.8523039953125 0.581345971875 0.8488800734374999 0.581345971875 0.8488800734374999 0.5899691812500001
0 0.8513053515625 0.6100054640625 0.8565838984375 0.6100054640625 0.8565838984375 0.596309778125 0.8513053515625 0.596309778125 0.8513053515625 0.6100054640625
0 0.77556891875 0.4870058359375 0.7807048015625 0.4870058359375 0.7807048015625 0.47660725781249996 0.77556891875 0.47660725781249996 0.77556891875 0.4870058359375
0 0.9324102156249999 0.3804742859375 0.9486707765625001 0.3804742859375 0.9486707765625001 0.3641114578125 0.9324102156249999 0.3641114578125 0.9324102156249999 0.3804742859375
0 0.7355996015625 0.4398571578125 0.7337342390625 0.4398571578125 0.7337342390625 0.449282146875 0.7355996015625 0.449282146875 0.7355996015625 0.4398571578125
0 0.2746100796875 0.4292305640625 0.277123409375 0.4292305640625 0.277123409375 0.416943171875 0.2746100796875 0.416943171875 0.2746100796875 0.4292305640625
0 0.05981247656250001 0.43613679687499995 0.056572635937500004 0.43613679687499995 0.056572635937500004 0.44660900625 0.05981247656250001 0.44660900625 0.05981247656250001 0.43613679687499995
0 0.0452822859375 0.41117803124999996 0.04194426875 0.41117803124999996 0.04194426875 0.422871996875 0.0452822859375 0.422871996875 0.0452822859375 0.41117803124999996
