0 0.7349870609375 0.51256951875 0.73890160625 0.51256951875 0.73890160625 0.49964530937499996 0.7349870609375 0.49964530937499996 0.7349870609375 0.51256951875
0 0.7293948546875 0.5082614484375 0.7320045515625 0.5082614484375 0.7320045515625 0.5029592093749999 0.7293948546875 0.5029592093749999 0.7293948546875 0.5082614484375
0 0.723616240625 0.5089242296875 0.727157971875 0.5089242296875 0.727157971875 0.50097086875 0.723616240625 0.50097086875 0.723616240625 0.5089242296875
0 0.7193288828125 0.509587009375 0.7221249859375 0.509587009375 0.7221249859375 0.50097086875 0.7193288828125 0.50097086875 0.7193288828125 0.509587009375
0 0.7127656906250001 0.5110865890625 0.7156976171875 0.5110865890625 0.7156976171875 0.5012049109375 0.7127656906250001 0.5012049109375 0.7127656906250001 0.5110865890625
0 0.7111775640625 0.5110865890625 0.7136208359375 0.5110865890625 0.7136208359375 0.507177353125 0.7111775640625 0.507177353125 0.7111775640625 0.5110865890625
0 0.7055580375 0.51010928125 0.708673209375 0.51010928125 0.708673209375 0.50446260625 0.7055580375 0.50446260625 0.7055580375 0.51010928125
0 0.7036645015625 0.5179277515625 0.7061077734375 0.5179277515625 0.7061077734375 0.5096749203125001 0.7036645015625 0.5096749203125001 0.7036645015625 0.5179277515625
0 0.7084288828124999 0.5170590328125 0.7105056640625 0.5170590328125 0.7105056640625 0.50728594375 0.7084288828124999 0.50728594375 0.7084288828124999 0.5170590328125
0 0.70280935625 0.5096749203125001 0.7054358734374999 0.5096749203125001 0.7054358734374999 0.5007705515625 0.70280935625 0.5007705515625 0.70280935625 0.5096749203125001
0 0.6983503843750001 0.5189050609375 0.701221228125 0.5189050609375 0.701221228125 0.5060914546874999 0.6983503843750001 0.5060914546874999 0.6983503843750001 0.5189050609375
0 0.69395249375 0.5166246734375 0.6968844203125 0.5166246734375 0.6968844203125 0.5056570953125 0.69395249375 0.5056570953125 0.69395249375 0.5166246734375
0 0.70007165 0.5074229531250001 0.7022095140625 0.5074229531250001 0.7022095140625 0.50014743125 0.70007165 0.50014743125 0.70007165 0.5074229531250001
0 0.6777157078125 0.52696913125 0.6804033078125 0.52696913125 0.6804033078125 0.5137211671874999 0.6777157078125 0.5137211671874999 0.6777157078125 0.52696913125
0 0.685045525 0.512852446875 0.6877331250000001 0.512852446875 0.6877331250000001 0.5048167968749999 0.685045525 0.5048167968749999 0.685045525 0.512852446875
0 0.681930353125 0.5136125765624999 0.6840682171875 0.5136125765624999 0.6840682171875 0.5045996171875 0.681930353125 0.5045996171875 0.681930353125 0.5136125765624999
0 0.6835184796875 0.5100291109375 0.685045525 0.5100291109375 0.685045525 0.5025364078125001 0.6835184796875 0.5025364078125001 0.6835184796875 0.5100291109375
0 0.6798535718750001 0.5149156546875 0.6821135984375 0.5149156546875 0.6821135984375 0.5036223078125001 0.6798535718750001 0.5036223078125001 0.6798535718750001 0.5149156546875
0 0.6779600359375 0.511440778125 0.6798535718750001 0.511440778125 0.6798535718750001 0.5026449984375 0.6779600359375 0.5026449984375 0.6779600359375 0.511440778125
0 0.67545568125 0.5137211671874999 0.6777157078125 0.5137211671874999 0.6777157078125 0.506554234375 0.67545568125 0.506554234375 0.67545568125 0.5137211671874999
0 0.6728291640624999 0.51046346875 0.67545568125 0.51046346875 0.67545568125 0.5015590999999999 0.6728291640624999 0.5015590999999999 0.6728291640624999 0.51046346875
0 0.670324809375 0.51154936875 0.67264591875 0.51154936875 0.67264591875 0.5036223078125001 0.670324809375 0.5036223078125001 0.670324809375 0.51154936875
0 0.6665988203125 0.5119837281249999 0.6697750734375 0.5119837281249999 0.6697750734375 0.5045996171875 0.6665988203125 0.5045996171875 0.6665988203125 0.5119837281249999
0 0.66647665625 0.5054683359375 0.668981009375 0.5054683359375 0.668981009375 0.4999302515625 0.66647665625 0.4999302515625 0.66647665625 0.5054683359375
0 0.6643387921875 0.5070971828124999 0.6665988203125 0.5070971828124999 0.6665988203125 0.50101615 0.6643387921875 0.50101615 0.6643387921875 0.5070971828124999
0 0.6619566015625 0.5176304015625 0.6648274468750001 0.5176304015625 0.6648274468750001 0.506554234375 0.6619566015625 0.506554234375 0.6619566015625 0.5176304015625
0 0.66042955625 0.5231684859375 0.663422565625 0.5231684859375 0.663422565625 0.5152414249999999 0.66042955625 0.5152414249999999 0.66042955625 0.5231684859375
0 0.6542815046875 0.5229882578125 0.656529315625 0.5229882578125 0.656529315625 0.5109130625 0.6542815046875 0.5109130625 0.6542815046875 0.5229882578125
0 0.657164565625 0.5197739968749999 0.6594612421875 0.5197739968749999 0.6594612421875 0.5070038265625 0.657164565625 0.5070038265625 0.657164565625 0.5197739968749999
0 0.65638271875 0.5081331625 0.65990103125 0.5081331625 0.65990103125 0.499445971875 0.65638271875 0.499445971875 0.65638271875 0.5081331625
0 0.6541349078125 0.5071775703125 0.65638271875 0.5071775703125 0.65638271875 0.49892473906249996 0.6541349078125 0.49892473906249996 0.6541349078125 0.5071775703125
0 0.6517893671875 0.5060482359375 0.6533530609375 0.5060482359375 0.6533530609375 0.4983166359375 0.6517893671875 0.4983166359375 0.6517893671875 0.5060482359375
0 0.6510563859375 0.517515328125 0.6533530609375 0.517515328125 0.6533530609375 0.5056138765625 0.6510563859375 0.5056138765625 0.6510563859375 0.517515328125
0 0.64788013125 0.5150829140625001 0.6502745375 0.5150829140625001 0.6502745375 0.5064825953125001 0.64788013125 0.5064825953125001 0.64788013125 0.5150829140625001
0 0.6492483640625 0.5066563390625001 0.65139844375 0.5066563390625001 0.65139844375 0.4996197140625 0.6492483640625 0.4996197140625 0.6492483640625 0.5066563390625001
0 0.6473426109375 0.5066563390625001 0.6492483640625 0.5066563390625001 0.6492483640625 0.500314690625 0.6473426109375 0.500314690625 0.6473426109375 0.5066563390625001
0 0.644703878125 0.511347421875 0.64788013125 0.511347421875 0.64788013125 0.5032683359375001 0.644703878125 0.5032683359375001 0.644703878125 0.511347421875
0 0.6416253546874999 0.5153435296875 0.6442152234375 0.5153435296875 0.6442152234375 0.5053532609375 0.6416253546874999 0.5053532609375 0.6416253546874999 0.5153435296875
0 0.6388400234375 0.5043107984375 0.64177195 0.5043107984375 0.64177195 0.4965791984375 0.6388400234375 0.4965791984375 0.6388400234375 0.5043107984375
0 0.6382047734375 0.5145616828125 0.640990103125 0.5145616828125 0.640990103125 0.5042239265624999 0.6382047734375 0.5042239265624999 0.6382047734375 0.5145616828125
0 0.6293986859375 0.52941508125 0.632452775 0.52941508125 0.632452775 0.5190990421875 0.6293986859375 0.5190990421875 0.6293986859375 0.52941508125
0 0.6250618765625 0.5313696984375 0.62836029375 0.5313696984375 0.62836029375 0.5192076328125 0.6250618765625 0.5192076328125 0.6250618765625 0.5313696984375
0 0.6235959140625 0.5192076328125 0.6258559406249999 0.5192076328125 0.6258559406249999 0.5126922390625 0.6235959140625 0.5126922390625 0.6235959140625 0.5192076328125
0 0.6274440671875 0.5198591718750001 0.6293986859375 0.5198591718750001 0.6293986859375 0.5143210875 0.6274440671875 0.5143210875 0.6274440671875 0.5198591718750001
0 0.6275051484375 0.5155155765625 0.6308646484375 0.5155155765625 0.6308646484375 0.508022875 0.6275051484375 0.508022875 0.6275051484375 0.5155155765625
0 0.6322084484375 0.5173616046875 0.6350182109375 0.5173616046875 0.6350182109375 0.5079142859375 0.6322084484375 0.5079142859375 0.6322084484375 0.5173616046875
0 0.6348960484374999 0.50661120625 0.6370339109375001 0.50661120625 0.6370339109375001 0.498901325 0.6348960484374999 0.498901325 0.6348960484374999 0.50661120625
0 0.6325749390625 0.5032449203125 0.6353847015625 0.5032449203125 0.6353847015625 0.49586080781249997 0.6325749390625 0.49586080781249997 0.6325749390625 0.5032449203125
0 0.6336133296875001 0.5095431328125 0.6350182109375 0.5095431328125 0.6350182109375 0.5006387625000001 0.6336133296875001 0.5006387625000001 0.6336133296875001 0.5095431328125
0 0.629948421875 0.50715415625 0.632025203125 0.50715415625 0.632025203125 0.4973810671875 0.629948421875 0.4973810671875 0.629948421875 0.50715415625
0 0.6278105578125001 0.504765178125 0.629948421875 0.504765178125 0.629948421875 0.4972724765625 0.6278105578125001 0.4972724765625 0.6278105578125001 0.504765178125
0 0.6257948578125 0.508022875 0.6275051484375 0.508022875 0.6275051484375 0.5004215828125 0.6257948578125 0.5004215828125 0.6257948578125 0.508022875
0 0.6158083999999999 0.530458509375 0.619473309375 0.530458509375 0.619473309375 0.5174277234375 0.6158083999999999 0.5174277234375 0.6158083999999999 0.530458509375
0 0.6203131843749999 0.5192076328125 0.6235959140625 0.5192076328125 0.6235959140625 0.5073831609375 0.6203131843749999 0.5073831609375 0.6203131843749999 0.5192076328125
0 0.6161901624999999 0.5174277234375 0.6187097859375 0.5174277234375 0.6187097859375 0.5061615234375 0.6161901624999999 0.5061615234375 0.6161901624999999 0.5174277234375
0 0.6206617171875 0.5060663984375 0.62235050625 0.5060663984375 0.62235050625 0.497170715625 0.6206617171875 0.497170715625 0.6206617171875 0.5060663984375
0 0.6187227359375 0.5054548203125 0.6203802515625 0.5054548203125 0.6203802515625 0.497170715625 0.6187227359375 0.497170715625 0.6187227359375 0.5054548203125
0 0.6164397421875 0.5041760671875 0.6184725453125 0.5041760671875 0.6184725453125 0.4967815296875 0.6164397421875 0.4967815296875 0.6164397421875 0.5041760671875
0 0.6137501875 0.5042872625 0.615595346875 0.5042872625 0.615595346875 0.49622555 0.6137501875 0.49622555 0.6137501875 0.5042872625
0 0.6116235640625 0.505955203125 0.6135312703125 0.505955203125 0.6135312703125 0.49750430312500005 0.6116235640625 0.49750430312500005 0.6116235640625 0.505955203125
0 0.609622034375 0.5127937593749999 0.6117173859375 0.5127937593749999 0.6117173859375 0.50306410625 0.609622034375 0.50306410625 0.609622034375 0.5127937593749999
0 0.6025983109374999 0.5358530499999999 0.6068931265625 0.5358530499999999 0.6068931265625 0.51506826875 0.6025983109374999 0.51506826875 0.6025983109374999 0.5358530499999999
0 0.5963946906250001 0.5303387203125001 0.5992579 0.5303387203125001 0.5992579 0.5127352828125 0.5963946906250001 0.5127352828125 0.5963946906250001 0.5303387203125001
0 0.5941279828125 0.5303387203125001 0.5968718921875 0.5303387203125001 0.5968718921875 0.51952215 0.5941279828125 0.51952215 0.5941279828125 0.5303387203125001
0 0.591980575 0.5258848390625 0.5941279828125 0.5258848390625 0.5941279828125 0.51506826875 0.591980575 0.51506826875 0.591980575 0.5258848390625
0 0.6017964171875 0.5082987765625 0.603628871875 0.5082987765625 0.603628871875 0.4947250421875 0.6017964171875 0.4947250421875 0.6017964171875 0.5082987765625
0 0.599811259375 0.5028692828125 0.6017964171875 0.5028692828125 0.6017964171875 0.4967611015625 0.599811259375 0.4967611015625 0.599811259375 0.5028692828125
0 0.5960699984375 0.500561746875 0.5984369187499999 0.500561746875 0.5984369187499999 0.49526799062500004 0.5960699984375 0.49526799062500004 0.5960699984375 0.500561746875
0 0.5941611921875001 0.5062627156249999 0.5960699984375 0.5062627156249999 0.5960699984375 0.49648962656249995 0.5941611921875001 0.49648962656249995 0.5941611921875001 0.5062627156249999
0 0.5924050890625 0.501919121875 0.594772009375 0.501919121875 0.594772009375 0.4933676671875 0.5924050890625 0.4933676671875 0.5924050890625 0.501919121875
0 0.5964362453125001 0.5122592671875 0.5984065000000001 0.5122592671875 0.5984065000000001 0.5033635828125 0.5964362453125001 0.5033635828125 0.5964362453125001 0.5122592671875
0 0.5985003203125 0.5105913265625001 0.6009709578125 0.5105913265625001 0.6009709578125 0.5019180359375001 0.5985003203125 0.5019180359375001 0.5985003203125 0.5105913265625001
0 0.5860242703125 0.5101236296875 0.5881621328125 0.5101236296875 0.5881621328125 0.499400378125 0.5860242703125 0.499400378125 0.5860242703125 0.5101236296875
0 0.5838100546875 0.5022508625000001 0.5860242703125 0.5022508625000001 0.5860242703125 0.49383514687499996 0.5838100546875 0.49383514687499996 0.5838100546875 0.5022508625000001
0 0.5821303046875 0.5061872468749999 0.5846499296875 0.5061872468749999 0.5846499296875 0.49682136874999994 0.5821303046875 0.49682136874999994 0.5821303046875 0.5061872468749999
0 0.575266725 0.53543161875 0.5784162546875 0.53543161875 0.5784162546875 0.5210095265625 0.575266725 0.5210095265625 0.575266725 0.53543161875
0 0.5737396796875001 0.52711770625 0.575266725 0.52711770625 0.575266725 0.5176160921874999 0.5737396796875001 0.5176160921874999 0.5737396796875001 0.52711770625
0 0.5744077609375 0.5210095265625 0.576889209375 0.5210095265625 0.576889209375 0.51371364375 0.5744077609375 0.51371364375 0.5744077609375 0.5210095265625
0 0.577080090625 0.5227062421875 0.5795615390625 0.5227062421875 0.5795615390625 0.5120169265625 0.577080090625 0.5120169265625 0.577080090625 0.5227062421875
0 0.5789112624999999 0.5011291625000001 0.5806625999999999 0.5011291625000001 0.5806625999999999 0.4955137625 0.5789112624999999 0.4955137625 0.5789112624999999 0.5011291625000001
0 0.5786610703124999 0.5094132671875 0.5804124078124999 0.5094132671875 0.5804124078124999 0.5023523187500001 0.5786610703124999 0.5023523187500001 0.5786610703124999 0.5094132671875
0 0.57697228125 0.49990600625 0.5791927265625 0.49990600625 0.5791927265625 0.49429060625 0.57697228125 0.49429060625 0.57697228125 0.49990600625
0 0.5748769312500001 0.503130690625 0.5770035546875001 0.503130690625 0.5770035546875001 0.49734849687500005 0.5748769312500001 0.49734849687500005 0.5748769312500001 0.503130690625
0 0.5714993515625 0.5007955734375 0.5739387140625001 0.5007955734375 0.5739387140625001 0.49251146874999996 0.5714993515625 0.49251146874999996 0.5714993515625 0.5007955734375
0 0.566734634375 0.50192376875 0.568298328125 0.50192376875 0.568298328125 0.4949740171875 0.566734634375 0.4949740171875 0.566734634375 0.50192376875
0 0.5634117843750001 0.500603315625 0.5655618640625 0.500603315625 0.5655618640625 0.4926805984375 0.5634117843750001 0.4926805984375 0.5634117843750001 0.500603315625
0 0.5587207015625 0.496919946875 0.561105334375 0.496919946875 0.561105334375 0.4901786875 0.5587207015625 0.4901786875 0.5587207015625 0.496919946875
0 0.56801380625 0.49779127812499996 0.570457078125 0.49779127812499996 0.570457078125 0.4908415265625 0.56801380625 0.4908415265625 0.56801380625 0.49779127812499996
0 0.5604028953125 0.526935021875 0.563273740625 0.526935021875 0.563273740625 0.5143385968749999 0.5604028953125 0.5143385968749999 0.5604028953125 0.526935021875
0 0.55820395 0.5241116859375 0.5611358765625 0.5241116859375 0.5611358765625 0.5145557765625 0.55820395 0.5145557765625 0.55820395 0.5241116859375
0 0.5563104140624999 0.5145557765625 0.5563104140624999 0.526609253125 0.5574313265625 0.526609253125 0.5591201781249999 0.526609253125 0.5591201781249999 0.5145557765625 0.5563104140624999 0.5145557765625
0 0.5582650328125001 0.5110809 0.5611969593749999 0.5110809 0.5611969593749999 0.5022851187499999 0.5582650328125001 0.5022851187499999 0.5582650328125001 0.5110809
0 0.5559439234375 0.509777821875 0.5590590953125 0.509777821875 0.5590590953125 0.4997875515625 0.5559439234375 0.4997875515625 0.5559439234375 0.509777821875
0 0.5541114687500001 0.509777821875 0.5563104140624999 0.509777821875 0.5563104140624999 0.5003305015625 0.5541114687500001 0.5003305015625 0.5541114687500001 0.509777821875
0 0.553683896875 0.5003305015625 0.5563104140624999 0.5003305015625 0.5563104140624999 0.4953353671875 0.553683896875 0.4953353671875 0.553683896875 0.5003305015625
0 0.5508130515625 0.4997875515625 0.553683896875 0.4997875515625 0.553683896875 0.49196908125 0.5508130515625 0.49196908125 0.5508130515625 0.4997875515625
0 0.54714814375 0.4920776703125 0.54714814375 0.5025022984375 0.5476367984375 0.5025022984375 0.5496524968750001 0.5025022984375 0.5496524968750001 0.4920776703125 0.54714814375 0.4920776703125
0 0.5505076421874999 0.5025022984375 0.5476367984375 0.5025022984375 0.5476367984375 0.511841028125 0.5505076421874999 0.511841028125 0.5505076421874999 0.5025022984375
0 0.544094053125 0.4996789625 0.5463540796874999 0.4996789625 0.5463540796874999 0.49142613125 0.544094053125 0.49142613125 0.544094053125 0.4996789625
0 0.5417118624999999 0.4979415234375 0.544094053125 0.4979415234375 0.544094053125 0.4908831828125 0.5417118624999999 0.4908831828125 0.5417118624999999 0.4979415234375
0 0.5353593546875001 0.497832934375 0.538596690625 0.497832934375 0.538596690625 0.4893629234375 0.5353593546875001 0.4893629234375 0.5353593546875001 0.497832934375
0 0.526930065625 0.4947924171875 0.5294955015625 0.4947924171875 0.5294955015625 0.488711384375 0.526930065625 0.488711384375 0.526930065625 0.4947924171875
0 0.5244867921874999 0.50054768125 0.526991146875 0.50054768125 0.526991146875 0.491534721875 0.5244867921874999 0.491534721875 0.5244867921874999 0.50054768125
0 0.522959746875 0.4902316421875 0.522959746875 0.49891883281249993 0.5233425203125 0.49891883281249993 0.5254030203125 0.49891883281249993 0.5254030203125 0.4902316421875 0.522959746875 0.4902316421875
0 0.5163018312500001 0.5054342265625 0.5202110656250001 0.5054342265625 0.5202110656250001 0.496421265625 0.5163018312500001 0.496421265625 0.5163018312500001 0.5054342265625
0 0.5500800703125 0.5244374546875 0.5535617328125 0.5244374546875 0.5535617328125 0.515098725 0.5500800703125 0.515098725 0.5500800703125 0.5244374546875
0 0.5452546078125 0.5285638703125 0.5476978796874999 0.5285638703125 0.5476978796874999 0.5177048828124999 0.5452546078125 0.5177048828124999 0.5452546078125 0.5285638703125
0 0.543483234375 0.5285638703125 0.5459265078125 0.5285638703125 0.5459265078125 0.52107116875 0.543483234375 0.52107116875 0.543483234375 0.5285638703125
0 0.5429334984375 0.52107116875 0.5447048718749999 0.52107116875 0.5447048718749999 0.5141214171875 0.5429334984375 0.5141214171875 0.5429334984375 0.52107116875
0 0.540673471875 0.5190079609375 0.5429334984375 0.5190079609375 0.5429334984375 0.512926928125 0.540673471875 0.512926928125 0.540673471875 0.5190079609375
0 0.5401237359375 0.5327988765625 0.5425670078125 0.5327988765625 0.5425670078125 0.5192251406249999 0.5401237359375 0.5192251406249999 0.5401237359375 0.5327988765625
0 0.5384745265624999 0.52878105 0.540612390625 0.52878105 0.540612390625 0.518899371875 0.5384745265624999 0.518899371875 0.5384745265624999 0.52878105
0 0.53304801875 0.524932625 0.5350026375 0.524932625 0.5350026375 0.5179828718749999 0.53304801875 0.5179828718749999 0.53304801875 0.524932625
0 0.5348462671875 0.5291024765625 0.537621825 0.5291024765625 0.537621825 0.5194423203125 0.5348462671875 0.5194423203125 0.5348462671875 0.5291024765625
0 0.52851330625 0.5318128796875 0.5315234171875 0.5318128796875 0.5315234171875 0.52020679375 0.52851330625 0.52020679375 0.52851330625 0.5318128796875
0 0.5208657109375 0.535965628125 0.5234426 0.535965628125 0.5234426 0.5237492671874999 0.5208657109375 0.5237492671874999 0.5208657109375 0.535965628125
0 0.5247787640625 0.5340992390625 0.5277374140625 0.5340992390625 0.5277374140625 0.5201861609375 0.5247787640625 0.5201861609375 0.5247787640625 0.5340992390625
0 0.5139940078125 0.5361353 0.5176207390625 0.5361353 0.5176207390625 0.5179804296875 0.5139940078125 0.5179804296875 0.5139940078125 0.5361353
0 0.5096991921875 0.533759896875 0.5118943203125 0.533759896875 0.5118943203125 0.5213738625000001 0.5096991921875 0.5213738625000001 0.5096991921875 0.533759896875
0 0.5065496625 0.5374926734375001 0.5092219906250001 0.5374926734375001 0.5092219906250001 0.5240886109375 0.5065496625 0.5240886109375 0.5065496625 0.5374926734375001
0 0.5059770203125 0.5259549984375 0.5092219906250001 0.5259549984375 0.5092219906250001 0.5162837125 0.5059770203125 0.5162837125 0.5059770203125 0.5259549984375
0 0.5069314234375 0.5030493203125 0.5094128718750001 0.5030493203125 0.5094128718750001 0.49354770625000005 0.5069314234375 0.49354770625000005 0.5069314234375 0.5030493203125
0 0.5048317359375 0.49592311093749997 0.5077903859374999 0.49592311093749997 0.5077903859374999 0.48438543593750005 0.5048317359375 0.48438543593750005 0.5048317359375 0.49592311093749997
0 0.501205003125 0.5385107031249999 0.504545415625 0.5385107031249999 0.504545415625 0.5213738625000001 0.501205003125 0.5213738625000001 0.501205003125 0.5385107031249999
0 0.49872355468749996 0.5315541640625 0.5020639671875 0.5315541640625 0.5020639671875 0.5188287875 0.49872355468749996 0.5188287875 0.49872355468749996 0.5315541640625
0 0.49538314375 0.5315541640625 0.49872355468749996 0.5315541640625 0.49872355468749996 0.5200164890625001 0.49538314375 0.5200164890625001 0.49538314375 0.5315541640625
0 0.490420246875 0.5349475984375001 0.4943333 0.5349475984375001 0.4943333 0.5215435359375 0.490420246875 0.5215435359375 0.490420246875 0.5349475984375001
0 0.4870798359375 0.5349475984375001 0.490420246875 0.5349475984375001 0.490420246875 0.5212041921874999 0.4870798359375 0.5212041921874999 0.4870798359375 0.5349475984375001
0 0.48144885625 0.5344385828125 0.4851710296875 0.5344385828125 0.4851710296875 0.5206951765625 0.48144885625 0.5206951765625 0.48144885625 0.5344385828125
0 0.485361909375 0.5173017421874999 0.48860688124999996 0.5173017421874999 0.48860688124999996 0.5066124265624999 0.485361909375 0.5066124265624999 0.485361909375 0.5173017421874999
0 0.483453103125 0.5152656828125 0.48631631249999996 0.5152656828125 0.48631631249999996 0.50695176875 0.483453103125 0.50695176875 0.483453103125 0.5152656828125
0 0.49963251406250003 0.50479479375 0.5017904125 0.50479479375 0.5017904125 0.49334160312500003 0.49963251406250003 0.49334160312500003 0.49963251406250003 0.50479479375
0 0.498350284375 0.50412761875 0.5000390734375 0.50412761875 0.5000390734375 0.4927300234375 0.498350284375 0.4927300234375 0.498350284375 0.50412761875
0 0.495003978125 0.49867901249999996 0.4974433421875 0.49867901249999996 0.4974433421875 0.485613478125 0.495003978125 0.485613478125 0.495003978125 0.49867901249999996
0 0.49047757187499996 0.49892659687499996 0.49347058125 0.49892659687499996 0.49347058125 0.48622158125 0.49047757187499996 0.48622158125 0.49047757187499996 0.49892659687499996
0 0.48796389375000004 0.49199641875 0.49004067500000004 0.49199641875 0.49004067500000004 0.48461230781250003 0.48796389375000004 0.48461230781250003 0.48796389375000004 0.49199641875
0 0.4857038671875 0.4911277015625 0.48796389375000004 0.4911277015625 0.48796389375000004 0.4848294875 0.4857038671875 0.4848294875 0.4857038671875 0.4911277015625
0 0.4836881671875 0.489824621875 0.4857038671875 0.489824621875 0.4857038671875 0.48417794843750006 0.4836881671875 0.48417794843750006 0.4836881671875 0.489824621875
0 0.48173354843749994 0.48895590312500004 0.4836881671875 0.48895590312500004 0.4836881671875 0.48276627968749997 0.48173354843749994 0.48276627968749997 0.48173354843749994 0.48895590312500004
0 0.478801621875 0.4899332125 0.481428140625 0.4899332125 0.481428140625 0.48428653749999995 0.478801621875 0.48428653749999995 0.478801621875 0.4899332125
0 0.47354858593750004 0.518057990625 0.4765415953125 0.518057990625 0.4765415953125 0.5073075921875 0.47354858593750004 0.5073075921875 0.47354858593750004 0.518057990625
0 0.4700058421875 0.51816658125 0.47257127812500005 0.51816658125 0.47257127812500005 0.5069818234375 0.4700058421875 0.5069818234375 0.4700058421875 0.51816658125
0 0.4659133609375 0.530871596875 0.46768473281249995 0.530871596875 0.46768473281249995 0.5182751703124999 0.4659133609375 0.5182751703124999 0.4659133609375 0.530871596875
0 0.4723880328125 0.5247905625 0.47568645 0.5247905625 0.47568645 0.5189267109375 0.4723880328125 0.5189267109375 0.4723880328125 0.5247905625
0 0.47147180468750005 0.534020703125 0.47360966875 0.534020703125 0.47360966875 0.5224015859375 0.47147180468750005 0.5224015859375 0.47147180468750005 0.534020703125
0 0.4687231234375 0.5276139 0.47232694999999997 0.5276139 0.47232694999999997 0.5167549124999999 0.4687231234375 0.5167549124999999 0.4687231234375 0.5276139
0 0.47645608125 0.4904761609375 0.478166371875 0.4904761609375 0.478166371875 0.48361328124999997 0.47645608125 0.48361328124999997 0.47645608125 0.4904761609375
0 0.47450146249999997 0.4890862109375 0.47601629218749997 0.4890862109375 0.47601629218749997 0.483005178125 0.47450146249999997 0.483005178125 0.47450146249999997 0.4890862109375
0 0.4724002484375 0.48934682656249995 0.473915078125 0.48934682656249995 0.473915078125 0.4833526640625 0.4724002484375 0.4833526640625 0.4724002484375 0.48934682656249995
0 0.4691262640625 0.4894336984375 0.4708365546875 0.4894336984375 0.4708365546875 0.4833526640625 0.4691262640625 0.4833526640625 0.4691262640625 0.4894336984375
0 0.4654613546875 0.4900418015625 0.46712278124999995 0.4900418015625 0.46712278124999995 0.4841345125 0.4654613546875 0.4841345125 0.4654613546875 0.4900418015625
0 0.56056176875 0.5241116859375 0.55720226875 0.5241116859375 0.55720226875 0.5400506078125 0.56056176875 0.5400506078125 0.56056176875 0.5241116859375
0 0.460762696875 0.53939614375 0.464341709375 0.53939614375 0.464341709375 0.5241256921875 0.460762696875 0.5241256921875 0.460762696875 0.53939614375
0 0.4580187875 0.537275246875 0.460762696875 0.537275246875 0.460762696875 0.5188234515625 0.4580187875 0.5188234515625 0.4580187875 0.537275246875
0 0.45372397343750004 0.5150058375000001 0.457064384375 0.5150058375000001 0.457064384375 0.5075827015625001 0.45372397343750004 0.5075827015625001 0.45372397343750004 0.5150058375000001
0 0.44775895312499997 0.5211564375 0.44775895312499997 0.5390447140625 0.44775895312499997 0.5400324125 0.454439775 0.5400324125 0.454439775 0.5211564375 0.44775895312499997 0.5211564375
0 0.45587138125 0.5268828562500001 0.45873459062500005 0.5268828562500001 0.45873459062500005 0.51182449375 0.45587138125 0.51182449375 0.45587138125 0.5268828562500001
0 0.46086508281249994 0.4895847 0.462392128125 0.4895847 0.462392128125 0.48266209375 0.46086508281249994 0.48266209375 0.46086508281249994 0.4895847
0 0.46369011562500007 0.49134928593750005 0.4649117515625 0.49134928593750005 0.4649117515625 0.4855125796875 0.46369011562500007 0.4855125796875 0.46369011562500007 0.49134928593750005
0 0.4564366515625 0.4898561734375 0.458803571875 0.4898561734375 0.458803571875 0.4819834078125 0.4564366515625 0.4819834078125 0.4564366515625 0.4898561734375
0 0.44330406250000004 0.4908063359375 0.44513651718749997 0.4908063359375 0.44513651718749997 0.486598478125 0.44330406250000004 0.486598478125 0.44330406250000004 0.4908063359375
0 0.45353526562499996 0.4902633859375 0.45582583281250005 0.4902633859375 0.45582583281250005 0.4855125796875 0.45353526562499996 0.4855125796875 0.45353526562499996 0.4902633859375
0 0.437736225 0.49029190468749995 0.4390723890625 0.49029190468749995 0.4390723890625 0.48282635156250003 0.437736225 0.48282635156250003 0.437736225 0.49029190468749995
0 0.439549590625 0.49198862187500003 0.44117207656249996 0.49198862187500003 0.44117207656249996 0.48605011249999996 0.439549590625 0.48605011249999996 0.439549590625 0.49198862187500003
0 0.43344140937500003 0.4897828890625 0.4362091796875 0.4897828890625 0.4362091796875 0.48537142656250004 0.43344140937500003 0.48537142656250004 0.43344140937500003 0.4897828890625
0 0.428764834375 0.4897828890625 0.43210524531249994 0.4897828890625 0.43210524531249994 0.4845230671875 0.428764834375 0.4845230671875 0.428764834375 0.4897828890625
0 0.4270469078125 0.4897828890625 0.428764834375 0.4897828890625 0.428764834375 0.4846927390625 0.4270469078125 0.4846927390625 0.4270469078125 0.4897828890625
0 0.425424421875 0.4897828890625 0.4270469078125 0.4897828890625 0.4270469078125 0.48571076875 0.425424421875 0.48571076875 0.425424421875 0.4897828890625
0 0.418839040625 0.49046157656249995 0.4211296078125 0.49046157656249995 0.4211296078125 0.48367470937499996 0.418839040625 0.48367470937499996 0.418839040625 0.49046157656249995
0 0.4166439125 0.49046157656249995 0.418839040625 0.49046157656249995 0.418839040625 0.4846927390625 0.4166439125 0.4846927390625 0.4166439125 0.49046157656249995
0 0.43064083281250004 0.51896525 0.43398124375 0.51896525 0.43398124375 0.5047552468750001 0.43064083281250004 0.5047552468750001 0.43064083281250004 0.51896525
0 0.431118034375 0.4998771859375 0.43326544062499994 0.4998771859375 0.43326544062499994 0.49287822812500004 0.431118034375 0.49287822812500004 0.431118034375 0.4998771859375
0 0.42563021562500003 0.5064519625 0.4280162234375 0.5064519625 0.4280162234375 0.4949991234375 0.42563021562500003 0.4949991234375 0.42563021562500003 0.5064519625
0 0.42348280781250003 0.5159959953125 0.4269425203125 0.5159959953125 0.4269425203125 0.50454315625 0.42348280781250003 0.50454315625 0.42348280781250003 0.5159959953125
0 0.42038099687499997 0.51451136875 0.42348280781250003 0.51451136875 0.42348280781250003 0.5011497234375 0.42038099687499997 0.5011497234375 0.42038099687499997 0.51451136875
0 0.41059836406250005 0.5102695765624999 0.4144159765625 0.5102695765624999 0.4144159765625 0.49818046875000005 0.41059836406250005 0.49818046875000005 0.41059836406250005 0.5102695765624999
0 0.45259210625 0.49924091718749997 0.4548588140625 0.49924091718749997 0.4548588140625 0.4926661375 0.45259210625 0.4926661375 0.45259210625 0.49924091718749997
0 0.458676428125 0.49966509531250003 0.4611817359375 0.49966509531250003 0.4611817359375 0.4933024078125 0.458676428125 0.4933024078125 0.458676428125 0.49966509531250003
0 0.4622554390625 0.5073003218750001 0.464402846875 0.5073003218750001 0.464402846875 0.49690793125 0.4622554390625 0.49690793125 0.4622554390625 0.5073003218750001
0 0.46798185937500003 0.5069818234375 0.4700058421875 0.5069818234375 0.4700058421875 0.49860464687499995 0.46798185937500003 0.49860464687499995 0.46798185937500003 0.5069818234375
0 0.472873175 0.49924091718749997 0.47525918437500003 0.49924091718749997 0.47525918437500003 0.4924540484375 0.472873175 0.4924540484375 0.472873175 0.49924091718749997
0 0.47084506875 0.4933024078125 0.47084506875 0.49924091718749997 0.47145867812500003 0.49924091718749997 0.473708278125 0.49924091718749997 0.473708278125 0.4933024078125 0.47084506875 0.4933024078125
0 0.4857038671875 0.49966509531250003 0.48850152812500003 0.49966509531250003 0.48850152812500003 0.4911277015625 0.4857038671875 0.4911277015625 0.4857038671875 0.49966509531250003
0 0.47349149218750003 0.477313321875 0.48709919375000005 0.477313321875 0.48709919375000005 0.4693599609375 0.47349149218750003 0.4693599609375 0.47349149218750003 0.477313321875
0 0.4377088265625 0.5238007125 0.44295804375000003 0.5238007125 0.44295804375000003 0.5110753359375 0.4377088265625 0.5110753359375 0.4377088265625 0.5238007125
0 0.43329471093749994 0.5263457875 0.436157921875 0.5263457875 0.436157921875 0.5157413078124999 0.43329471093749994 0.5157413078124999 0.43329471093749994 0.5263457875
0 0.4305508015625 0.5375865375 0.4331754109375 0.5375865375 0.4331754109375 0.5252853390625 0.4305508015625 0.5252853390625 0.4305508015625 0.5375865375
0 0.425301584375 0.54331295625 0.42959639843749997 0.54331295625 0.42959639843749997 0.5307996687500001 0.425301584375 0.5307996687500001 0.425301584375 0.54331295625
0 0.42076816875 0.53695026875 0.42434718125000004 0.53695026875 0.42434718125000004 0.5299513109375 0.42076816875 0.5299513109375 0.42076816875 0.53695026875
0 0.41635405312499996 0.5229523546875 0.41635405312499996 0.5380107171875 0.4166646734375 0.5380107171875 0.42005236718749994 0.5380107171875 0.42005236718749994 0.5229523546875 0.41635405312499996 0.5229523546875
0 0.407764425 0.540979971875 0.412655740625 0.540979971875 0.412655740625 0.5212556375 0.407764425 0.5212556375 0.407764425 0.540979971875
0 0.4044240140625 0.5320722078125 0.407764425 0.5320722078125 0.407764425 0.5199830999999999 0.4044240140625 0.5199830999999999 0.4044240140625 0.5320722078125
0 0.40084500156249997 0.5136204109375 0.4043047125 0.5136204109375 0.4043047125 0.50683354375 0.40084500156249997 0.50683354375 0.40084500156249997 0.5136204109375
0 0.3979817921875 0.5401316125 0.4007257 0.5401316125 0.4007257 0.5286787734375 0.3979817921875 0.5286787734375 0.3979817921875 0.5401316125
0 0.39953269687500004 0.527194146875 0.40144150312500004 0.527194146875 0.40144150312500004 0.520407278125 0.39953269687500004 0.520407278125 0.39953269687500004 0.527194146875
0 0.40084500156249997 0.5252853390625 0.4044240140625 0.5252853390625 0.4044240140625 0.5176501140624999 0.40084500156249997 0.5176501140624999 0.40084500156249997 0.5252853390625
0 0.405139815625 0.5252853390625 0.40084500156249997 0.5252853390625 0.40084500156249997 0.54204041875 0.405139815625 0.54204041875 0.405139815625 0.5252853390625
0 0.393209775 0.5324963875 0.3979817921875 0.5324963875 0.3979817921875 0.5250732499999999 0.393209775 0.5250732499999999 0.393209775 0.5324963875
0 0.3908237671875 0.540979971875 0.3952378828125 0.540979971875 0.3952378828125 0.5286787734375 0.3908237671875 0.5286787734375 0.3908237671875 0.540979971875
0 0.38760265625 0.53949534375 0.3908237671875 0.53949534375 0.3908237671875 0.530375490625 0.38760265625 0.530375490625 0.38760265625 0.53949534375
0 0.3835464421875 0.53949534375 0.38760265625 0.53949534375 0.38760265625 0.5250732499999999 0.3835464421875 0.5250732499999999 0.3835464421875 0.53949534375
0 0.3738353890625 0.5482334359375 0.3772951015625 0.5482334359375 0.3772951015625 0.5312662671874999 0.3738353890625 0.5312662671874999 0.3738353890625 0.5482334359375
0 0.37789160312500003 0.5282970125 0.379800409375 0.5282970125 0.379800409375 0.5168441734375 0.37789160312500003 0.5168441734375 0.37789160312500003 0.5282970125
0 0.379681109375 0.52766074375 0.3821864171875 0.52766074375 0.3821864171875 0.5140870078125 0.379681109375 0.5140870078125 0.379681109375 0.52766074375
0 0.388057715625 0.5147505265625 0.39069645 0.5147505265625 0.39069645 0.4968549125 0.388057715625 0.4968549125 0.388057715625 0.5147505265625
0 0.385565578125 0.512231240625 0.388057715625 0.512231240625 0.388057715625 0.4983317359375 0.385565578125 0.4983317359375 0.385565578125 0.512231240625
0 0.380581303125 0.502067228125 0.3833666328125 0.502067228125 0.3833666328125 0.4962468109375 0.380581303125 0.4962468109375 0.380581303125 0.502067228125
0 0.377014125 0.494509371875 0.3749129109375 0.494509371875 0.3749129109375 0.50128538125 0.377014125 0.50128538125 0.377014125 0.494509371875
0 0.29906179375 0.5524140015625 0.30252150625 0.5524140015625 0.30252150625 0.5392644453125001 0.29906179375 0.5392644453125001 0.29906179375 0.5524140015625
0 0.310872534375 0.5337501140625001 0.314451546875 0.5337501140625001 0.314451546875 0.5216610078125 0.310872534375 0.5216610078125 0.310872534375 0.5337501140625001
0 0.314451546875 0.5345984734375 0.3177919578125 0.5345984734375 0.3177919578125 0.5184796625 0.314451546875 0.5184796625 0.314451546875 0.5345984734375
0 0.3205358671875 0.5201763796875001 0.3177919578125 0.5201763796875001 0.3177919578125 0.5345984734375 0.3205358671875 0.5345984734375 0.3205358671875 0.5201763796875001
0 0.318030559375 0.5214489171875 0.3205358671875 0.5214489171875 0.3205358671875 0.5138136921875 0.318030559375 0.5138136921875 0.318030559375 0.5214489171875
0 0.325546484375 0.5352347421875 0.32817109375000003 0.5352347421875 0.32817109375000003 0.5235698140625 0.325546484375 0.5235698140625 0.325546484375 0.5352347421875
0 0.3276938921875 0.530568771875 0.3298412984375 0.530568771875 0.3298412984375 0.51784339375 0.3276938921875 0.51784339375 0.3276938921875 0.530568771875
0 0.3307957015625 0.5430820578125 0.3333010109375 0.5430820578125 0.3333010109375 0.5312050390625 0.3307957015625 0.5312050390625 0.3307957015625 0.5430820578125
0 0.3322273078125 0.5365072796875 0.3349712171875 0.5365072796875 0.3349712171875 0.5229335453124999 0.3322273078125 0.5229335453124999 0.3322273078125 0.5365072796875
0 0.3380730265625 0.516782946875 0.3380730265625 0.52701983125 0.3380730265625 0.5297204125 0.3405783359375 0.5297204125 0.3405783359375 0.516782946875 0.3380730265625 0.516782946875
0 0.3498837671875 0.5449908640625 0.35298557812500003 0.5449908640625 0.35298557812500003 0.5307808609375 0.3498837671875 0.5307808609375 0.3498837671875 0.5449908640625
0 0.3534627796875 0.540749071875 0.3558487875 0.540749071875 0.3558487875 0.52781160625 0.3534627796875 0.52781160625 0.3534627796875 0.540749071875
0 0.3554908859375 0.5365072796875 0.3582347953125 0.5365072796875 0.3582347953125 0.5212368281249999 0.3554908859375 0.5212368281249999 0.3554908859375 0.5365072796875
0 0.3599050015625 0.5244181718750001 0.3627682109375 0.5244181718750001 0.3627682109375 0.5110565265625 0.3599050015625 0.5110565265625 0.3599050015625 0.5244181718750001
0 0.368017428125 0.5195401109375 0.37147714062500004 0.5195401109375 0.37147714062500004 0.5082993625000001 0.368017428125 0.5082993625000001 0.368017428125 0.5195401109375
0 0.365870021875 0.5195401109375 0.368017428125 0.5195401109375 0.368017428125 0.5095719 0.365870021875 0.5095719 0.365870021875 0.5195401109375
0 0.366943725 0.54159743125 0.3719543421875 0.54159743125 0.3719543421875 0.52526653125 0.366943725 0.52526653125 0.366943725 0.54159743125
0 0.362410309375 0.5352347421875 0.36515421875 0.5352347421875 0.36515421875 0.5261148890625 0.362410309375 0.5261148890625 0.362410309375 0.5352347421875
0 0.366943725 0.528872053125 0.3653928203125 0.528872053125 0.3653928203125 0.5445666859375 0.366943725 0.5445666859375 0.366943725 0.528872053125
0 0.352031175 0.5184796625 0.35370137968750004 0.5184796625 0.35370137968750004 0.51148070625 0.352031175 0.51148070625 0.352031175 0.5184796625
0 0.3497644671875 0.5220851859375 0.352150475 0.5220851859375 0.352150475 0.510632346875 0.3497644671875 0.510632346875 0.3497644671875 0.5220851859375
0 0.3472591578125 0.5201763796875001 0.3497644671875 0.5201763796875001 0.3497644671875 0.50893563125 0.3472591578125 0.50893563125 0.3472591578125 0.5201763796875001
0 0.343918746875 0.5195401109375 0.34570825312500003 0.5195401109375 0.34570825312500003 0.512116975 0.343918746875 0.512116975 0.343918746875 0.5195401109375
0 0.345827553125 0.5131774234375001 0.3472591578125 0.5131774234375001 0.3472591578125 0.5082993625000001 0.345827553125 0.5082993625000001 0.345827553125 0.5131774234375001
0 0.342009940625 0.5108444375000001 0.3433222453125 0.5108444375000001 0.3433222453125 0.5025729421875 0.342009940625 0.5025729421875 0.342009940625 0.5108444375000001
0 0.3535820796875 0.502360853125 0.35596808750000003 0.502360853125 0.35596808750000003 0.4959981640625 0.3535820796875 0.4959981640625 0.3535820796875 0.502360853125
0 0.3582347953125 0.4991795078125 0.3596664 0.4991795078125 0.3596664 0.49133219375000003 0.3582347953125 0.49133219375000003 0.3582347953125 0.4991795078125
0 0.30407241093750004 0.5314171296875 0.30836722656250004 0.5314171296875 0.30836722656250004 0.51529831875 0.30407241093750004 0.51529831875 0.30407241093750004 0.5314171296875
0 0.29524418125 0.533113846875 0.2983459921875 0.533113846875 0.2983459921875 0.52272145625 0.29524418125 0.52272145625 0.29524418125 0.533113846875
0 0.299777596875 0.52908414375 0.30407241093750004 0.52908414375 0.30407241093750004 0.51657085625 0.299777596875 0.51657085625 0.299777596875 0.52908414375
0 0.2896370625 0.541385340625 0.292500271875 0.541385340625 0.292500271875 0.5295083234375 0.2896370625 0.5295083234375 0.2896370625 0.541385340625
0 0.28772825625 0.5337501140625001 0.2896370625 0.5337501140625001 0.2896370625 0.5250544406250001 0.28772825625 0.5250544406250001 0.28772825625 0.5337501140625001
0 0.285222946875 0.5396886234375 0.28796685625 0.5396886234375 0.28796685625 0.5269632468750001 0.285222946875 0.5269632468750001 0.285222946875 0.5396886234375
0 0.2818825359375 0.5352347421875 0.28402994375 0.5352347421875 0.28402994375 0.5242060828125 0.2818825359375 0.5242060828125 0.2818825359375 0.5352347421875
0 0.25074512968749996 0.55177773125 0.25468204375000003 0.55177773125 0.25468204375000003 0.539476534375 0.25074512968749996 0.539476534375 0.25074512968749996 0.55177773125
0 0.2753210140625 0.4966344328125 0.2753210140625 0.5010883140625 0.2753210140625 0.5059663765625 0.277826321875 0.5059663765625 0.277826321875 0.4966344328125 0.2753210140625 0.4966344328125
0 0.2678050890625 0.4836969671875 0.270191096875 0.4836969671875 0.270191096875 0.4769101 0.2678050890625 0.4769101 0.2678050890625 0.4836969671875
0 0.2718613015625 0.5070268234374999 0.2742473109375 0.5070268234374999 0.2742473109375 0.497906971875 0.2718613015625 0.497906971875 0.2718613015625 0.5070268234374999
0 0.266731384375 0.508087271875 0.26935599374999997 0.508087271875 0.26935599374999997 0.5006641359375 0.266731384375 0.5006641359375 0.266731384375 0.508087271875
0 0.30063293281250003 0.4978757515625 0.3022454921875 0.4978757515625 0.3022454921875 0.4916209734375 0.30063293281250003 0.4916209734375 0.30063293281250003 0.4978757515625
0 0.302636415625 0.4978757515625 0.3042978421875 0.4978757515625 0.3042978421875 0.49057851093749993 0.302636415625 0.49057851093749993 0.302636415625 0.4978757515625
0 0.3076206921875 0.49544333749999997 0.3093798484375 0.49544333749999997 0.3093798484375 0.4898835359375 0.3076206921875 0.4898835359375 0.3076206921875 0.49544333749999997
0 0.3098196375 0.4957908265625 0.31167652343749996 0.4957908265625 0.31167652343749996 0.4913603578125 0.3098196375 0.4913603578125 0.3098196375 0.4957908265625
0 0.31221404375 0.4948352359375 0.31411979687499997 0.4948352359375 0.31411979687499997 0.49005728125000003 0.31221404375 0.49005728125000003 0.31221404375 0.4948352359375
0 0.314950509375 0.49353215625 0.3167585296875 0.49353215625 0.3167585296875 0.48849358593750003 0.314950509375 0.48849358593750003 0.314950509375 0.49353215625
0 0.3179313015625 0.49318466875 0.3192995328125 0.49318466875 0.3192995328125 0.4885804578125 0.3179313015625 0.4885804578125 0.3179313015625 0.49318466875
0 0.32467473281250003 0.49248969374999996 0.32746006250000004 0.49248969374999996 0.32746006250000004 0.4863217875 0.32467473281250003 0.4863217875 0.32467473281250003 0.49248969374999996
0 0.328535103125 0.4911866140625 0.3299033359375 0.4911866140625 0.3299033359375 0.485887428125 0.328535103125 0.485887428125 0.328535103125 0.4911866140625
0 0.331544909375 0.5056643609375 0.3337400359375 0.5056643609375 0.3337400359375 0.4971807765625 0.331544909375 0.4971807765625 0.331544909375 0.5056643609375
0 0.329445221875 0.5093971374999999 0.3320221109375 0.5093971374999999 0.3320221109375 0.4971807765625 0.329445221875 0.4971807765625 0.329445221875 0.5093971374999999
0 0.29298701718750003 0.5180503937500001 0.295850228125 0.5180503937500001 0.295850228125 0.507700421875 0.29298701718750003 0.507700421875 0.29298701718750003 0.5180503937500001
0 0.34089806093749997 0.4774988609375 0.33908469375 0.4774988609375 0.33908469375 0.47885623437499997 0.33908469375 0.4937873421875 0.3519691375 0.4937873421875 0.3519691375 0.4774988609375 0.34089806093749997 0.4774988609375
0 0.3650444625 0.4776685328125 0.3549277890625 0.4776685328125 0.3549277890625 0.49039390781250003 0.3650444625 0.49039390781250003 0.3650444625 0.4776685328125
0 0.320750459375 0.4862571671875 0.3230410265625 0.4862571671875 0.3230410265625 0.47624653749999996 0.320750459375 0.47624653749999996 0.320750459375 0.4862571671875
0 0.3050982453125 0.4898835359375 0.3076206921875 0.4898835359375 0.3076206921875 0.48031865781249994 0.3050982453125 0.48031865781249994 0.3050982453125 0.4898835359375
0 0.32170486249999997 0.49491042343749997 0.32466351250000003 0.49491042343749997 0.32466351250000003 0.487953884375 0.32170486249999997 0.487953884375 0.32170486249999997 0.49491042343749997
0 0.3209413390625 0.4885804578125 0.3192995328125 0.4885804578125 0.3192995328125 0.4969464828125 0.3209413390625 0.4969464828125 0.3209413390625 0.4885804578125
0 0.3169328453125 0.5115382484375 0.3233273484375 0.5115382484375 0.3233273484375 0.50152761875 0.3169328453125 0.50152761875 0.3169328453125 0.5115382484375
0 0.3032848796875 0.5115382484375 0.31387875625 0.5115382484375 0.31387875625 0.504242365625 0.3032848796875 0.504242365625 0.3032848796875 0.5115382484375
0 0.2799070125 0.5203717 0.2894510453125 0.5203717 0.2894510453125 0.5081765468749999 0.2799070125 0.5081765468749999 0.2799070125 0.5203717
0 0.26335408125000004 0.535483084375 0.2749858703125 0.535483084375 0.2749858703125 0.5177205796875 0.26335408125000004 0.5177205796875 0.26335408125000004 0.535483084375
0 0.2444151421875 0.5333621875000001 0.2611171984375 0.5333621875000001 0.2611171984375 0.5222274828125 0.2444151421875 0.5222274828125 0.2444151421875 0.5333621875000001
0 0.23218685 0.5426411078125 0.242029134375 0.5426411078125 0.242029134375 0.524878603125 0.23218685 0.524878603125 0.23218685 0.5426411078125
0 0.2350866875 0.5168833171875 0.23985870468749998 0.5168833171875 0.23985870468749998 0.5026733140624999 0.2350866875 0.5026733140624999 0.2350866875 0.5168833171875
0 0.2406938078125 0.516034959375 0.24319911562500002 0.516034959375 0.24319911562500002 0.50309749375 0.2406938078125 0.50309749375 0.2406938078125 0.516034959375
0 0.24319911562500002 0.5145503328125 0.245823725 0.5145503328125 0.245823725 0.50309749375 0.24319911562500002 0.50309749375 0.24319911562500002 0.5145503328125
0 0.245823725 0.5145503328125 0.24952203750000002 0.5145503328125 0.24952203750000002 0.502461225 0.245823725 0.502461225 0.245823725 0.5145503328125
0 0.25310105 0.502461225 0.24952203750000002 0.502461225 0.24952203750000002 0.513489884375 0.25310105 0.513489884375 0.25310105 0.502461225
0 0.2545326546875 0.5105206296875 0.257992365625 0.5105206296875 0.257992365625 0.50055241875 0.2545326546875 0.50055241875 0.2545326546875 0.5105206296875
0 0.18508390624999999 0.5301693234375 0.1908998015625 0.5301693234375 0.1908998015625 0.5177090578125 0.18508390624999999 0.5177090578125 0.18508390624999999 0.5301693234375
0 0.17956626250000002 0.5301693234375 0.18508390624999999 0.5301693234375 0.18508390624999999 0.5195648421875 0.17956626250000002 0.5195648421875 0.17956626250000002 0.5301693234375
0 0.1761363765625 0.5301693234375 0.17956626250000002 0.5301693234375 0.17956626250000002 0.5192997312500001 0.1761363765625 0.5192997312500001 0.1761363765625 0.5301693234375
0 0.1709169828125 0.5293739875 0.174794246875 0.5293739875 0.174794246875 0.5179741703125 0.1709169828125 0.5179741703125 0.1709169828125 0.5293739875
0 0.19239105625 0.5285786515625001 0.194926190625 0.5285786515625001 0.194926190625 0.51267193125 0.19239105625 0.51267193125 0.19239105625 0.5285786515625001
0 0.15900076875 0.5362442625 0.1612376515625 0.5362442625 0.1612376515625 0.5264351171875 0.15900076875 0.5264351171875 0.15900076875 0.5362442625
0 0.15407962656250002 0.5335931421875 0.1572112625 0.5335931421875 0.1572112625 0.5253746687499999 0.15407962656250002 0.5253746687499999 0.15407962656250002 0.5335931421875
0 0.1485619828125 0.5367744859375 0.1519918703125 0.5367744859375 0.1519918703125 0.5253746687499999 0.1485619828125 0.5253746687499999 0.1485619828125 0.5367744859375
0 0.1440882171875 0.5367744859375 0.1485619828125 0.5367744859375 0.1485619828125 0.5267002296875 0.1440882171875 0.5267002296875 0.1440882171875 0.5367744859375
0 0.1394653265625 0.5333280296875 0.1440882171875 0.5333280296875 0.1440882171875 0.5216631015625001 0.1394653265625 0.5216631015625001 0.1394653265625 0.5333280296875
0 0.1291756671875 0.5354489265625 0.132456428125 0.5354489265625 0.132456428125 0.5224584375 0.1291756671875 0.5224584375 0.1291756671875 0.5354489265625
0 0.11590349687499998 0.5370395984375 0.11963163437499999 0.5370395984375 0.11963163437499999 0.5253746687499999 0.11590349687499998 0.5253746687499999 0.11590349687499998 0.5370395984375
0 0.10531558593749998 0.5351838140625 0.108447221875 0.5351838140625 0.108447221875 0.52590489375 0.10531558593749998 0.52590489375 0.10531558593749998 0.5351838140625
0 0.10054357031250001 0.538100046875 0.1041225828125 0.538100046875 0.1041225828125 0.5267002296875 0.10054357031250001 0.5267002296875 0.10054357031250001 0.538100046875
0 0.0983066875 0.5354489265625 0.1017365734375 0.5354489265625 0.1017365734375 0.5282909015625 0.0983066875 0.5282909015625 0.0983066875 0.5354489265625
0 0.09547330312499999 0.5333280296875 0.0983066875 0.5333280296875 0.0983066875 0.527760678125 0.09547330312499999 0.527760678125 0.09547330312499999 0.5333280296875
0 0.0887626546875 0.5365093734374999 0.0930872953125 0.5365093734374999 0.0930872953125 0.52617000625 0.0887626546875 0.52617000625 0.0887626546875 0.5365093734374999
0 0.1311142984375 0.563020575 0.136184565625 0.563020575 0.136184565625 0.5402209421874999 0.1311142984375 0.5402209421874999 0.1311142984375 0.563020575
0 0.14050920625000002 0.5402209421874999 0.136184565625 0.5402209421874999 0.136184565625 0.5643461359375 0.14050920625000002 0.5643461359375 0.14050920625000002 0.5402209421874999
0 0.0905521609375 0.5738901671875001 0.0948768 0.5738901671875001 0.0948768 0.5471138546875001 0.0905521609375 0.5471138546875001 0.0905521609375 0.5738901671875001
0 0.0980084359375 0.5675274796875 0.119333384375 0.5675274796875 0.119333384375 0.5412813890625 0.0980084359375 0.5412813890625 0.0980084359375 0.5675274796875
0 0.1946940484375 0.548656215625 0.22308754375 0.548656215625 0.22308754375 0.5329615859375 0.1946940484375 0.5329615859375 0.1946940484375 0.548656215625
0 0.032867940624999994 0.587988821875 0.0388329609375 0.587988821875 0.0388329609375 0.5641287421875 0.032867940624999994 0.5641287421875 0.032867940624999994 0.587988821875
0 0.027052046875000003 0.588519046875 0.031376685937499996 0.588519046875 0.031376685937499996 0.5638636296875 0.027052046875000003 0.5638636296875 0.027052046875000003 0.588519046875
0 0.021683528125 0.5863981500000001 0.027052046875000003 0.5863981500000001 0.027052046875000003 0.5635985171875 0.021683528125 0.5635985171875 0.021683528125 0.5863981500000001
0 0.01542025625 0.58984460625 0.020490523437499998 0.58984460625 0.020490523437499998 0.564924078125 0.01542025625 0.564924078125 0.01542025625 0.58984460625
0 0.0685089375 0.577914565625 0.07432483125 0.577914565625 0.07432483125 0.5519335890625 0.0685089375 0.5519335890625 0.0685089375 0.577914565625
0 0.07372832968750001 0.554849821875 0.0773073421875 0.554849821875 0.0773073421875 0.5434500046874999 0.07372832968750001 0.5434500046874999 0.07372832968750001 0.554849821875
0 0.078649471875 0.5532591484375 0.0831232375 0.5532591484375 0.0831232375 0.543980228125 0.078649471875 0.543980228125 0.078649471875 0.5532591484375
0 0.14724720468750002 0.5635985171875 0.1667826453125 0.5635985171875 0.1667826453125 0.541063996875 0.14724720468750002 0.541063996875 0.14724720468750002 0.5635985171875
0 0.083288109375 0.540320834375 0.0871362640625 0.540320834375 0.0871362640625 0.53043915625 0.083288109375 0.53043915625 0.083288109375 0.540320834375
0 0.07827940156249999 0.5418410921875 0.0816389015625 0.5418410921875 0.0816389015625 0.5301133859375 0.07827940156249999 0.5301133859375 0.07827940156249999 0.5418410921875
0 0.07540855625000001 0.5396692953125 0.07882913750000001 0.5396692953125 0.07882913750000001 0.5293532562500001 0.07540855625000001 0.5293532562500001 0.07540855625000001 0.5396692953125
0 0.0597716140625 0.5423840421875 0.0649635671875 0.5423840421875 0.0649635671875 0.5288103078125 0.0597716140625 0.5288103078125 0.0597716140625 0.5423840421875
0 0.0488379703125 0.5442300703125 0.053052615625 0.5442300703125 0.053052615625 0.52305504375 0.0488379703125 0.52305504375 0.0488379703125 0.5442300703125
0 0.0422740578125 0.545122596875 0.046568871875 0.545122596875 0.046568871875 0.5361299984375 0.0422740578125 0.5361299984375 0.0422740578125 0.545122596875
0 0.039601728125 0.545122596875 0.04351478125 0.545122596875 0.04351478125 0.529173459375 0.039601728125 0.529173459375 0.039601728125 0.545122596875
0 0.027767128125000002 0.5444439109375 0.031584740625 0.5444439109375 0.031584740625 0.53443328125 0.027767128125000002 0.53443328125 0.027767128125000002 0.5444439109375
0 0.0243312765625 0.5444439109375 0.029007853125 0.5444439109375 0.029007853125 0.5357906546875 0.0243312765625 0.5357906546875 0.0243312765625 0.5444439109375
0 0.012019475 0.54529226875 0.016982371875 0.54529226875 0.016982371875 0.5329062359375001 0.012019475 0.5329062359375001 0.012019475 0.54529226875
0 0.0166006109375 0.5481766875 0.022708790625 0.5481766875 0.022708790625 0.5323972218749999 0.0166006109375 0.5323972218749999 0.0166006109375 0.5481766875
0 0.3705768765625 0.48745576875 0.39216975625 0.48745576875 0.39216975625 0.47513744375 0.3705768765625 0.47513744375 0.3705768765625 0.48745576875
0 0.3949091515625 0.4768562796875 0.4155351859375 0.4768562796875 0.4155351859375 0.4694079890625 0.3949091515625 0.4694079890625 0.3949091515625 0.4768562796875
0 0.21475363593750002 0.533004928125 0.23022316250000002 0.533004928125 0.23022316250000002 0.517821875 0.21475363593750002 0.517821875 0.21475363593750002 0.533004928125
0 0.8848045250000001 0.9419309890625 0.9625030734375001 0.9419309890625 0.9625030734375001 0.8816080640624999 0.8848045250000001 0.8816080640624999 0.8848045250000001 0.9419309890625
0 0.11963163437499999 0.5647049703125 0.1307207265625 0.5647049703125 0.1307207265625 0.5253746687499999 0.11963163437499999 0.5253746687499999 0.11963163437499999 0.5647049703125
0 0.10984718125 0.5412813890625 0.1159524875 0.5412813890625 0.1159524875 0.5253963328125 0.10984718125 0.5253963328125 0.10984718125 0.5412813890625
0 0.1331958515625 0.5402209421874999 0.139713678125 0.5402209421874999 0.139713678125 0.5240762671875 0.1331958515625 0.5240762671875 0.1331958515625 0.5402209421874999
0 0.1385586203125 0.5647049703125 0.14713905 0.5647049703125 0.14713905 0.5336100781249999 0.1385586203125 0.5336100781249999 0.1385586203125 0.5647049703125
0 0.1623198109375 0.53713025625 0.16908515 0.53713025625 0.16908515 0.5268630734374999 0.1623198109375 0.5268630734374999 0.1623198109375 0.53713025625
0 0.176015496875 0.5507709390625 0.1941664078125 0.5507709390625 0.1941664078125 0.53317005625 0.176015496875 0.53317005625 0.176015496875 0.5507709390625
0 0.2054694734375 0.53698358125 0.2153699703125 0.53698358125 0.2153699703125 0.5180626328125 0.2054694734375 0.5180626328125 0.2054694734375 0.53698358125
0 0.2414114484375 0.5440086890625 0.25074512968749996 0.5440086890625 0.25074512968749996 0.5266424859375001 0.2414114484375 0.5266424859375001 0.2414114484375 0.5440086890625
0 0.2686048125 0.5227702921875 0.28041940468750004 0.5227702921875 0.28041940468750004 0.5096282984375 0.2686048125 0.5096282984375 0.2686048125 0.5227702921875
0 0.29091392968749996 0.533113846875 0.29524418125 0.533113846875 0.29524418125 0.5198368109375 0.29091392968749996 0.5198368109375 0.29091392968749996 0.533113846875
0 0.2963262015625 0.5200714890625 0.3021344921875 0.5200714890625 0.3021344921875 0.5048173921875 0.2963262015625 0.5048173921875 0.2963262015625 0.5200714890625
0 0.3498837671875 0.560165771875 0.353549009375 0.560165771875 0.353549009375 0.5449908640625 0.3498837671875 0.5449908640625 0.3498837671875 0.560165771875
0 0.3307778671875 0.557378965625 0.3335830078125 0.557378965625 0.3335830078125 0.5441783046875 0.3307778671875 0.5441783046875 0.3307778671875 0.557378965625
0 0.362294446875 0.5614858390624999 0.3771451921875 0.5614858390624999 0.3771451921875 0.54197819375 0.362294446875 0.54197819375 0.362294446875 0.5614858390624999
0 0.3835464421875 0.560165771875 0.4111368953125 0.560165771875 0.4111368953125 0.53949534375 0.3835464421875 0.53949534375 0.3835464421875 0.560165771875
0 0.4348155828125 0.541538171875 0.416912184375 0.541538171875 0.416912184375 0.5548855078125 0.4348155828125 0.5548855078125 0.4348155828125 0.541538171875
0 0.4383632609375 0.5358178859375 0.4422409546875 0.5358178859375 0.4422409546875 0.5254040296875 0.4383632609375 0.5254040296875 0.4383632609375 0.5358178859375
0 0.4211198953125 0.5258440515625 0.4230999953125 0.5258440515625 0.4230999953125 0.51587021875 0.4211198953125 0.51587021875 0.4211198953125 0.5258440515625
0 0.425987640625 0.5132300859375001 0.424502565625 0.5132300859375001 0.424502565625 0.5234972671875 0.425987640625 0.5234972671875 0.425987640625 0.5132300859375001
0 0.38547810937500004 0.5223238765625 0.387788225 0.5223238765625 0.387788225 0.514990175 0.38547810937500004 0.514990175 0.38547810937500004 0.5223238765625
0 0.45362652499999995 0.5390447140625 0.44775895312499997 0.5390447140625 0.44775895312499997 0.5512186578125 0.45362652499999995 0.5512186578125 0.45362652499999995 0.5390447140625
0 0.45799924531249997 0.5501919390625 0.46319700468749997 0.5501919390625 0.46319700468749997 0.5386046921875 0.45799924531249997 0.5386046921875 0.45799924531249997 0.5501919390625
0 0.4650946 0.5497519171875 0.4797803359375 0.5497519171875 0.4797803359375 0.53273773125 0.4650946 0.53273773125 0.4650946 0.5497519171875
0 0.481842940625 0.54945856875 0.5037065359375 0.54945856875 0.5037065359375 0.5361112328125001 0.481842940625 0.5361112328125001 0.481842940625 0.54945856875
0 0.5062641640625001 0.54945856875 0.5168246937500001 0.54945856875 0.5168246937500001 0.5388980390625 0.5062641640625001 0.5388980390625 0.5062641640625001 0.54945856875
0 0.519877346875 0.5484318515625 0.5316754375 0.5484318515625 0.5316754375 0.5361112328125001 0.519877346875 0.5361112328125001 0.519877346875 0.5484318515625
0 0.5323354703125001 0.544765 0.541823446875 0.544765 0.541823446875 0.5320043609375 0.5323354703125001 0.5320043609375 0.5323354703125001 0.544765
0 0.5214449250000001 0.5243773125 0.5247787640625 0.5243773125 0.5247787640625 0.5148435015625 0.5214449250000001 0.5148435015625 0.5214449250000001 0.5243773125
0 0.5307678921875 0.5212971578125 0.53304801875 0.5212971578125 0.53304801875 0.514403478125 0.5307678921875 0.514403478125 0.5307678921875 0.5212971578125
0 0.5263126687499999 0.49891883281249993 0.5233425203125 0.49891883281249993 0.5233425203125 0.5085365171875 0.5263126687499999 0.5085365171875 0.5263126687499999 0.49891883281249993
0 0.5167421890624999 0.5133767609375 0.5192998171875 0.5133767609375 0.5192998171875 0.5067764296874999 0.5167421890624999 0.5067764296874999 0.5167421890624999 0.5133767609375
0 0.49892129531249996 0.5124967171875 0.5018089406249999 0.5124967171875 0.5018089406249999 0.5061897328125 0.49892129531249996 0.5061897328125 0.49892129531249996 0.5124967171875
0 0.5572517203125 0.552245375 0.5600568609375001 0.552245375 0.5600568609375001 0.54197819375 0.5572517203125 0.54197819375 0.5572517203125 0.552245375
0 0.5441335625 0.5405114531249999 0.5517239421875 0.5405114531249999 0.5517239421875 0.5305376203125001 0.5441335625 0.5305376203125001 0.5441335625 0.5405114531249999
0 0.5735875390625 0.5465250890625 0.5789503078125 0.5465250890625 0.5789503078125 0.5337644484374999 0.5735875390625 0.5337644484374999 0.5735875390625 0.5465250890625
0 0.592315978125 0.54403163125 0.598421284375 0.54403163125 0.598421284375 0.5305376203125001 0.592315978125 0.5305376203125001 0.592315978125 0.54403163125
0 0.601803953125 0.5449116734375 0.60658919375 0.5449116734375 0.60658919375 0.534057796875 0.601803953125 0.534057796875 0.601803953125 0.5449116734375
0 0.6158296562500001 0.5424182156249999 0.619377334375 0.5424182156249999 0.619377334375 0.5317110125 0.6158296562500001 0.5317110125 0.6158296562500001 0.5424182156249999
0 0.6250618765625 0.544765 0.6282052765625 0.544765 0.6282052765625 0.5313696984375 0.6250618765625 0.5313696984375 0.6250618765625 0.544765
0 0.632082971875 0.5309776421875 0.6296903515625 0.5309776421875 0.6296903515625 0.5399247578125 0.632082971875 0.5399247578125 0.632082971875 0.5309776421875
0 0.6346406 0.5425648890625 0.64025088125 0.5425648890625 0.64025088125 0.5199770921875 0.6346406 0.5199770921875 0.6346406 0.5425648890625
0 0.6937960640624999 0.5274574671875001 0.714009578125 0.5274574671875001 0.714009578125 0.5179236546875 0.6937960640624999 0.5179236546875 0.6937960640624999 0.5274574671875001
0 0.7187123140625 0.518070328125 0.72580766875 0.518070328125 0.72580766875 0.511763346875 0.7187123140625 0.511763346875 0.7187123140625 0.518070328125
0 0.7295203546875 0.515283521875 0.7316654625 0.515283521875 0.7316654625 0.5102966062500001 0.7295203546875 0.5102966062500001 0.7295203546875 0.515283521875
0 0.7386783140625 0.510736628125 0.7349870609375 0.510736628125 0.7349870609375 0.5195370687499999 0.7386783140625 0.5195370687499999 0.7386783140625 0.510736628125
0 0.6879382703125 0.5148435015625 0.683730559375 0.5148435015625 0.683730559375 0.5234972671875 0.6879382703125 0.5234972671875 0.6879382703125 0.5148435015625
0 0.6806779078125 0.524817334375 0.6777157078125 0.524817334375 0.6777157078125 0.5347911671875 0.6806779078125 0.5347911671875 0.6806779078125 0.524817334375
0 0.666899715625 0.5240839640625 0.6777157078125 0.5240839640625 0.6777157078125 0.5138167828125 0.666899715625 0.5138167828125 0.666899715625 0.5240839640625
0 0.6628570140625001 0.5229882578125 0.6542815046875 0.5229882578125 0.6542815046875 0.5352311890625 0.6628570140625001 0.5352311890625 0.6628570140625001 0.5229882578125
0 0.6502338812499999 0.5286308578125001 0.65361655 0.5286308578125001 0.65361655 0.5179236546875 0.6502338812499999 0.5179236546875 0.6502338812499999 0.5286308578125001
0 0.641075921875 0.5249640078125 0.6437985578125 0.5249640078125 0.6437985578125 0.5168969375 0.641075921875 0.5168969375 0.641075921875 0.5249640078125
0 0.6451186250000001 0.5211504828125 0.6502338812499999 0.5211504828125 0.6502338812499999 0.5129367375 0.6451186250000001 0.5129367375 0.6451186250000001 0.5211504828125
0 0.6095593421875 0.5207104609375001 0.6120344656250001 0.5207104609375001 0.6120344656250001 0.5139634562500001 0.6095593421875 0.5139634562500001 0.6095593421875 0.5207104609375001
0 0.6135312703125 0.5148435015625 0.6154996390624999 0.5148435015625 0.6154996390624999 0.505955203125 0.6135312703125 0.505955203125 0.6135312703125 0.5148435015625
0 0.0760318578125 0.5738901671875001 0.09097500625 0.5738901671875001 0.09097500625 0.5560117859375 0.0760318578125 0.5560117859375 0.0760318578125 0.5738901671875001
0 0.5331484078125001 0.4798817140625 0.537964009375 0.4798817140625 0.537964009375 0.4715459359375 0.5331484078125001 0.4715459359375 0.5331484078125001 0.4798817140625
0 0.4380265125 0.51318613125 0.4426224546875 0.51318613125 0.4426224546875 0.50304501875 0.4380265125 0.50304501875 0.4380265125 0.51318613125
0 0.34168190468750004 0.5257740921875 0.3436757328125 0.5257740921875 0.3436757328125 0.5121965375 0.34168190468750004 0.5121965375 0.34168190468750004 0.5257740921875
0 0.4749476046875 0.5340771859375 0.4797803359375 0.5340771859375 0.4797803359375 0.521986553125 0.4749476046875 0.521986553125 0.4749476046875 0.5340771859375
0 0.6346817703125 0.5182292562499999 0.636790496875 0.5182292562499999 0.636790496875 0.5089052015625 0.6346817703125 0.5089052015625 0.6346817703125 0.5182292562499999
0 0.0019261312499999998 0.681591440625 0.0060408843750000005 0.681591440625 0.0060408843750000005 0.6701416921875001 0.0019261312499999998 0.6701416921875001 0.0019261312499999998 0.681591440625
0 0.0109606984375 0.6733221765625 0.0148965484375 0.6733221765625 0.0148965484375 0.6629855984375 0.0109606984375 0.6629855984375 0.0109606984375 0.6733221765625
0 0.0169539265625 0.6747533953125 0.038243303125 0.6747533953125 0.038243303125 0.6572607234375 0.0169539265625 0.6572607234375 0.0169539265625 0.6747533953125
0 0.04235805625 0.660441209375 0.0445943359375 0.660441209375 0.0445943359375 0.650740728125 0.04235805625 0.650740728125 0.04235805625 0.660441209375
0 0.0498719546875 0.657896821875 0.054165609375 0.657896821875 0.054165609375 0.6461290234375 0.0498719546875 0.6461290234375 0.0498719546875 0.657896821875
0 0.058459265625 0.6545573109375 0.0623951171875 0.6545573109375 0.0623951171875 0.6427895140625 0.058459265625 0.6427895140625 0.058459265625 0.6545573109375
0 0.067046578125 0.6539212140624999 0.072860903125 0.6539212140624999 0.072860903125 0.6391319546875 0.067046578125 0.6391319546875 0.067046578125 0.6539212140624999
0 0.07500773125 0.6496275578125 0.096476009375 0.6496275578125 0.096476009375 0.63579244375 0.07500773125 0.63579244375 0.07500773125 0.6496275578125
0 0.0967443640625 0.6435846359374999 0.10398990781249999 0.6435846359374999 0.10398990781249999 0.6322939109375 0.0967443640625 0.6322939109375 0.0967443640625 0.6435846359374999
0 0.1083730140625 0.639290978125 0.11499240156249999 0.639290978125 0.11499240156249999 0.6300675703125 0.1083730140625 0.6300675703125 0.1083730140625 0.639290978125
0 0.11937550781249999 0.635156346875 0.1266210515625 0.635156346875 0.1266210515625 0.62481976875 0.11937550781249999 0.62481976875 0.11937550781249999 0.635156346875
0 0.1293045875 0.63038561875 0.143974578125 0.63038561875 0.143974578125 0.6202080640625 0.1293045875 0.6202080640625 0.1293045875 0.63038561875
0 0.1631171265625 0.625455865625 0.1766242515625 0.625455865625 0.1766242515625 0.6159144078125001 0.1631171265625 0.6159144078125001 0.1631171265625 0.625455865625
0 0.232173425 0.598898809375 0.2388822625 0.598898809375 0.2388822625 0.583314428125 0.232173425 0.583314428125 0.232173425 0.598898809375
0 0.29906179375 0.5624822468749999 0.30221368593750003 0.5624822468749999 0.30221368593750003 0.5524140015625 0.29906179375 0.5524140015625 0.29906179375 0.5624822468749999
0 0.2578459078125 0.550078353125 0.2748416296875 0.550078353125 0.2748416296875 0.5370383609375 0.2578459078125 0.5370383609375 0.2578459078125 0.550078353125
0 0.285222946875 0.551191521875 0.2916584484375 0.551191521875 0.2916584484375 0.5396886234375 0.285222946875 0.5396886234375 0.285222946875 0.551191521875
0 0.31106935 0.5489651828125 0.3204617234375 0.5489651828125 0.3204617234375 0.5349710437499999 0.31106935 0.5349710437499999 0.31106935 0.5489651828125
0 0.3248448296875 0.5510324984375 0.327617815625 0.5510324984375 0.327617815625 0.5362432390625 0.3248448296875 0.5362432390625 0.3248448296875 0.5510324984375
0 0.3298540953125 0.52972324375 0.32690220625 0.52972324375 0.32690220625 0.544194453125 0.3298540953125 0.544194453125 0.3298540953125 0.52972324375
0 0.3438084765625 0.52383934375 0.3380730265625 0.52383934375 0.3380730265625 0.5375154328125 0.3438084765625 0.5375154328125 0.3438084765625 0.52383934375
0 0.4652444671875 0.47665432656249995 0.4686238359375 0.47665432656249995 0.4686238359375 0.4708343015625 0.4652444671875 0.4708343015625 0.4652444671875 0.47665432656249995
0 0.47490405156250004 0.5000048296874999 0.47052143125 0.5000048296874999 0.47052143125 0.5062003390625 0.47490405156250004 0.5062003390625 0.47490405156250004 0.5000048296874999
0 0.46629722031250004 0.4978457875 0.46877894375 0.4978457875 0.46877894375 0.4930583484375 0.46629722031250004 0.4930583484375 0.46629722031250004 0.4978457875
