0 0.265625 0.4515625 0.26424684374999996 0.4515625 0.25534144531249997 0.451769775 0.25501778124999996 0.4703125 0.2649115625 0.4703125 0.265625 0.4702958953125 0.265625 0.4515625
0 0.26681920625 0.540513684375 0.26663609843749997 0.55625 0.2796875 0.55625 0.2796875 0.540363946875 0.26681920625 0.540513684375
0 0.4 0.4625 0.39773996718750004 0.4625 0.3866043546875 0.4626943734375 0.3863964078125 0.4984375 0.4 0.4984375 0.4 0.4625
0 0.310589275 0.6283714015624999 0.3103753890625 0.640625 0.3171875 0.640625 0.3171875 0.6285249765625001 0.310589275 0.6283714015624999
0 0.2375 0.5987235734375 0.2296875 0.5988599406249999 0.2296875 0.6178206828125 0.2302182765625 0.640625 0.2375 0.640625 0.2375 0.5987235734375
0 0.1504445 0.5838810453125001 0.15086841875 0.6203125 0.1625 0.6203125 0.1625 0.584231825 0.1504445 0.5838810453125001
0 0.2858284546875 1 0.2859375 0.9906287203125 0.2859375 0.91875 0.24856793437500002 0.91875 0.22612663125000002 0.9190111281250001 0.22518424062500003 1 0.2858284546875 1
0 0.609375 1 0.609375 0.90625 0.5553445375 0.90625 0.5365218453125 0.906688103125 0.5359375 0.9401652265625 0.5359375 1 0.609375 1
0 0.609375 1 0.609375 0.83947628125 0.55526689375 0.8379018968749999 0.5546875 0.8710953531250001 0.5546875 1 0.609375 1
0 0.4806832359375 1 0.4806832359375 0.8437245921875001 0.413634734375 0.8437245921875001 0.413634734375 1 0.4806832359375 1
0 0.3465862328125 0.9957600093749999 0.393167296875 0.9957600093749999 0.393167296875 0.9052926546875 0.3465862328125 0.9052926546875 0.3465862328125 0.9957600093749999
0 0.46656776093749996 0.8261337171875001 0.5067968625 0.8261337171875001 0.5067968625 0.7582831999999999 0.46656776093749996 0.7582831999999999 0.46656776093749996 0.8261337171875001
0 0.50326799375 0.8713673953125 0.568199175 0.8713673953125 0.568199175 0.7884389859375001 0.50326799375 0.7884389859375001 0.50326799375 0.8713673953125
0 0.324001475 0.9052926546875 0.3875211078125 0.9052926546875 0.3875211078125 0.8160817890625 0.324001475 0.8160817890625 0.324001475 0.9052926546875
0 0.288712790625 0.8638284484375 0.328941890625 0.8638284484375 0.328941890625 0.8060298593749999 0.288712790625 0.8060298593749999 0.288712790625 0.8638284484375
0 0.21813542031250002 0.8726238859375 0.25836452187500003 0.8726238859375 0.25836452187500003 0.8022603875 0.21813542031250002 0.8022603875 0.21813542031250002 0.8726238859375
0 0.1687312609375 0.7871824953125 0.2047257203125 0.7871824953125 0.2047257203125 0.7381793437499999 0.1687312609375 0.7381793437499999 0.1687312609375 0.7871824953125
0 0.1962564359375 0.8110558250000001 0.22307583593750002 0.8110558250000001 0.22307583593750002 0.7507442531249999 0.1962564359375 0.7507442531249999 0.1962564359375 0.8110558250000001
0 0.21742964687500002 0.79095196875 0.25271833125 0.79095196875 0.25271833125 0.7344098703124999 0.21742964687500002 0.7344098703124999 0.21742964687500002 0.79095196875
0 0.3585843859375 0.66875 0.3585843859375 0.6954586484374999 0.3974019390625 0.6954586484374999 0.3974019390625 0.66875 0.3585843859375 0.66875
0 0.42098230625 0.9875624109375 0.46603298750000005 0.9875624109375 0.46603298750000005 0.7916124625000001 0.42098230625 0.7916124625000001 0.42098230625 0.9875624109375
0 0.5089882890624999 1 0.5089882890624999 0.8115079953125001 0.463239146875 0.8115079953125001 0.463239146875 1 0.5089882890624999 1
0 0.3669472984375 0.8095315968750001 0.4451748390625 0.8095315968750001 0.4451748390625 0.7513371656250001 0.3669472984375 0.7513371656250001 0.3669472984375 0.8095315968750001
0 0.65625 1 0.65625 0.9453184499999999 0.6273402484374999 0.9459913312499999 0.6265625 0.9905485296875 0.6265625 1 0.65625 1
0 0.7046875 1 0.7046875 0.9594045281250001 0.6581575796875 0.9602167109374999 0.6579261265625 1 0.7046875 1
