0 0.738269065625 0.054525131250000004 0.738075315625 0.065625 0.7421875 0.065625 0.7421875 0.054411117187500004 0.738269065625 0.054525131250000004
0 0.64375 0.021875 0.64375 0.009619921875 0.6407582703125 0.009585109375000001 0.640625 0.015310956249999999 0.640625 0.021875 0.64375 0.021875
0 0.4867439734375 0.104300384375 0.48648492968749996 0.1265625 0.4890625 0.1265625 0.4890625 0.104300384375 0.4867439734375 0.104300384375
0 0.6973379062499999 0.065836371875 0.6974275796875 0.08125 0.7014796484375 0.08125 0.7013901125 0.06585994687499999 0.6973379062499999 0.065836371875
0 0.6450890375 0.021210890625 0.64803205625 0.021210890625 0.64803205625 0.010369984375 0.6450890375 0.010369984375 0.6450890375 0.021210890625
0 0.6334437859375 0.0217383375 0.6363188281250001 0.0217383375 0.6363188281250001 0.009876390625 0.6334437859375 0.009876390625 0.6334437859375 0.0217383375
0 0.6588946140624999 0.019587621875 0.6629518890625 0.019587621875 0.6629518890625 0.008505848437500001 0.6588946140624999 0.008505848437500001 0.6588946140624999 0.019587621875
0 0.6060278218749999 0.0228340984375 0.609394546875 0.0228340984375 0.609394546875 0.011226545312499999 0.6060278218749999 0.011226545312499999 0.6060278218749999 0.0228340984375
0 0.5917857296875 0.022526234375000002 0.594850959375 0.022526234375000002 0.594850959375 0.01075015625 0.5917857296875 0.01075015625 0.5917857296875 0.022526234375000002
0 0.42973086406250005 0.071130915625 0.433243128125 0.071130915625 0.433243128125 0.0507117515625 0.42973086406250005 0.0507117515625 0.42973086406250005 0.071130915625
0 0.58567186875 0.0244849203125 0.5887839671874999 0.0244849203125 0.5887839671874999 0.012174228125 0.58567186875 0.012174228125 0.58567186875 0.0244849203125
0 0.6422035125 0.021883884375000003 0.6452234671875 0.021883884375000003 0.6452234671875 0.009835803125 0.6422035125 0.009835803125 0.6422035125 0.021883884375000003
0 0.5044298406250001 0.028657365624999997 0.50753610625 0.028657365624999997 0.50753610625 0.0183688640625 0.5044298406250001 0.0183688640625 0.5044298406250001 0.028657365624999997
0 0.6026870671875 0.023986415625 0.6056426546875 0.023986415625 0.6056426546875 0.011773946875 0.6026870671875 0.011773946875 0.6026870671875 0.023986415625
0 0.631886696875 0.062591521875 0.6356352546874999 0.062591521875 0.6356352546874999 0.051067490625 0.631886696875 0.051067490625 0.631886696875 0.062591521875
0 0.7111365421875 0.086910603125 0.7152333953125 0.086910603125 0.7152333953125 0.07929313125000001 0.7111365421875 0.07929313125000001 0.7111365421875 0.086910603125
0 0.6043477578124999 0.0234935 0.6074418734375 0.0234935 0.6074418734375 0.011764309375 0.6043477578124999 0.011764309375 0.6043477578124999 0.0234935
0 0.5884705625000001 0.0238965609375 0.591322896875 0.0238965609375 0.591322896875 0.013420196875000002 0.5884705625000001 0.013420196875000002 0.5884705625000001 0.0238965609375
0 0.75303866875 0.097747803125 0.7568465265625 0.097747803125 0.7568465265625 0.07254714062499999 0.75303866875 0.07254714062499999 0.75303866875 0.097747803125
0 0.47385928125000004 0.10712250625 0.47864481249999996 0.10712250625 0.47864481249999996 0.082653153125 0.47385928125000004 0.082653153125 0.47385928125000004 0.10712250625
0 0.6725497890625001 0.0196193125 0.6765272812500001 0.0196193125 0.6765272812500001 0.0104749734375 0.6725497890625001 0.0104749734375 0.6725497890625001 0.0196193125
0 0.6758730453125 0.0783297578125 0.6788039140625 0.0783297578125 0.6788039140625 0.06587055625 0.6758730453125 0.06587055625 0.6758730453125 0.0783297578125
0 0.7027960078125 0.06885846718750001 0.7060810046875 0.06885846718750001 0.7060810046875 0.05385234375 0.7027960078125 0.05385234375 0.7027960078125 0.06885846718750001
0 0.46231808125 0.02795694375 0.4649181515625 0.02795694375 0.4649181515625 0.016015365625 0.46231808125 0.016015365625 0.46231808125 0.02795694375
0 0.61209318125 0.0229896203125 0.6154916390625 0.0229896203125 0.6154916390625 0.011166096875 0.61209318125 0.011166096875 0.61209318125 0.0229896203125
0 0.6872095109374999 0.0194086859375 0.6912004734374999 0.0194086859375 0.6912004734374999 0.007286782812500001 0.6872095109374999 0.007286782812500001 0.6872095109374999 0.0194086859375
0 0.6635185296875 0.07170108124999999 0.666369684375 0.07170108124999999 0.666369684375 0.06255173750000001 0.6635185296875 0.06255173750000001 0.6635185296875 0.07170108124999999
0 0.435634365625 0.070531096875 0.43896359374999994 0.070531096875 0.43896359374999994 0.050054975 0.435634365625 0.050054975 0.435634365625 0.070531096875
0 0.7066722265625 0.0207873203125 0.70951275625 0.0207873203125 0.70951275625 0.0104914671875 0.7066722265625 0.0104914671875 0.7066722265625 0.0207873203125
0 0.500059646875 0.02700753125 0.5024957062500001 0.02700753125 0.5024957062500001 0.016594365625 0.500059646875 0.016594365625 0.500059646875 0.02700753125
0 0.66463098125 0.0181670703125 0.6678487625 0.0181670703125 0.6678487625 0.006462406249999999 0.66463098125 0.006462406249999999 0.66463098125 0.0181670703125
0 0.7309818203124999 0.026321875 0.7338493625 0.026321875 0.7338493625 0.013595303125 0.7309818203124999 0.013595303125 0.7309818203124999 0.026321875
0 0.641107934375 0.064508321875 0.644544928125 0.064508321875 0.644544928125 0.0499723796875 0.641107934375 0.0499723796875 0.641107934375 0.064508321875
0 0.6241405078125 0.020957081250000002 0.627133453125 0.020957081250000002 0.627133453125 0.0096811453125 0.6241405078125 0.0096811453125 0.6241405078125 0.020957081250000002
0 0.6815257062500001 0.01900723125 0.6855350015624999 0.01900723125 0.6855350015624999 0.008923889062499999 0.6815257062500001 0.008923889062499999 0.6815257062500001 0.01900723125
0 0.6460385546875 0.065978015625 0.65003785 0.065978015625 0.65003785 0.055167564062499994 0.6460385546875 0.055167564062499994 0.6460385546875 0.065978015625
0 0.6788487359375 0.0759232859375 0.68232565625 0.0759232859375 0.68232565625 0.0561792171875 0.6788487359375 0.0561792171875 0.6788487359375 0.0759232859375
0 0.63045285625 0.0216077421875 0.6336204343749999 0.0216077421875 0.6336204343749999 0.0100485625 0.63045285625 0.0100485625 0.63045285625 0.0216077421875
0 0.747087671875 0.097336278125 0.7509833671875 0.097336278125 0.7509833671875 0.079175478125 0.747087671875 0.079175478125 0.747087671875 0.097336278125
0 0.625676490625 0.021771048437500003 0.6289589875 0.021771048437500003 0.6289589875 0.010386139062499999 0.625676490625 0.010386139062499999 0.625676490625 0.021771048437500003
0 0.62239125 0.021590075 0.6251953953125 0.021590075 0.6251953953125 0.0103169796875 0.62239125 0.0103169796875 0.62239125 0.021590075
0 0.620042715625 0.0213886828125 0.6231456484375 0.0213886828125 0.6231456484375 0.0114579296875 0.620042715625 0.0114579296875 0.620042715625 0.0213886828125
0 0.6938007171875 0.0197010125 0.6967159609375 0.0197010125 0.6967159609375 0.00982388125 0.6938007171875 0.00982388125 0.6938007171875 0.0197010125
0 0.59788816875 0.02312580625 0.6020767515625 0.02312580625 0.6020767515625 0.0126808265625 0.59788816875 0.0126808265625 0.59788816875 0.02312580625
0 0.7298409343750001 0.08541289375 0.732337475 0.08541289375 0.732337475 0.075124703125 0.7298409343750001 0.075124703125 0.7298409343750001 0.08541289375
0 0.5246564671875 0.025138639062500003 0.527735790625 0.025138639062500003 0.527735790625 0.015883040625 0.5246564671875 0.015883040625 0.5246564671875 0.025138639062500003
0 0.44190352343750006 0.0497636984375 0.444945246875 0.0497636984375 0.444945246875 0.0330810859375 0.44190352343750006 0.0330810859375 0.44190352343750006 0.0497636984375
0 0.4612671875 0.0277385640625 0.463813825 0.0277385640625 0.463813825 0.015318589062499999 0.4612671875 0.015318589062499999 0.4612671875 0.0277385640625
0 0.6514558578124999 0.021466553125000003 0.6544094328125001 0.021466553125000003 0.6544094328125001 0.009096678125 0.6514558578124999 0.009096678125 0.6514558578124999 0.021466553125000003
0 0.6963856156249999 0.0199866046875 0.6995211140625 0.0199866046875 0.6995211140625 0.00998184375 0.6963856156249999 0.00998184375 0.6963856156249999 0.0199866046875
0 0.5805927921875 0.0246130765625 0.583200846875 0.0246130765625 0.583200846875 0.011705190625 0.5805927921875 0.011705190625 0.5805927921875 0.0246130765625
0 0.5788806484375 0.024772457812500003 0.581645075 0.024772457812500003 0.581645075 0.012032296875 0.5788806484375 0.012032296875 0.5788806484375 0.024772457812500003
0 0.5138500859375 0.025313590625 0.5170842546875 0.025313590625 0.5170842546875 0.017763515625 0.5138500859375 0.017763515625 0.5138500859375 0.025313590625
0 0.7084397453125 0.021798785937500002 0.7113663078125001 0.021798785937500002 0.7113663078125001 0.0105563328125 0.7084397453125 0.0105563328125 0.7084397453125 0.021798785937500002
0 0.687053728125 0.07767409374999999 0.6900884046875 0.07767409374999999 0.6900884046875 0.0626847734375 0.687053728125 0.0626847734375 0.687053728125 0.07767409374999999
0 0.46610418906250006 0.086249625 0.46987934062500003 0.086249625 0.46987934062500003 0.075247915625 0.46610418906250006 0.075247915625 0.46610418906250006 0.086249625
0 0.7475235625 0.018840032812499997 0.75037110625 0.018840032812499997 0.75037110625 0.007860253125 0.7475235625 0.007860253125 0.7475235625 0.018840032812499997
0 0.46037212656250004 0.0270104359375 0.46279256249999995 0.0270104359375 0.46279256249999995 0.014752253125 0.46037212656250004 0.014752253125 0.46037212656250004 0.0270104359375
0 0.45669140781250006 0.090977965625 0.45966126406249996 0.090977965625 0.45966126406249996 0.07744348125 0.45669140781250006 0.07744348125 0.45669140781250006 0.090977965625
0 0.538603346875 0.0244967203125 0.5413745796875 0.0244967203125 0.5413745796875 0.0167147984375 0.538603346875 0.0167147984375 0.538603346875 0.0244967203125
0 0.5226992796875 0.060858907812499995 0.5264421453125 0.060858907812499995 0.5264421453125 0.039993532812499996 0.5226992796875 0.039993532812499996 0.5226992796875 0.060858907812499995
0 0.5902748843750001 0.0225238578125 0.5932049890625001 0.0225238578125 0.5932049890625001 0.011977748437500001 0.5902748843750001 0.011977748437500001 0.5902748843750001 0.0225238578125
0 0.756098134375 0.0713867 0.7581680171875 0.0713867 0.7581680171875 0.057646809375 0.756098134375 0.057646809375 0.756098134375 0.0713867
0 0.716728340625 0.0779898328125 0.720275809375 0.0779898328125 0.720275809375 0.054618187500000005 0.716728340625 0.054618187500000005 0.716728340625 0.0779898328125
0 0.576242978125 0.02395725625 0.5791558625000001 0.02395725625 0.5791558625000001 0.0123569328125 0.576242978125 0.0123569328125 0.576242978125 0.02395725625
0 0.504482403125 0.136818303125 0.5081430546875 0.136818303125 0.5081430546875 0.112745803125 0.504482403125 0.112745803125 0.504482403125 0.136818303125
0 0.5081847859375 0.026238754687499997 0.5106084859375 0.026238754687499997 0.5106084859375 0.0176954375 0.5081847859375 0.0176954375 0.5081847859375 0.026238754687499997
0 0.723025134375 0.0734469765625 0.7266103078125 0.0734469765625 0.7266103078125 0.0535925734375 0.723025134375 0.0535925734375 0.723025134375 0.0734469765625
0 0.5210432078125 0.10316439531249999 0.5247525328125 0.10316439531249999 0.5247525328125 0.0867598375 0.5210432078125 0.0867598375 0.5210432078125 0.10316439531249999
0 0.5183025265625 0.0260490703125 0.5215884953125001 0.0260490703125 0.5215884953125001 0.016379445312499998 0.5183025265625 0.016379445312499998 0.5183025265625 0.0260490703125
0 0.43059498906249993 0.036097909375 0.434442809375 0.036097909375 0.434442809375 0.0267734296875 0.43059498906249993 0.0267734296875 0.43059498906249993 0.036097909375
0 0.5640279968749999 0.0234395390625 0.567097321875 0.0234395390625 0.567097321875 0.0139630265625 0.5640279968749999 0.0139630265625 0.5640279968749999 0.0234395390625
0 0.649903525 0.020158034375 0.6533005234375 0.020158034375 0.6533005234375 0.0085200265625 0.649903525 0.0085200265625 0.649903525 0.020158034375
0 0.6784922453125001 0.019355495312500002 0.6816160796874999 0.019355495312500002 0.6816160796874999 0.0079791109375 0.6784922453125001 0.0079791109375 0.6784922453125001 0.019355495312500002
0 0.6541368921874999 0.02065026875 0.6570048500000001 0.02065026875 0.6570048500000001 0.0106793609375 0.6541368921874999 0.0106793609375 0.6541368921874999 0.02065026875
0 0.42290574062499997 0.05375350156249999 0.42598839843749997 0.05375350156249999 0.42598839843749997 0.0365139734375 0.42290574062499997 0.0365139734375 0.42290574062499997 0.05375350156249999
0 0.4265432171875 0.05303473125 0.4293739921875 0.05303473125 0.4293739921875 0.0369213265625 0.4265432171875 0.0369213265625 0.4265432171875 0.05303473125
0 0.502729465625 0.13631976562499998 0.5071339265625 0.13631976562499998 0.5071339265625 0.106799384375 0.502729465625 0.106799384375 0.502729465625 0.13631976562499998
0 0.4691355671875 0.0293191765625 0.47131620156250004 0.0293191765625 0.47131620156250004 0.01735659375 0.4691355671875 0.01735659375 0.4691355671875 0.0293191765625
0 0.46432467343750006 0.10195209375 0.46771139531249994 0.10195209375 0.46771139531249994 0.0825119640625 0.46432467343750006 0.0825119640625 0.46432467343750006 0.10195209375
0 0.6600001546875001 0.062478378125 0.6632887640625 0.062478378125 0.6632887640625 0.044311029687499996 0.6600001546875001 0.044311029687499996 0.6600001546875001 0.062478378125
0 0.4656601734375 0.10222323124999999 0.4701283078125 0.10222323124999999 0.4701283078125 0.0773761140625 0.4656601734375 0.0773761140625 0.4656601734375 0.10222323124999999
0 0.61356903125 0.0226145140625 0.6172958562499999 0.0226145140625 0.6172958562499999 0.0118563265625 0.61356903125 0.0118563265625 0.61356903125 0.0226145140625
0 0.6891749609375 0.019567575 0.692567584375 0.019567575 0.692567584375 0.00989640625 0.6891749609375 0.00989640625 0.6891749609375 0.019567575
0 0.7462705015625 0.0182562765625 0.7489819484375 0.0182562765625 0.7489819484375 0.0067853125 0.7462705015625 0.0067853125 0.7462705015625 0.0182562765625
0 0.463429109375 0.028479820312499998 0.46571803124999994 0.028479820312499998 0.46571803124999994 0.016165729687499998 0.463429109375 0.016165729687499998 0.463429109375 0.028479820312499998
0 0.7276451625 0.06746120625 0.7313836531250001 0.06746120625 0.7313836531250001 0.05161733281250001 0.7276451625 0.05161733281250001 0.7276451625 0.06746120625
0 0.4699053109375 0.028276945312500003 0.4723261296875 0.028276945312500003 0.4723261296875 0.016600265625 0.4699053109375 0.016600265625 0.4699053109375 0.028276945312500003
0 0.468350078125 0.032199165625 0.47072815625000003 0.032199165625 0.47072815625000003 0.017906559375 0.468350078125 0.017906559375 0.468350078125 0.032199165625
0 0.6902362015625 0.07685740937499999 0.6957844984375 0.07685740937499999 0.6957844984375 0.0577516140625 0.6902362015625 0.0577516140625 0.6902362015625 0.07685740937499999
0 0.5139417078124999 0.0545173375 0.5162558359375 0.0545173375 0.5162558359375 0.04052465625 0.5139417078124999 0.04052465625 0.5139417078124999 0.0545173375
0 0.691715384375 0.0199043171875 0.6949011546875 0.0199043171875 0.6949011546875 0.010165318750000001 0.691715384375 0.010165318750000001 0.691715384375 0.0199043171875
0 0.65701273125 0.0704250265625 0.660458196875 0.0704250265625 0.660458196875 0.06431224375 0.65701273125 0.06431224375 0.65701273125 0.0704250265625
0 0.461512734375 0.10169003750000001 0.4651598453125 0.10169003750000001 0.4651598453125 0.08286470781250001 0.461512734375 0.08286470781250001 0.461512734375 0.10169003750000001
0 0.434206809375 0.06955045625 0.43712514375 0.06955045625 0.43712514375 0.0507715203125 0.434206809375 0.0507715203125 0.434206809375 0.06955045625
0 0.7384181796875 0.09482861718749999 0.7412044109375 0.09482861718749999 0.7412044109375 0.0787782859375 0.7384181796875 0.0787782859375 0.7384181796875 0.09482861718749999
0 0.6002658671875001 0.0226652953125 0.603201665625 0.0226652953125 0.603201665625 0.011528664062500001 0.6002658671875001 0.011528664062500001 0.6002658671875001 0.0226652953125
0 0.742821390625 0.022123390625 0.7459006453125 0.022123390625 0.7459006453125 0.0127391125 0.742821390625 0.0127391125 0.742821390625 0.022123390625
0 0.600074603125 0.20410774062499998 0.6051717671875 0.20410774062499998 0.6051717671875 0.168727953125 0.600074603125 0.168727953125 0.600074603125 0.20410774062499998
0 0.7306489390625 0.08632808125 0.7333985765625 0.08632808125 0.7333985765625 0.07601357343750001 0.7306489390625 0.07601357343750001 0.7306489390625 0.08632808125
0 0.7274870546875001 0.08511698437500001 0.730055253125 0.08511698437500001 0.730055253125 0.0751675125 0.7274870546875001 0.0751675125 0.7274870546875001 0.08511698437500001
0 0.47109136406249996 0.029248134375000002 0.473320015625 0.029248134375000002 0.473320015625 0.0164874 0.47109136406249996 0.0164874 0.47109136406249996 0.029248134375000002
0 0.47500898593749996 0.0774108328125 0.47836404374999997 0.0774108328125 0.47836404374999997 0.06232501875 0.47500898593749996 0.06232501875 0.47500898593749996 0.0774108328125
0 0.740685646875 0.095861025 0.7433878578125 0.095861025 0.7433878578125 0.0791219484375 0.740685646875 0.0791219484375 0.740685646875 0.095861025
0 0.5176158984375 0.056027184375000004 0.5201779859375 0.056027184375000004 0.5201779859375 0.0406104328125 0.5176158984375 0.0406104328125 0.5176158984375 0.056027184375000004
0 0.4590916375 0.026302075 0.46139403124999995 0.026302075 0.46139403124999995 0.014009978125 0.4590916375 0.014009978125 0.4590916375 0.026302075
0 0.5409089703125 0.023296803125 0.5437428343749999 0.023296803125 0.5437428343749999 0.0122197890625 0.5409089703125 0.0122197890625 0.5409089703125 0.023296803125
0 0.4499030171875 0.091164190625 0.45260321562500005 0.091164190625 0.45260321562500005 0.07670293593750001 0.4499030171875 0.07670293593750001 0.4499030171875 0.091164190625
0 0.5747387640625 0.022382265625 0.5778870390625 0.022382265625 0.5778870390625 0.0129916859375 0.5747387640625 0.0129916859375 0.5747387640625 0.022382265625
0 0.488615659375 0.0923318890625 0.4913894609375 0.0923318890625 0.4913894609375 0.0788292203125 0.488615659375 0.0788292203125 0.488615659375 0.0923318890625
0 0.5433049640625 0.0237623828125 0.5459301 0.0237623828125 0.5459301 0.014231323437499999 0.5433049640625 0.014231323437499999 0.5433049640625 0.0237623828125
0 0.6745145796875001 0.019558121875 0.6785699109375 0.019558121875 0.6785699109375 0.011096784375 0.6745145796875001 0.011096784375 0.6745145796875001 0.019558121875
0 0.49567063593749994 0.1284727640625 0.499356284375 0.1284727640625 0.499356284375 0.1047116171875 0.49567063593749994 0.1047116171875 0.49567063593749994 0.1284727640625
0 0.5684120781249999 0.022240704687499998 0.5716910328125 0.022240704687499998 0.5716910328125 0.013517742187500001 0.5684120781249999 0.013517742187500001 0.5684120781249999 0.022240704687499998
0 0.5842505265625 0.21397486406250002 0.595916296875 0.21397486406250002 0.595916296875 0.1606574734375 0.5842505265625 0.1606574734375 0.5842505265625 0.21397486406250002
0 0.53055014375 0.1639895734375 0.540458878125 0.1639895734375 0.540458878125 0.10915405625 0.53055014375 0.10915405625 0.53055014375 0.1639895734375
0 0.59874241875 0.203494484375 0.6080564953125001 0.203494484375 0.6080564953125001 0.160526075 0.59874241875 0.160526075 0.59874241875 0.203494484375
0 0.6186111671875001 0.23605389843750002 0.6390473906249999 0.23605389843750002 0.6390473906249999 0.171002809375 0.6186111671875001 0.171002809375 0.6186111671875001 0.23605389843750002
0 0.5642394671875 0.225195325 0.5713701656250001 0.225195325 0.5713701656250001 0.177654375 0.5642394671875 0.177654375 0.5642394671875 0.225195325
0 0.553632334375 0.2209512203125 0.5604579265625 0.2209512203125 0.5604579265625 0.1677125015625 0.553632334375 0.1677125015625 0.553632334375 0.2209512203125
0 0.5672263015625 0.1739880015625 0.57656475 0.1739880015625 0.57656475 0.134667525 0.5672263015625 0.134667525 0.5672263015625 0.1739880015625
0 0.5391024609375 0.1916307453125 0.5496996640624999 0.1916307453125 0.5496996640624999 0.169803140625 0.5391024609375 0.169803140625 0.5391024609375 0.1916307453125
0 0.6229204640624999 0.1346105046875 0.6315837078125 0.1346105046875 0.6315837078125 0.0880891125 0.6229204640624999 0.0880891125 0.6229204640624999 0.1346105046875
0 0.5303850921875 0.06604099687500001 0.541227825 0.06604099687500001 0.541227825 0.0404904328125 0.5303850921875 0.0404904328125 0.5303850921875 0.06604099687500001
0 0.7184437484374999 0.0848372609375 0.7276279078125001 0.0848372609375 0.7276279078125001 0.055222484375000006 0.7184437484374999 0.055222484375000006 0.7184437484374999 0.0848372609375
0 0.5373470578124999 0.1894655421875 0.5483104015625 0.1894655421875 0.5483104015625 0.1403079015625 0.5373470578124999 0.1403079015625 0.5373470578124999 0.1894655421875
0 0.49367435625 0.12876851875 0.5028906640625 0.12876851875 0.5028906640625 0.101866346875 0.49367435625 0.101866346875 0.49367435625 0.12876851875
0 0.619549365625 0.13412129687500002 0.6273555468750001 0.13412129687500002 0.6273555468750001 0.08621277656250001 0.619549365625 0.08621277656250001 0.619549365625 0.13412129687500002
0 0.5390058046874999 0.0711226359375 0.5497865296875 0.0711226359375 0.5497865296875 0.042862432812500004 0.5390058046874999 0.042862432812500004 0.5390058046874999 0.0711226359375
0 0.5215577359375001 0.06307634375 0.5324702515624999 0.06307634375 0.5324702515624999 0.0387289375 0.5215577359375001 0.0387289375 0.5215577359375001 0.06307634375
0 0.50119226875 0.13726207343750002 0.5103476109375 0.13726207343750002 0.5103476109375 0.1051313890625 0.50119226875 0.1051313890625 0.50119226875 0.13726207343750002
0 0.480348796875 0.042219740625 0.4907887265625 0.042219740625 0.4907887265625 0.020645171875 0.480348796875 0.020645171875 0.480348796875 0.042219740625
0 0.7163443890625001 0.08399336406249999 0.7238443531250001 0.08399336406249999 0.7238443531250001 0.054512209374999995 0.7163443890625001 0.054512209374999995 0.7163443890625001 0.08399336406249999
0 0.5046833890625 0.1358575859375 0.5130156953125 0.1358575859375 0.5130156953125 0.0984219703125 0.5046833890625 0.0984219703125 0.5046833890625 0.1358575859375
0 0.7564724 0.07104220312500001 0.7602727921875 0.07104220312500001 0.7602727921875 0.0552554734375 0.7564724 0.0552554734375 0.7564724 0.07104220312500001
0 0.8870564921875002 0.0934534734375 0.8922646859375 0.0934534734375 0.8922646859375 0.06773376406250001 0.8870564921875002 0.06773376406250001 0.8870564921875002 0.0934534734375
0 0.75038975 0.020970301562499998 0.7534555000000001 0.020970301562499998 0.7534555000000001 0.0105984640625 0.75038975 0.0105984640625 0.75038975 0.020970301562499998
0 0.7638179015625 0.0756989453125 0.7699499203125 0.0756989453125 0.7699499203125 0.05158289218749999 0.7638179015625 0.05158289218749999 0.7638179015625 0.0756989453125
0 0.8303898968750001 0.08603201875000001 0.834682009375 0.08603201875000001 0.834682009375 0.065213284375 0.8303898968750001 0.065213284375 0.8303898968750001 0.08603201875000001
0 0.8724051375 0.0978160046875 0.8775634765625 0.0978160046875 0.8775634765625 0.0728588640625 0.8724051375 0.0728588640625 0.8724051375 0.0978160046875
0 0.7790349578125 0.077890125 0.7825697203124999 0.077890125 0.7825697203124999 0.05841255937499999 0.7790349578125 0.05841255937499999 0.7790349578125 0.077890125
0 0.7854864921875 0.0866521921875 0.790209878125 0.0866521921875 0.790209878125 0.059167776562499996 0.7854864921875 0.059167776562499996 0.7854864921875 0.0866521921875
0 0.7733571609375 0.1070503515625 0.7782426125 0.1070503515625 0.7782426125 0.08998058437499999 0.7733571609375 0.08998058437499999 0.7733571609375 0.1070503515625
0 0.842471734375 0.0124491640625 0.8454196140625001 0.0124491640625 0.8454196140625001 0.0042256656250000005 0.842471734375 0.0042256656250000005 0.842471734375 0.0124491640625
0 0.8729599390625001 0.083604203125 0.8773022546875 0.083604203125 0.8773022546875 0.072058796875 0.8729599390625001 0.072058796875 0.8729599390625001 0.083604203125
0 0.7604773890625001 0.09837298125 0.764883446875 0.09837298125 0.764883446875 0.07798421093749999 0.7604773890625001 0.07798421093749999 0.7604773890625001 0.09837298125
0 0.8585525875 0.0906374234375 0.8643064875 0.0906374234375 0.8643064875 0.069141125 0.8585525875 0.069141125 0.8585525875 0.0906374234375
0 0.8250669921875 0.0870996390625 0.8282982453125001 0.0870996390625 0.8282982453125001 0.07447759375 0.8250669921875 0.07447759375 0.8250669921875 0.0870996390625
0 0.799278840625 0.0157196109375 0.8019477921875 0.0157196109375 0.8019477921875 0.0092843546875 0.799278840625 0.0092843546875 0.799278840625 0.0157196109375
0 0.8196559734375001 0.09009357343749999 0.8226498890624999 0.09009357343749999 0.8226498890624999 0.078976340625 0.8196559734375001 0.078976340625 0.8196559734375001 0.09009357343749999
0 0.8587728421874999 0.0136464546875 0.8631709843750001 0.0136464546875 0.8631709843750001 0.0041544984375 0.8587728421874999 0.0041544984375 0.8587728421874999 0.0136464546875
0 0.7334439875000001 0.07344382656250001 0.7365498718750001 0.07344382656250001 0.7365498718750001 0.055629220312500005 0.7334439875000001 0.055629220312500005 0.7334439875000001 0.07344382656250001
0 0.8706812249999999 0.0808616671875 0.8749663921875002 0.0808616671875 0.8749663921875002 0.07109801875 0.8706812249999999 0.07109801875 0.8706812249999999 0.0808616671875
0 0.7589121406249999 0.0203879046875 0.7613074046875 0.0203879046875 0.7613074046875 0.010671021875 0.7589121406249999 0.010671021875 0.7589121406249999 0.0203879046875
0 0.8232554499999999 0.0804497109375 0.8274878453125 0.0804497109375 0.8274878453125 0.048742070312500003 0.8232554499999999 0.048742070312500003 0.8232554499999999 0.0804497109375
0 0.8186159453125 0.1053947421875 0.8219637828125 0.1053947421875 0.8219637828125 0.09010481718749999 0.8186159453125 0.09010481718749999 0.8186159453125 0.1053947421875
0 0.823256978125 0.062351704687499995 0.8270780984375001 0.062351704687499995 0.8270780984375001 0.0512451609375 0.823256978125 0.0512451609375 0.823256978125 0.062351704687499995
0 0.8792960687499999 0.097706196875 0.8832691171875 0.097706196875 0.8832691171875 0.0711988375 0.8792960687499999 0.0711988375 0.8792960687499999 0.097706196875
0 0.86231538125 0.093124759375 0.8665097953124998 0.093124759375 0.8665097953124998 0.07191084375 0.86231538125 0.07191084375 0.86231538125 0.093124759375
0 0.77640454375 0.07088875156249999 0.7801942796875 0.07088875156249999 0.7801942796875 0.0513236484375 0.77640454375 0.0513236484375 0.77640454375 0.07088875156249999
0 0.80416068125 0.0879249734375 0.8068622671875 0.0879249734375 0.8068622671875 0.0719682328125 0.80416068125 0.0719682328125 0.80416068125 0.0879249734375
0 0.8047869343749999 0.0882234765625 0.8083426656249999 0.0882234765625 0.8083426656249999 0.0681457515625 0.8047869343749999 0.0681457515625 0.8047869343749999 0.0882234765625
0 0.77826406875 0.0198419234375 0.7809702390625001 0.0198419234375 0.7809702390625001 0.0081306484375 0.77826406875 0.0081306484375 0.77826406875 0.0198419234375
0 0.7484441937499999 0.0985611203125 0.7519697203125 0.0985611203125 0.7519697203125 0.083799015625 0.7484441937499999 0.083799015625 0.7484441937499999 0.0985611203125
0 0.79026209375 0.07722136406249999 0.7938778890625 0.07722136406249999 0.7938778890625 0.055933190625 0.79026209375 0.055933190625 0.79026209375 0.07722136406249999
0 0.804676459375 0.0813066421875 0.8074730359375 0.0813066421875 0.8074730359375 0.06704128125 0.804676459375 0.06704128125 0.804676459375 0.0813066421875
0 0.7450780937499999 0.01506950625 0.7477119453125 0.01506950625 0.7477119453125 0.006703426562500001 0.7450780937499999 0.006703426562500001 0.7450780937499999 0.01506950625
0 0.7369779515625 0.0945079359375 0.7396691578125 0.0945079359375 0.7396691578125 0.077689846875 0.7369779515625 0.077689846875 0.7369779515625 0.0945079359375
0 0.7667631078125 0.0163532203125 0.7691255296875 0.0163532203125 0.7691255296875 0.0078889796875 0.7667631078125 0.0078889796875 0.7667631078125 0.0163532203125
0 0.7749494218749999 0.0218705703125 0.77762365 0.0218705703125 0.77762365 0.0116414375 0.7749494218749999 0.0116414375 0.7749494218749999 0.0218705703125
0 0.7810995296875 0.02517394375 0.7842099625 0.02517394375 0.7842099625 0.0055662765625 0.7810995296875 0.0055662765625 0.7810995296875 0.02517394375
0 0.7859074890625 0.07535030937500001 0.789972125 0.07535030937500001 0.789972125 0.056903298437500006 0.7859074890625 0.056903298437500006 0.7859074890625 0.07535030937500001
0 0.7435306203125001 0.027478237500000002 0.746116734375 0.027478237500000002 0.746116734375 0.01568109375 0.7435306203125001 0.01568109375 0.7435306203125001 0.027478237500000002
0 0.78169724375 0.016761748437499998 0.7842443328125001 0.016761748437499998 0.7842443328125001 0.0042633796875 0.78169724375 0.0042633796875 0.78169724375 0.016761748437499998
0 0.9330639453125 0 0.9330639453125 0.0157566140625 0.9364156015624999 0.0157566140625 0.9364156015624999 0 0.9330639453125 0
0 0.7417483796875001 0.09588505625 0.7449729328125001 0.09588505625 0.7449729328125001 0.07847341875 0.7417483796875001 0.07847341875 0.7417483796875001 0.09588505625
0 0.764690690625 0.0177607046875 0.767235453125 0.0177607046875 0.767235453125 0.0092595828125 0.764690690625 0.0092595828125 0.764690690625 0.0177607046875
0 0.7439381125000001 0.0665073171875 0.7473591015625 0.0665073171875 0.7473591015625 0.0507472734375 0.7439381125000001 0.0507472734375 0.7439381125000001 0.0665073171875
0 0.79067705 0.060746134375000004 0.79382914375 0.060746134375000004 0.79382914375 0.052203128125 0.79067705 0.052203128125 0.79067705 0.060746134375000004
0 0.8609645531249999 0.087422328125 0.86470943125 0.087422328125 0.86470943125 0.0696533140625 0.8609645531249999 0.0696533140625 0.8609645531249999 0.087422328125
0 0.8229998515624999 0.079495203125 0.8266057875000001 0.079495203125 0.8266057875000001 0.0665727375 0.8229998515624999 0.0665727375 0.8229998515624999 0.079495203125
0 0.8190940187500001 0.09440415156250001 0.8222954828125001 0.09440415156250001 0.8222954828125001 0.08252249687499999 0.8190940187500001 0.08252249687499999 0.8190940187500001 0.09440415156250001
0 0.887974171875 0.0826424046875 0.8921199796875001 0.0826424046875 0.8921199796875001 0.06696927968750001 0.887974171875 0.06696927968750001 0.887974171875 0.0826424046875
0 0.9682503312499999 0 0.9682503312499999 0.008123884375 0.970498215625 0.008123884375 0.970498215625 0 0.9682503312499999 0
0 0.801031778125 0.0887753875 0.8046288953125 0.0887753875 0.8046288953125 0.072530028125 0.801031778125 0.072530028125 0.801031778125 0.0887753875
0 0.7301115312500001 0.0729604875 0.7357977296875 0.0729604875 0.7357977296875 0.056940796875 0.7301115312500001 0.056940796875 0.7301115312500001 0.0729604875
0 0.7468436921875 0.31875 0.7468436921875 0.28759463125 0.734213384375 0.28759463125 0.734213384375 0.31875 0.7468436921875 0.31875
0 0.6940935828125 0.31875 0.6940935828125 0.2519010015625 0.6822062343749999 0.2519010015625 0.6822062343749999 0.31875 0.6940935828125 0.31875
0 0.7015231749999999 0.31875 0.7015231749999999 0.2519010015625 0.6940935828125 0.2519010015625 0.6940935828125 0.31875 0.7015231749999999 0.31875
0 0.7141534828125 0.31403435625 0.7275267515625 0.31403435625 0.7275267515625 0.2439690828125 0.7141534828125 0.2439690828125 0.7141534828125 0.31403435625
0 0.7275267515625 0.22281730312499998 0.7275267515625 0.19902155 0.70895276875 0.19902155 0.70895276875 0.262476890625 0.7275267515625 0.262476890625 0.7275267515625 0.22281730312499998
0 0.7275267515625 0.27834072656250003 0.74090001875 0.27834072656250003 0.74090001875 0.2281052484375 0.7275267515625 0.2281052484375 0.7275267515625 0.27834072656250003
0 0.772104309375 0.307424425 0.7869634953125 0.307424425 0.7869634953125 0.2651208640625 0.772104309375 0.2651208640625 0.772104309375 0.307424425
0 0.7654176749999999 0.31875 0.7654176749999999 0.25851093281250004 0.7535303265625 0.25851093281250004 0.7535303265625 0.31875 0.7654176749999999 0.31875
0 0.647287146875 0.171002809375 0.6331709203125 0.171002809375 0.6331709203125 0.2267832609375 0.647287146875 0.2267832609375 0.647287146875 0.171002809375
0 0.9526434187499999 0.2505790140625 0.9615589296875001 0.2505790140625 0.9615589296875001 0.2122414125 0.9526434187499999 0.2122414125 0.9526434187499999 0.2505790140625
0 0.9392701515624999 0.2690868234375 0.9519004593750001 0.2690868234375 0.9519004593750001 0.216207371875 0.9392701515624999 0.216207371875 0.9392701515624999 0.2690868234375
0 0.98756250625 0.2201733296875 0.9949920984375 0.2201733296875 0.9949920984375 0.19108963125 0.98756250625 0.19108963125 0.98756250625 0.2201733296875
0 1 0.19108963125 0.9949920984375 0.19108963125 0.9949920984375 0.23207120625000002 1 0.23207120625000002 1 0.19108963125
0 0.9110376984374999 0.20430949531249998 0.9199532093750001 0.20430949531249998 0.9199532093750001 0.1831577140625 0.9199532093750001 0.17919175468749998 0.9199532093750001 0.1620059328125 0.9110376984374999 0.1620059328125 0.9110376984374999 0.20430949531249998
0 0.9392701515624999 0.2677648359375 0.9392701515624999 0.214885384375 0.9258968843750001 0.214885384375 0.9258968843750001 0.2532229875 0.9258968843750001 0.2677648359375 0.9392701515624999 0.2677648359375
0 0.9199532093750001 0.20430949531249998 0.9110376984374999 0.20430949531249998 0.9110376984374999 0.257188946875 0.9199532093750001 0.257188946875 0.9199532093750001 0.20430949531249998
0 0.9459567843750001 0.201665521875 0.9600730125 0.201665521875 0.9600730125 0.175225796875 0.9459567843750001 0.175225796875 0.9459567843750001 0.201665521875
0 0.9704744421874999 0.19241161874999999 0.9600730125 0.19241161874999999 0.9600730125 0.2439690828125 0.9704744421874999 0.2439690828125 0.9704744421874999 0.19241161874999999
0 0.9845906687500001 0.1937336046875 0.9704744421874999 0.1937336046875 0.9704744421874999 0.2439690828125 0.9845906687500001 0.2439690828125 0.9845906687500001 0.1937336046875
0 0.9325835171874999 0.214885384375 0.9392701515624999 0.214885384375 0.9392701515624999 0.1765477828125 0.9325835171874999 0.1765477828125 0.9325835171874999 0.214885384375
0 0.9199532093750001 0.214885384375 0.9325835171874999 0.214885384375 0.9325835171874999 0.17919175468749998 0.9199532093750001 0.17919175468749998 0.9199532093750001 0.214885384375
0 0.89766443125 0.1249903171875 0.7839916578125 0.1249903171875 0.7839916578125 0.2611549046875 0.89766443125 0.2611549046875 0.89766443125 0.1249903171875
0 0.773590228125 0.0972286046875 0.7126675656250001 0.0972286046875 0.7126675656250001 0.2135633984375 0.773590228125 0.2135633984375 0.773590228125 0.0972286046875
0 0.70598093125 0.0892966875 0.6532308203125 0.0892966875 0.6532308203125 0.160683946875 0.70598093125 0.160683946875 0.70598093125 0.0892966875
0 0.61311101875 0.0575690171875 0.5707623390625 0.0575690171875 0.5707623390625 0.1223463453125 0.61311101875 0.1223463453125 0.61311101875 0.0575690171875
0 0.674776640625 0.2267832609375 0.647287146875 0.2267832609375 0.647287146875 0.2459520625 0.674776640625 0.2459520625 0.674776640625 0.2267832609375
0 0.025884382812500002 0.865151278125 0.035739824999999996 0.865151278125 0.035739824999999996 0.83947311875 0.025884382812500002 0.83947311875 0.025884382812500002 0.865151278125
0 0.232958559375 0.43505559062500004 0.24069443281249997 0.43505559062500004 0.24069443281249997 0.42297195 0.232958559375 0.42297195 0.232958559375 0.43505559062500004
0 0.2180182875 0.4356860421875 0.226492315625 0.4356860421875 0.226492315625 0.420082384375 0.2180182875 0.420082384375 0.2180182875 0.4356860421875
0 0.29468546562500003 0.46526816718749997 0.3083782546875 0.46526816718749997 0.3083782546875 0.4527248234375 0.29468546562500003 0.4527248234375 0.29468546562500003 0.46526816718749997
0 0.12672515 0.6229428125 0.114914659375 0.6229428125 0.114914659375 0.6430548484375 0.12672515 0.6430548484375 0.12672515 0.6229428125
0 0.940625 0.4859375 0.940625 0.43863949687500003 0.9227909750000001 0.43843197968750003 0.921875 0.47778596249999994 0.921875 0.4859375 0.940625 0.4859375
