0 0.36875 0.2890625 0.35644665937500003 0.2890625 0.35625 0.29751180625 0.35625 0.3421875 0.3678628515625 0.3421875 0.36875 0.30407191718750004 0.36875 0.2890625
0 0.4796875 0.35484027500000004 0.4671875 0.35520398750000004 0.4671875 0.36459674375 0.467435821875 0.3859375 0.4796875 0.3859375 0.4796875 0.35484027500000004
0 0.398454353125 0.18407223749999999 0.39868337343750004 0.2234375 0.4078125 0.2234375 0.4078125 0.1839633453125 0.398454353125 0.18407223749999999
0 0.4441718609375 0.22902858906249998 0.4453731 0.2703125 0.459375 0.2703125 0.459375 0.22876321875 0.4441718609375 0.22902858906249998
0 0.44338626718749996 0.044823010937500005 0.44338626718749996 0.08125 0.4515625 0.08125 0.4515625 0.044823010937500005 0.44338626718749996 0.044823010937500005
0 0.453125 0.049784040625 0.4530615734375 0.0476042125 0.44929500312500004 0.047538465625 0.44963941093750004 0.059375 0.453125 0.059375 0.453125 0.049784040625
0 0.4629789140625 0.043587725 0.46224778437499997 0.075 0.4703125 0.075 0.4703125 0.043587725 0.4629789140625 0.043587725
0 0.2928593859375 0.013107584375 0.2927811078125 0.0265625 0.3 0.0265625 0.3 0.01298294375 0.2928593859375 0.013107584375
0 0.2718369890625 0.0591716140625 0.271285503125 0.078125 0.284375 0.078125 0.284375 0.059390465625 0.2718369890625 0.0591716140625
0 0.322368484375 0.0714520828125 0.32251639062500004 0.096875 0.3296875 0.096875 0.3296875 0.0714095015625 0.322368484375 0.0714520828125
0 0.3020250265625 0.0274096359375 0.30212425625 0.0359375 0.3078125 0.0359375 0.3078125 0.027476979687500003 0.3020250265625 0.0274096359375
0 0.3125022625 0.013246951562500001 0.312857196875 0.04375 0.31875 0.04375 0.31875 0.013319649999999999 0.3125022625 0.013246951562500001
0 0.3079022609375 0.046875 0.308147721875 0.0609375 0.3125 0.0609375 0.3125 0.046875 0.3079022609375 0.046875
0 0.3111285359375 0.065625 0.31875 0.065625 0.31875 0.04384280625 0.313433165625 0.04375 0.3110012703125 0.04375 0.3111285359375 0.065625
0 0.33059853437500003 0.0546875 0.3304894484375 0.0734375 0.3359375 0.0734375 0.3359375 0.0546875 0.33059853437500003 0.0546875
0 0.33384019062500003 0.063374575 0.33384019062500003 0.09375 0.3421875 0.09375 0.3421875 0.06347170468749999 0.33384019062500003 0.063374575
0 0.2359375 0.0578125 0.2359375 0.04434910625 0.22817873125000002 0.044213678125 0.228125 0.047291943749999996 0.228125 0.0578125 0.2359375 0.0578125
0 0.196875 0.0151885359375 0.1875 0.0154067421875 0.1875 0.0200815625 0.1879613609375 0.0359375 0.196875 0.0359375 0.196875 0.0151885359375
0 0.090625 0.459375 0.090625 0.416875428125 0.0770507921875 0.416875428125 0.0775453203125 0.459375 0.090625 0.459375
0 0.07553262656250001 0.459375 0.0765625 0.423980521875 0.0765625 0.4116736796875 0.06455680625 0.411743525 0.0640625 0.4287317328125 0.0640625 0.459375 0.07553262656250001 0.459375
0 0.16745137968749998 0.007044365625 0.167842125 0.040625 0.1734375 0.040625 0.1734375 0.006939878125 0.16745137968749998 0.007044365625
0 0.1703125 0.027141765624999998 0.17003412499999998 0.0032182796875 0.1628776421875 0.003301553125 0.1632755765625 0.0375 0.1703125 0.0375 0.1703125 0.027141765624999998
0 0.1796875 0.0296875 0.1796875 0.0125 0.1720865234375 0.0125 0.171875 0.0215878703125 0.171875 0.0296875 0.1796875 0.0296875
0 0 0.425 0.0640625 0.425 0.0640625 0.3342007703125 0 0.3334553359375 0 0.425
0 0 0.459375 0.0640625 0.459375 0.0640625 0.425 0.0470039 0.425 0 0.42636767343750004 0 0.459375
0 0.4796875 0.4046875 0.4921875 0.4046875 0.4921875 0.386143478125 0.4796875 0.38628892812500004 0.4796875 0.4046875
0 0.528125 0.365625 0.5158224890625001 0.365625 0.515625 0.37693914375 0.515625 0.3828125 0.5280456828125 0.3828125 0.528125 0.3782684328125 0.528125 0.365625
0 0.5940834484375 0.3737129875 0.5939577859374999 0.3953125 0.6184973078125 0.3953125 0.6186254625000001 0.3732846046875 0.5940834484375 0.3737129875
0 0.73307409375 0.365635803125 0.7333648703125 0.390625 0.7421875 0.390625 0.7421875 0.365635803125 0.73307409375 0.365635803125
0 0.74375 0.41489026874999996 0.7390625 0.41489026874999996 0.7390625 0.4375 0.74375 0.4375 0.74375 0.41489026874999996
0 0.7291491750000001 0.410668440625 0.7300662859375 0.4421875 0.7359375 0.4421875 0.7359375 0.41078693125 0.7291491750000001 0.410668440625
0 0.7667507234375 0.36936140625 0.766219440625 0.3921875 0.771875 0.3921875 0.771875 0.36936140625 0.7667507234375 0.36936140625
0 0.7648908125 0.42169414375000003 0.76875 0.4217390484375 0.76875 0.3961097328125 0.7644433609375 0.3960596203125 0.7648908125 0.42169414375000003
0 0.7779595 0.3953125 0.7775503953125 0.41875 0.78125 0.41875 0.78125 0.3953125 0.7779595 0.3953125
0 0.803125 0.459375 0.803125 0.4362827109375 0.7916766015625 0.4359495953125 0.7915403171875 0.459375 0.803125 0.459375
0 0.8734375 0.4 0.8707193609375 0.4 0.8678444953125 0.40008365 0.8677631703124999 0.4140625 0.8734375 0.4140625 0.8734375 0.4
0 0.8540895125000001 0.424740978125 0.8546046875 0.446875 0.8609375 0.446875 0.8609375 0.4246612953125 0.8540895125000001 0.424740978125
0 0.7240355968750001 0.20672893593750002 0.7238775375 0.2203125 0.7265625 0.2203125 0.7265625 0.20677304375 0.7240355968750001 0.20672893593750002
0 0.7387655375 0.2222786515625 0.7385543953125 0.234375 0.740625 0.234375 0.740625 0.2222678328125 0.7387655375 0.2222786515625
0 0.6198845953125 0.459375 0.619630021875 0.4703125 0.635818771875 0.4703125 0.6359375 0.465211440625 0.6359375 0.459375 0.6198845953125 0.459375
