0 0.559375 0.3796875 0.559375 0.3599193515625 0.55672235 0.3599193515625 0.55672235 0.3796875 0.559375 0.3796875
0 0.5390625 0.3796875 0.5390625 0.37267489375 0.5353410296875001 0.37269654375 0.5354630578124999 0.3796875 0.5390625 0.3796875
0 0.540625 0.3796875 0.540625 0.36741980625 0.5386692265625 0.3674539453125 0.5387404 0.3796875 0.540625 0.3796875
0 0.510952328125 0.351127703125 0.511362490625 0.36875 0.5140625 0.36875 0.5140625 0.3510915140625 0.510952328125 0.351127703125
0 0.51395088125 0.3520709140625 0.5135626703125 0.36875 0.5171875 0.36875 0.5171875 0.35214624687499996 0.51395088125 0.3520709140625
0 0.5296875 0.3107178984375 0.528125 0.3107269890625 0.528125 0.33125 0.5296875 0.33125 0.5296875 0.3107178984375
0 0.5336197859375 0.310479984375 0.5337887421875 0.325 0.5390625 0.325 0.5390625 0.310416653125 0.5336197859375 0.310479984375
0 0.5734375 0.3015625 0.5703125 0.3015625 0.5703125 0.31875 0.5734375 0.31875 0.5734375 0.3015625
0 0.5796875 0.3150285265625 0.575697590625 0.3149588828125 0.575318409375 0.33125 0.5796875 0.33125 0.5796875 0.3150285265625
0 0.5375790625 0.281927790625 0.5374051343749999 0.296875 0.5421875 0.296875 0.5421875 0.28195460156249996 0.5375790625 0.281927790625
0 0.5460351546875 0.284375 0.5461078781250001 0.296875 0.55 0.296875 0.55 0.284375 0.5460351546875 0.284375
0 0.55625 0.275 0.5553362484375 0.275 0.5536102374999999 0.2750401734375 0.55370090625 0.290625 0.556045646875 0.290625 0.55625 0.29062024375 0.55625 0.275
0 0.568234246875 0.278759875 0.5684740421875001 0.2890625 0.5703125 0.2890625 0.5703125 0.2787840578125 0.568234246875 0.278759875
0 0.4554495046875 0.22992374999999998 0.45613498906250005 0.259375 0.50625 0.259375 0.50625 0.22992374999999998 0.4554495046875 0.22992374999999998
0 0.225 0.3796875 0.225 0.3640625 0.22363318125 0.3640625 0.22390591718750003 0.3796875 0.225 0.3796875
0 0.5796875 0.115625 0.55003639375 0.115625 0.48552230625000004 0.11750216875 0.484375 0.1667951265625 0.484375 0.2203125 0.50927571875 0.2203125 0.5796875 0.21826372656249998 0.5796875 0.115625
0 0.3494895953125 0.28074716718750004 0.3493564734375 0.2921875 0.353125 0.2921875 0.353125 0.2806413875 0.3494895953125 0.28074716718750004
0 0.3550211171875 0.27897333281250003 0.35479046406250003 0.2921875 0.3578125 0.2921875 0.3578125 0.279054553125 0.3550211171875 0.27897333281250003
0 0.2355385546875 0.3663009796875 0.235330903125 0.3734375 0.2390625 0.3734375 0.2390625 0.36632148125 0.2355385546875 0.3663009796875
0 0.24158426562500002 0.3495487578125 0.24158426562500002 0.36875 0.24375 0.36875 0.24375 0.3495613578125 0.24158426562500002 0.3495487578125
0 0.2451755734375 0.3476406421875 0.2450527625 0.36875 0.2484375 0.36875 0.2484375 0.3476406421875 0.2451755734375 0.3476406421875
0 0.28125 0.331193521875 0.2796875 0.3312389859375 0.2796875 0.34375 0.28125 0.34375 0.28125 0.331193521875
0 0.28235584999999996 0.3284032140625 0.2827494171875 0.3453125 0.284375 0.3453125 0.284375 0.3284032140625 0.28235584999999996 0.3284032140625
0 0.28857603906249996 0.339392046875 0.28849614218749997 0.353125 0.290625 0.353125 0.290625 0.3394158890625 0.28857603906249996 0.339392046875
0 0.5616919046875 0.2328125 0.5375830140625 0.233233321875 0.5378751546875 0.24997003750000002 0.5765625 0.24929474843750002 0.5765625 0.2328125 0.5616919046875 0.2328125
0 0.5359375 0.2337882515625 0.534375 0.233751884375 0.534375 0.2421875 0.5359375 0.2421875 0.5359375 0.2337882515625
0 0.530591565625 0.233689171875 0.53071263125 0.240625 0.5328125 0.240625 0.5328125 0.2337150140625 0.530591565625 0.233689171875
0 0.5097589015625 0.23341148281250002 0.50981905 0.24375 0.521875078125 0.24375 0.528125 0.24360453125 0.528125 0.2329840078125 0.5097589015625 0.23341148281250002
0 0.3191395375 0.30826668125 0.31884745625 0.325 0.3229974765625 0.325 0.3232904015625 0.30821838125 0.3191395375 0.30826668125
0 0.3275065953125 0.31302045 0.3274096296875 0.3296875 0.3296875 0.3296875 0.3296875 0.31303313906249997 0.3275065953125 0.31302045
0 0.3324125 0.30625 0.33213976562499997 0.321875 0.3359375 0.321875 0.3359375 0.30625 0.3324125 0.30625
0 0.3415672109375 0.30270764687499996 0.3417926828125 0.315625 0.34375 0.315625 0.34375 0.3026949484375 0.3415672109375 0.30270764687499996
0 0.3953502109375 0.2588972859375 0.3953502109375 0.2703125 0.3984375 0.2703125 0.3984375 0.25895117343749996 0.3953502109375 0.2588972859375
0 0.40544529531249995 0.25949257187499997 0.40531939375 0.2703125 0.4078125 0.2703125 0.4078125 0.25943747500000003 0.40544529531249995 0.25949257187499997
0 0.38305156875 0.2634506671875 0.3831314125 0.2703125 0.385934790625 0.2703125 0.38585570625 0.263515934375 0.38305156875 0.2634506671875
0 0.376548465625 0.2749620890625 0.3766761765625 0.2859375 0.378125 0.2859375 0.378125 0.274980434375 0.376548465625 0.2749620890625
0 0.3842948984375 0.2738793484375 0.3820073125 0.2738527296875 0.3822822890625 0.28566688125 0.384375 0.2856912328125 0.384375 0.2773208484375 0.3842948984375 0.2738793484375
0 0.4152244890625 0.26529845625 0.415625 0.265291465625 0.415625 0.257152828125 0.4152244890625 0.25715981875 0.4152244890625 0.26529845625
0 0.3870889703125 0.2733202359375 0.38695055625 0.28125 0.3890625 0.28125 0.3890625 0.273354684375 0.3870889703125 0.2733202359375
0 0.403376003125 0.250899125 0.4031787234375 0.259375 0.4046875 0.259375 0.4046875 0.2508838640625 0.403376003125 0.250899125
0 0.41095809531249994 0.2453125 0.41095809531249994 0.2546875 0.4125 0.2546875 0.4125 0.2453125 0.41095809531249994 0.2453125
0 0.41349806874999995 0.2460061375 0.41379613437499996 0.25625 0.415625 0.25625 0.415625 0.2459813890625 0.41349806874999995 0.2460061375
0 0.4245906328125 0.2372696484375 0.42487011875 0.246875 0.425 0.246875 0.425 0.2372744125 0.4245906328125 0.2372696484375
0 0.42837225625 0.2397799859375 0.4284184515625 0.24375 0.4296875 0.24375 0.4296875 0.23974937343749997 0.42837225625 0.2397799859375
0 0.42862205781249996 0.27230364375 0.4289732984375 0.284375 0.43125 0.284375 0.43125 0.272334221875 0.42862205781249996 0.27230364375
0 0.433475153125 0.27259655625 0.4335940265625 0.2828125 0.434375 0.2828125 0.434375 0.2726227390625 0.433475153125 0.27259655625
0 0.4363588734375 0.2742719234375 0.43608735468750004 0.2859375 0.4375 0.2859375 0.4375 0.2742852015625 0.4363588734375 0.2742719234375
0 0.465625 0.2703125 0.465625 0.2617732234375 0.46409663749999996 0.26176433125 0.4640625 0.2676321296875 0.4640625 0.2703125 0.465625 0.2703125
0 0.46774891875 0.26491591875 0.46774891875 0.271875 0.46875 0.271875 0.46875 0.26491591875 0.46774891875 0.26491591875
0 0.4591440265625 0.25981669531249996 0.45932723124999997 0.2703125 0.4609375 0.2703125 0.4609375 0.2598375640625 0.4591440265625 0.25981669531249996
0 0.4555488125 0.2609375 0.45549427031249995 0.2703125 0.4578081078125 0.2703125 0.4578125 0.2695576859375 0.4578125 0.2609375 0.4555488125 0.2609375
0 0.43957862031249995 0.2691865515625 0.43957862031249995 0.28125 0.4421875 0.28125 0.4421875 0.2691410125 0.43957862031249995 0.2691865515625
0 0.44245354375 0.2642667484375 0.44249780781250003 0.271875 0.44375 0.271875 0.44375 0.26425920625 0.44245354375 0.2642667484375
0 0.4484375 0.2641509921875 0.446875 0.2641509921875 0.446875 0.2734375 0.4484375 0.2734375 0.4484375 0.2641509921875
0 0.45030647031250004 0.2601832234375 0.45030647031250004 0.2671875 0.4515625 0.2671875 0.4515625 0.2602197703125 0.45030647031250004 0.2601832234375
0 0.45210813125 0.2609375 0.45219903749999996 0.26875 0.453125 0.26875 0.453125 0.2609375 0.45210813125 0.2609375
0 0.4463722328125 0.3062139578125 0.4461168203125 0.3171875 0.45 0.3171875 0.45 0.3062350625 0.4463722328125 0.3062139578125
0 0.428125 0.291073840625 0.4265625 0.2911011140625 0.4265625 0.3 0.428125 0.3 0.428125 0.291073840625
0 0.4305770703125 0.2903933203125 0.4306524921875 0.296875 0.43125 0.296875 0.43125 0.29038549062499996 0.4305770703125 0.2903933203125
0 0.421875 0.2876542296875 0.4199451890625 0.2876205453125 0.419998953125 0.2968618375 0.42075303281250004 0.296875 0.421875 0.296875 0.421875 0.2876542296875
0 0.42131258125000004 0.299092865625 0.42119525781249995 0.303125 0.421875 0.303125 0.421875 0.299079775 0.42131258125000004 0.299092865625
0 0.41503889687499995 0.2921875 0.41516616562499997 0.303125 0.415625 0.303125 0.415625 0.2921875 0.41503889687499995 0.2921875
0 0.410506215625 0.29270030937499997 0.410445565625 0.303125 0.4125 0.303125 0.4125 0.2927351109375 0.410506215625 0.29270030937499997
0 0.4146316609375 0.303598728125 0.4145035609375 0.3109375 0.4171875 0.3109375 0.4171875 0.303613596875 0.4146316609375 0.303598728125
0 0.39262885937499997 0.2912373921875 0.3934363765625 0.3375 0.4078125 0.3375 0.4078125 0.2915907953125 0.39262885937499997 0.2912373921875
0 0.4079195515625 0.30625 0.4084922953125 0.3390625 0.4125 0.3390625 0.4125 0.30625 0.4079195515625 0.30625
0 0.38125 0.3796875 0.38125 0.3290715875 0.363673215625 0.3292761125 0.36455315 0.3796875 0.38125 0.3796875
0 0.386323178125 0.33158869375 0.38612712656250003 0.3484375 0.3890625 0.3484375 0.3890625 0.331524934375 0.386323178125 0.33158869375
0 0.3833311484375 0.3200209296875 0.3834328375 0.3375 0.3859375 0.3375 0.3859375 0.319960265625 0.3833311484375 0.3200209296875
0 0.4773022953125 0.31089013906249996 0.4796875 0.3108346234375 0.4796875 0.29753656875 0.4771476 0.2975956859375 0.4773022953125 0.31089013906249996
0 0.5573957578125001 0.3494410265625 0.557328871875 0.3609375 0.5609375 0.3609375 0.5609375 0.3493585921875 0.5573957578125001 0.3494410265625
0 0.34375 0.3796875 0.34375 0.353016584375 0.3090648734375 0.3522092796875 0.3090648734375 0.3796875 0.34375 0.3796875
0 0.3640625 0.3796875 0.3640625 0.34375 0.3430409203125 0.34375 0.3436682125 0.3796875 0.3640625 0.3796875
0 0.4125 0.3796875 0.4125 0.36455831875 0.4073071421875 0.36461874375000003 0.407482484375 0.3796875 0.4125 0.3796875
0 0.596539484375 0.082206390625 0.59678289375 0.103125 0.6015625 0.103125 0.6015625 0.0821479421875 0.596539484375 0.082206390625
0 0.6234375 0.02110929375 0.6234375 0.0390625 0.6295519609375 0.0390625 0.6296875 0.03129744375 0.6296875 0.02118201875 0.6234375 0.02110929375
0 0.6355380390625001 0.0194015953125 0.635405475 0.0421875 0.640625 0.0421875 0.640625 0.019342403124999998 0.6355380390625001 0.0194015953125
0 0.5796875 0.30625 0.5828125 0.30625 0.5828125 0.2909666140625 0.5796875 0.2910575421875 0.5796875 0.30625
0 0.6296875 0.1 0.6296875 0.085144003125 0.6251224609375 0.0852236859375 0.625 0.0922394390625 0.625 0.1 0.6296875 0.1
0 0.6109375 0.06576366875 0.6078125 0.06578185 0.6078125 0.078125 0.6109375 0.078125 0.6109375 0.06576366875
0 0.5982421921875 0.06764735 0.5987042687499999 0.0875 0.60625 0.0875 0.60625 0.067507571875 0.5982421921875 0.06764735
0 0.686991109375 0 0.6867637890625 0.0078125 0.6953125 0.0078125 0.6953125 0 0.686991109375 0
0 0.685523028125 0.01870636875 0.6856689859375 0.03125 0.6921875 0.03125 0.6921875 0.0188614859375 0.685523028125 0.01870636875
0 0.70625 0.020304946875 0.7015625 0.02041405 0.7015625 0.0421875 0.70625 0.0421875 0.70625 0.020304946875
0 0.713230371875 0 0.713230371875 0.0062074437500000005 0.716800884375 0.006165896875 0.716800884375 0 0.713230371875 0
0 0.7388508593750001 0 0.738898215625 0.0040697640625 0.740625 0.004029571875 0.740625 0 0.7388508593750001 0
0 0.7283709593750001 0 0.728466946875 0.0041240125 0.73125 0.004172590625 0.73125 0 0.7283709593750001 0
0 0.7238787953125 0 0.7239060671875001 0.0046875 0.7265625 0.0046875 0.7265625 0 0.7238787953125 0
0 0.6898975 0.2666819421875 0.6898975 0.275 0.69375 0.275 0.69375 0.266659528125 0.6898975 0.2666819421875
0 0.49582751875 0.9600526484374999 0.49548479062500006 0.9796875 0.5186576828125 0.9796875 0.51875 0.9743986625 0.51875 0.9600526484374999 0.49582751875 0.9600526484374999
0 0.35522208125 0.8774717890625 0.355451671875 0.890625 0.3625 0.890625 0.3625 0.8774294484375 0.35522208125 0.8774717890625
0 0.490625 0.8484375 0.4897875359375 0.8484375 0.47609235625 0.8485171749999999 0.476182796875 0.8640625 0.490625 0.8640625 0.490625 0.8484375
0 0.343565221875 0.827339075 0.34385167499999997 0.84375 0.35 0.84375 0.35 0.8274888468749999 0.343565221875 0.827339075
0 0.7838342671875 0.41759331875 0.783745725 0.4328125 0.7875 0.4328125 0.7875 0.4176146453125 0.7838342671875 0.41759331875
0 0.8375 0.4304534109375 0.8328125 0.4304534109375 0.8328125 0.4484375 0.8375 0.4484375 0.8375 0.4304534109375
0 0.8222857359375 0.4332264796875 0.82235605 0.4453125 0.825 0.4453125 0.825 0.4332106875 0.8222857359375 0.4332264796875
0 0.7373180953125 0.3796875 0.73739083125 0.3828125 0.7390625 0.3828125 0.7390625 0.3796875 0.7373180953125 0.3796875
0 0.72258978125 0.3796875 0.72262614375 0.3828125 0.725 0.3828125 0.725 0.3796875 0.72258978125 0.3796875
0 0.746875 0.3796875 0.746875 0.3828125 0.75 0.3828125 0.75 0.3796875 0.746875 0.3796875
0 0.821875 0.43342168281250004 0.81875 0.433403503125 0.81875 0.44375 0.821875 0.44375 0.821875 0.43342168281250004
0 0.6601057171875 0.3796875 0.6600238968750001 0.384375 0.6640625 0.384375 0.6640625 0.3796875 0.6601057171875 0.3796875
0 0.8164302843750001 0.433227009375 0.8166388421875 0.4421875 0.8203125 0.4421875 0.8203125 0.433249596875 0.8164302843750001 0.433227009375
0 0.815989034375 0.41017260625 0.815902771875 0.425 0.81875 0.425 0.81875 0.41015654375 0.815989034375 0.41017260625
0 0.8798367921875 0.3796875 0.8798367921875 0.3828125 0.8828125 0.3828125 0.8828125 0.3796875 0.8798367921875 0.3796875
0 0.843994215625 0.42437280624999996 0.8441433093749999 0.45 0.8484375 0.45 0.8484375 0.42434695624999996 0.843994215625 0.42437280624999996
0 0.81444920625 0.433313484375 0.8142943109375 0.4421875 0.8171875 0.4421875 0.8171875 0.433329415625 0.81444920625 0.433313484375
0 0.6350628453125 0.3796875 0.6351992125 0.3875 0.6390625 0.3875 0.6390625 0.3796875 0.6350628453125 0.3796875
0 0.8045366656249999 0.422403515625 0.8042186078124999 0.440625 0.809375 0.440625 0.809375 0.4224316640625 0.8045366656249999 0.422403515625
0 0.6459094828125 0.3796875 0.645773090625 0.384375 0.6484375 0.384375 0.6484375 0.3796875 0.6459094828125 0.3796875
0 0.77563846875 0.41875 0.775565746875 0.43125 0.778125 0.43125 0.778125 0.41875 0.77563846875 0.41875
0 0.70338625 0.3796875 0.70340443125 0.3828125 0.7077052546875 0.3828125 0.7076870734374999 0.3796875 0.70338625 0.3796875
0 0.6002605875 0.43499212031249995 0.6002605875 0.45625 0.603125 0.45625 0.603125 0.435008784375 0.6002605875 0.43499212031249995
0 0.7376964015625 0.4132971890625 0.7377281250000001 0.41875 0.7421875 0.41875 0.7421875 0.413349446875 0.7376964015625 0.4132971890625
0 0.6515956484375 0.3796875 0.651522921875 0.3859375 0.6546875 0.3859375 0.6546875 0.3796875 0.6515956484375 0.3796875
0 0.6313332 0.3796875 0.6315150375 0.3875 0.634375 0.3875 0.634375 0.3796875 0.6313332 0.3796875
0 0.7128971421875 0.3796875 0.712933509375 0.38125 0.715625 0.38125 0.715625 0.3796875 0.7128971421875 0.3796875
0 0.6861043703125 0.3796875 0.6860134421875 0.3828125 0.6890625 0.3828125 0.6890625 0.3796875 0.6861043703125 0.3796875
0 0.6447611906249999 0.3796875 0.64485211875 0.3828125 0.646875 0.3828125 0.646875 0.3796875 0.6447611906249999 0.3796875
0 0.6839577921875 0.3796875 0.6840487203125 0.3828125 0.6859375 0.3828125 0.6859375 0.3796875 0.6839577921875 0.3796875
0 0.675 0.3796875 0.675 0.3802719546875 0.6750739218749999 0.3828125 0.678125 0.3828125 0.678125 0.3796875 0.675 0.3796875
0 0.5796875 0.3796875 0.5796875 0.384375 0.5828125 0.384375 0.5828125 0.3796875 0.5796875 0.3796875
0 0.5796875 0.446875 0.58125 0.446875 0.58125 0.42286734375 0.5796875 0.4228400703125 0.5796875 0.446875
0 0.6796875 0.3796875 0.6796875 0.3828125 0.6828125 0.3828125 0.6828125 0.3796875 0.6796875 0.3796875
0 0.5815303734375 0.3796875 0.5815303734375 0.3859375 0.584375 0.3859375 0.584375 0.3796875 0.5815303734375 0.3796875
0 0.66903033125 0.3796875 0.6690666937499999 0.3828125 0.671875 0.3828125 0.671875 0.3796875 0.66903033125 0.3796875
0 0.7551673453125 0.3796875 0.75524008125 0.3828125 0.7578125 0.3828125 0.7578125 0.3796875 0.7551673453125 0.3796875
0 0.6883542406250001 0.3796875 0.68829969375 0.3828125 0.690625 0.3828125 0.690625 0.3796875 0.6883542406250001 0.3796875
0 0.5848383015625 0.3796875 0.5848383015625 0.3859375 0.5875 0.3859375 0.5875 0.3796875 0.5848383015625 0.3796875
0 0.59406989375 0.43217035 0.5942955421875 0.4515625 0.596875 0.4515625 0.596875 0.4321050609375 0.59406989375 0.43217035
0 0.70625 0.3796875 0.70625 0.3828125 0.709375 0.3828125 0.709375 0.3796875 0.70625 0.3796875
0 0.663733684375 0.3796875 0.663733684375 0.384375 0.6671875 0.384375 0.6671875 0.3796875 0.663733684375 0.3796875
0 0.681255340625 0.3796875 0.6813098875 0.3828125 0.684375 0.3828125 0.684375 0.3796875 0.681255340625 0.3796875
0 0.666310253125 0.3796875 0.6662284328125 0.384375 0.66875 0.384375 0.66875 0.3796875 0.666310253125 0.3796875
0 0.6776088984374999 0.3796875 0.6776088984374999 0.3828125 0.6796875 0.3828125 0.6796875 0.3796875 0.6776088984374999 0.3796875
0 0.840625 0.4917852328125 0.8309226656250001 0.49184167968750003 0.8296875 0.5342915796875001 0.8296875 0.55 0.8396127421875 0.55 0.840625 0.5152109640625 0.840625 0.4917852328125
0 0.8159804359375 0.4900212625 0.8164601749999999 0.53125 0.8234375 0.53125 0.8234375 0.48997787812500004 0.8159804359375 0.4900212625
0 0.7921875 0.50484560625 0.7919994484374999 0.4725222640625 0.78362279375 0.4723272953125 0.7838837828124999 0.5171875 0.7921875 0.5171875 0.7921875 0.50484560625
0 0.8046597343749999 0.5278765015625 0.8125 0.527922115625 0.8125 0.48069135156250004 0.80438494375 0.48064413906250003 0.8046597343749999 0.5278765015625
0 0.9448986906249999 0.477306221875 0.9452354828124999 0.50625 0.95 0.50625 0.95 0.477306221875 0.9448986906249999 0.477306221875
0 0.9238459406249999 0.3796875 0.9239186765625 0.3828125 0.9265625 0.3828125 0.9265625 0.3796875 0.9238459406249999 0.3796875
0 0.9606826296875 0.4666105890625 0.960312290625 0.4984375 0.965625 0.4984375 0.965625 0.4666105890625 0.9606826296875 0.4666105890625
0 1 0.4381272015625 0.9953125 0.43807265781249993 0.9953125 0.4640625 1 0.4640625 1 0.4381272015625
0 0.9894754453125 0.46644359375000005 0.9899520796874999 0.49375 0.99375 0.49375 0.99375 0.46651820624999996 0.9894754453125 0.46644359375000005
0 0.943232025 0.5350770984375 0.9441248734375 0.5734375 0.9484375 0.5734375 0.9484375 0.5351376703125 0.943232025 0.5350770984375
0 0.9203700125000001 0.5371110625 0.9205359015625 0.565625 0.93125 0.565625 0.93125 0.5371110625 0.9203700125000001 0.5371110625
0 0.9328125 0.6560044578124999 0.9327708328125001 0.6542142656250001 0.9205112328125 0.6542142656250001 0.922486096875 0.7390625 0.9328125 0.7390625 0.9328125 0.6560044578124999
0 0.90312723125 0.6383373921875 0.9040810984375 0.7203125 0.9203125 0.7203125 0.9203125 0.6384373734375 0.90312723125 0.6383373921875
0 0.9015625 0.6536422203125 0.8853710828124999 0.653548021875 0.884375 0.6963437765625 0.884375 0.7375 0.9004277953125 0.7375 0.9015625 0.6887484703125001 0.9015625 0.6536422203125
0 0.9078125 0.685297878125 0.902246590625 0.685200725 0.9015625 0.7145920328124999 0.9015625 0.7375 0.9072074953125 0.7375 0.9078125 0.7115065265625 0.9078125 0.685297878125
0 0.8835248015625 0.6134356484375 0.8849266953124999 0.69375 0.896875 0.69375 0.896875 0.6133579796874999 0.8835248015625 0.6134356484375
0 0.7910875671875 0.6120099734375 0.79152675625 0.6875 0.80625 0.6875 0.80625 0.6121864046875001 0.7910875671875 0.6120099734375
0 0.81875 0.6057694296875 0.8050382375 0.6058492015625 0.8046875 0.6209183125 0.8046875 0.684375 0.8177618890625 0.684375 0.81875 0.641921753125 0.81875 0.6057694296875
0 0.7976359609375001 0.580890915625 0.7982695203125 0.6171875 0.8109375 0.6171875 0.8109375 0.5810456921875 0.7976359609375001 0.580890915625
0 0.790625 0.5829683187500001 0.775 0.583241053125 0.775 0.5940719640625 0.7767637328125 0.6546875 0.7786994218750001 0.6546875 0.790625 0.6544793390625 0.790625 0.5829683187500001
0 0.7785017875 0.5607258875000001 0.7797809390625 0.6046875 0.7890625 0.6046875 0.7890625 0.560848771875 0.7785017875 0.5607258875000001
0 0.675955515625 0.52617005 0.676726025 0.5703125 0.6828125 0.5703125 0.6828125 0.5263695671875 0.675955515625 0.52617005
0 0.7359375 0.5467348515625 0.7234375 0.546662128125 0.7234375 0.556570975 0.72401556875 0.60625 0.7359375 0.60625 0.7359375 0.5467348515625
0 0.7124992671875 0.5223556484375 0.71158035625 0.575 0.721875 0.575 0.721875 0.522519303125 0.7124992671875 0.5223556484375
0 0.7255479078125 0.51981383125 0.7255479078125 0.578125 0.734375 0.578125 0.734375 0.5199165421874999 0.7255479078125 0.51981383125
0 0.746875 0.525232840625 0.7362668875 0.5255415046875 0.7359375 0.5538489859375 0.7359375 0.5840617515625001 0.7465008203125001 0.583754390625 0.746875 0.5515974796875 0.746875 0.525232840625
0 0.7357385 0.5546808078125001 0.74375 0.5545875859375 0.74375 0.5070154703125 0.7343547625 0.50712479375 0.7357385 0.5546808078125001
0 0.709375 0.501180178125 0.7004790390625 0.5012836921874999 0.7 0.5177471812500001 0.7 0.55 0.708865896875 0.55 0.709375 0.5325032796875 0.709375 0.501180178125
0 0.690625 0.565625 0.6901251265624999 0.565625 0.6744006484375 0.5658079703125 0.6741926359375 0.6015625 0.690625 0.6015625 0.690625 0.565625
0 0.652977528125 0.4943024953125 0.652977528125 0.5359375 0.6609375 0.5359375 0.6609375 0.4943024953125 0.652977528125 0.4943024953125
0 0.644962925 0.48955118750000004 0.64569078125 0.53125 0.653125 0.53125 0.653125 0.48940871875 0.644962925 0.48955118750000004
0 0.6662681453125 0.48696466874999994 0.6672625296875 0.5296875 0.6734375 0.5296875 0.6734375 0.487006378125 0.6662681453125 0.48696466874999994
0 0.6353469703125001 0.48805653906249996 0.636170471875 0.5234375 0.640625 0.5234375 0.640625 0.4880872453125 0.6353469703125001 0.48805653906249996
0 0.6140625 0.46267518750000003 0.603125 0.46267518750000003 0.603125 0.5 0.6140625 0.5 0.6140625 0.46267518750000003
0 0.6093187640625 0.45383609687500004 0.6099063703125001 0.4875 0.6171875 0.4875 0.6171875 0.45379031718749996 0.6093187640625 0.45383609687500004
0 0.6210961953125 0.46161674999999996 0.6212467796875 0.4875 0.628125 0.4875 0.628125 0.4614940609375 0.6210961953125 0.46161674999999996
0 0.6271650203125 0.5201067796875 0.6328125 0.520041065625 0.6328125 0.48344960781249996 0.626313575 0.4835252296875 0.6271650203125 0.5201067796875
0 0.6284552031249999 0.47148962031249997 0.6277188812500001 0.503125 0.634375 0.503125 0.634375 0.47162740468750003 0.6284552031249999 0.47148962031249997
0 0.633761084375 0.4703125 0.6341974375 0.5078125 0.6421875 0.5078125 0.6421875 0.4703125 0.633761084375 0.4703125
0 0.6668084890625 0.47741010156249997 0.667162253125 0.5078125 0.671875 0.5078125 0.671875 0.47735114687499997 0.6668084890625 0.47741010156249997
0 0.6064132125 0.42974362343749994 0.6064132125 0.45625 0.6109375 0.45625 0.6109375 0.429690978125 0.6064132125 0.42974362343749994
0 0.5894132890625 0.4828125 0.5901530937499999 0.4510275015625 0.5832687359375 0.45090733437499997 0.5828125 0.4705090875 0.5828125 0.4828125 0.5894132890625 0.4828125
0 0.588923134375 0.44886033750000004 0.588546246875 0.48125 0.5953125 0.48125 0.5953125 0.44889750937499995 0.588923134375 0.44886033750000004
0 0.582412803125 0.4202286421875 0.5825587359375 0.4453125 0.5859375 0.4453125 0.5859375 0.4202286421875 0.582412803125 0.4202286421875
0 0.5849834703125001 0.411942096875 0.5851594328124999 0.4421875 0.590625 0.4421875 0.590625 0.41181078906249996 0.5849834703125001 0.411942096875
0 0.8452492781250001 0.49842526249999997 0.8441215984374999 0.546875 0.8512046 0.546875 0.8515625 0.531498146875 0.8515625 0.49827832031249997 0.8452492781250001 0.49842526249999997
0 0.8739829531249999 0.5040440562499999 0.8753798984374999 0.5640625 0.8828125 0.5640625 0.8828125 0.5040440562499999 0.8739829531249999 0.5040440562499999
0 0.86875 0.49464409062500003 0.85560278125 0.49441460625 0.8546875 0.5337388125 0.8546875 0.55625 0.86745676875 0.55625 0.86875 0.5006874953125 0.86875 0.49464409062500003
0 0.79332309375 0.4759180734375 0.7925481859375 0.5203125 0.8011501375 0.5203125 0.8015625 0.49668830625 0.8015625 0.4757263 0.79332309375 0.4759180734375
0 0.644579496875 0.488906546875 0.6640625 0.4890198953125 0.6640625 0.469391003125 0.6443510781249999 0.46927632500000005 0.644579496875 0.488906546875
0 0.9752925390625 0.5069512515625 0.9750643421875 0.5265625 0.9842747390625 0.5265625 0.984375 0.5179460578125 0.984375 0.5067398546875 0.9752925390625 0.5069512515625
0 0.9611628046874999 0.5066379046875 0.9614310109374999 0.5296875 0.9734375 0.5296875 0.9734375 0.5069236015625 0.9611628046874999 0.5066379046875
0 0.97164661875 0.54824485 0.9720124875 0.5796875 0.978125 0.5796875 0.978125 0.5483202328125 0.97164661875 0.54824485
0 0.9789094453124999 0.526074828125 0.9789094453124999 0.5515625 0.99375 0.5515625 0.99375 0.525815784375 0.9789094453124999 0.526074828125
0 0.9216177984374999 0.4863291453125 0.921160984375 0.5125 0.9296875 0.5125 0.9296875 0.4864700015625 0.9216177984374999 0.4863291453125
0 0.9303461671875001 0.5038172328125 0.9307431874999998 0.5265625 0.9375 0.5265625 0.9375 0.503942103125 0.9303461671875001 0.5038172328125
0 0.977405453125 0.5565613078125 0.977405453125 0.5953125 0.9859375 0.5953125 0.9859375 0.556610946875 0.977405453125 0.5565613078125
0 0.978125 0.450733484375 0.971875 0.45080621093750006 0.971875 0.468337175 0.9722052609375 0.4796875 0.978125 0.4796875 0.978125 0.450733484375
0 0.9846517218749999 0.417387809375 0.9853733203124999 0.4421875 0.9890625 0.4421875 0.9890625 0.417439134375 0.9846517218749999 0.417387809375
0 0.978639796875 0.420303078125 0.9789126265625001 0.44375 0.9828125 0.44375 0.9828125 0.4202059578125 0.978639796875 0.420303078125
0 0.9650746 0.4246719125 0.9657661078124999 0.4484375 0.96875 0.4484375 0.96875 0.4247146796875 0.9650746 0.4246719125
0 0.9729570484375 0.431446903125 0.9731729343750001 0.45 0.978125 0.45 0.978125 0.4315972765625 0.9729570484375 0.431446903125
0 0.9530239390624999 0.4351721890625 0.95249698125 0.4578125 0.9578125 0.4578125 0.9578125 0.435227909375 0.9530239390624999 0.4351721890625
0 0.9582652453125 0.43125 0.9581197984375001 0.45625 0.9625 0.45625 0.9625 0.43125 0.9582652453125 0.43125
0 0.9435696515625001 0.4270530390625 0.9435696515625001 0.4453125 0.946875 0.4453125 0.946875 0.4270530390625 0.9435696515625001 0.4270530390625
0 0.9485068671875 0.44655013437499996 0.9515625 0.4465856890625 0.9515625 0.42569905312499995 0.948142215625 0.4256592546875 0.9485068671875 0.44655013437499996
0 0.9480668421875 0.417486825 0.9479413187500001 0.4390625 0.953125 0.4390625 0.953125 0.4173690953125 0.9480668421875 0.417486825
0 0.952949434375 0.41936460468750003 0.952949434375 0.4359375 0.9578125 0.4359375 0.9578125 0.4192797203125 0.952949434375 0.41936460468750003
0 0.9621559484375 0.4197558671875 0.9622773609374999 0.440625 0.965625 0.440625 0.965625 0.419735684375 0.9621559484375 0.4197558671875
0 0.9353553421875 0.44648217656250005 0.9351803406249999 0.4765625 0.940625 0.4765625 0.940625 0.44648217656250005 0.9353553421875 0.44648217656250005
0 0.9359375 0.4237154578125 0.93125 0.423579065625 0.93125 0.4453125 0.9359375 0.4453125 0.9359375 0.4237154578125
0 0.9244739656250001 0.4203125 0.9246921406249999 0.4390625 0.9296875 0.4390625 0.9296875 0.4203125 0.9244739656250001 0.4203125
0 0.908629115625 0.42400146562499996 0.9080967296875 0.446875 0.9137669687500001 0.446875 0.9140625 0.4341777515625 0.9140625 0.4240330765625 0.908629115625 0.42400146562499996
0 0.9142795640625 0.42478015156250004 0.9145184796875 0.4453125 0.91875 0.4453125 0.91875 0.4247021203125 0.9142795640625 0.42478015156250004
0 0.9236588781249999 0.4540435203125 0.923884546875 0.4734375 0.9296875 0.4734375 0.9296875 0.4539733703125 0.9236588781249999 0.4540435203125
0 0.9231057 0.47312980156249995 0.9231620328125001 0.4828125 0.93125 0.4828125 0.93125 0.47327196093749996 0.9231057 0.47312980156249995
0 0.9139853828125 0.451880915625 0.9132217578125001 0.478125 0.9203125 0.478125 0.9203125 0.45173365 0.9139853828125 0.451880915625
0 0.90625 0.4244616234375 0.9 0.42457071874999996 0.9 0.434952309375 0.9001387328125 0.446875 0.90625 0.446875 0.90625 0.4244616234375
0 0.8924540999999999 0.4505541328125 0.8923300578125 0.471875 0.8984375 0.471875 0.8984375 0.45065857343750004 0.8924540999999999 0.4505541328125
0 0.896875 0.427736834375 0.89375 0.4277186515625 0.89375 0.4484375 0.896875 0.4484375 0.896875 0.427736834375
0 0.8872355984375 0.4170408046875 0.8876199875000002 0.4390625 0.890625 0.4390625 0.890625 0.41711969374999996 0.8872355984375 0.4170408046875
0 0.8907673859375 0.4167780453125 0.8911563625 0.4390625 0.8953125 0.4390625 0.8953125 0.416883834375 0.8907673859375 0.4167780453125
0 0.87399225 0.464052765625 0.878125 0.4640046765625 0.878125 0.45643920156249995 0.8738602203125 0.4564888265625 0.87399225 0.464052765625
0 0.8838319359375 0.45439643125 0.8836831 0.4671875 0.8890625 0.4671875 0.8890625 0.45427468906249996 0.8838319359375 0.45439643125
0 0.8865922375 0.44362738281249997 0.886711125 0.4640625 0.8890625 0.4640625 0.8890625 0.4435698875 0.8865922375 0.44362738281249997
0 0.8674797859375 0.436919190625 0.8675922500000001 0.45625 0.8734375 0.45625 0.8734375 0.436953853125 0.8674797859375 0.436919190625
0 0.8818756984375 0.42446889375 0.8825731140624999 0.4484375 0.8859375 0.4484375 0.8859375 0.4245634328125 0.8818756984375 0.42446889375
0 0.8723636828125001 0.4194569640625 0.8720487406250002 0.4375 0.875 0.4375 0.875 0.419441625 0.8723636828125001 0.4194569640625
0 0.8752090734374999 0.4228716859375 0.875020675 0.4390625 0.878125 0.4390625 0.878125 0.4229225828125 0.8752090734374999 0.4228716859375
0 0.8782543390625 0.4203125 0.8784543328125001 0.4375 0.88125 0.4375 0.88125 0.4203125 0.8782543390625 0.4203125
0 0.85240125625 0.43102149687499997 0.8521049968749999 0.44375 0.8578125 0.44375 0.8578125 0.4310844625 0.85240125625 0.43102149687499997
0 0.6028369 0.38631983124999997 0.60296659375 0.39375 0.6046875 0.39375 0.6046875 0.386341365625 0.6028369 0.38631983124999997
0 0.59524358125 0.3859375 0.59517085625 0.3921875 0.596875 0.3921875 0.596875 0.3859375 0.59524358125 0.3859375
0 0.611242715625 0.3902710078125 0.611355921875 0.4 0.6140625 0.4 0.6140625 0.3903366390625 0.611242715625 0.3902710078125
0 0.627301678125 0.3948745046875 0.627235496875 0.40625 0.630636834375 0.40625 0.6307033609375 0.39481512812499997 0.627301678125 0.3948745046875
0 0.93125 0.47730586875 0.93125 0.4953125 0.9374159765625001 0.4953125 0.9375 0.492424828125 0.9375 0.4771240125 0.93125 0.47730586875
0 0.9043621515625 0.44357606406250005 0.9047197421875 0.4640625 0.909375 0.4640625 0.909375 0.44357606406250005 0.9043621515625 0.44357606406250005
0 0.855373790625 0.44278586249999996 0.855198940625 0.4578125 0.8608680281249999 0.4578125 0.8609375 0.451842090625 0.8609375 0.44275349531249997 0.855373790625 0.44278586249999996
0 0.8618307953125001 0.447244871875 0.8616190625 0.459375 0.8671875 0.459375 0.8671875 0.447307203125 0.8618307953125001 0.447244871875
0 0.669229971875 0.4780410640625 0.6734375 0.4779186375 0.6734375 0.46118409531250004 0.669717309375 0.46129234218750004 0.669229971875 0.4780410640625
0 0.7261642734375 0.44635965625 0.7257158671875 0.465625 0.728125 0.465625 0.728125 0.44631402031250006 0.7261642734375 0.44635965625
0 0.7417199859375 0.4504507875 0.7367592000000001 0.45053737812500005 0.736970853125 0.46872685000000003 0.7419316390625 0.468640259375 0.7417199859375 0.4504507875
0 0.6868116765625001 0.428143046875 0.68702955 0.440625 0.6890625 0.440625 0.6890625 0.4282085390625 0.6868116765625001 0.428143046875
0 0.63166065625 0.40730272031250003 0.634375 0.40733430468750004 0.634375 0.3945413078125 0.6315862250000001 0.3945088578125 0.63166065625 0.40730272031250003
0 0.6546875 0.3903993953125 0.6359375 0.3902903109375 0.6359375 0.39794380625 0.6363155765624999 0.4109375 0.6546875 0.4109375 0.6546875 0.3903993953125
0 0.69559866875 0.4317040421875 0.6958115625 0.45 0.6989748515625 0.45 0.7109375 0.4497215671875 0.7109375 0.431347028125 0.69559866875 0.4317040421875
0 0.60531628125 0.3796875 0.6052708296875 0.3875 0.619592234375 0.3875 0.6196376859375 0.3796875 0.60531628125 0.3796875
0 0.721875 0.4578125 0.721875 0.4433222953125 0.7173275453125 0.4433487515625 0.7171875 0.45538416875000004 0.7171875 0.4578125 0.721875 0.4578125
0 0.9242883953125001 0.3859375 0.9241065562500002 0.39375 0.925 0.39375 0.925 0.3859375 0.9242883953125001 0.3859375
0 0.9109375 0.38110901875000003 0.909375 0.3810908375 0.909375 0.3890625 0.9109375 0.3890625 0.9109375 0.38110901875000003
0 0.9734375 0.380941134375 0.9703125 0.380941134375 0.9703125 0.390625 0.9734375 0.390625 0.9734375 0.380941134375
0 0.9639218406250001 0.380575578125 0.9636879374999999 0.390625 0.9637954671875001 0.390625 0.965625 0.3906037109375 0.965625 0.3805557609375 0.9639218406250001 0.380575578125
0 0.8558074453125 0.3846842546875 0.85556738125 0.3984375 0.8578125 0.3984375 0.8578125 0.384730921875 0.8558074453125 0.3846842546875
0 0.8522960812499999 0.3830229625 0.8519736703125 0.396875 0.853125 0.396875 0.853125 0.383018140625 0.8522960812499999 0.3830229625
0 0.8511969546875001 0.3953125 0.8515152031250001 0.384375 0.849167615625 0.384375 0.8488493671875 0.3953125 0.8511969546875001 0.3953125
0 0.8224629671875 0.3862223359375 0.8223026499999999 0.4 0.825 0.4 0.825 0.3862223359375 0.8224629671875 0.3862223359375
0 0.8257700515625 0.3867095796875 0.8258883375 0.396875 0.8265625 0.396875 0.8265625 0.3867280234375 0.8257700515625 0.3867095796875
0 0.7340914921875 0.39162012968750004 0.7342923109375 0.403125 0.7359375 0.403125 0.7359375 0.3916523515625 0.7340914921875 0.39162012968750004
0 0.73754806875 0.39217413749999996 0.7373295515625 0.4015625 0.7390625 0.4015625 0.7390625 0.392218203125 0.73754806875 0.39217413749999996
0 0.7478149593750001 0.389964646875 0.747962853125 0.3984375 0.75 0.3984375 0.75 0.38995193437500003 0.7478149593750001 0.389964646875
0 0.75526750625 0.3908881046875 0.7554795875 0.4 0.7578125 0.4 0.7578125 0.39094734062500003 0.75526750625 0.3908881046875
0 0.758031275 0.3883482859375 0.758302471875 0.4 0.7609375 0.4 0.7609375 0.3883482859375 0.758031275 0.3883482859375
0 0.7635472078125 0.3890625 0.7637654125 0.3984375 0.765625 0.3984375 0.765625 0.3890625 0.7635472078125 0.3890625
0 0.7660734921875 0.3922696359375 0.765965359375 0.4015625 0.768245953125 0.4015625 0.768354240625 0.3922563671875 0.7660734921875 0.3922696359375
