0 0.29375 0.1523466421875 0.28608276718750003 0.1523466421875 0.2859375 0.1585879140625 0.2859375 0.1875 0.293299303125 0.1875 0.29375 0.1681362125 0.29375 0.1523466421875
0 0.30567224843749996 0.1275588640625 0.3058300765625 0.1546875 0.3109375 0.1546875 0.3109375 0.12765076875 0.30567224843749996 0.1275588640625
0 0.3171875 0.122877509375 0.31148442656249997 0.12277796249999999 0.3109375 0.146276178125 0.3109375 0.1609375 0.316979375 0.1609375 0.3171875 0.151995575 0.3171875 0.122877509375
0 0.348690778125 0.23363057812500002 0.3482414078125 0.259375 0.3578125 0.259375 0.3578125 0.23341826718749997 0.348690778125 0.23363057812500002
0 0.3078125 0.1855277125 0.29863340781250003 0.185367490625 0.2984375 0.19378447031249998 0.2984375 0.209375 0.3075311015625 0.209375 0.3078125 0.197285015625 0.3078125 0.1855277125
0 0.46875 0.346675065625 0.46149013125 0.3465483453125 0.4609375 0.3702916328125 0.4609375 0.3875 0.46875 0.3875 0.46875 0.346675065625
0 0.3234375 0.15801604687499998 0.3171875 0.1581615171875 0.3171875 0.165625 0.3234375 0.165625 0.3234375 0.15801604687499998
0 0.5383711171875001 0.288521909375 0.5385197093749999 0.3140625 0.5578125 0.3140625 0.5578125 0.288861259375 0.5383711171875001 0.288521909375
0 0.7984375 0.359296 0.7984375 0.3097781515625 0.7755032890625 0.31031195 0.775 0.33914534375 0.775 0.40625 0.7858933406249999 0.40625 0.7976226796875 0.40597699687500005 0.7984375 0.359296
0 0.9905041015624999 0 0.98955854375 0.040625 0.996875 0.040625 0.996875 0 0.9905041015624999 0
0 0.9817716624999999 0 0.9815716765625 0.034375 0.9875 0.034375 0.9875 0 0.9817716624999999 0
0 0.9859375 0.0384220640625 0.9800762015625001 0.0383197546875 0.9796875 0.055019959375000003 0.9796875 0.0734375 0.9858783609374999 0.0734375 0.9859375 0.0708966265625 0.9859375 0.0384220640625
0 0.9649513296875 0.029164293749999997 0.9662363734374999 0.084375 0.978125 0.084375 0.978125 0.0288576734375 0.9649513296875 0.029164293749999997
0 1 0.038801190624999995 0.9897213796875001 0.038801190624999995 0.9897213796875001 0.0506392921875 1 0.0506392921875 1 0.038801190624999995
0 0.9923832406249999 0.0719478734375 0.9835507 0.0719478734375 0.9835507 0.0799116859375 0.9923832406249999 0.0799116859375 0.9923832406249999 0.0719478734375
0 0.9850026249999999 0.077328828125 0.9749601437500001 0.077328828125 0.9749601437500001 0.08658407031250001 0.9850026249999999 0.08658407031250001 0.9850026249999999 0.077328828125
0 0.8099829671875 0.39881509843749996 0.7965526640625 0.39881509843749996 0.7965526640625 0.41538843906249995 0.8099829671875 0.41538843906249995 0.8099829671875 0.39881509843749996
0 1 0.92555836875 0.8183323093749999 0.92555836875 0.8171875 0.9747440546874999 0.8171875 0.9859375 1 0.9859375 1 0.92555836875
0 0.8203125 1 0.8203125 0.9901118171875 0.81175858125 0.9899625078125001 0.811816978125 1 0.8203125 1
0 0.7421875 0.9015207937499999 0.7163109109375 0.9010691156250001 0.715625 0.9305386765625 0.715625 0.9484375 0.7413324734375 0.9484375 0.7421875 0.9117020546875001 0.7421875 0.9015207937499999
0 0.8823931265624999 0.5963934609375 0.8820847125 0.6140625 0.8859375 0.6140625 0.8859375 0.5963109640625001 0.8823931265624999 0.5963934609375
0 0.891331596875 0.615625 0.8917843421875 0.59617326875 0.8863815578124999 0.5960789625 0.8859375 0.6151574640625 0.8859375 0.615625 0.891331596875 0.615625
