0 0.5078125 0.109375 0.41604002500000004 0.109375 0.415625 0.18071164687500002 0.415625 0.196875 0.44279642812500003 0.196875 0.5078125 0.195740140625 0.5078125 0.109375
0 0.7468127171875001 0.8062763343749999 0.747557975 0.934375 0.9390625 0.934375 0.9390625 0.8062763343749999 0.7468127171875001 0.8062763343749999
0 0.73708465 0.8691010890624999 0.7390625 0.7841245453125 0.7390625 0.7578125 0.6598752859375 0.7578125 0.59591515625 0.75855674375 0.5953125 0.7844493265625 0.5953125 0.8703125 0.632976284375 0.8703125 0.73708465 0.8691010890624999
0 0.4846164296875 0.7323503171875 0.4865546703125 0.815625 0.5875 0.815625 0.5875 0.7317517578125 0.4846164296875 0.7323503171875
0 0.40173819374999997 0.7830108484375 0.47687556249999996 0.7830108484375 0.47687556249999996 0.7170006171875001 0.40173819374999997 0.7170006171875001 0.40173819374999997 0.7830108484375
0 0.3414427765625 0.7731093140625 0.40173819374999997 0.7731093140625 0.40173819374999997 0.7054488265625001 0.3414427765625 0.7054488265625001 0.3414427765625 0.7731093140625
0 0.2857854671875 0.7500057328125 0.3414427765625 0.7500057328125 0.3414427765625 0.6889462671875 0.2857854671875 0.6889462671875 0.2857854671875 0.7500057328125
0 0.1796875 0.7186508734375 0.1815542703125 0.7186508734375 0.254246325 0.7186508734375 0.254246325 0.6674929437499999 0.1796875 0.6674929437499999 0.1796875 0.7186508734375
0 0.712541365625 1 0.712541365625 0.9519353015625001 0.685184684375 0.9519353015625001 0.685184684375 1 0.712541365625 1
0 0.9681743484374999 0.93787565 0.9800289109375001 0.93787565 0.9800289109375001 0.8654143703124999 0.9681743484374999 0.8654143703124999 0.9681743484374999 0.93787565
0 0.9791170203124999 0.93787565 0.9958349921874999 0.93787565 0.9958349921874999 0.8518954749999998 0.9791170203124999 0.8518954749999998 0.9791170203124999 0.93787565
0 0.8034263375 1 0.8034263375 0.95355756875 0.789747996875 0.95355756875 0.789747996875 1 0.8034263375 1
0 0.7891400703125 1 0.7891400703125 0.96978024375 0.76330320625 0.96978024375 0.76330320625 1 0.7891400703125 1
0 0.6529645937499999 1 0.6529645937499999 0.9443647203125 0.6529645937499999 0.9330088484375001 0.6395902171875 0.9330088484375001 0.6395902171875 1 0.6529645937499999 1
0 0.6754578640625 1 0.6754578640625 0.9286828015624999 0.6550923359375 0.9286828015624999 0.6550923359375 1 0.6754578640625 1
0 0.48365713593750004 1 0.48365713593750004 0.942201696875 0.4681550171875 0.942201696875 0.4681550171875 1 0.48365713593750004 1
0 0.46237971718750004 1 0.46237971718750004 0.9411201859375 0.4468775984375 0.9411201859375 0.4468775984375 1 0.46237971718750004 1
0 0.5520488374999999 0.9600466390625 0.5632954734375 0.9600466390625 0.5632954734375 0.8984004750000001 0.5520488374999999 0.8984004750000001 0.5520488374999999 0.9600466390625
0 0.538370496875 0.966535709375 0.5484012796875 0.966535709375 0.5484012796875 0.89082989375 0.538370496875 0.89082989375 0.538370496875 0.966535709375
0 0.5484012796875 0.9038080328125 0.5584320640625 0.9038080328125 0.5584320640625 0.8464879171874999 0.5484012796875 0.8464879171874999 0.5484012796875 0.9038080328125
0 0.5237802671875 0.9151639062499999 0.538370496875 0.9151639062499999 0.538370496875 0.84432489375 0.5237802671875 0.84432489375 0.5237802671875 0.9151639062499999
0 0.45022119375 0.9248975109375 0.46389953281250007 0.9248975109375 0.46389953281250007 0.8551400093750001 0.45022119375 0.8551400093750001 0.45022119375 0.9248975109375
0 0.45569252968749996 0.879474021875 0.46876294375 0.879474021875 0.46876294375 0.825398440625 0.45569252968749996 0.825398440625 0.45569252968749996 0.879474021875
0 0.44079833593750006 0.8973189640625 0.45022119375 0.8973189640625 0.45022119375 0.8275614640625001 0.44079833593750006 0.8275614640625001 0.44079833593750006 0.8973189640625
0 0.40645050312500003 0.9016450109375 0.42256055000000003 0.9016450109375 0.42256055000000003 0.8270207078125 0.40645050312500003 0.8270207078125 0.40645050312500003 0.9016450109375
0 0.381829490625 0.89137065 0.3988514265625 0.89137065 0.3988514265625 0.8243169281250001 0.381829490625 0.8243169281250001 0.381829490625 0.89137065
0 0.36419963125 0.8508139640625 0.37666211875 0.8508139640625 0.37666211875 0.7832194859375 0.36419963125 0.7832194859375 0.36419963125 0.8508139640625
0 0.3553847 0.8616290796874999 0.36480755625 0.8616290796874999 0.36480755625 0.7994421625 0.3553847 0.7994421625 0.3553847 0.8616290796874999
0 0.3456578796875 0.8481101859375 0.3553847 0.8481101859375 0.3553847 0.79079006875 0.3456578796875 0.79079006875 0.3456578796875 0.8481101859375
0 0.3298517984375 0.82918373125 0.342010321875 0.82918373125 0.342010321875 0.7772711734375 0.3298517984375 0.7772711734375 0.3298517984375 0.82918373125
0 0.3024951171875 0.8367543125000001 0.31860516250000004 0.8367543125000001 0.31860516250000004 0.7772711734375 0.3024951171875 0.7772711734375 0.3024951171875 0.8367543125000001
0 0.268147284375 0.7961976265625 0.27969788281249996 0.7961976265625 0.27969788281249996 0.7459073359375 0.268147284375 0.7459073359375 0.268147284375 0.7961976265625
0 0.25963631718749997 0.8075534984375 0.2672353953125 0.8075534984375 0.2672353953125 0.762130009375 0.25963631718749997 0.762130009375 0.25963631718749997 0.8075534984375
0 0.25112535 0.8091757656249999 0.257508575 0.8091757656249999 0.257508575 0.7648337890625 0.25112535 0.7648337890625 0.25112535 0.8091757656249999
0 0.24990949687500003 0.7648337890625 0.257508575 0.7648337890625 0.257508575 0.7491518703125 0.24990949687500003 0.7491518703125 0.24990949687500003 0.7648337890625
0 0.2407906046875 0.7913308234375 0.25112535 0.7913308234375 0.25112535 0.7491518703125 0.2407906046875 0.7491518703125 0.2407906046875 0.7913308234375
0 0.1819433421875 0.8047399078125 0.1916701625 0.8047399078125 0.1916701625 0.767362865625 0.1819433421875 0.767362865625 0.1819433421875 0.8047399078125
0 0.223963203125 0.7957417328125 0.229799296875 0.7957417328125 0.229799296875 0.749712596875 0.223963203125 0.749712596875 0.223963203125 0.7957417328125
0 0.23018836875 0.78259055 0.23816436093749999 0.78259055 0.23816436093749999 0.736561415625 0.23018836875 0.736561415625 0.23018836875 0.78259055
0 0.2222123765625 0.767362865625 0.22804846875 0.767362865625 0.22804846875 0.7358692484375 0.2222123765625 0.7358692484375 0.2222123765625 0.767362865625
0 0.21462545625 0.78259055 0.2216287671875 0.78259055 0.2216287671875 0.737599665625 0.21462545625 0.737599665625 0.21462545625 0.78259055
0 0.20645492812500002 0.7853592203125 0.2154036015625 0.7853592203125 0.2154036015625 0.73794575 0.20645492812500002 0.73794575 0.20645492812500002 0.7853592203125
0 0.1796875 0.764594196875 0.1840832421875 0.764594196875 0.1840832421875 0.726871071875 0.1796875 0.726871071875 0.1796875 0.764594196875
0 0.260536046875 0.6742663453125 0.2646213109375 0.6742663453125 0.2646213109375 0.65938474375 0.260536046875 0.65938474375 0.260536046875 0.6742663453125
0 0.24905839843750002 0.6674929437499999 0.252754590625 0.6674929437499999 0.252754590625 0.6604229953124999 0.24905839843750002 0.6604229953124999 0.24905839843750002 0.6674929437499999
0 0.2424441625 0.6704594234375 0.24497313437499998 0.6704594234375 0.24497313437499998 0.6607690796875 0.2424441625 0.6607690796875 0.2424441625 0.6704594234375
0 0.2354408515625 0.6674929437499999 0.240109725 0.6674929437499999 0.240109725 0.6604229953124999 0.2354408515625 0.6604229953124999 0.2354408515625 0.6674929437499999
0 0.29166187031249996 0.6749585125 0.29633074375 0.6749585125 0.29633074375 0.6642299171875 0.29166187031249996 0.6642299171875 0.29166187031249996 0.6749585125
0 0.29691435312500003 0.6669985875 0.3004160078125 0.6669985875 0.3004160078125 0.6548856562500001 0.29691435312500003 0.6548856562500001 0.29691435312500003 0.6669985875
0 0.300221471875 0.6742663453125 0.3033340546875 0.6742663453125 0.3033340546875 0.6642299171875 0.300221471875 0.6642299171875 0.300221471875 0.6742663453125
0 0.3175352109375 0.6749585125 0.319480575 0.6749585125 0.319480575 0.666652503125 0.3175352109375 0.666652503125 0.3175352109375 0.6749585125
0 0.321036865625 0.6770350140625 0.325511203125 0.6770350140625 0.325511203125 0.66526816875 0.321036865625 0.66526816875 0.321036865625 0.6770350140625
0 0.3274565671875 0.6794576 0.33154183125000003 0.6794576 0.33154183125000003 0.663883834375 0.3274565671875 0.663883834375 0.3274565671875 0.6794576
0 0.3570260984375 0.6843027734375 0.3620840453125 0.6843027734375 0.3620840453125 0.664922084375 0.3570260984375 0.664922084375 0.3570260984375 0.6843027734375
0 0.3636403359375 0.6818801859375 0.3681146734375 0.6818801859375 0.3681146734375 0.6631916656250001 0.3636403359375 0.6631916656250001 0.3636403359375 0.6818801859375
0 0.3686982828125 0.6829184390625 0.3720054015625 0.6829184390625 0.3720054015625 0.6597308281250001 0.3686982828125 0.6597308281250001 0.3686982828125 0.6829184390625
0 0.3720054015625 0.6839566890625 0.376285203125 0.6839566890625 0.376285203125 0.6597308281250001 0.3720054015625 0.6597308281250001 0.3720054015625 0.6839566890625
0 0.3792032484375 0.6901861968749999 0.38523387656249997 0.6901861968749999 0.38523387656249997 0.6732280937499999 0.3792032484375 0.6732280937499999 0.3792032484375 0.6901861968749999
0 0.39204265 0.6860331921875 0.39748966874999997 0.6860331921875 0.39748966874999997 0.6631916656250001 0.39204265 0.6631916656250001 0.39204265 0.6860331921875
0 0.3797868578125 0.6732280937499999 0.38523387656249997 0.6732280937499999 0.38523387656249997 0.6597308281250001 0.3797868578125 0.6597308281250001 0.3797868578125 0.6732280937499999
0 0.4060492703125 0.6967617875000001 0.4097454625 0.6967617875000001 0.4097454625 0.6804958515624999 0.4060492703125 0.6804958515624999 0.4060492703125 0.6967617875000001
0 0.4099399984375 0.6953774515625 0.41402526406250006 0.6953774515625 0.41402526406250006 0.6645760015625 0.4099399984375 0.6645760015625 0.4099399984375 0.6953774515625
0 0.41402526406250006 0.698146121875 0.4188886734375 0.698146121875 0.4188886734375 0.6597308281250001 0.41402526406250006 0.6597308281250001 0.41402526406250006 0.698146121875
0 0.425308375 0.6950313687499999 0.4303663203125 0.6950313687499999 0.4303663203125 0.6711515921875 0.425308375 0.6711515921875 0.425308375 0.6950313687499999
0 0.43600787656249995 0.6922626984375 0.44203850468749994 0.6922626984375 0.44203850468749994 0.6673446703125 0.43600787656249995 0.6673446703125 0.43600787656249995 0.6922626984375
0 0.4463183046875 0.6919166156250001 0.450014496875 0.6919166156250001 0.450014496875 0.6704594234375 0.4463183046875 0.6704594234375 0.4463183046875 0.6919166156250001
0 0.4661610171875 0.6998765406249999 0.470829890625 0.6998765406249999 0.470829890625 0.6728820093750001 0.4661610171875 0.6728820093750001 0.4661610171875 0.6998765406249999
0 0.48639280312499994 0.6953774515625 0.49145074843750003 0.6953774515625 0.49145074843750003 0.66976725625 0.48639280312499994 0.66976725625 0.48639280312499994 0.6953774515625
0 0.4589631703125 0.6984922046875 0.46441019062500005 0.6984922046875 0.46441019062500005 0.6721898421875 0.4589631703125 0.6721898421875 0.4589631703125 0.6984922046875
0 0.450014496875 0.6974539546875 0.45429429687499995 0.6974539546875 0.45429429687499995 0.6704594234375 0.450014496875 0.6704594234375 0.450014496875 0.6974539546875
0 0.45429429687499995 0.6974539546875 0.456628734375 0.6974539546875 0.456628734375 0.6669985875 0.45429429687499995 0.6669985875 0.45429429687499995 0.6974539546875
0 0.2805732953125 0.6358510515625 0.2832968046875 0.6358510515625 0.2832968046875 0.623738121875 0.2805732953125 0.623738121875 0.2805732953125 0.6358510515625
0 0.272597303125 0.6323902140625 0.274737203125 0.6323902140625 0.274737203125 0.622007703125 0.272597303125 0.622007703125 0.272597303125 0.6323902140625
0 0.274737203125 0.6323902140625 0.277071640625 0.6323902140625 0.277071640625 0.62512245625 0.274737203125 0.62512245625 0.274737203125 0.6323902140625
0 0.2601469734375 0.633428465625 0.2624814109375 0.633428465625 0.2624814109375 0.6244302890625 0.2601469734375 0.6244302890625 0.2601469734375 0.633428465625
0 0.24905839843750002 0.6344667171875 0.2508092265625 0.6344667171875 0.2508092265625 0.6223537875 0.24905839843750002 0.6223537875 0.24905839843750002 0.6344667171875
0 0.2467239625 0.6344667171875 0.24905839843750002 0.6344667171875 0.24905839843750002 0.6213155359375 0.2467239625 0.6213155359375 0.2467239625 0.6344667171875
0 0.257228928125 0.633428465625 0.2601469734375 0.633428465625 0.2601469734375 0.6226998703125 0.257228928125 0.6226998703125 0.257228928125 0.633428465625
0 0.2358299234375 0.63204413125 0.23816436093749999 0.63204413125 0.23816436093749999 0.62512245625 0.2358299234375 0.62512245625 0.2358299234375 0.63204413125
0 0.2226014484375 0.63654321875 0.2261031046875 0.63654321875 0.2261031046875 0.6244302890625 0.2226014484375 0.6244302890625 0.2226014484375 0.63654321875
0 0.21462545625 0.6358510515625 0.217543503125 0.6358510515625 0.217543503125 0.6240842046875 0.21462545625 0.6240842046875 0.21462545625 0.6358510515625
0 0.211901946875 0.6358510515625 0.21462545625 0.6358510515625 0.21462545625 0.6247763734375 0.211901946875 0.6247763734375 0.211901946875 0.6358510515625
0 0.199840690625 0.6386197203125 0.20314780937500002 0.6386197203125 0.20314780937500002 0.62858329375 0.199840690625 0.62858329375 0.199840690625 0.6386197203125
0 0.18816850624999998 0.637927553125 0.1914756265625 0.637927553125 0.1914756265625 0.6258146234375 0.18816850624999998 0.6258146234375 0.18816850624999998 0.637927553125
0 0.1831105609375 0.6410423078124999 0.185639534375 0.6410423078124999 0.185639534375 0.629967628125 0.1831105609375 0.629967628125 0.1831105609375 0.6410423078124999
0 0.1798034421875 0.6386197203125 0.1831105609375 0.6386197203125 0.1831105609375 0.6292754609375 0.1798034421875 0.6292754609375 0.1798034421875 0.6386197203125
0 0.65931794375 0.61935409375 0.6626041375 0.61935409375 0.6626041375 0.6094155609375 0.65931794375 0.6094155609375 0.65931794375 0.61935409375
0 0.650938153125 0.6205233328124999 0.6537314171874999 0.6205233328124999 0.6537314171874999 0.609707871875 0.650938153125 0.609707871875 0.650938153125 0.6205233328124999
0 0.640258028125 0.6190617828125 0.6440371500000001 0.6190617828125 0.6440371500000001 0.6073693921875 0.640258028125 0.6073693921875 0.640258028125 0.6190617828125
0 0.6231698265625 0.6214002609375 0.6272775671875 0.6214002609375 0.6272775671875 0.61000018125 0.6231698265625 0.61000018125 0.6231698265625 0.6214002609375
0 0.5599106203125 0.6214002609375 0.5636897421875 0.6214002609375 0.5636897421875 0.6079540125 0.5599106203125 0.6079540125 0.5599106203125 0.6214002609375
0 0.5242554328125 0.6205233328124999 0.527377315625 0.6205233328124999 0.527377315625 0.607661703125 0.5242554328125 0.607661703125 0.5242554328125 0.6205233328124999
0 0.45146626718749994 0.624907978125 0.45327367343749997 0.624907978125 0.45327367343749997 0.6164309953125 0.45146626718749994 0.6164309953125 0.45146626718749994 0.624907978125
0 0.4488373140625 0.624907978125 0.45146626718749994 0.624907978125 0.45146626718749994 0.6155540671875 0.4488373140625 0.6155540671875 0.4488373140625 0.624907978125
0 0.43174911250000003 0.6281233859375 0.43470668593749995 0.6281233859375 0.43470668593749995 0.619646403125 0.43174911250000003 0.619646403125 0.43174911250000003 0.6281233859375
0 0.41728986562500003 0.624907978125 0.41926158124999996 0.624907978125 0.41926158124999996 0.6178925453125 0.41728986562500003 0.6178925453125 0.41728986562500003 0.624907978125
0 0.41466091093749996 0.624907978125 0.41728986562500003 0.624907978125 0.41728986562500003 0.6178925453125 0.41466091093749996 0.6178925453125 0.41466091093749996 0.624907978125
0 0.3745693625 0.62724645625 0.378348484375 0.62724645625 0.378348484375 0.6164309953125 0.3745693625 0.6164309953125 0.3745693625 0.62724645625
0 0.3693114546875 0.6328003421874999 0.37144747968749997 0.6328003421874999 0.37144747968749997 0.6231541203125 0.3693114546875 0.6231541203125 0.3693114546875 0.6328003421874999
0 0.3660252625 0.6295849359375 0.3693114546875 0.6295849359375 0.3693114546875 0.6216925718749999 0.3660252625 0.6216925718749999 0.3660252625 0.6295849359375
0 0.36257476093749996 0.633677271875 0.3652037140625 0.633677271875 0.3652037140625 0.623738740625 0.36257476093749996 0.623738740625 0.36257476093749996 0.633677271875
0 0.34893706093750004 0.6307541734375001 0.35205894375 0.6307541734375001 0.35205894375 0.6214002609375 0.34893706093750004 0.6214002609375 0.34893706093750004 0.6307541734375001
0 0.345486559375 0.6307541734375001 0.34893706093750004 0.6307541734375001 0.34893706093750004 0.6228618109374999 0.345486559375 0.6228618109374999 0.345486559375 0.6307541734375001
0 0.3348064328125 0.6333849625 0.33776400625 0.6333849625 0.33776400625 0.6225695015625 0.3348064328125 0.6225695015625 0.3348064328125 0.6333849625
0 0.3303700734375 0.6325080328125 0.33283471875 0.6325080328125 0.33283471875 0.6214002609375 0.3303700734375 0.6214002609375 0.3303700734375 0.6325080328125
0 0.3246192375 0.633677271875 0.3283983578125 0.633677271875 0.3283983578125 0.6205233328124999 0.3246192375 0.6205233328124999 0.3246192375 0.633677271875
0 0.3198542578125 0.6345542015625 0.32281183125 0.6345542015625 0.32281183125 0.623738740625 0.3198542578125 0.623738740625 0.3198542578125 0.6345542015625
0 0.31689668437499996 0.636892678125 0.31903270937499995 0.636892678125 0.31903270937499995 0.6260772171875 0.31689668437499996 0.6260772171875 0.31689668437499996 0.636892678125
0 0.308681203125 0.6234464296875 0.31180308593749995 0.6234464296875 0.31180308593749995 0.61000018125 0.308681203125 0.61000018125 0.308681203125 0.6234464296875
0 0.30638086875 0.6234464296875 0.308681203125 0.6234464296875 0.308681203125 0.612338659375 0.30638086875 0.612338659375 0.30638086875 0.6234464296875
0 0.2976724578125 0.6371849890625001 0.30046572187500004 0.6371849890625001 0.30046572187500004 0.626954146875 0.2976724578125 0.626954146875 0.2976724578125 0.6371849890625001
0 0.29487919375000005 0.6371849890625001 0.2976724578125 0.6371849890625001 0.2976724578125 0.6257849078125 0.29487919375000005 0.6257849078125 0.29487919375000005 0.6371849890625001
0 0.2905588359375 0.6348237015625 0.2931877890625 0.6348237015625 0.2931877890625 0.623365159375 0.2905588359375 0.623365159375 0.2905588359375 0.6348237015625
0 0.2516784296875 0.6315065765625001 0.2516784296875 0.6331822390624999 0.2540760015625 0.6331822390624999 0.2540760015625 0.6270889203125 0.2540760015625 0.624042259375 0.2516784296875 0.624042259375 0.2516784296875 0.6315065765625001
0 0.2554460421875 0.633428465625 0.257228928125 0.633428465625 0.257228928125 0.6249562578125 0.2554460421875 0.6249562578125 0.2554460421875 0.633428465625
0 0.2329019015625 0.6350700453125 0.23522269843750002 0.6350700453125 0.23522269843750002 0.6239827515625 0.2329019015625 0.6239827515625 0.2329019015625 0.6350700453125
0 0.1796875 0.6595258109375 0.181909346875 0.6595258109375 0.181909346875 0.6461161 0.1796875 0.6461161 0.1796875 0.6595258109375
0 0.183131678125 0.655992171875 0.229274653125 0.655992171875 0.229274653125 0.6443039781250001 0.183131678125 0.6443039781250001 0.183131678125 0.655992171875
0 0.24827170468749998 0.6520961078124999 0.286367671875 0.6520961078124999 0.286367671875 0.640589125 0.24827170468749998 0.640589125 0.24827170468749998 0.6520961078124999
0 0.30139214999999997 0.6388676078125 0.29477119375000005 0.6388676078125 0.29477119375000005 0.6489248921875 0.30139214999999997 0.6489248921875 0.30139214999999997 0.6388676078125
0 0.317180584375 0.6455724625 0.3392334625 0.6455724625 0.3392334625 0.6341560875 0.317180584375 0.6341560875 0.317180584375 0.6455724625
0 0.344937671875 0.6427636734375 0.35171142031249997 0.6427636734375 0.35171142031249997 0.632434571875 0.344937671875 0.632434571875 0.344937671875 0.6427636734375
0 0.36225402031250004 0.6451194328125001 0.3719817328125 0.6451194328125001 0.3719817328125 0.63460911875 0.36225402031250004 0.63460911875 0.36225402031250004 0.6451194328125001
0 0.37839896875 0.62724645625 0.3745693625 0.62724645625 0.3745693625 0.6343373 0.37839896875 0.6343373 0.37839896875 0.62724645625
0 0.414801496875 0.6368289703125 0.4196398890625 0.6368289703125 0.4196398890625 0.6258429734375 0.414801496875 0.6258429734375 0.414801496875 0.6368289703125
0 0.43199051875 0.6396604124999999 0.43498268125 0.6396604124999999 0.43498268125 0.6296937359375 0.43199051875 0.6296937359375 0.43199051875 0.6396604124999999
0 0.6508045203124999 0.6295835125 0.6633537796875 0.6295835125 0.6633537796875 0.6199430171875 0.6508045203124999 0.6199430171875 0.6508045203124999 0.6295835125
0 0.643552025 0.618058409375 0.6410258765625 0.618058409375 0.6410258765625 0.6255968421875 0.643552025 0.6255968421875 0.643552025 0.618058409375
0 0.2866393578125 0.62543289375 0.2832968046875 0.62543289375 0.2832968046875 0.6344790125 0.2866393578125 0.6344790125 0.2866393578125 0.62543289375
0 0.2776690828125 0.6330873031250001 0.2805732953125 0.6330873031250001 0.2805732953125 0.6238092328125 0.2776690828125 0.6238092328125 0.2776690828125 0.6330873031250001
0 0.30849179375 0.6749119515625 0.3121164109375 0.6749119515625 0.3121164109375 0.6635463140625 0.30849179375 0.6635463140625 0.30849179375 0.6749119515625
0 0.31248148124999997 0.6748655609374999 0.3167058546875 0.6748655609374999 0.3167058546875 0.6635463140625 0.31248148124999997 0.6635463140625 0.31248148124999997 0.6748655609374999
0 0.19360905781249999 0.6365585390625 0.1963390359375 0.6365585390625 0.1963390359375 0.6257582859374999 0.19360905781249999 0.6257582859374999 0.19360905781249999 0.6365585390625
0 0.191938540625 0.6385881171875 0.1943017125 0.6385881171875 0.1943017125 0.6282227734375 0.191938540625 0.6282227734375 0.191938540625 0.6385881171875
0 0.196704846875 0.637235375 0.19880764687500002 0.637235375 0.19880764687500002 0.62901129375 0.196704846875 0.62901129375 0.196704846875 0.637235375
0 0.20368080000000002 0.63812606875 0.20558333437499998 0.63812606875 0.20558333437499998 0.6286847046874999 0.20368080000000002 0.6286847046874999 0.20368080000000002 0.63812606875
0 0.20616744531249998 0.6374728921875 0.2089211109375 0.6374728921875 0.2089211109375 0.6255375843750001 0.20616744531249998 0.6255375843750001 0.20616744531249998 0.6374728921875
0 0.2091046875 0.636879096875 0.2116747765625 0.636879096875 0.2116747765625 0.6258344828125 0.2091046875 0.6258344828125 0.2091046875 0.636879096875
0 0.23031450156249997 0.6357127281249999 0.232667634375 0.6357127281249999 0.232667634375 0.625499428125 0.23031450156249997 0.625499428125 0.23031450156249997 0.6357127281249999
0 0.22624241406249998 0.6368706312500001 0.2294133015625 0.6368706312500001 0.2294133015625 0.6256775671875 0.22624241406249998 0.6256775671875 0.22624241406249998 0.6368706312500001
