0 0.31177184062499996 0.5321733984375 0.31225949375 0.553125 0.31875 0.553125 0.31875 0.5320515953125 0.31177184062499996 0.5321733984375
0 0.2895987671875 0.5275500828124999 0.2895987671875 0.55625 0.296875 0.55625 0.296875 0.5273807265625 0.2895987671875 0.5275500828124999
0 0.907429078125 0.1157079953125 0.9100819796875002 0.2296875 0.9625 0.2296875 0.9625 0.114746728125 0.907429078125 0.1157079953125
0 0.0056910796875000004 0.7988157859375 0.012262765625 0.7988157859375 0.012262765625 0.789820321875 0.0056910796875000004 0.789820321875 0.0056910796875000004 0.7988157859375
0 0.00619659375 0.7592357484375001 0.0147903359375 0.7592357484375001 0.0147903359375 0.747541646875 0.00619659375 0.747541646875 0.00619659375 0.7592357484375001
0 0.021362021875 0.7394457296875 0.02591165 0.7394457296875 0.02591165 0.7187561671875 0.021362021875 0.7187561671875 0.021362021875 0.7394457296875
0 0.02591165 0.7394457296875 0.030966792187499998 0.7394457296875 0.030966792187499998 0.7277516296875 0.02591165 0.7277516296875 0.02591165 0.7394457296875
0 0.0345053921875 0.7493407390625 0.0415825921875 0.7493407390625 0.0415825921875 0.729550721875 0.0345053921875 0.729550721875 0.0345053921875 0.7493407390625
0 0.0461322203125 0.7691307578125001 0.05624250468749999 0.7691307578125001 0.05624250468749999 0.752039378125 0.0461322203125 0.752039378125 0.0461322203125 0.7691307578125001
0 0.062814190625 0.7583362015625 0.070396903125 0.7583362015625 0.070396903125 0.734048453125 0.062814190625 0.734048453125 0.062814190625 0.7583362015625
0 0.06736381875 0.789820321875 0.072924475 0.789820321875 0.072924475 0.7727289421875 0.06736381875 0.7727289421875 0.06736381875 0.789820321875
0 0.0840457890625 0.823103534375 0.09162850156249999 0.823103534375 0.09162850156249999 0.7925189593749999 0.0840457890625 0.7925189593749999 0.0840457890625 0.823103534375
0 0.0633197046875 0.8635831156249999 0.07140793281249999 0.8635831156249999 0.07140793281249999 0.8428935515625 0.0633197046875 0.8428935515625 0.0633197046875 0.8635831156249999
0 0.02591165 0.9409440968749999 0.0380439921875 0.9409440968749999 0.0380439921875 0.91755589375 0.02591165 0.91755589375 0.02591165 0.9409440968749999
0 0.061297646875 0.8123089796875 0.070396903125 0.8123089796875 0.070396903125 0.8024139703125 0.061297646875 0.8024139703125 0.061297646875 0.8123089796875
0 0.050176334375 0.8761767640624999 0.055736990625 0.8761767640624999 0.055736990625 0.8608844765624999 0.050176334375 0.8608844765624999 0.050176334375 0.8761767640624999
0 0.05624250468749999 0.7691307578125001 0.062814190625 0.7691307578125001 0.062814190625 0.7583362015625 0.05624250468749999 0.7583362015625 0.05624250468749999 0.7691307578125001
0 0.0830347609375 0.78442304375 0.0921340171875 0.78442304375 0.0921340171875 0.767331665625 0.0830347609375 0.767331665625 0.0830347609375 0.78442304375
0 0.1103325296875 0.7988157859375 0.1158931875 0.7988157859375 0.1158931875 0.785322590625 0.1103325296875 0.785322590625 0.1103325296875 0.7988157859375
0 0.1032553296875 0.877076309375 0.111849071875 0.877076309375 0.111849071875 0.8635831156249999 0.1032553296875 0.8635831156249999 0.1032553296875 0.877076309375
0 0.0896064453125 0.9373459109375 0.09617813124999999 0.9373459109375 0.09617813124999999 0.9103595234374999 0.0896064453125 0.9103595234374999 0.0896064453125 0.9373459109375
0 0.1032553296875 0.9265513562500001 0.10729944375 0.9265513562500001 0.10729944375 0.8995649671875 0.1032553296875 0.8995649671875 0.1032553296875 0.9265513562500001
0 0.0623086765625 0.9805241312499999 0.07090241875 0.9805241312499999 0.07090241875 0.9643322984375 0.0623086765625 0.9643322984375 0.0623086765625 0.9805241312499999
0 0.07090241875 0.9805241312499999 0.081012703125 0.9805241312499999 0.081012703125 0.9571359296875 0.07090241875 0.9571359296875 0.07090241875 0.9805241312499999
0 0.0724189609375 1 0.0724189609375 0.992218234375 0.062814190625 0.992218234375 0.062814190625 1 0.0724189609375 1
0 0.10477187343750001 0.9841223171875001 0.11538767187500001 0.9841223171875001 0.11538767187500001 0.949939559375 0.10477187343750001 0.949939559375 0.10477187343750001 0.9841223171875001
0 0.1335861859375 1 0.1335861859375 0.9976155109375 0.11842075781250001 0.9976155109375 0.11842075781250001 1 0.1335861859375 1
0 0.1234759 0.948140465625 0.1310586140625 0.948140465625 0.1310586140625 0.9202545328125 0.1234759 0.9202545328125 0.1234759 0.948140465625
0 0.1558288125 0.9742273078125001 0.163917040625 0.9742273078125001 0.163917040625 0.9607341140625 0.1558288125 0.9607341140625 0.1558288125 0.9742273078125001
0 0.1608839546875 0.9607341140625 0.1699832109375 0.9607341140625 0.1699832109375 0.946341375 0.1608839546875 0.946341375 0.1608839546875 0.9607341140625
0 0.178071440625 0.975126853125 0.189192753125 0.975126853125 0.189192753125 0.9616336593749999 0.178071440625 0.9616336593749999 0.178071440625 0.975126853125
0 0.173016296875 0.9346472718750001 0.1831265828125 0.9346472718750001 0.1831265828125 0.9103595234374999 0.173016296875 0.9103595234374999 0.173016296875 0.9346472718750001
0 0.16138946875 0.9058617906249999 0.1669501265625 0.9058617906249999 0.1669501265625 0.8797749484375 0.16138946875 0.8797749484375 0.16138946875 0.9058617906249999
0 0.1270145 0.8734781250000001 0.13308067031249998 0.8734781250000001 0.13308067031249998 0.8662817546875001 0.1270145 0.8662817546875001 0.1270145 0.8734781250000001
0 0.13308067031249998 0.892368596875 0.1401578703125 0.892368596875 0.1401578703125 0.8734781250000001 0.13308067031249998 0.8734781250000001 0.13308067031249998 0.892368596875
0 0.1447074984375 0.8914690515625001 0.15229021250000002 0.8914690515625001 0.15229021250000002 0.8761767640624999 0.1447074984375 0.8761767640624999 0.1447074984375 0.8914690515625001
0 0.4824921203125 1 0.4824921203125 0.9880787874999999 0.46955095625 0.9880787874999999 0.46955095625 1 0.4824921203125 1
0 0.2641099640625 0.9959947953124999 0.27219819218749997 0.9959947953124999 0.27219819218749997 0.9736860453125 0.2641099640625 0.9736860453125 0.2641099640625 0.9959947953124999
0 0.3603598765625 0.9636111281249999 0.3676392828125 0.9636111281249999 0.3676392828125 0.9355452859375 0.3603598765625 0.9355452859375 0.3603598765625 0.9636111281249999
0 0.3777495671875 0.972246771875 0.388668675 0.972246771875 0.388668675 0.9520969359375 0.3777495671875 0.9520969359375 0.3777495671875 0.972246771875
0 0.23337469687499998 0.9182739968749999 0.2378232234375 0.9182739968749999 0.2378232234375 0.9053205296875 0.23337469687499998 0.9053205296875 0.23337469687499998 0.9182739968749999
0 0.2260952921875 0.8966848859375001 0.231757053125 0.8966848859375001 0.231757053125 0.8758154125000001 0.2260952921875 0.8758154125000001 0.2260952921875 0.8966848859375001
0 0.1710953421875 0.8283193687499999 0.175948278125 0.8283193687499999 0.175948278125 0.816085540625 0.1710953421875 0.816085540625 0.1710953421875 0.8283193687499999
0 0.17311739843750001 0.816085540625 0.17958798125 0.816085540625 0.17958798125 0.8074498953125 0.17311739843750001 0.8074498953125 0.17311739843750001 0.816085540625
0 0.183227684375 0.8448710203124999 0.18929385468749999 0.8448710203124999 0.18929385468749999 0.8362353765625 0.183227684375 0.8362353765625 0.183227684375 0.8448710203124999
0 0.1868673875 0.8369550140625 0.1957644375 0.8369550140625 0.1957644375 0.8168051765625 0.1868673875 0.8168051765625 0.1868673875 0.8369550140625
0 0.2087056015625 0.844151384375 0.21477177187500002 0.844151384375 0.21477177187500002 0.82759973125 0.2087056015625 0.82759973125 0.2087056015625 0.844151384375
0 0.22569087968749998 0.8355157390624999 0.231352640625 0.8355157390624999 0.231352640625 0.8283193687499999 0.22569087968749998 0.8283193687499999 0.22569087968749998 0.8355157390624999
0 0.22407323437499999 0.8506281156250001 0.23337469687499998 0.8506281156250001 0.23337469687499998 0.8427121078124999 0.22407323437499999 0.8427121078124999 0.22407323437499999 0.8506281156250001
0 0.241462925 0.8556655765624999 0.247124684375 0.8556655765624999 0.247124684375 0.831197915625 0.241462925 0.831197915625 0.241462925 0.8556655765624999
0 0.2491467421875 0.8657404937500001 0.255617325 0.8657404937500001 0.255617325 0.8527870265624999 0.2491467421875 0.8527870265624999 0.2491467421875 0.8657404937500001
0 0.1407644859375 0.82903900625 0.1488527140625 0.82903900625 0.1488527140625 0.8031320718749999 0.1407644859375 0.8031320718749999 0.1407644859375 0.82903900625
0 0.1302497890625 0.8074498953125 0.1407644859375 0.8074498953125 0.1407644859375 0.7937767906250001 0.1302497890625 0.7937767906250001 0.1302497890625 0.8074498953125
0 0.1435953671875 0.796655340625 0.1500659484375 0.796655340625 0.1500659484375 0.777944778125 0.1435953671875 0.777944778125 0.1435953671875 0.796655340625
0 0.12863214375 0.7772251406249999 0.13348508125 0.7772251406249999 0.13348508125 0.7649913125000001 0.12863214375 0.7649913125000001 0.12863214375 0.7772251406249999
0 0.114073334375 0.7635520359375001 0.1189262703125 0.7635520359375001 0.1189262703125 0.75491639375 0.114073334375 0.75491639375 0.114073334375 0.7635520359375001
0 0.1108380421875 0.73620583125 0.1177130359375 0.73620583125 0.1177130359375 0.7246916390625 0.1108380421875 0.7246916390625 0.1108380421875 0.73620583125
0 0.08819100468749999 0.7290094593750001 0.09223511875 0.7290094593750001 0.09223511875 0.7210934531250001 0.08819100468749999 0.7210934531250001 0.08819100468749999 0.7290094593750001
0 0.070396903125 0.7583362015625 0.074441015625 0.7583362015625 0.074441015625 0.7455611125 0.070396903125 0.7455611125 0.070396903125 0.7583362015625
0 0.131463025 0.7505985703125 0.140360075 0.7505985703125 0.140360075 0.7376451046875 0.131463025 0.7376451046875 0.131463025 0.7505985703125
0 0.162198290625 0.7419629265625 0.169073284375 0.7419629265625 0.169073284375 0.7311683703125 0.162198290625 0.7311683703125 0.162198290625 0.7419629265625
0 0.1771615125 0.73620583125 0.18403650625 0.73620583125 0.18403650625 0.7218130890625 0.1771615125 0.7218130890625 0.1771615125 0.73620583125
0 0.173521809375 0.748439659375 0.17918356875000002 0.748439659375 0.17918356875000002 0.73260764375 0.173521809375 0.73260764375 0.173521809375 0.748439659375
0 0.16786004999999998 0.7793840515625 0.17311739843750001 0.7793840515625 0.17311739843750001 0.767869859375 0.16786004999999998 0.767869859375 0.16786004999999998 0.7793840515625
0 0.1880806203125 0.7772251406249999 0.1949556140625 0.7772251406249999 0.1949556140625 0.7599538515625 0.1880806203125 0.7599538515625 0.1880806203125 0.7772251406249999
0 0.21355853906250002 0.7757858671875 0.2188158875 0.7757858671875 0.2188158875 0.757794940625 0.21355853906250002 0.757794940625 0.21355853906250002 0.7757858671875
0 0.2511687984375 0.816085540625 0.258852615625 0.816085540625 0.258852615625 0.7937767906250001 0.2511687984375 0.7937767906250001 0.2511687984375 0.816085540625
0 0.27583789375 0.8002535250000001 0.2831173 0.8002535250000001 0.2831173 0.7822625984375 0.27583789375 0.7822625984375 0.27583789375 0.8002535250000001
0 0.2879702375 0.796655340625 0.2847349453125 0.796655340625 0.2847349453125 0.8182444499999999 0.2879702375 0.8182444499999999 0.2879702375 0.796655340625
0 0.29646287656250003 0.8182444499999999 0.29646287656250003 0.7952160671875 0.2879702375 0.7952160671875 0.2879702375 0.8182444499999999 0.2940364078125 0.8182444499999999 0.29646287656250003 0.8182444499999999
0 0.29282317343750003 0.8463102953125 0.301720225 0.8463102953125 0.301720225 0.8254408218750001 0.29282317343750003 0.8254408218750001 0.29282317343750003 0.8463102953125
0 0.2746246609375 0.8607030343750001 0.2847349453125 0.8607030343750001 0.2847349453125 0.8333568265625001 0.2746246609375 0.8333568265625001 0.2746246609375 0.8607030343750001
0 0.3243672625 0.8974045234375 0.330029021875 0.8974045234375 0.330029021875 0.8678994046875002 0.3243672625 0.8678994046875002 0.3243672625 0.8974045234375
0 0.3332643140625 0.7894589703125 0.3377128390625 0.7894589703125 0.3377128390625 0.776505503125 0.3332643140625 0.776505503125 0.3332643140625 0.7894589703125
0 0.3332643140625 0.776505503125 0.34054371875 0.776505503125 0.34054371875 0.7628324 0.3332643140625 0.7628324 0.3332643140625 0.776505503125
0 0.2952496421875 0.7873000593749999 0.3013158125 0.7873000593749999 0.3013158125 0.7700287703125 0.2952496421875 0.7700287703125 0.2952496421875 0.7873000593749999
0 0.28918347187500004 0.776505503125 0.2952496421875 0.776505503125 0.2952496421875 0.758514578125 0.28918347187500004 0.758514578125 0.28918347187500004 0.776505503125
0 0.34337459843749996 0.806010621875 0.348631946875 0.806010621875 0.348631946875 0.7980946140625 0.34337459843749996 0.7980946140625 0.34337459843749996 0.806010621875
0 0.35752899843749997 0.8081695328125 0.3631907578125 0.8081695328125 0.3631907578125 0.7995338875 0.35752899843749997 0.7995338875 0.35752899843749997 0.8081695328125
0 0.35752899843749997 0.780823325 0.367234871875 0.780823325 0.367234871875 0.7649913125000001 0.35752899843749997 0.7649913125000001 0.35752899843749997 0.780823325
0 0.40039660625 0.8045713484375 0.408484834375 0.8045713484375 0.408484834375 0.776505503125 0.40039660625 0.776505503125 0.40039660625 0.8045713484375
0 0.39149955625 0.7606734890625 0.3987789609375 0.7606734890625 0.3987789609375 0.739084378125 0.39149955625 0.739084378125 0.39149955625 0.7606734890625
0 0.3793672140625 0.7455611125 0.38422015 0.7455611125 0.38422015 0.7383647421874999 0.3793672140625 0.7383647421874999 0.3793672140625 0.7455611125
0 0.3316466671875 0.7419629265625 0.33609519374999997 0.7419629265625 0.33609519374999997 0.7290094593750001 0.3316466671875 0.7290094593750001 0.3316466671875 0.7419629265625
0 0.3195143265625 0.748439659375 0.3247716734375 0.748439659375 0.3247716734375 0.7311683703125 0.3195143265625 0.7311683703125 0.3195143265625 0.748439659375
0 0.265727609375 0.7664305859375 0.270176134375 0.7664305859375 0.270176134375 0.7462807484375 0.265727609375 0.7462807484375 0.265727609375 0.7664305859375
0 0.31466138906249996 0.6923079718749999 0.3215363828125 0.6923079718749999 0.3215363828125 0.67863486875 0.31466138906249996 0.67863486875 0.31466138906249996 0.6923079718749999
0 0.3316466671875 0.7153363578125 0.3364996046875 0.7153363578125 0.3364996046875 0.6987847046875 0.3316466671875 0.6987847046875 0.3316466671875 0.7153363578125
0 0.3219407953125 0.7153363578125 0.3276025546875 0.7153363578125 0.3276025546875 0.701663253125 0.3219407953125 0.701663253125 0.3219407953125 0.7153363578125
0 0.371683396875 0.7081399859374999 0.3757275109375 0.7081399859374999 0.3757275109375 0.6944668843749999 0.371683396875 0.6944668843749999 0.371683396875 0.7081399859374999
0 0.34944076874999996 0.6887097875 0.355102528125 0.6887097875 0.355102528125 0.6771955953125 0.34944076874999996 0.6771955953125 0.34944076874999996 0.6887097875
0 0.3720878078125 0.6836723265625 0.3765363328125 0.6836723265625 0.3765363328125 0.6678403140625 0.3720878078125 0.6678403140625 0.3720878078125 0.6836723265625
0 0.36480840312499996 0.6836723265625 0.3720878078125 0.6836723265625 0.3720878078125 0.6721581343749999 0.36480840312499996 0.6721581343749999 0.36480840312499996 0.6836723265625
0 0.38422015 0.7182149046874999 0.3894774984375 0.7182149046874999 0.3894774984375 0.7059810765625001 0.38422015 0.7059810765625001 0.38422015 0.7182149046874999
0 0.3894774984375 0.7045418015625 0.3963524921875 0.7045418015625 0.3963524921875 0.6930276078125 0.3894774984375 0.6930276078125 0.3894774984375 0.7045418015625
0 0.40929365781250004 0.6858312390625 0.41657306250000004 0.6858312390625 0.41657306250000004 0.6743170468749999 0.40929365781250004 0.6743170468749999 0.40929365781250004 0.6858312390625
0 0.44811715156250004 0.7225327265625 0.4549921453125 0.7225327265625 0.4549921453125 0.7031025265624999 0.44811715156250004 0.7031025265624999 0.44811715156250004 0.7225327265625
0 0.461058315625 0.776505503125 0.46955095625 0.776505503125 0.46955095625 0.758514578125 0.461058315625 0.758514578125 0.461058315625 0.776505503125
0 0.4558009671875 0.8045713484375 0.46672007656250003 0.8045713484375 0.46672007656250003 0.7901786062499999 0.4558009671875 0.7901786062499999 0.4558009671875 0.8045713484375
0 0.4412421578125 0.824721184375 0.4505436203125 0.824721184375 0.4505436203125 0.8110480796875 0.4412421578125 0.8110480796875 0.4412421578125 0.824721184375
0 0.47925682968750005 0.832637190625 0.48491858906249996 0.832637190625 0.48491858906249996 0.819683725 0.47925682968750005 0.819683725 0.47925682968750005 0.832637190625
0 0.48653623437500004 0.824721184375 0.49260240624999996 0.824721184375 0.49260240624999996 0.8045713484375 0.48653623437500004 0.8045713484375 0.48653623437500004 0.824721184375
0 0.488962703125 0.83767465 0.4974553421875 0.83767465 0.4974553421875 0.816085540625 0.488962703125 0.816085540625 0.488962703125 0.83767465
0 0.4974553421875 0.831917553125 0.5023082796875 0.831917553125 0.5023082796875 0.80960880625 0.4974553421875 0.80960880625 0.4974553421875 0.831917553125
0 0.5390625 0.9225918171874999 0.5370876609375 0.9225918171874999 0.5370876609375 0.943461290625 0.5390625 0.943461290625 0.5390625 0.9225918171874999
0 0.5310416296875 0.8491888421875 0.5367033906249999 0.8491888421875 0.5367033906249999 0.824721184375 0.5310416296875 0.824721184375 0.5310416296875 0.8491888421875
0 0.5326592765625 0.7772251406249999 0.538725446875 0.7772251406249999 0.538725446875 0.7592342140625 0.5326592765625 0.7592342140625 0.5326592765625 0.7772251406249999
0 0.5023284203125 0.7793840515625 0.5120342953125 0.7793840515625 0.5120342953125 0.7671502218749999 0.5023284203125 0.7671502218749999 0.5023284203125 0.7793840515625
0 0.5008887140625 0.6802734312500001 0.5117592921874999 0.6802734312500001 0.5117592921874999 0.6673775359375 0.5008887140625 0.6673775359375 0.5008887140625 0.6802734312500001
0 0.2283477828125 0.7507402890625 0.23274777812499997 0.7507402890625 0.23274777812499997 0.7396866656250001 0.2283477828125 0.7396866656250001 0.2283477828125 0.7507402890625
0 0.24258306406250002 0.7373838265625 0.25008893906249996 0.7373838265625 0.25008893906249996 0.721724525 0.24258306406250002 0.721724525 0.24258306406250002 0.7373838265625
0 0.250865409375 0.7254090671875 0.25888893125 0.7254090671875 0.25888893125 0.7092891984375 0.250865409375 0.7092891984375 0.250865409375 0.7254090671875
0 0.25888893125 0.721724525 0.26432422187500004 0.721724525 0.26432422187500004 0.7092891984375 0.25888893125 0.7092891984375 0.25888893125 0.721724525
0 0.2731242125 0.706525790625 0.2785595015625 0.706525790625 0.2785595015625 0.695932734375 0.2731242125 0.695932734375 0.2731242125 0.706525790625
0 0.28140655937500003 0.721724525 0.2886536109375 0.721724525 0.2886536109375 0.7051440875 0.28140655937500003 0.7051440875 0.28140655937500003 0.721724525
0 0.29719477968749997 0.7005384109375 0.30418300781249996 0.7005384109375 0.30418300781249996 0.680734 0.29719477968749997 0.680734 0.29719477968749997 0.7005384109375
0 0.307030065625 0.7129737374999999 0.314535940625 0.7129737374999999 0.314535940625 0.6973144375 0.307030065625 0.6973144375 0.307030065625 0.7129737374999999
0 0.0896184953125 0.7544248312499999 0.0991949578125 0.7544248312499999 0.0991949578125 0.7406078 0.0896184953125 0.7406078 0.0896184953125 0.7544248312499999
0 0.09738319375 0.7254090671875 0.10307730625 0.7254090671875 0.10307730625 0.7074469265625 0.09738319375 0.7074469265625 0.09738319375 0.7254090671875
0 0.09479496093749999 0.704222953125 0.10670083281250001 0.704222953125 0.10670083281250001 0.6940904640625 0.09479496093749999 0.6940904640625 0.09479496093749999 0.704222953125
0 0.14164197812499998 0.7102103328125 0.149147853125 0.7102103328125 0.149147853125 0.7009989796875 0.14164197812499998 0.7009989796875 0.14164197812499998 0.7102103328125
0 0.1685596 0.7097497640625 0.175030184375 0.7097497640625 0.175030184375 0.695932734375 0.1685596 0.695932734375 0.1685596 0.7097497640625
0 0.201430159375 0.714816009375 0.212818384375 0.714816009375 0.212818384375 0.7074469265625 0.201430159375 0.7074469265625 0.201430159375 0.714816009375
0 0.96875 1 0.96875 0.9265625 0.9482678906250002 0.9265625 0.9385702 0.9267317734375 0.9402755359375 1 0.96875 1
