0 0.1640625 0.4390625 0.1640625 0.42124461718750006 0.13190507499999998 0.4214317046875 0.131597328125 0.4390625 0.1640625 0.4390625
0 0.1828125 0.4390625 0.1828125 0.41894944375 0.182553284375 0.4078125 0.1490744484375 0.4078125 0.14758728593749998 0.4078471140625 0.1483138328125 0.4390625 0.1828125 0.4390625
0 0.1364216125 0.252261615625 0.1361075171875 0.30625 0.153125 0.30625 0.153125 0.2523587921875 0.1364216125 0.252261615625
0 0.128125 0.259738646875 0.11615338125 0.260017290625 0.115625 0.27817658125 0.115625 0.3125 0.127056940625 0.3125 0.128125 0.275793146875 0.128125 0.259738646875
0 0.0796875 0.300721434375 0.071875 0.3008123421875 0.071875 0.315625 0.0796875 0.315625 0.0796875 0.300721434375
0 0.2109375 0.2849182640625 0.20345987656250003 0.2850487859375 0.203125 0.29943645625 0.203125 0.3328125 0.2107719640625 0.3328125 0.2109375 0.3257003984375 0.2109375 0.2849182640625
0 0.11875 0.2537661203125 0.107234259375 0.253431046875 0.108458865625 0.3060451125 0.1155004046875 0.30625 0.11875 0.30625 0.11875 0.2537661203125
0 0.3375 0.32191804375 0.324369809375 0.3222236515625 0.3241900296875 0.353125 0.335303209375 0.353125 0.3374802828125 0.353074328125 0.3375 0.34968524218749997 0.3375 0.32191804375
0 0.257684265625 0.24396324531250002 0.257792109375 0.2625 0.2625 0.2625 0.2625 0.24393522812500001 0.257684265625 0.24396324531250002
0 0.3699614484375 0.9382443328125 0.37041690312500003 0.9578125 0.3796875 0.9578125 0.3796875 0.9380179562500001 0.3699614484375 0.9382443328125
0 0.4 0.9609375 0.4 0.944030509375 0.3907022390625 0.9439764171875 0.390625 0.9572526031249999 0.390625 0.9609375 0.4 0.9609375
0 0.2799309875 0.977074290625 0.280064546875 0.9828125 0.28125 0.9828125 0.28125 0.977074290625 0.2799309875 0.977074290625
0 0.0740196859375 0.9152299015625001 0.0737969140625 0.934375 0.078125 0.934375 0.078125 0.9152776703125 0.0740196859375 0.9152299015625001
