0 1 0.259375 1 0.2327655703125 0.81648646875 0.23169791874999998 0.8163254484374999 0.259375 1 0.259375
0 0.09156457968750001 0.5505865859375 0.0912589203125 0.603125 0.1046875 0.603125 0.1046875 0.5506629328124999 0.09156457968750001 0.5505865859375
0 0.090625 0.4821043625 0.0905428859375 0.47740005312499995 0.07879850000000001 0.47705832656249997 0.079580778125 0.521875 0.090625 0.521875 0.090625 0.4821043625
0 0.29914295 0.49915576250000004 0.3005314390625 0.546875 0.3109375 0.546875 0.3109375 0.49929300468750004 0.29914295 0.49915576250000004
0 0.2984375 0.546875 0.2984375 0.5070015078125 0.2881396828125 0.5070015078125 0.2875 0.5436489218749999 0.2875 0.546875 0.2984375 0.546875
0 0.2400386640625 0.3217163546875 0.240733340625 0.3515625 0.25 0.3515625 0.25 0.3217163546875 0.2400386640625 0.3217163546875
0 0.2217623640625 0.3273310484375 0.2213394015625 0.3515625 0.2296875 0.3515625 0.2296875 0.3274693828125 0.2217623640625 0.3273310484375
0 0.049427090624999996 0.48392949218750003 0.0485738359375 0.5328125 0.062399809375000004 0.5328125 0.0625 0.52707259375 0.0625 0.48370130312500004 0.049427090624999996 0.48392949218750003
0 0.06846005468750001 0.4976036796875 0.06796786875000001 0.51875 0.075 0.51875 0.075 0.49764172812499996 0.06846005468750001 0.4976036796875
0 0.9612761703124999 0.50625 0.9890625 0.50625 0.9890625 0.4098496671875 0.9727492359374998 0.409375 0.9595852109375 0.409375 0.9612761703124999 0.50625
