0 0.050396071875000004 0.55 0.0515625 0.49988554062499996 0.0515625 0.4675744046875 0.028494215625000003 0.468111325 0.028125 0.48397433124999995 0.028125 0.55 0.050396071875000004 0.55
0 0.84375 0.45 0.7802370609375 0.45 0.7457990765625 0.450400721875 0.7463148953125 0.5390625 0.780007753125 0.5390625 0.84375 0.5383207921875 0.84375 0.45
0 1 0.472904275 0.9105972843749999 0.472904275 0.9105972843749999 0.5375119374999999 1 0.5375119374999999 1 0.472904275
0 0.797661884375 0.333212034375 0.8222130578125 0.333212034375 0.8222130578125 0.28781205625 0.797661884375 0.28781205625 0.797661884375 0.333212034375
0 0.89543919375 0.329158165625 0.926009921875 0.329158165625 0.926009921875 0.2969730734375 0.89543919375 0.2969730734375 0.89543919375 0.329158165625
0 1 0.11145060312499999 0.9911251343749999 0.11145060312499999 0.9911251343749999 0.48861965312500005 1 0.48861965312500005 1 0.11145060312499999
0 0.8805246499999999 0.2726610359375 0.8970167531250001 0.2726610359375 0.8970167531250001 0.256210878125 0.8805246499999999 0.256210878125 0.8805246499999999 0.2726610359375
0 0.7992708703125 0.2826741765625 0.8242101484375001 0.2826741765625 0.8242101484375001 0.26765446718749997 0.7992708703125 0.26765446718749997 0.7992708703125 0.2826741765625
0 0.8575966031250001 0.238330271875 0.8696639953125 0.238330271875 0.8696639953125 0.2218801125 0.8575966031250001 0.2218801125 0.8575966031250001 0.238330271875
0 0.8423112390625 0.238330271875 0.8483449343749999 0.238330271875 0.8483449343749999 0.2183039921875 0.8423112390625 0.2183039921875 0.8423112390625 0.238330271875
0 0.8306460921875001 0.242621615625 0.84030000625 0.242621615625 0.84030000625 0.2147278703125 0.8306460921875001 0.2147278703125 0.8306460921875001 0.242621615625
0 0.6802059265625 0.21258219843749998 0.6914688265625 0.21258219843749998 0.6914688265625 0.1725296375 0.6802059265625 0.1725296375 0.6802059265625 0.21258219843749998
0 0.5623477203125 0.231178028125 0.5752196078125 0.231178028125 0.5752196078125 0.2082908515625 0.5623477203125 0.2082908515625 0.5623477203125 0.231178028125
0 0.6498441640625 0.21352615 0.6412981953125 0.21352615 0.6412981953125 0.22831083749999997 0.6498441640625 0.22831083749999997 0.6498441640625 0.21352615
0 0.670516171875 0.12379130468749999 0.6561958984375 0.12379130468749999 0.6561958984375 0.214142178125 0.670516171875 0.214142178125 0.670516171875 0.12379130468749999
0 0.61982805 0.45775713281249997 0.5981180203124999 0.45775713281249997 0.5981180203124999 0.50137244375 0.61982805 0.50137244375 0.61982805 0.45775713281249997
0 0.6043208859375 0.50087111875 0.6903151578125 0.50087111875 0.6903151578125 0.42667495625 0.6043208859375 0.42667495625 0.6043208859375 0.50087111875
0 0.5662578468749999 0.30184492500000004 0.5518784765625 0.30184492500000004 0.5518784765625 0.32640987187500003 0.5662578468749999 0.32640987187500003 0.5662578468749999 0.30184492500000004
0 0.7179461046875 0.2988369734375 0.7038486828125 0.2988369734375 0.7038486828125 0.3188899890625 0.7179461046875 0.3188899890625 0.7179461046875 0.2988369734375
0 0.622955646875 0.228647403125 0.6141787046875 0.228647403125 0.6141787046875 0.2446641484375 0.622955646875 0.2446641484375 0.622955646875 0.228647403125
0 0.05625 0.6358409171874999 0.0080776203125 0.6352803796875 0.0078125 0.64667103125 0.0078125 0.6796875 0.055993507812499996 0.6796875 0.05625 0.6686675171875 0.05625 0.6358409171874999
0 0.0051123421875 0.6133782859375 0.013719215625 0.6133782859375 0.013719215625 0.598949115625 0.0051123421875 0.598949115625 0.0051123421875 0.6133782859375
