0 0.092192278125 0.05059375625 0.10641399375 0.05059375625 0.10641399375 0.027839010937500002 0.092192278125 0.027839010937500002 0.092192278125 0.05059375625
0 0.0829481625 0.07461265624999999 0.0964587921875 0.07461265624999999 0.0964587921875 0.045537146875000004 0.0829481625 0.045537146875000004 0.0829481625 0.07461265624999999
0 0.0459716984375 0.2983676625 0.057349071875000004 0.2983676625 0.057349071875000004 0.27561291718750003 0.0459716984375 0.27561291718750003 0.0459716984375 0.2983676625
0 0.0616155875 0.3034242734375 0.077259475 0.3034242734375 0.077259475 0.2667638484375 0.0616155875 0.2667638484375 0.0616155875 0.3034242734375
0 0.0246391234375 0.3413488515625 0.0395719265625 0.3413488515625 0.0395719265625 0.314801646875 0.0246391234375 0.314801646875 0.0246391234375 0.3413488515625
0 0.365960321875 0.284461984375 0.3773376953125 0.284461984375 0.3773376953125 0.26170723749999997 0.365960321875 0.26170723749999997 0.365960321875 0.284461984375
0 0.3382279734375 0.2882544421875 0.34604991875 0.2882544421875 0.34604991875 0.2667638484375 0.3382279734375 0.2667638484375 0.3382279734375 0.2882544421875
0 0.323295171875 0.351462071875 0.331117115625 0.351462071875 0.331117115625 0.3324997828125 0.323295171875 0.3324997828125 0.323295171875 0.351462071875
0 0.22872075625 0.5056886875 0.2507644171875 0.5056886875 0.2507644171875 0.4829339390625 0.22872075625 0.4829339390625 0.22872075625 0.5056886875
0 0.20667709531249998 0.5132736015625 0.22232098437499997 0.5132736015625 0.22232098437499997 0.4804056359375 0.20667709531249998 0.4804056359375 0.20667709531249998 0.5132736015625
0 0.18889994999999998 0.5436132640625 0.20525492500000003 0.5436132640625 0.20525492500000003 0.5233868234375 0.18889994999999998 0.5233868234375 0.18889994999999998 0.5436132640625
0 0.1483680578125 0.110008928125 0.1590343453125 0.110008928125 0.1590343453125 0.08599002812499999 0.1483680578125 0.08599002812499999 0.1483680578125 0.110008928125
0 0.52666571875 0.00129180625 0.5110218296875 0.00129180625 0.5110218296875 0.00761256875 0.52666571875 0.00761256875 0.52666571875 0.00129180625
0 0.176392075 0.037203690625 0.182543503125 0.037203690625 0.182543503125 0.0226225296875 0.176392075 0.0226225296875 0.176392075 0.037203690625
0 0.169867834375 0.0435001015625 0.17620566875000002 0.0435001015625 0.17620566875000002 0.025273649999999998 0.169867834375 0.025273649999999998 0.169867834375 0.0435001015625
0 0.2312644875 0.5698015484375001 0.24092782031249999 0.5698015484375001 0.24092782031249999 0.5536827375 0.2312644875 0.5536827375 0.2312644875 0.5698015484375001
0 0.3554441015625 0.38768678749999996 0.360452809375 0.38768678749999996 0.360452809375 0.3717240765625 0.3554441015625 0.3717240765625 0.3554441015625 0.38768678749999996
0 0.2374167828125 0.5249305859375 0.24964507500000002 0.5249305859375 0.24964507500000002 0.5095540890625 0.2374167828125 0.5095540890625 0.2374167828125 0.5249305859375
0 0.038408895312500003 0.339061921875 0.0476666078125 0.339061921875 0.0476666078125 0.32362179687500003 0.038408895312500003 0.32362179687500003 0.038408895312500003 0.339061921875
0 0.0422444046875 0.320024228125 0.0616307203125 0.320024228125 0.0616307203125 0.29848387656250003 0.0422444046875 0.29848387656250003 0.0422444046875 0.320024228125
