0 0.5718862375 0.6 0.5718862375 0.593691265625 0.560635740625 0.593691265625 0.560635740625 0.6 0.5718862375 0.6
0 0.5615732812500001 0.5792586531249999 0.5688652703125 0.5792586531249999 0.5688652703125 0.570006978125 0.5615732812500001 0.570006978125 0.5615732812500001 0.5792586531249999
0 0.459375 0.5713463156249999 0.46304624843750003 0.5713463156249999 0.46304624843750003 0.5608659031250001 0.459375 0.5608659031250001 0.459375 0.5713463156249999
0 0.459383978125 0.550024096875 0.464470465625 0.550024096875 0.464470465625 0.5402664703125 0.459383978125 0.5402664703125 0.459383978125 0.550024096875
0 0.483188740625 0.5521924578124999 0.49397209531249997 0.5521924578124999 0.49397209531249997 0.537013928125 0.483188740625 0.537013928125 0.483188740625 0.5521924578124999
0 0.7095617296875 0.5174809984375 0.7142412984375 0.5174809984375 0.7142412984375 0.5048322234375 0.7095617296875 0.5048322234375 0.7095617296875 0.5174809984375
0 0.7042717828124999 0.5178423921875 0.7042717828124999 0.5044708296875 0.701626809375 0.5044708296875 0.701626809375 0.5068755171875 0.701626809375 0.5178423921875 0.7042717828124999 0.5178423921875
0 0.693488428125 0.5178423921875 0.701626809375 0.5178423921875 0.701626809375 0.5080847671875001 0.693488428125 0.5080847671875001 0.693488428125 0.5178423921875
0 0.6686663671874999 0.4990499265625 0.67110788125 0.4990499265625 0.67110788125 0.48965369531249997 0.6686663671874999 0.48965369531249997 0.6686663671874999 0.4990499265625
0 0.675583990625 0.48965369531249997 0.67110788125 0.48965369531249997 0.67110788125 0.49615877968750005 0.675583990625 0.49615877968750005 0.675583990625 0.48965369531249997
0 0.6839258312500001 0.5261544453125 0.6908434546875 0.5261544453125 0.6908434546875 0.5182037859374999 0.6839258312500001 0.5182037859374999 0.6839258312500001 0.5261544453125
0 0.588035996875 0.5063003859374999 0.6075681109375 0.5063003859374999 0.6075681109375 0.497626940625 0.588035996875 0.497626940625 0.588035996875 0.5063003859374999
0 0.5778630203125 0.519310553125 0.5809149140625001 0.519310553125 0.5809149140625001 0.5102757140625 0.5778630203125 0.5102757140625 0.5778630203125 0.519310553125
0 0.5847806453125 0.5203947343750001 0.5890532937499999 0.5203947343750001 0.5890532937499999 0.5117212890625 0.5847806453125 0.5117212890625 0.5847806453125 0.5203947343750001
0 0.5764388046875 0.5044934171875 0.58233913125 0.5044934171875 0.58233913125 0.498349728125 0.5764388046875 0.498349728125 0.5764388046875 0.5044934171875
0 0.6096027046875 0.507384565625 0.625472546875 0.507384565625 0.625472546875 0.484978165625 0.6096027046875 0.484978165625 0.6096027046875 0.507384565625
0 0.561179340625 0.5362960515624999 0.57033501875 0.5362960515624999 0.57033501875 0.5178649796875 0.561179340625 0.5178649796875 0.561179340625 0.5362960515624999
0 0.6838010515625 0.483554775 0.730596740625 0.483554775 0.730596740625 0.45645025781250004 0.6838010515625 0.45645025781250004 0.6838010515625 0.483554775
0 0.7946864875 0.4361218703125 0.7946864875 0.430249225 0.7405153921875 0.430249225 0.7405153921875 0.458257225 0.7946864875 0.458257225 0.7946864875 0.4361218703125
0 0.8753073203125 0.4329596765625 0.7946864875 0.4329596765625 0.7946864875 0.4663885796875 0.8753073203125 0.4663885796875 0.8753073203125 0.4329596765625
0 1 0.4329596765625 0.8753073203125 0.4329596765625 0.8753073203125 0.46096767656250004 1 0.46096767656250004 1 0.4329596765625
0 0.7374433859374999 0.48069486250000004 0.8030712874999999 0.48069486250000004 0.8030712874999999 0.45849084375000004 0.7374433859374999 0.45849084375000004 0.7374433859374999 0.48069486250000004
0 0.54316866875 0.48459920937499995 0.58613931875 0.48459920937499995 0.58613931875 0.44788162500000006 0.54316866875 0.44788162500000006 0.54316866875 0.48459920937499995
0 0.5919989515624999 0.4776604546875 0.61999498125 0.4776604546875 0.61999498125 0.4565550703125 0.5919989515624999 0.4565550703125 0.5919989515624999 0.4776604546875
0 0.6282961296874999 0.47563665000000005 0.6408292359375001 0.47563665000000005 0.6408292359375001 0.46204825312500003 0.6282961296874999 0.46204825312500003 0.6282961296874999 0.47563665000000005
0 0.5508956796875 0.49747253281250003 0.5588387390625 0.49747253281250003 0.5588387390625 0.48683310625000004 0.5508956796875 0.48683310625000004 0.5508956796875 0.49747253281250003
0 0.5143055203125 0.4845201875 0.518472371875 0.4845201875 0.518472371875 0.47295559374999996 0.5143055203125 0.47295559374999996 0.5143055203125 0.4845201875
0 0.4993309 0.5051051656250001 0.5027164671875 0.5051051656250001 0.5027164671875 0.49284669687499993 0.4993309 0.49284669687499993 0.4993309 0.5051051656250001
0 0.5126127375 0.5030235390625 0.5158680890625 0.5030235390625 0.5158680890625 0.48868344218750004 0.5126127375 0.48868344218750004 0.5126127375 0.5030235390625
0 0.5204255828125 0.4997854515625 0.5248528609374999 0.4997854515625 0.5248528609374999 0.4914589453125 0.5204255828125 0.4914589453125 0.5204255828125 0.4997854515625
0 0.5066228890625 0.49862899374999997 0.5102688843750001 0.49862899374999997 0.5102688843750001 0.48983990000000005 0.5066228890625 0.48983990000000005 0.5066228890625 0.49862899374999997
0 0.510789740625 0.4863705234375 0.5140450921874999 0.4863705234375 0.5140450921874999 0.47850659999999995 0.510789740625 0.47850659999999995 0.510789740625 0.4863705234375
0 0.5197745125 0.487295690625 0.5228996515625 0.487295690625 0.5228996515625 0.47827530625000003 0.5197745125 0.47827530625000003 0.5197745125 0.487295690625
0 0.48648802656249995 0.5021661328125 0.48922252187500004 0.5021661328125 0.48922252187500004 0.49152670625 0.48648802656249995 0.49152670625 0.48648802656249995 0.5021661328125
0 0.4729457609375 0.493839625 0.4777636828125 0.493839625 0.4777636828125 0.4820437390625 0.4729457609375 0.4820437390625 0.4729457609375 0.493839625
0 0.466044415625 0.5067919703125 0.4831024609375 0.5067919703125 0.4831024609375 0.49245187343749997 0.466044415625 0.49245187343749997 0.466044415625 0.5067919703125
0 0.459375 0.48456244843749996 0.47202578281249996 0.48456244843749996 0.47202578281249996 0.46120196875 0.459375 0.46120196875 0.459375 0.48456244843749996
0 0.21091888124999997 1 0.21091888124999997 0.994855771875 0.1980472390625 0.994855771875 0.1980472390625 1 0.21091888124999997 1
0 0.2441291078125 1 0.2441291078125 0.9950102984375 0.23647013437500003 0.9950102984375 0.23647013437500003 1 0.2441291078125 1
0 0.2517880828125 1 0.2517880828125 0.987353803125 0.24430722343750003 0.987353803125 0.24430722343750003 1 0.2517880828125 1
0 0.046333634375 0.674708278125 0.05384789062499999 0.674708278125 0.05384789062499999 0.6497847953125 0.046333634375 0.6497847953125 0.046333634375 0.674708278125
0 0.050229915624999996 0.6497847953125 0.063866896875 0.6497847953125 0.063866896875 0.6173842671875 0.050229915624999996 0.6173842671875 0.050229915624999996 0.6497847953125
0 0.1982885828125 0.6 0.1982885828125 0.6054209953125 0.20441130937500002 0.6054209953125 0.20441130937500002 0.6 0.1982885828125 0.6
