0 0.10327367968750001 0.25776159062500004 0.109375 0.2576905953125 0.109375 0.2190748125 0.10304903437499999 0.219148421875 0.10327367968750001 0.25776159062500004
0 0.4078125 0.3111972796875 0.396875 0.311515528125 0.396875 0.31193148593750003 0.397433746875 0.3359375 0.4078125 0.3359375 0.4078125 0.3111972796875
0 0.17062456875 1 0.17062456875 0.97750639375 0.159123975 0.97750639375 0.159123975 1 0.17062456875 1
0 0.196911640625 1 0.196911640625 0.9745828718750001 0.1845895765625 0.9745828718750001 0.1845895765625 1 0.196911640625 1
0 0.29877404375 0.9658123062499999 0.313560521875 0.9658123062499999 0.313560521875 0.9278065187500001 0.29877404375 0.9278065187500001 0.29877404375 0.9658123062499999
0 0.19280428593750001 0.932191803125 0.2092337046875 0.932191803125 0.2092337046875 0.9088036265625 0.19280428593750001 0.9088036265625 0.19280428593750001 0.932191803125
0 0.167338684375 0.92926828125 0.178839278125 0.92926828125 0.178839278125 0.9102653875 0.167338684375 0.9102653875 0.167338684375 0.92926828125
0 0.012902139062500002 0.9102653875 0.0235812609375 0.9102653875 0.0235812609375 0.8824919281250001 0.012902139062500002 0.8824919281250001 0.012902139062500002 0.9102653875
0 0.3529911296875 0.9994328093749999 0.3702420203125 0.9994328093749999 0.3702420203125 0.9862769609375001 0.3529911296875 0.9862769609375001 0.3529911296875 0.9994328093749999
0 0.34970524531249997 0.9731211109375 0.359562896875 0.9731211109375 0.359562896875 0.9585035015625 0.34970524531249997 0.9585035015625 0.34970524531249997 0.9731211109375
0 0.3702420203125 0.9862769609375001 0.3842070265625 0.9862769609375001 0.3842070265625 0.9599652625000001 0.3702420203125 0.9599652625000001 0.3702420203125 0.9862769609375001
0 0.39077879531250004 0.8532567078125 0.3973505625 0.8532567078125 0.3973505625 0.8327920531250002 0.39077879531250004 0.8327920531250002 0.39077879531250004 0.8532567078125
0 0.409375 0.8327920531250002 0.3973505625 0.8327920531250002 0.3973505625 0.8605655125 0.409375 0.8605655125 0.409375 0.8327920531250002
0 0.2281275390625 0.75531871875 0.2388066609375 0.75531871875 0.2388066609375 0.7333923046875 0.2281275390625 0.7333923046875 0.2281275390625 0.75531871875
0 0.2560575515625 0.7567804812500001 0.263450790625 0.7567804812500001 0.263450790625 0.7275452609374999 0.2560575515625 0.7275452609374999 0.2560575515625 0.7567804812500001
0 0.11147865781249999 0.8591037515625001 0.1221577796875 0.8591037515625001 0.1221577796875 0.8327920531250002 0.11147865781249999 0.8327920531250002 0.11147865781249999 0.8591037515625001
0 0.159123975 0.894186015625 0.1689816265625 0.894186015625 0.1689816265625 0.8707978390625 0.159123975 0.8707978390625 0.159123975 0.894186015625
0 0.144337496875 0.8707978390625 0.159123975 0.8707978390625 0.159123975 0.8415626203125001 0.144337496875 0.8415626203125001 0.144337496875 0.8707978390625
0 0.11476454218750001 0.82986853125 0.1311939609375 0.82986853125 0.1311939609375 0.7962480281250001 0.11476454218750001 0.7962480281250001 0.11476454218750001 0.82986853125
0 0.32529428125000004 0.6851733687499999 0.33498474843750004 0.6851733687499999 0.33498474843750004 0.6617028656249999 0.32529428125000004 0.6617028656249999 0.32529428125000004 0.6851733687499999
0 0.3102202234375 0.6684087234375 0.32529428125000004 0.6684087234375 0.32529428125000004 0.6502071109375 0.3102202234375 0.6502071109375 0.3102202234375 0.6684087234375
0 0.3492512671875 0.66745074375 0.356788296875 0.66745074375 0.356788296875 0.6387113531249999 0.3492512671875 0.6387113531249999 0.3492512671875 0.66745074375
0 0.3683630203125 0.6822994296875 0.3802069234375 0.6822994296875 0.3802069234375 0.6387113531249999 0.3683630203125 0.6387113531249999 0.3683630203125 0.6822994296875
0 0.40039539375000005 0.6698456937499999 0.4090091421875 0.6698456937499999 0.4090091421875 0.6190727703125 0.40039539375000005 0.6190727703125 0.40039539375000005 0.6698456937499999
0 0.3901807640625 0.5976590234375 0.397330846875 0.5976590234375 0.397330846875 0.5722126875 0.3901807640625 0.5722126875 0.3901807640625 0.5976590234375
0 0.2505438390625 0.6777401390625 0.2568527359375 0.6777401390625 0.2568527359375 0.642564321875 0.2505438390625 0.642564321875 0.2505438390625 0.6777401390625
0 0.19334317031249998 0.7421044 0.201334440625 0.7421044 0.201334440625 0.7159096421875001 0.19334317031249998 0.7159096421875001 0.19334317031249998 0.7421044
0 0.222784690625 0.5677221578125 0.22993477499999998 0.5677221578125 0.22993477499999998 0.5437726656249999 0.222784690625 0.5437726656249999 0.222784690625 0.5677221578125
0 0.1845107140625 0.6560359109375 0.1916607984375 0.6560359109375 0.1916607984375 0.6193632499999999 0.1845107140625 0.6193632499999999 0.1845107140625 0.6560359109375
0 0.1538074140625 0.6560359109375 0.1634810578125 0.6560359109375 0.1634810578125 0.61262745625 0.1538074140625 0.61262745625 0.1538074140625 0.6560359109375
0 0.213952234375 0.644061165625 0.22236409687499997 0.644061165625 0.22236409687499997 0.618614828125 0.213952234375 0.618614828125 0.213952234375 0.644061165625
0 0.22867299531250002 0.6380737921875 0.235823078125 0.6380737921875 0.235823078125 0.603646396875 0.22867299531250002 0.603646396875 0.22867299531250002 0.6380737921875
0 0.2387672296875 0.6223569375 0.2459173140625 0.6223569375 0.2459173140625 0.600652709375 0.2387672296875 0.600652709375 0.2387672296875 0.6223569375
0 0.168528175 0.5138358000000001 0.1718929203125 0.5138358000000001 0.1718929203125 0.4891378859375 0.168528175 0.4891378859375 0.168528175 0.5138358000000001
0 0.0932420015625 0.6058916609375 0.1058597953125 0.6058916609375 0.1058597953125 0.5692190015625 0.0932420015625 0.5692190015625 0.0932420015625 0.6058916609375
0 0.1458161453125 0.5437726656249999 0.1538074140625 0.5437726656249999 0.1538074140625 0.5175779078125 0.1458161453125 0.5175779078125 0.1458161453125 0.5437726656249999
0 0.1369836890625 0.542275821875 0.1407690265625 0.542275821875 0.1407690265625 0.52057159375 0.1369836890625 0.52057159375 0.1369836890625 0.542275821875
0 0.2698911234375 0.532546340625 0.274938240625 0.532546340625 0.274938240625 0.5153326421875 0.2698911234375 0.5153326421875 0.2698911234375 0.532546340625
0 0.2387672296875 0.5100936921875 0.2387672296875 0.49362841562500004 0.23414070625 0.49362841562500004 0.23414070625 0.5198231718749999 0.2387672296875 0.5198231718749999 0.2387672296875 0.5100936921875
0 0.2442349421875 0.5310494968749999 0.251385025 0.5310494968749999 0.251385025 0.5100936921875 0.2442349421875 0.5100936921875 0.2442349421875 0.5310494968749999
0 0.24717909374999997 0.5684705796875 0.25601155000000003 0.5684705796875 0.25601155000000003 0.5549989890625 0.24717909374999997 0.5549989890625 0.24717909374999997 0.5684705796875
0 0.26400281875 0.60140113125 0.27031171718749997 0.60140113125 0.27031171718749997 0.582690590625 0.26400281875 0.582690590625 0.26400281875 0.60140113125
0 0.18871664531250001 0.5564958328125 0.19712850937499998 0.5564958328125 0.19712850937499998 0.5385337140625 0.18871664531250001 0.5385337140625 0.18871664531250001 0.5564958328125
0 0.022161759375 0.6141243000000001 0.031414809375000005 0.6141243000000001 0.031414809375000005 0.5894263859375 0.022161759375 0.5894263859375 0.022161759375 0.6141243000000001
0 0 0.5669737359375 0.0036556609375 0.5669737359375 0.0036556609375 0.5490116171875 0 0.5490116171875 0 0.5669737359375
0 0.0036556609375 0.55425056875 0.0095439640625 0.55425056875 0.0095439640625 0.5265589671875001 0.0036556609375 0.5265589671875001 0.0036556609375 0.55425056875
0 0.04992090625 0.603646396875 0.0604357359375 0.603646396875 0.0604357359375 0.5834390125000001 0.04992090625 0.5834390125000001 0.04992090625 0.603646396875
0 0.048238534374999996 0.540778978125 0.0516032796875 0.540778978125 0.0516032796875 0.5198231718749999 0.048238534374999996 0.5198231718749999 0.048238534374999996 0.540778978125
0 0.05454743125 0.5475147734375 0.0633798875 0.5475147734375 0.0633798875 0.5258105453125 0.05454743125 0.5258105453125 0.05454743125 0.5475147734375
0 0.0242434203125 0.7745440390624999 0.033615178125 0.7745440390624999 0.033615178125 0.7595842296875001 0.0242434203125 0.7595842296875001 0.0242434203125 0.7745440390624999
0 0.10362771875000001 0.8174615296875001 0.112448196875 0.8174615296875001 0.112448196875 0.7936729781249999 0.10362771875000001 0.7936729781249999 0.10362771875000001 0.8174615296875001
0 0.0679323484375 0.7975968625000001 0.0762015453125 0.7975968625000001 0.0762015453125 0.7716011265625 0.0679323484375 0.7716011265625 0.0679323484375 0.7975968625000001
0 0.1462412515625 0.9962959046875 0.1554751890625 0.9962959046875 0.1554751890625 0.9781479375 0.1462412515625 0.9781479375 0.1462412515625 0.9962959046875
0 0.2219044109375 0.91659199375 0.239545365625 0.91659199375 0.239545365625 0.8871628578124999 0.2219044109375 0.8871628578124999 0.2219044109375 0.91659199375
0 0.2504331421875 0.91634675 0.2567728609375 0.91634675 0.2567728609375 0.8788246015624999 0.2504331421875 0.8788246015624999 0.2504331421875 0.91634675
0 0.21610400312500003 0.5688960046875 0.2222783375 0.5688960046875 0.2222783375 0.553200465625 0.21610400312500003 0.553200465625 0.21610400312500003 0.5688960046875
0 0.1500606765625 0.5912621484375 0.15777859375 0.5912621484375 0.15777859375 0.5563395734375 0.1500606765625 0.5563395734375 0.1500606765625 0.5912621484375
0 0.15855038593749998 0.6095082125 0.165276 0.6095082125 0.165276 0.571642725 0.15855038593749998 0.571642725 0.15855038593749998 0.6095082125
0 0.16119652812500002 0.6495318390625 0.16759137500000001 0.6495318390625 0.16759137500000001 0.6110777671875 0.16119652812500002 0.6110777671875 0.16119652812500002 0.6495318390625
0 0.18049132343750002 0.60421096875 0.1856733546875 0.60421096875 0.1856733546875 0.577920940625 0.18049132343750002 0.577920940625 0.18049132343750002 0.60421096875
0 0.1678118875 0.6187293421875 0.1732144296875 0.6187293421875 0.1732144296875 0.5845915453125 0.1678118875 0.5845915453125 0.1678118875 0.6187293421875
0 0.1681426546875 0.5885154296875 0.17486827031250002 0.5885154296875 0.17486827031250002 0.568111228125 0.1681426546875 0.568111228125 0.1681426546875 0.5885154296875
0 0.1720016140625 0.5859649046875 0.1775144125 0.5859649046875 0.1775144125 0.5533966609375 0.1720016140625 0.5533966609375 0.1720016140625 0.5859649046875
0 0.1604247375 0.5840029625 0.164283696875 0.5840029625 0.164283696875 0.550846134375 0.1604247375 0.550846134375 0.1604247375 0.5840029625
0 0.165276 0.5824334078125 0.1710093109375 0.5824334078125 0.1710093109375 0.5445679203125 0.165276 0.5445679203125 0.165276 0.5824334078125
0 0.1772939 0.5822372140625001 0.18181439531250002 0.5822372140625001 0.18181439531250002 0.5473146390625 0.1772939 0.5473146390625 0.1772939 0.5822372140625001
0 0.164106115625 0.6977546203125 0.172788771875 0.6977546203125 0.172788771875 0.67224936875 0.164106115625 0.67224936875 0.164106115625 0.6977546203125
0 0.1477055390625 0.6977546203125 0.164106115625 0.6977546203125 0.164106115625 0.6835305390624999 0.1477055390625 0.6835305390624999 0.1477055390625 0.6977546203125
0 0.0556418046875 0.6886806375 0.063221903125 0.6886806375 0.063221903125 0.6759280125 0.0556418046875 0.6759280125 0.0556418046875 0.6886806375
0 0.090648075 0.6808328687499999 0.1001576515625 0.6808328687499999 0.1001576515625 0.6653825703124999 0.090648075 0.6653825703124999 0.090648075 0.6808328687499999
0 0.1740291515625 0.7499913390625 0.18657076875 0.7499913390625 0.18657076875 0.7320886140624999 0.1740291515625 0.7320886140624999 0.1740291515625 0.7499913390625
0 0.2716301359375 0.7610829171875 0.2798993328125 0.7610829171875 0.2798993328125 0.74268970625 0.2716301359375 0.74268970625 0.2716301359375 0.7610829171875
0 0.2838961125 0.745387378125 0.2909249296875 0.745387378125 0.2909249296875 0.7318990234375 0.2838961125 0.7318990234375 0.2838961125 0.745387378125
0 0.06490486875 0.7997453078125 0.0697596609375 0.7997453078125 0.0697596609375 0.7841753312499999 0.06490486875 0.7841753312499999 0.06490486875 0.7997453078125
0 0.2410731484375 0.5164715609374999 0.2494801671875 0.5164715609374999 0.2494801671875 0.48483523906250003 0.2410731484375 0.48483523906250003 0.2410731484375 0.5164715609374999
0 0.20207009999999997 0.5174525328125 0.20882327812499998 0.5174525328125 0.20882327812499998 0.48409951093750003 0.20207009999999997 0.48409951093750003 0.20207009999999997 0.5174525328125
0 0.2782845390625 0.5012665078125 0.2835216984375 0.5012665078125 0.2835216984375 0.4742897984375 0.2782845390625 0.4742897984375 0.2782845390625 0.5012665078125
0 0.2726339203125 0.5738583765625 0.27980055937500004 0.5738583765625 0.27980055937500004 0.5569366234375 0.2726339203125 0.5569366234375 0.2726339203125 0.5738583765625
0 0.370761734375 0.5944587718750001 0.381511690625 0.5944587718750001 0.381511690625 0.57287740625 0.370761734375 0.57287740625 0.370761734375 0.5944587718750001
0 0.36001177812499996 0.5601247796875001 0.3652489359375 0.5601247796875001 0.3652489359375 0.529959915625 0.36001177812499996 0.529959915625 0.36001177812499996 0.5601247796875001
0 0.1291578578125 0.4296875 0.1291578578125 0.436436790625 0.1351557828125 0.436436790625 0.1351557828125 0.4296875 0.1291578578125 0.4296875
0 0.019528823437500002 0.5117900859375 0.026020695312499998 0.5117900859375 0.026020695312499998 0.4847937578125 0.019528823437500002 0.4847937578125 0.019528823437500002 0.5117900859375
0 0.52877445 0.6453125 0.528125 0.6732155109375 0.528125 0.759375 0.5592942390625 0.759375 0.56193674375 0.645842253125 0.5315872703125 0.6453125 0.52877445 0.6453125
