0 0.87956794375 0.79195654375 0.8894708093749999 0.79195654375 0.8894708093749999 0.7526039812499999 0.87956794375 0.7526039812499999 0.87956794375 0.79195654375
0 0.7843256765625 0.7189471828125 0.793646021875 0.7189471828125 0.793646021875 0.694610728125 0.7843256765625 0.694610728125 0.7843256765625 0.7189471828125
0 0.8009275406249999 0.700824290625 0.8061702343749999 0.700824290625 0.8061702343749999 0.6682030859375 0.8009275406249999 0.6682030859375 0.8009275406249999 0.700824290625
0 0.81083040625 0.7034132750000001 0.8192769671875 0.7034132750000001 0.8192769671875 0.6744166484375 0.81083040625 0.6744166484375 0.81083040625 0.7034132750000001
0 0.7519724328125 0.70092785 0.7596151140625 0.70092785 0.7596151140625 0.6777305484375 0.7519724328125 0.6777305484375 0.7519724328125 0.70092785
0 0.74973555 0.6614924375 0.7558869765625 0.6614924375 0.7558869765625 0.6439287671875 0.74973555 0.6439287671875 0.74973555 0.6614924375
0 0.7926836953125 0.653162121875 0.8050331515625 0.653162121875 0.8050331515625 0.6104956578125 0.7926836953125 0.6104956578125 0.7926836953125 0.653162121875
0 0.7761400843749999 0.646120084375 0.7901206015625 0.646120084375 0.7901206015625 0.6183661703125 0.7761400843749999 0.6183661703125 0.7761400843749999 0.646120084375
0 0.7602955 0.6225085453125 0.7675187671875 0.6225085453125 0.7675187671875 0.6030393828125 0.7602955 0.6030393828125 0.7602955 0.6225085453125
0 0.7789361890625 0.6183661703125 0.786625471875 0.6183661703125 0.786625471875 0.59516886875 0.7789361890625 0.59516886875 0.7789361890625 0.6183661703125
0 0.753771259375 0.6030393828125 0.7602955 0.6030393828125 0.7602955 0.5844815421875 0.753771259375 0.5844815421875 0.753771259375 0.6030393828125
0 0.7467623609375 0.6133787515625 0.753920384375 0.6133787515625 0.753920384375 0.5921697890625001 0.7467623609375 0.5921697890625001 0.7467623609375 0.6133787515625
0 0.74169209375 0.6075462859375 0.7495957453125001 0.6075462859375 0.7495957453125001 0.5858071015624999 0.74169209375 0.5858071015624999 0.74169209375 0.6075462859375
0 0.7928491328125 0.77019250625 0.8040335453124999 0.77019250625 0.8040335453124999 0.7413615734375 0.7928491328125 0.7413615734375 0.7928491328125 0.77019250625
0 0.744333828125 0.5898749140625 0.753771259375 0.5898749140625 0.753771259375 0.5504395015625 0.744333828125 0.5504395015625 0.744333828125 0.5898749140625
0 0.758873565625 0.5749623625 0.7642793640625001 0.5749623625 0.7642793640625001 0.553090621875 0.758873565625 0.553090621875 0.758873565625 0.5749623625
0 0.7484347796875 0.5501081125 0.757195903125 0.5501081125 0.757195903125 0.520945790625 0.7484347796875 0.520945790625 0.7484347796875 0.5501081125
0 0.7235308203125 0.5529920328125 0.7292572390625 0.5529920328125 0.7292572390625 0.53644904375 0.7235308203125 0.53644904375 0.7235308203125 0.5529920328125
0 0.7025339484375 0.5720800984375 0.7087375703125 0.5720800984375 0.7087375703125 0.5498106890625001 0.7025339484375 0.5498106890625001 0.7025339484375 0.5720800984375
0 0.6971654296875001 0.560627259375 0.7025339484375 0.560627259375 0.7025339484375 0.5406908359375 0.6971654296875001 0.5406908359375 0.6971654296875001 0.560627259375
0 0.6859511921875 0.5672020375 0.694898721875 0.5672020375 0.694898721875 0.5479018828125 0.6859511921875 0.5479018828125 0.6859511921875 0.5672020375
0 0.6785545671875 0.5708075609375001 0.6848774890625 0.5708075609375001 0.6848774890625 0.5495986 0.6785545671875 0.5495986 0.6785545671875 0.5708075609375001
0 0.7300330640625 0.49751668281250006 0.735854925 0.49751668281250006 0.735854925 0.47834378125 0.7300330640625 0.47834378125 0.7300330640625 0.49751668281250006
0 0.6553957484375 0.5039748109375 0.6621720125 0.5039748109375 0.6621720125 0.480390446875 0.6553957484375 0.480390446875 0.6553957484375 0.5039748109375
0 0.686321396875 0.4897170875 0.691856934375 0.4897170875 0.691856934375 0.46613272187500004 0.686321396875 0.46613272187500004 0.686321396875 0.4897170875
0 0.6746776765625 0.45527373437499996 0.6814539390625 0.45527373437499996 0.6814539390625 0.42999265312499996 0.6746776765625 0.42999265312499996 0.6746776765625 0.45527373437499996
0 0.6910337625 0.42375721874999994 0.6910337625 0.43449094062500004 0.6910337625 0.44615388125 0.6971419437499999 0.44615388125 0.6971419437499999 0.42375721874999994 0.6910337625 0.42375721874999994
0 0.6944696140625 0.4651571109375 0.7034410046875 0.4651571109375 0.7034410046875 0.44632355312499994 0.6944696140625 0.44632355312499994 0.6944696140625 0.4651571109375
0 0.6672422796874999 0.5529794406249999 0.674251178125 0.5529794406249999 0.674251178125 0.53124025625 0.6672422796874999 0.53124025625 0.6672422796874999 0.5529794406249999
0 0.6802161984375 0.5272635765625 0.6858829671875 0.5272635765625 0.6858829671875 0.5142730875 0.6802161984375 0.5142730875 0.6802161984375 0.5272635765625
0 0.672610796875 0.5500632078125001 0.678128440625 0.5500632078125001 0.678128440625 0.5341564875 0.672610796875 0.5341564875 0.672610796875 0.5500632078125001
0 0.6428859828125 0.536173990625 0.6500440078125 0.536173990625 0.6500440078125 0.515760365625 0.6428859828125 0.515760365625 0.6428859828125 0.536173990625
0 0.6500440078125 0.536173990625 0.6591406625 0.536173990625 0.6591406625 0.515760365625 0.6500440078125 0.515760365625 0.6500440078125 0.536173990625
0 0.6610792953125 0.5337879828125 0.6537721453125 0.5337879828125 0.6537721453125 0.5560573921875 0.6610792953125 0.5560573921875 0.6610792953125 0.5337879828125
0 0.6627196750000001 0.5576480625 0.6679390671875 0.5576480625 0.6679390671875 0.54094600625 0.6627196750000001 0.54094600625 0.6627196750000001 0.5576480625
0 0.6202356828125 0.537565828125 0.6256041999999999 0.537565828125 0.6256041999999999 0.5135997031249999 0.6202356828125 0.5135997031249999 0.6202356828125 0.537565828125
0 0.6148671640625001 0.5195382125 0.6211900859374999 0.5195382125 0.6211900859374999 0.5040556703125 0.6148671640625001 0.5040556703125 0.6148671640625001 0.5195382125
0 0.6496656015625 0.413321084375 0.6541393656250001 0.413321084375 0.6541393656250001 0.3958236921875 0.6496656015625 0.3958236921875 0.6496656015625 0.413321084375
0 0.6654729046875001 0.420213996875 0.6690519171875 0.420213996875 0.6690519171875 0.4035119390625 0.6654729046875001 0.4035119390625 0.6654729046875001 0.420213996875
0 0.678804725 0.41151832187500004 0.685008346875 0.41151832187500004 0.685008346875 0.3977324984375 0.678804725 0.3977324984375 0.678804725 0.41151832187500004
0 0.6883487578125 0.3996413046875 0.685008346875 0.3996413046875 0.685008346875 0.4183051890625 0.6883487578125 0.4183051890625 0.6883487578125 0.3996413046875
0 0.6220177328125 0.41363921875000004 0.6284599546875 0.41363921875000004 0.6284599546875 0.394551153125 0.6220177328125 0.394551153125 0.6220177328125 0.41363921875000004
0 0.6016173625000001 0.39349070625000004 0.60686658125 0.39349070625000004 0.60686658125 0.37355428281249997 0.6016173625000001 0.37355428281249997 0.6016173625000001 0.39349070625000004
0 0.64242369375 0.3827072734375 0.64600270625 0.3827072734375 0.64600270625 0.3660052171875 0.64242369375 0.3660052171875 0.64242369375 0.3827072734375
0 0.6511475359375 0.36110064531249997 0.6574853703125 0.36110064531249997 0.6574853703125 0.341880025 0.6511475359375 0.341880025 0.6511475359375 0.36110064531249997
0 0.715072565625 0.5530068265625 0.7200354625000001 0.5530068265625 0.7200354625000001 0.5367183437499999 0.715072565625 0.5367183437499999 0.715072565625 0.5530068265625
0 0.5694708953125 0.51437735625 0.5746008125000001 0.51437735625 0.5746008125000001 0.49062331875 0.5694708953125 0.49062331875 0.5694708953125 0.51437735625
0 0.563744475 0.5041970546875 0.5694708953125 0.5041970546875 0.5694708953125 0.48553316874999997 0.563744475 0.48553316874999997 0.563744475 0.5041970546875
0 0.58581505 0.5092872046875 0.5914221687500001 0.5092872046875 0.5914221687500001 0.48616943749999997 0.58581505 0.48616943749999997 0.58581505 0.5092872046875
0 0.5914221687500001 0.507166309375 0.59846089375 0.507166309375 0.59846089375 0.48977496093750006 0.5914221687500001 0.48977496093750006 0.5914221687500001 0.507166309375
0 0.5979836921875 0.5442819906249999 0.605261015625 0.5442819906249999 0.605261015625 0.5264664625 0.5979836921875 0.5264664625 0.5979836921875 0.5442819906249999
0 0.5969099875 0.5196795953125 0.6016820046875 0.5196795953125 0.6016820046875 0.5088630265625 0.5969099875 0.5088630265625 0.5969099875 0.5196795953125
0 0.603069471875 0.5207400437499999 0.608840028125 0.5207400437499999 0.608840028125 0.5064814453125 0.603069471875 0.5064814453125 0.603069471875 0.5207400437499999
0 0.61349274375 0.537565828125 0.6202356828125 0.537565828125 0.6202356828125 0.5175587 0.61349274375 0.5175587 0.61349274375 0.537565828125
0 0.5750780140625 0.5349500484374999 0.5842641453125 0.5349500484374999 0.5842641453125 0.51564989375 0.5750780140625 0.51564989375 0.5750780140625 0.5349500484374999
0 0.575674515625 0.507166309375 0.5823553390625 0.507166309375 0.5823553390625 0.4912595875 0.575674515625 0.4912595875 0.575674515625 0.507166309375
0 0.5567057515625 0.5041970546875 0.563744475 0.5041970546875 0.563744475 0.48298809374999996 0.5567057515625 0.48298809374999996 0.5567057515625 0.5041970546875
0 0.5489512249999999 0.5020761578124999 0.5551548453125 0.5020761578124999 0.5551548453125 0.480230928125 0.5489512249999999 0.480230928125 0.5489512249999999 0.5020761578124999
0 0.52676135 0.48977496093750006 0.5338000734375 0.48977496093750006 0.5338000734375 0.4696264484375 0.52676135 0.4696264484375 0.52676135 0.48977496093750006
0 0.5438213078125 0.4988948140625 0.5489512249999999 0.4988948140625 0.5489512249999999 0.477685853125 0.5438213078125 0.477685853125 0.5438213078125 0.4988948140625
0 0.5357088796875 0.477049584375 0.5357088796875 0.4957134703125 0.5361575875 0.4957134703125 0.5416738999999999 0.4957134703125 0.5416738999999999 0.477049584375 0.5357088796875 0.477049584375
0 0.7036406046875 0.40898141250000003 0.7088898218749999 0.40898141250000003 0.7088898218749999 0.38946916875 0.7036406046875 0.38946916875 0.7036406046875 0.40898141250000003
0 0.50786364375 0.468643371875 0.5122777578125 0.468643371875 0.5122777578125 0.44637396249999994 0.50786364375 0.44637396249999994 0.50786364375 0.468643371875
0 0.5121584578125 0.4565542640625 0.517169075 0.4565542640625 0.517169075 0.437890378125 0.5121584578125 0.437890378125 0.5121584578125 0.4565542640625
0 0.49664940468749996 0.47712695624999996 0.5030916265625 0.47712695624999996 0.5030916265625 0.45082784374999996 0.49664940468749996 0.45082784374999996 0.49664940468749996 0.47712695624999996
0 0.48448076406249996 0.47140053593750003 0.4919966890625 0.47140053593750003 0.4919966890625 0.4472223203125 0.48448076406249996 0.4472223203125 0.48448076406249996 0.47140053593750003
0 0.4797087484375 0.46567411718749996 0.48448076406249996 0.46567411718749996 0.48448076406249996 0.44637396249999994 0.4797087484375 0.44637396249999994 0.4797087484375 0.46567411718749996
0 0.474101628125 0.46567411718749996 0.4797087484375 0.46567411718749996 0.4797087484375 0.44701023125 0.474101628125 0.44701023125 0.474101628125 0.46567411718749996
0 0.468375209375 0.4716126265625 0.473743728125 0.4716126265625 0.473743728125 0.44828276875000006 0.468375209375 0.44828276875000006 0.468375209375 0.4716126265625
0 0.449826084375 0.4581820515625 0.45631602656250003 0.4581820515625 0.45631602656250003 0.43890734687500005 0.449826084375 0.43890734687500005 0.449826084375 0.4581820515625
0 0.45868294687500005 0.46130401093750006 0.4670053421875 0.46130401093750006 0.4670053421875 0.43741423749999997 0.45868294687500005 0.43741423749999997 0.45868294687500005 0.46130401093750006
0 0.4054177015625 0.37046603125 0.41054761875 0.37046603125 0.41054761875 0.355195578125 0.4054177015625 0.355195578125 0.4054177015625 0.37046603125
0 0.4405367578125 0.44741479218749997 0.4461438765625 0.44741479218749997 0.4461438765625 0.42387284531249997 0.4405367578125 0.42387284531249997 0.4405367578125 0.44741479218749997
0 0.4302769234375 0.4546258390625 0.43683844531249993 0.4546258390625 0.43683844531249993 0.43511359374999997 0.4302769234375 0.43511359374999997 0.4302769234375 0.4546258390625
0 0.422522396875 0.45144449375000006 0.42812951562499996 0.45144449375000006 0.42812951562499996 0.436598221875 0.422522396875 0.436598221875 0.422522396875 0.45144449375000006
0 0.4015236609375 0.43329095000000006 0.4071307796875 0.43329095000000006 0.4071307796875 0.40784019687499995 0.4015236609375 0.40784019687499995 0.4015236609375 0.43329095000000006
0 0.36528318125000003 0.41882643750000004 0.37253664531249997 0.41882643750000004 0.37253664531249997 0.3984658359375 0.36528318125000003 0.3984658359375 0.36528318125000003 0.41882643750000004
0 0.3774041015625 0.4003322234375 0.37253664531249997 0.4003322234375 0.37253664531249997 0.41628136250000003 0.3774041015625 0.41628136250000003 0.3774041015625 0.4003322234375
0 0.4225007109375 0.27772576718750003 0.4225007109375 0.29299621875000004 0.426914825 0.29299621875000004 0.426914825 0.27772576718750003 0.42536392031250003 0.27772576718750003 0.4225007109375 0.27772576718750003
0 0.39959503281250003 0.2919357703125 0.40281614374999997 0.2919357703125 0.40281614374999997 0.2809071109375 0.39959503281250003 0.2809071109375 0.39959503281250003 0.2919357703125
0 0.0683938890625 0.36636951875 0.072569403125 0.36636951875 0.072569403125 0.3547045921875 0.0683938890625 0.3547045921875 0.0683938890625 0.36636951875
0 0.24732443593750003 0.335909234375 0.2530508546875 0.335909234375 0.2530508546875 0.319620753125 0.24732443593750003 0.319620753125 0.24732443593750003 0.335909234375
0 0.3950339078125 0.24129627656250002 0.4011420890625 0.24129627656250002 0.4011420890625 0.2275528703125 0.3950339078125 0.2275528703125 0.3950339078125 0.24129627656250002
0 0.405723225 0.24112660625000001 0.41059068125 0.24112660625000001 0.41059068125 0.22891024375 0.405723225 0.22891024375 0.405723225 0.24112660625000001
0 0.5037383875 0.3552816828125 0.5074367 0.3552816828125 0.5074367 0.3455255625 0.5037383875 0.3455255625 0.5037383875 0.3552816828125
0 0.5012330781250001 0.35125198125 0.50576649375 0.35125198125 0.50576649375 0.34001123125 0.5012330781250001 0.34001123125 0.5012330781250001 0.35125198125
0 0.565267571875 0.33916287343749996 0.571083465625 0.33916287343749996 0.571083465625 0.3203399203125 0.565267571875 0.3203399203125 0.565267571875 0.33916287343749996
0 0.5795836203125 0.34128376875 0.5852503890625 0.34128376875 0.5852503890625 0.3261723859375 0.5795836203125 0.3261723859375 0.5795836203125 0.34128376875
0 0.598462909375 0.362174596875 0.6062174359375 0.362174596875 0.6062174359375 0.3460557859375 0.598462909375 0.3460557859375 0.598462909375 0.362174596875
0 0.5990594109375 0.3386326484375 0.6034735265625 0.3386326484375 0.6034735265625 0.325271003125 0.5990594109375 0.325271003125 0.5990594109375 0.3386326484375
0 0.6075297390625 0.325271003125 0.6034735265625 0.325271003125 0.6034735265625 0.33926891875 0.6075297390625 0.33926891875 0.6075297390625 0.325271003125
0 0.144287621875 0.0324983578125 0.0179286671875 0.0324983578125 0.0179286671875 0.0926844265625 0.144287621875 0.0926844265625 0.144287621875 0.0324983578125
0 0.8404341859375 0.8382632062500001 0.8481915765625001 0.8382632062500001 0.8481915765625001 0.8111157359375 0.8404341859375 0.8111157359375 0.8404341859375 0.8382632062500001
0 0.8098634499999999 0.8106694187500001 0.816753478125 0.8106694187500001 0.816753478125 0.7827835375000001 0.8098634499999999 0.7827835375000001 0.8098634499999999 0.8106694187500001
0 0.87580868125 0.8793374281249999 0.8664488953125 0.8793374281249999 0.8664488953125 0.9130433234374999 0.87580868125 0.9130433234374999 0.87580868125 0.8793374281249999
0 0.604380025 0.50551234375 0.608923921875 0.50551234375 0.608923921875 0.4861705640625 0.604380025 0.4861705640625 0.604380025 0.50551234375
0 0.637019278125 0.5046021421875 0.6317074 0.5046021421875 0.6317074 0.524171471875 0.637019278125 0.524171471875 0.637019278125 0.5046021421875
0 0.5161290453125 0.491176671875 0.5244488546875 0.491176671875 0.5244488546875 0.47297264375000003 0.5161290453125 0.47297264375000003 0.5161290453125 0.491176671875
0 0.48101755468749996 0.44455739375 0.4840382859375 0.44455739375 0.4840382859375 0.4333619171875 0.48101755468749996 0.4333619171875 0.48101755468749996 0.44455739375
0 0.4952508296875 0.40951464218750006 0.4911037234375 0.40951464218750006 0.4911037234375 0.426717446875 0.4952508296875 0.426717446875 0.4952508296875 0.40951464218750006
0 0.5096892093750001 0.38738585 0.5069244734375 0.38738585 0.5069244734375 0.402768253125 0.5096892093750001 0.402768253125 0.5096892093750001 0.38738585
0 0.5126075421875 0.38638462812499996 0.5096892093750001 0.38638462812499996 0.5096892093750001 0.4018580515625 0.5126075421875 0.4018580515625 0.5126075421875 0.38638462812499996
0 0.0349056828125 0.35985650625 0.0301057921875 0.35985650625 0.0301057921875 0.373850853125 0.0349056828125 0.373850853125 0.0349056828125 0.35985650625
0 0.062233057812500006 0.3581498796875 0.0414335328125 0.3581498796875 0.0414335328125 0.3745335046875 0.062233057812500006 0.3745335046875 0.062233057812500006 0.3581498796875
0 0.0280578390625 0.357353453125 0.0023944265625 0.357353453125 0.0023944265625 0.37680900781250004 0.0280578390625 0.37680900781250004 0.0280578390625 0.357353453125
0 0.0849765359375 0.3633033265625 0.0825599515625 0.3633033265625 0.0825599515625 0.3770655703125 0.0849765359375 0.3770655703125 0.0849765359375 0.3633033265625
0 0.09691659375 0.3565001921875 0.09358866875 0.3565001921875 0.09358866875 0.3690154625 0.09691659375 0.3690154625 0.09691659375 0.3565001921875
0 0.10670836875 0.35706906875 0.10370043749999999 0.35706906875 0.10370043749999999 0.36912923750000004 0.10670836875 0.36912923750000004 0.10670836875 0.35706906875
0 0.1133642171875 0.3601409984375 0.11080427500000001 0.3601409984375 0.11080427500000001 0.37049453906249996 0.1133642171875 0.37049453906249996 0.1133642171875 0.3601409984375
0 0.1246919578125 0.355021115625 0.12034005781249998 0.355021115625 0.12034005781249998 0.3719736171875 0.1246919578125 0.3719736171875 0.1246919578125 0.355021115625
0 0.10798833906250001 0.3710634140625 0.10344444374999999 0.3710634140625 0.10344444374999999 0.37868635156249997 0.10798833906250001 0.37868635156249997 0.10798833906250001 0.3710634140625
0 0.1272518984375 0.3580930453125 0.12526794375 0.3580930453125 0.12526794375 0.3696981125 0.1272518984375 0.3696981125 0.1272518984375 0.3580930453125
0 0.1323077828125 0.3692430125 0.13614769531249998 0.3692430125 0.13614769531249998 0.3561588671875 0.1323077828125 0.3561588671875 0.1323077828125 0.3692430125
0 0.14095453593750001 0.35312986875 0.1376778109375 0.35312986875 0.1376778109375 0.3693314546875 0.14095453593750001 0.3693314546875 0.14095453593750001 0.35312986875
0 0.14443605625 0.3579539375 0.141415325 0.3579539375 0.141415325 0.36942247500000003 0.14443605625 0.36942247500000003 0.14443605625 0.3579539375
0 0.14996552968750002 0.3537670109375 0.1457160265625 0.3537670109375 0.1457160265625 0.36978655625 0.14996552968750002 0.36978655625 0.14996552968750002 0.3537670109375
0 0.15344705 0.35813597812500003 0.1503751203125 0.35813597812500003 0.1503751203125 0.3691494140625 0.15344705 0.3691494140625 0.15344705 0.35813597812500003
0 0.1659907625 0.35640659375 0.1630212296875 0.35640659375 0.1630212296875 0.373700421875 0.1659907625 0.373700421875 0.1659907625 0.35640659375
0 0.158874125 0.35640659375 0.1560581890625 0.35640659375 0.1560581890625 0.37497470312500003 0.158874125 0.37497470312500003 0.158874125 0.35640659375
0 0.1696258796875 0.355314353125 0.1670147390625 0.355314353125 0.1670147390625 0.37606694375 0.1696258796875 0.37606694375 0.1696258796875 0.355314353125
0 0.170189065625 0.3747016421875 0.17551374375 0.3747016421875 0.17551374375 0.35595149375 0.170189065625 0.35595149375 0.170189065625 0.3747016421875
0 0.1810432171875 0.3664188109375 0.1785856734375 0.3664188109375 0.1785856734375 0.3828024359375 0.1810432171875 0.3828024359375 0.1810432171875 0.3664188109375
0 0.21226999375000002 0.38708251875 0.21662189375000002 0.38708251875 0.21662189375000002 0.36990246875 0.21226999375000002 0.36990246875 0.21226999375000002 0.38708251875
0 0.22295775 0.3747948015625 0.21662189375000002 0.3747948015625 0.21662189375000002 0.39026822499999997 0.22295775 0.39026822499999997 0.22295775 0.3747948015625
0 0.22436571718749998 0.38708251875 0.2321735390625 0.38708251875 0.2321735390625 0.37069889375 0.22436571718749998 0.37069889375 0.22436571718749998 0.38708251875
0 0.24439725937499998 0.39493300625 0.252269078125 0.39493300625 0.252269078125 0.376501428125 0.24439725937499998 0.376501428125 0.24439725937499998 0.39493300625
0 0.23671743437499998 0.39766361093749997 0.24215730937500002 0.39766361093749997 0.24215730937500002 0.3771840796875 0.23671743437499998 0.3771840796875 0.23671743437499998 0.39766361093749997
0 0.27633252812500003 0.3790044828125 0.2706366578125 0.3790044828125 0.2706366578125 0.40665185 0.27633252812500003 0.40665185 0.27633252812500003 0.3790044828125
0 0.2802364390625 0.39652585937499996 0.28401235156250004 0.39652585937499996 0.28401235156250004 0.3770703046875 0.2802364390625 0.3770703046875 0.2802364390625 0.39652585937499996
0 0.2557992375 0.3782353625 0.2529730625 0.3782353625 0.2529730625 0.3939636421875 0.2557992375 0.3939636421875 0.2557992375 0.3782353625
0 0.25641362343749996 0.3911966296875 0.2597313078125 0.3911966296875 0.2597313078125 0.37634214374999997 0.25641362343749996 0.37634214374999997 0.25641362343749996 0.3911966296875
0 0.287047221875 0.3945798328125 0.2910919296875 0.3945798328125 0.2910919296875 0.3809268125 0.287047221875 0.3809268125 0.287047221875 0.3945798328125
0 0.3072195609375 0.39321453125 0.3016388890625 0.39321453125 0.3016388890625 0.415605484375 0.3072195609375 0.415605484375 0.3072195609375 0.39321453125
0 0.3328008578125 0.39573518124999996 0.32467304375 0.39573518124999996 0.32467304375 0.4242927484375 0.3328008578125 0.4242927484375 0.3328008578125 0.39573518124999996
0 0.311169353125 0.41507696093749996 0.31980915468750004 0.41507696093749996 0.31980915468750004 0.38003420625 0.311169353125 0.38003420625 0.311169353125 0.41507696093749996
0 0.4252291671875 0.40751468125 0.4216452484375 0.40751468125 0.4216452484375 0.4193472984375 0.4252291671875 0.4193472984375 0.4252291671875 0.40751468125
0 0.41402942343750004 0.39966419375 0.41025350937500005 0.39966419375 0.41025350937500005 0.4132034390625 0.41402942343750004 0.4132034390625 0.41402942343750004 0.39966419375
0 0.39182193125000003 0.43436562187499994 0.3953418515625 0.43436562187499994 0.3953418515625 0.4147962921875 0.39182193125000003 0.4147962921875 0.39182193125000003 0.43436562187499994
0 0.400461734375 0.403418775 0.39514985625 0.403418775 0.39514985625 0.42401208125 0.400461734375 0.42401208125 0.400461734375 0.403418775
0 0.384910090625 0.3954545125 0.37927821875 0.3954545125 0.37927821875 0.41297588906250005 0.384910090625 0.41297588906250005 0.384910090625 0.3954545125
0 0.3606546453125 0.397502465625 0.355406765625 0.397502465625 0.355406765625 0.4062631546875 0.3606546453125 0.4062631546875 0.3606546453125 0.397502465625
0 0.440599253125 0.3584632484375 0.4359913578125 0.3584632484375 0.4359913578125 0.3730264703125 0.440599253125 0.3730264703125 0.440599253125 0.3584632484375
0 0.3168260859375 0.300096584375 0.312922175 0.300096584375 0.312922175 0.3105639 0.3168260859375 0.3105639 0.3168260859375 0.300096584375
0 0.19096607031249999 0.301434359375 0.1957275609375 0.301434359375 0.1957275609375 0.2890556203125 0.19096607031249999 0.2890556203125 0.19096607031249999 0.301434359375
0 0.3829960328125 0.32495085625 0.37975207499999997 0.32495085625 0.37975207499999997 0.33252373125 0.3829960328125 0.33252373125 0.3829960328125 0.32495085625
0 0.3864038265625 0.3167371984375 0.38247175625 0.3167371984375 0.38247175625 0.3268732015625 0.3864038265625 0.3268732015625 0.3864038265625 0.3167371984375
0 0.4772528875 0.2525909703125 0.4738225671875 0.2525909703125 0.4738225671875 0.26187502500000004 0.4772528875 0.26187502500000004 0.4772528875 0.2525909703125
0 0.5722942203125 0.386093646875 0.56851830625 0.386093646875 0.56851830625 0.40088441875 0.5722942203125 0.40088441875 0.5722942203125 0.386093646875
0 0.5299911875000001 0.41271703750000005 0.5252552968749999 0.41271703750000005 0.5252552968749999 0.4322863671875 0.5299911875000001 0.4322863671875 0.5299911875000001 0.41271703750000005
0 0.5496387390625 0.4271664828125 0.5447108515625 0.4271664828125 0.5447108515625 0.44502918593749996 0.5496387390625 0.44502918593749996 0.5496387390625 0.4271664828125
0 0.55379864375 0.42637005781250004 0.550662715625 0.42637005781250004 0.550662715625 0.443663884375 0.55379864375 0.443663884375 0.55379864375 0.42637005781250004
0 0.5884919640625 0.2696757171875 0.5861096546875 0.2696757171875 0.5861096546875 0.2788023140625 0.5884919640625 0.2788023140625 0.5884919640625 0.2696757171875
