0 0.13301784218749999 0.4855180703125 0.13730520156249998 0.4855180703125 0.13730520156249998 0.47126830000000003 0.13301784218749999 0.47126830000000003 0.13301784218749999 0.4855180703125
0 0.24430275156249998 0.520314021875 0.248217296875 0.520314021875 0.248217296875 0.5060642515625 0.24430275156249998 0.5060642515625 0.24430275156249998 0.520314021875
0 0.22901738749999997 0.4924772609375 0.231627084375 0.4924772609375 0.231627084375 0.4792216609375 0.22901738749999997 0.4792216609375 0.22901738749999997 0.4924772609375
0 0.231627084375 0.4924772609375 0.23516881406249998 0.4924772609375 0.23516881406249998 0.4792216609375 0.231627084375 0.4792216609375 0.231627084375 0.4924772609375
0 0.2485901109375 0.488169190625 0.25082699218750004 0.488169190625 0.25082699218750004 0.47491358906250003 0.2485901109375 0.47491358906250003 0.2485901109375 0.488169190625
0 0.2532502828125 0.49512838124999997 0.255859978125 0.49512838124999997 0.255859978125 0.47955305 0.2532502828125 0.47955305 0.2532502828125 0.49512838124999997
0 0.2653667296875 0.4878378 0.2679764265625 0.4878378 0.2679764265625 0.47889027031250003 0.2653667296875 0.47889027031250003 0.2653667296875 0.4878378
0 0.273382225 0.47391941875 0.2789744328125 0.47391941875 0.2789744328125 0.46298354843749995 0.273382225 0.46298354843749995 0.273382225 0.47391941875
0 0.692803584375 0.7066468765625 0.6986287984375 0.7066468765625 0.6986287984375 0.685935 0.692803584375 0.685935 0.692803584375 0.7066468765625
0 0.618007821875 0.6826211 0.6224349859375 0.6826211 0.6224349859375 0.666880075 0.618007821875 0.666880075 0.618007821875 0.6826211
0 0.6184738390625 0.6581810875 0.621036934375 0.6581810875 0.621036934375 0.6391261609375001 0.6184738390625 0.6391261609375001 0.6184738390625 0.6581810875
0 0.621036934375 0.666880075 0.6252310890625 0.666880075 0.6252310890625 0.6461681984375 0.621036934375 0.6461681984375 0.621036934375 0.666880075
0 0.60845446875 0.6349837859374999 0.6117165890625 0.6349837859374999 0.6117165890625 0.616343096875 0.60845446875 0.616343096875 0.60845446875 0.6349837859374999
0 0.535056759375 0.592317321875 0.5399499390625 0.592317321875 0.5399499390625 0.5753335828125 0.535056759375 0.5753335828125 0.535056759375 0.592317321875
0 0.5655808859375 0.5861037578125 0.5676779640625 0.5861037578125 0.5676779640625 0.5724339203125 0.5655808859375 0.5724339203125 0.5655808859375 0.5861037578125
0 0.5686099984374999 0.589003421875 0.5711730921875 0.589003421875 0.5711730921875 0.5728481578125 0.5686099984374999 0.5728481578125 0.5686099984374999 0.589003421875
0 0.64806593125 0.620485471875 0.6529591124999999 0.620485471875 0.6529591124999999 0.6047444468750001 0.64806593125 0.6047444468750001 0.64806593125 0.620485471875
0 0.7917023750000001 0.741029965625 0.794535759375 0.741029965625 0.794535759375 0.72565346875 0.7917023750000001 0.72565346875 0.7917023750000001 0.741029965625
0 0.7955796375 0.7418253015625 0.7996060265625 0.7418253015625 0.7996060265625 0.7277743640625001 0.7955796375 0.7277743640625001 0.7955796375 0.7418253015625
0 0.7709739296875 0.724593021875 0.7758950703124999 0.724593021875 0.7758950703124999 0.7089514125 0.7709739296875 0.7089514125 0.7709739296875 0.724593021875
0 0.7902111203125 0.7031189484375 0.7979656453125 0.7031189484375 0.7979656453125 0.69171913125 0.7902111203125 0.69171913125 0.7902111203125 0.7031189484375
0 0.7511402375 0.6964911484375 0.7545701234375 0.6964911484375 0.7545701234375 0.676872859375 0.7511402375 0.676872859375 0.7511402375 0.6964911484375
0 0.7356311843750001 0.6930446921875 0.7408505765625 0.6930446921875 0.7408505765625 0.683500659375 0.7356311843750001 0.683500659375 0.7356311843750001 0.6930446921875
0 0.733990803125 0.6983469312499999 0.7371224390625 0.6983469312499999 0.7371224390625 0.6895982359375 0.733990803125 0.6895982359375 0.733990803125 0.6983469312499999
0 0.702376196875 0.642938521875 0.7067008359375 0.642938521875 0.7067008359375 0.615631984375 0.702376196875 0.615631984375 0.702376196875 0.642938521875
0 0.708042965625 0.63763628125 0.7146044875 0.63763628125 0.7146044875 0.6182831046875 0.708042965625 0.6182831046875 0.708042965625 0.63763628125
0 0.7120693546875 0.6519523296874999 0.71624486875 0.6519523296874999 0.71624486875 0.6397571765625 0.7120693546875 0.6397571765625 0.7120693546875 0.6519523296874999
0 0.7344381796875 0.6519523296874999 0.7418944562500001 0.6519523296874999 0.7418944562500001 0.6384316171875 0.7344381796875 0.6384316171875 0.7344381796875 0.6519523296874999
0 0.7059360890625 0.5556258281249999 0.709873003125 0.5556258281249999 0.709873003125 0.5397191078125 0.7059360890625 0.5397191078125 0.7059360890625 0.5556258281249999
0 0.66692485625 0.5195705953124999 0.6690722640625 0.5195705953124999 0.6690722640625 0.5011187984375 0.66692485625 0.5011187984375 0.66692485625 0.5195705953124999
0 0.6699073671875 0.5168134296875 0.6737249796875 0.5168134296875 0.6737249796875 0.4992099921875 0.6699073671875 0.4992099921875 0.6699073671875 0.5168134296875
0 0.6746793828125 0.5278420890625 0.680763703125 0.5278420890625 0.680763703125 0.5117232796875 0.6746793828125 0.5117232796875 0.6746793828125 0.5278420890625
0 0.70009036875 0.5566862765625 0.704385184375 0.5566862765625 0.704385184375 0.5388707484374999 0.70009036875 0.5388707484374999 0.70009036875 0.5566862765625
0 0.7523439468750001 0.5774710578125 0.7575931640625 0.5774710578125 0.7575931640625 0.5626247859375 0.7523439468750001 0.5626247859375 0.7523439468750001 0.5774710578125
0 0.857273071875 0.5383608625 0.8613740218749999 0.5383608625 0.8613740218749999 0.5201344109375 0.857273071875 0.5201344109375 0.857273071875 0.5383608625
0 0.8938088203125 0.6079527640625 0.8992146203125 0.6079527640625 0.8992146203125 0.581772953125 0.8938088203125 0.581772953125 0.8938088203125 0.6079527640625
0 0.7268652046875 0.6409857718749999 0.7316372203125 0.6409857718749999 0.7316372203125 0.6216325953124999 0.7268652046875 0.6216325953124999 0.7268652046875 0.6409857718749999
0 0.7213475609375 0.6547715968750001 0.726417828125 0.6547715968750001 0.726417828125 0.6404555484375 0.7213475609375 0.6404555484375 0.7213475609375 0.6547715968750001
0 0.7146369140625 0.6484089078124999 0.718961553125 0.6484089078124999 0.718961553125 0.6298510671875001 0.7146369140625 0.6298510671875001 0.7146369140625 0.6484089078124999
0 0.7350671078125 0.6735945484375 0.7505761609375 0.6735945484375 0.7505761609375 0.6635202921875 0.7350671078125 0.6635202921875 0.7350671078125 0.6735945484375
0 0.6678115046875 0.6905617171875 0.67198701875 0.6905617171875 0.67198701875 0.6759805578125 0.6678115046875 0.6759805578125 0.6678115046875 0.6905617171875
0 0.46518614999999996 0.5620940765625 0.469361665625 0.5620940765625 0.469361665625 0.54385436875 0.46518614999999996 0.54385436875 0.46518614999999996 0.5620940765625
0 0.47962150000000003 0.5379158609375 0.482604009375 0.5379158609375 0.482604009375 0.5228574984375001 0.47962150000000003 0.5228574984375001 0.47962150000000003 0.5379158609375
0 0.49739726093750003 0.5368554125 0.5010955734375 0.5368554125 0.5010955734375 0.527099290625 0.49739726093750003 0.527099290625 0.49739726093750003 0.5368554125
0 0.501930675 0.53812795 0.508014996875 0.53812795 0.508014996875 0.529008096875 0.501930675 0.529008096875 0.501930675 0.53812795
0 0.513741415625 0.580545871875 0.5177976296875 0.580545871875 0.5177976296875 0.5654875109375 0.513741415625 0.5654875109375 0.513741415625 0.580545871875
0 0.5177976296875 0.578637065625 0.5224503453125 0.578637065625 0.5224503453125 0.5631545234375 0.5177976296875 0.5631545234375 0.5177976296875 0.578637065625
0 0.516485325 0.5489445203125001 0.5201836375 0.5489445203125001 0.5201836375 0.5398246671875 0.516485325 0.5398246671875 0.516485325 0.5489445203125001
0 0.5216152421875 0.5529742234375 0.524836353125 0.5529742234375 0.524836353125 0.5400367562499999 0.5216152421875 0.5400367562499999 0.5216152421875 0.5529742234375
0 0.52221174375 0.5186157062500001 0.526745159375 0.5186157062500001 0.526745159375 0.509495853125 0.52221174375 0.509495853125 0.52221174375 0.5186157062500001
0 0.4846395734375 0.5098404984375 0.4892997453125 0.5098404984375 0.4892997453125 0.5003130359375 0.4846395734375 0.5003130359375 0.4846395734375 0.5098404984375
0 0.48254249531250004 0.4953421859375 0.48883372812500003 0.4953421859375 0.48883372812500003 0.4854004859375 0.48254249531250004 0.4854004859375 0.48254249531250004 0.4953421859375
0 0.4333776796875 0.5541639125 0.4366398 0.5541639125 0.4366398 0.542151025 0.4333776796875 0.542151025 0.4333776796875 0.5541639125
0 0.4280184828125 0.5835747765625 0.43314467187499994 0.5835747765625 0.43314467187499994 0.5649340890625 0.4280184828125 0.5649340890625 0.4280184828125 0.5835747765625
0 0.4117078796875 0.5665910390625 0.41730008593749995 0.5665910390625 0.41730008593749995 0.5525069625000001 0.4117078796875 0.5525069625000001 0.4117078796875 0.5665910390625
0 0.35671785 0.5156398234374999 0.361378021875 0.5156398234374999 0.361378021875 0.5007272734375 0.35671785 0.5007272734375 0.35671785 0.5156398234374999
0 0.3513586515625 0.5189537234375 0.35485378125 0.5189537234375 0.35485378125 0.5073550734375 0.3513586515625 0.5073550734375 0.3513586515625 0.5189537234375
0 0.3863099421875 0.5085977859375 0.3912031234375 0.5085977859375 0.3912031234375 0.49741337343750003 0.3863099421875 0.49741337343750003 0.3863099421875 0.5085977859375
0 0.4154360171875 0.5264099984375 0.41939716406249994 0.5264099984375 0.41939716406249994 0.5148113484375 0.4154360171875 0.5148113484375 0.4154360171875 0.5264099984375
0 0.44060094687499995 0.5338662750000001 0.4438630671875 0.5338662750000001 0.4438630671875 0.5152255859375 0.44060094687499995 0.5152255859375 0.44060094687499995 0.5338662750000001
0 0.433049521875 0.4560588671875 0.43591273125 0.4560588671875 0.43591273125 0.44460602812500005 0.433049521875 0.44460602812500005 0.433049521875 0.4560588671875
0 0.43352672343750004 0.48787230781249996 0.43603203281249997 0.48787230781249996 0.43603203281249997 0.47854036562499996 0.43352672343750004 0.47854036562499996 0.43352672343750004 0.48787230781249996
0 0.427323103125 0.48066126249999996 0.43030561250000005 0.48066126249999996 0.43030561250000005 0.4677237953125 0.427323103125 0.4677237953125 0.427323103125 0.48066126249999996
0 0.42159668281249996 0.48172170937500003 0.42481779375000006 0.48172170937500003 0.42481779375000006 0.46708752656249997 0.42159668281249996 0.46708752656249997 0.42159668281249996 0.48172170937500003
0 0.42088088125 0.5037790281250001 0.4241019921875 0.5037790281250001 0.4241019921875 0.49020529375 0.42088088125 0.49020529375 0.42088088125 0.5037790281250001
0 0.43961104375 0.48490305312500004 0.4472462703125 0.48490305312500004 0.4472462703125 0.4768436484375 0.43961104375 0.4768436484375 0.43961104375 0.48490305312500004
0 0.46132371875 0.5061120140625001 0.467885240625 0.5061120140625001 0.467885240625 0.4950833546875 0.46132371875 0.4950833546875 0.46132371875 0.5061120140625001
0 0.4427128546875 0.51777694375 0.4462918671875 0.51777694375 0.4462918671875 0.5037790281250001 0.4427128546875 0.5037790281250001 0.4427128546875 0.51777694375
0 0.45404639375 0.49317454843749997 0.4581026078125 0.49317454843749997 0.4581026078125 0.48702395000000004 0.45404639375 0.48702395000000004 0.45404639375 0.49317454843749997
0 0.45297269062499995 0.5258363484374999 0.4608465171875 0.5258363484374999 0.4608465171875 0.51777694375 0.45297269062499995 0.51777694375 0.45297269062499995 0.5258363484374999
0 0.4251756953125 0.5101417171875 0.43519692968749996 0.5101417171875 0.43519692968749996 0.4940229078125 0.4251756953125 0.4940229078125 0.4251756953125 0.5101417171875
0 0.49067161718749996 0.47069305000000006 0.4940120296875 0.47069305000000006 0.4940120296875 0.46390618281249996 0.49067161718749996 0.46390618281249996 0.49067161718749996 0.47069305000000006
0 0.526581040625 0.4969921609375 0.5326653609374999 0.4969921609375 0.5326653609374999 0.48787230781249996 0.526581040625 0.48787230781249996 0.526581040625 0.4969921609375
0 0.36288771875000003 0.466713884375 0.36676498281250003 0.466713884375 0.36676498281250003 0.4537233953125 0.36288771875000003 0.4537233953125 0.36288771875000003 0.466713884375
0 0.3531945609375 0.5007272734375 0.35671785 0.5007272734375 0.35671785 0.4860670609375 0.3531945609375 0.4860670609375 0.3531945609375 0.5007272734375
0 0.363782471875 0.49322508593750003 0.37123874687499997 0.49322508593750003 0.37123874687499997 0.48474150156249995 0.363782471875 0.48474150156249995 0.363782471875 0.49322508593750003
0 0.3265010953125 0.47413702031250005 0.3339573703125 0.47413702031250005 0.3339573703125 0.4648581 0.3265010953125 0.4648581 0.3265010953125 0.47413702031250005
0 0.2944391109375 0.4675092203125 0.30040413125 0.4675092203125 0.30040413125 0.4624720921875 0.2944391109375 0.4624720921875 0.2944391109375 0.4675092203125
0 0.30353576718749997 0.4762579171875 0.3060709015625 0.4762579171875 0.3060709015625 0.4675092203125 0.30353576718749997 0.4675092203125 0.30353576718749997 0.4762579171875
0 0.30786040625 0.47572769218750005 0.3147201796875 0.47572769218750005 0.3147201796875 0.46883478125 0.30786040625 0.46883478125 0.30786040625 0.47572769218750005
0 0.33410649531250003 0.4895135171875 0.34171189687500003 0.4895135171875 0.34171189687500003 0.48129504531249995 0.33410649531250003 0.48129504531249995 0.33410649531250003 0.4895135171875
0 0.3282906015625 0.4879228453125 0.332316990625 0.4879228453125 0.332316990625 0.48288571718749995 0.3282906015625 0.48288571718749995 0.3282906015625 0.4879228453125
0 0.35200155624999996 0.4722812375 0.3561770703125 0.4722812375 0.3561770703125 0.46167675625 0.35200155624999996 0.46167675625 0.35200155624999996 0.4722812375
0 0.3578174515625 0.4722812375 0.3622912171875 0.4722812375 0.3622912171875 0.46035119687500003 0.3578174515625 0.46035119687500003 0.3578174515625 0.4722812375
0 0.387493428125 0.49741337343750003 0.396888334375 0.49741337343750003 0.396888334375 0.4913693015625 0.387493428125 0.4913693015625 0.387493428125 0.49741337343750003
0 0.3919671921875 0.466978996875 0.40151122499999997 0.466978996875 0.40151122499999997 0.460086084375 0.3919671921875 0.460086084375 0.3919671921875 0.466978996875
0 0.265743059375 0.46254475 0.27337388749999997 0.46254475 0.27337388749999997 0.4484784515625 0.265743059375 0.4484784515625 0.265743059375 0.46254475
0 0.287290765625 0.4582637015625 0.295015415625 0.4582637015625 0.295015415625 0.45148074375 0.287290765625 0.45148074375 0.287290765625 0.4582637015625
0 0.17222863125 0.547263940625 0.1755093921875 0.547263940625 0.1755093921875 0.5398408046875 0.17222863125 0.5398408046875 0.17222863125 0.547263940625
0 0.4935293734375 0.6399098624999999 0.49800313906250004 0.6399098624999999 0.49800313906250004 0.6319565015624999 0.4935293734375 0.6319565015624999 0.4935293734375 0.6399098624999999
0 0.4887573578125 0.63699363125 0.49173986718749996 0.63699363125 0.49173986718749996 0.63036583125 0.4887573578125 0.63036583125 0.4887573578125 0.63699363125
0 0.4098699640625 0.58874324375 0.41240509843749995 0.58874324375 0.41240509843749995 0.580524771875 0.4098699640625 0.580524771875 0.4098699640625 0.58874324375
0 0.37734301875 0.5927436937499999 0.38088475 0.5927436937499999 0.38088475 0.5884356234375 0.37734301875 0.5884356234375 0.37734301875 0.5927436937499999
0 0.367277046875 0.58611589375 0.36988674375 0.58611589375 0.36988674375 0.58280199375 0.367277046875 0.58280199375 0.367277046875 0.58611589375
0 0.367277046875 0.595063425 0.3710051859375 0.595063425 0.3710051859375 0.5904239640625 0.367277046875 0.5904239640625 0.367277046875 0.595063425
0 0.335587878125 0.56291859375 0.339316015625 0.56291859375 0.339316015625 0.55794774375 0.335587878125 0.55794774375 0.335587878125 0.56291859375
0 0.6076567109375001 0.56770715625 0.617296184375 0.56770715625 0.617296184375 0.5532850625 0.6076567109375001 0.5532850625 0.6076567109375001 0.56770715625
0 0.5666173718749999 0.5492129421875 0.5702441046875 0.5492129421875 0.5702441046875 0.5395416562500001 0.5666173718749999 0.5395416562500001 0.5666173718749999 0.5492129421875
0 0.56060463125 0.54785556875 0.5666173718749999 0.54785556875 0.5666173718749999 0.5383539546875 0.56060463125 0.5383539546875 0.56060463125 0.54785556875
0 0.5977309171875 0.5500613015625 0.603552778125 0.5500613015625 0.603552778125 0.542256403125 0.5977309171875 0.542256403125 0.5977309171875 0.5500613015625
0 0.5493426734375 0.5247802187499999 0.553923809375 0.5247802187499999 0.553923809375 0.5147695890625 0.5493426734375 0.5147695890625 0.5493426734375 0.5247802187499999
0 0.542948171875 0.5247802187499999 0.5481973890625 0.5247802187499999 0.5481973890625 0.516635978125 0.542948171875 0.516635978125 0.542948171875 0.5247802187499999
0 0.6380043468750001 0.595016078125 0.646355375 0.595016078125 0.646355375 0.5846236874999999 0.6380043468750001 0.5846236874999999 0.6380043468750001 0.595016078125
0 0.6265515078125 0.5825027921875 0.6320393265625001 0.5825027921875 0.6320393265625001 0.5682927875 0.6265515078125 0.5682927875 0.6265515078125 0.5825027921875
0 0.6170074765625 0.5818665234375 0.6245234015625 0.5818665234375 0.6245234015625 0.5714741328125 0.6170074765625 0.5714741328125 0.6170074765625 0.5818665234375
0 0.658166115625 0.6221635484375 0.6622223296875 0.6221635484375 0.6622223296875 0.6026513046875001 0.658166115625 0.6026513046875001 0.658166115625 0.6221635484375
0 0.6622223296875 0.61664921875 0.6656820406249999 0.61664921875 0.6656820406249999 0.5962886171874999 0.6622223296875 0.5962886171874999 0.6622223296875 0.61664921875
0 0.6733172671875 0.5977732437500001 0.6768962796875 0.5977732437500001 0.6768962796875 0.5803818953125 0.6733172671875 0.5803818953125 0.6733172671875 0.5977732437500001
0 0.667232946875 0.5969248859375 0.6706926578125 0.5969248859375 0.6706926578125 0.579321446875 0.667232946875 0.579321446875 0.667232946875 0.5969248859375
0 0.6790436875 0.6187701140625 0.6817875953125 0.6187701140625 0.6817875953125 0.6098623515625 0.6790436875 0.6098623515625 0.6790436875 0.6187701140625
0 0.683696403125 0.6073172765625 0.682145496875 0.6073172765625 0.682145496875 0.6143162328125 0.683696403125 0.6143162328125 0.683696403125 0.6073172765625
0 0.6661592421875 0.57020159375 0.6770155796874999 0.57020159375 0.6770155796874999 0.55874875625 0.6661592421875 0.55874875625 0.6661592421875 0.57020159375
0 0.6346413421875 0.5558160359375 0.6438036140625 0.5558160359375 0.6438036140625 0.5440068859375 0.6346413421875 0.5440068859375 0.6346413421875 0.5558160359375
0 0.6176911406250001 0.5305688875000001 0.626548003125 0.5305688875000001 0.626548003125 0.5229675968749999 0.6176911406250001 0.5229675968749999 0.6176911406250001 0.5305688875000001
0 0.72121380625 0.5761253484375 0.7123569437499999 0.5761253484375 0.7123569437499999 0.5820977921875 0.72121380625 0.5820977921875 0.72121380625 0.5761253484375
0 0.709974753125 0.577754196875 0.719137025 0.577754196875 0.719137025 0.5698271359375 0.709974753125 0.5698271359375 0.709974753125 0.577754196875
0 0.7638658359375 0.67831239375 0.7559862828125 0.67831239375 0.7559862828125 0.70057331875 0.7638658359375 0.70057331875 0.7638658359375 0.67831239375
0 0.7173510296875001 0.7516229484375 0.720596 0.7516229484375 0.720596 0.741272975 0.7173510296875001 0.741272975 0.7173510296875001 0.7516229484375
0 0.8654664421874999 0.5057399359375 0.8692840546875 0.5057399359375 0.8692840546875 0.4934387375 0.8654664421874999 0.4934387375 0.8654664421874999 0.5057399359375
0 0.9155240265625 0.48851601718750004 0.921250446875 0.48851601718750004 0.921250446875 0.47884473125 0.9155240265625 0.47884473125 0.9155240265625 0.48851601718750004
0 0.9344212109375001 0.5272011625 0.9369981 0.5272011625 0.9369981 0.5170208609375 0.9344212109375001 0.5170208609375 0.9344212109375001 0.5272011625
0 0.22516077656250003 0.230010421875 0.2295586671875 0.230010421875 0.2295586671875 0.2119845015625 0.22516077656250003 0.2119845015625 0.22516077656250003 0.230010421875
0 0.71794780625 0.853330646875 0.9085188078125 0.853330646875 0.9085188078125 0.7926513234375 0.71794780625 0.7926513234375 0.71794780625 0.853330646875
0 0.42524770468749995 0.45808878281250004 0.4283495140625 0.45808878281250004 0.4283495140625 0.45151400468749997 0.42524770468749995 0.45151400468749997 0.42524770468749995 0.45808878281250004
