0 0.4597966109375 0.140625 0.46091758125000004 0.044288996875 0.4322066390625 0.04445603125 0.43125 0.1266694203125 0.43125 0.140625 0.4597966109375 0.140625
0 0.9854425609374999 0.20409732187500002 0.991598534375 0.20409732187500002 0.991598534375 0.1796112 0.9854425609374999 0.1796112 0.9854425609374999 0.20409732187500002
0 0.978228528125 0.195706971875 0.9828455093749999 0.195706971875 0.9828455093749999 0.175501640625 0.978228528125 0.175501640625 0.978228528125 0.195706971875
0 0.982653134375 0.1320088109375 0.9870777421875001 0.1320088109375 0.9870777421875001 0.1169404296875 0.982653134375 0.1169404296875 0.982653134375 0.1320088109375
0 0.9942569062499999 0.09648689218749999 0.997719640625 0.09648689218749999 0.997719640625 0.0819664515625 0.9942569062499999 0.0819664515625 0.9942569062499999 0.09648689218749999
0 0.98905266875 0.094191603125 0.9927462531250001 0.094191603125 0.9927462531250001 0.0835615453125 0.98905266875 0.0835615453125 0.98905266875 0.094191603125
0 0.9851128453125 0.11062983906249999 0.9888064296875001 0.11062983906249999 0.9888064296875001 0.09824636875000001 0.9851128453125 0.09824636875000001 0.9851128453125 0.11062983906249999
0 0.9842881718750001 0.2672079328125 0.9925542515625001 0.2672079328125 0.9925542515625001 0.25088741875 0.9842881718750001 0.25088741875 0.9842881718750001 0.2672079328125
0 0.96970174375 0.2560535265625 0.9760891671875 0.2560535265625 0.9760891671875 0.23130520781250002 0.96970174375 0.23130520781250002 0.96970174375 0.2560535265625
0 0.9687624171875001 0.19418272812499998 0.9743983796875 0.19418272812499998 0.9743983796875 0.174450959375 0.9687624171875001 0.174450959375 0.9687624171875001 0.19418272812499998
0 0.9648172421875 0.18515293593749999 0.9687624171875001 0.18515293593749999 0.9687624171875001 0.1674277890625 0.9648172421875 0.1674277890625 0.9648172421875 0.18515293593749999
0 0.9597448765625 0.18715955625 0.9638779156249999 0.18715955625 0.9638779156249999 0.16508673125 0.9597448765625 0.16508673125 0.9597448765625 0.18715955625
0 0.9594296531250001 0.1363615359375 0.9625815109375001 0.1363615359375 0.9625815109375001 0.12180821875 0.9594296531250001 0.12180821875 0.9594296531250001 0.1363615359375
0 0.9557853156250001 0.1359231828125 0.9585924406250002 0.1359231828125 0.9585924406250002 0.1200548078125 0.9557853156250001 0.1200548078125 0.9557853156250001 0.1359231828125
0 0.9738824812499999 0.10389612968749999 0.9762463765625 0.10389612968749999 0.9762463765625 0.0937964765625 0.9738824812499999 0.0937964765625 0.9738824812499999 0.10389612968749999
0 0.9653724640625001 0.106491178125 0.9680909421875 0.106491178125 0.9680909421875 0.0956901625 0.9653724640625001 0.0956901625 0.9653724640625001 0.106491178125
0 0.9575471953125 0.1045699921875 0.9608714234375 0.1045699921875 0.9608714234375 0.0939399328125 0.9575471953125 0.0939399328125 0.9575471953125 0.1045699921875
0 0.9477935640624999 0.1705547921875 0.9518811296875 0.1705547921875 0.9518811296875 0.1532836859375 0.9477935640624999 0.1532836859375 0.9477935640624999 0.1705547921875
0 0.942327059375 0.17125615624999999 0.9474980765625001 0.17125615624999999 0.9474980765625001 0.1527576625 0.942327059375 0.1527576625 0.942327059375 0.17125615624999999
0 0.9435729296875 0.26246289375 0.949959753125 0.26246289375 0.949959753125 0.2439698796875 0.9435729296875 0.2439698796875 0.9435729296875 0.26246289375
0 0.9425725828125 0.2457506890625 0.9488055078125001 0.2457506890625 0.9488055078125001 0.22410701249999998 0.9425725828125 0.22410701249999998 0.9425725828125 0.2457506890625
0 0.9334735859375 0.245186159375 0.9388600624999999 0.245186159375 0.9388600624999999 0.2221726296875 0.9334735859375 0.2221726296875 0.9334735859375 0.245186159375
0 0.9286257562500001 0.218063071875 0.9331657859375 0.218063071875 0.9331657859375 0.1968303515625 0.9286257562500001 0.1968303515625 0.9286257562500001 0.218063071875
0 0.9370840890625001 0.2125439328125 0.9421566109375 0.2125439328125 0.9421566109375 0.19667555781249998 0.9370840890625001 0.19667555781249998 0.9370840890625001 0.2125439328125
0 0.9360006375000001 0.23060407500000002 0.9425725828125 0.23060407500000002 0.9425725828125 0.20824807500000003 0.9360006375000001 0.20824807500000003 0.9360006375000001 0.23060407500000002
0 0.9693289593750001 0.3876544859375 0.9777164734374999 0.3876544859375 0.9777164734374999 0.3524492671875 0.9693289593750001 0.3524492671875 0.9693289593750001 0.3876544859375
0 0.9563244640625002 0.3445041203125 0.963403834375 0.3445041203125 0.963403834375 0.3139564 0.9563244640625002 0.3139564 0.9563244640625002 0.3445041203125
0 0.965558425 0.31779198750000004 0.9617878906249999 0.31779198750000004 0.9617878906249999 0.34368220781250003 0.965558425 0.34368220781250003 0.965558425 0.31779198750000004
0 0.9486294953125001 0.3353261046875 0.95509326875 0.3353261046875 0.95509326875 0.301764709375 0.9486294953125001 0.301764709375 0.9486294953125001 0.3353261046875
0 0.9416731546874999 0.337374678125 0.949675921875 0.337374678125 0.949675921875 0.3081968109375 0.9416731546874999 0.3081968109375 0.9416731546874999 0.337374678125
0 0.9576940656249999 0.3900881734375 0.9657737812499999 0.3900881734375 0.9657737812499999 0.3557048640625 0.9576940656249999 0.3557048640625 0.9576940656249999 0.3900881734375
0 0.868089703125 0.43744149062500004 0.8773477109375001 0.43744149062500004 0.8773477109375001 0.3965599421875 0.868089703125 0.3965599421875 0.868089703125 0.43744149062500004
0 0.90355869375 0.3879983609375 0.9147404437500001 0.3879983609375 0.9147404437500001 0.36616633125 0.90355869375 0.36616633125 0.90355869375 0.3879983609375
0 0.9017886265625 0.3632019828125 0.9078484124999999 0.3632019828125 0.9078484124999999 0.33666108281249996 0.9017886265625 0.33666108281249996 0.9017886265625 0.3632019828125
0 0.9142207203125 0.342801121875 0.9215309390625 0.342801121875 0.9215309390625 0.3099246515625 0.9142207203125 0.3099246515625 0.9142207203125 0.342801121875
0 0.9101808609375001 0.3350957 0.9154711515624999 0.3350957 0.9154711515624999 0.30650001875 0.9101808609375001 0.30650001875 0.9101808609375001 0.3350957
0 0.8936366812500001 0.3511914703125 0.9032553906250002 0.3511914703125 0.9032553906250002 0.319684853125 0.8936366812500001 0.319684853125 0.8936366812500001 0.3511914703125
0 0.9278111859374999 0.296306721875 0.9329091015625 0.296306721875 0.9329091015625 0.26822473593749996 0.9278111859374999 0.26822473593749996 0.9278111859374999 0.296306721875
0 0.903668225 0.28551912968750004 0.9113631921875001 0.28551912968750004 0.9113631921875001 0.2591494609375 0.903668225 0.2591494609375 0.903668225 0.28551912968750004
0 0.8944342640624999 0.2867177515625 0.9013597343749999 0.2867177515625 0.9013597343749999 0.26120424062500003 0.8944342640624999 0.26120424062500003 0.8944342640624999 0.2867177515625
0 0.8905867796875 0.28243696093750004 0.897223690625 0.28243696093750004 0.897223690625 0.26531380000000004 0.8905867796875 0.26531380000000004 0.8905867796875 0.28243696093750004
0 0.9022777203124999 0.2428274234375 0.9097418390625001 0.2428274234375 0.9097418390625001 0.21803308437500002 0.9022777203124999 0.21803308437500002 0.9022777203124999 0.2428274234375
0 0.8852718421875 0.237895953125 0.8926590109374999 0.237895953125 0.8926590109374999 0.2154303640625 0.8852718421875 0.2154303640625 0.8852718421875 0.237895953125
0 0.8522410203125 0.347159434375 0.8607776265625 0.347159434375 0.8607776265625 0.3124850328125 0.8522410203125 0.3124850328125 0.8522410203125 0.347159434375
0 0.8189168078125 0.3895020328125 0.8294372703124999 0.3895020328125 0.8294372703124999 0.35284776406249996 0.8189168078125 0.35284776406249996 0.8189168078125 0.3895020328125
0 0.8047893281249999 0.3868265390625 0.8150092062500001 0.3868265390625 0.8150092062500001 0.352045115625 0.8047893281249999 0.352045115625 0.8047893281249999 0.3868265390625
0 0.7923789375 0.35483967031249997 0.7997132046875001 0.35483967031249997 0.7997132046875001 0.3218775828125 0.7923789375 0.3218775828125 0.7923789375 0.35483967031249997
0 0.8565119640625 0.23412834062500001 0.8615617859375 0.23412834062500001 0.8615617859375 0.21572094218750001 0.8565119640625 0.21572094218750001 0.8565119640625 0.23412834062500001
0 0.8420839000000001 0.2660202296875 0.8519430765625 0.2660202296875 0.8519430765625 0.24119164531249998 0.8420839000000001 0.24119164531249998 0.8420839000000001 0.2660202296875
0 0.8324844468749999 0.21149576875 0.8397946656249999 0.21149576875 0.8397946656249999 0.1902630484375 0.8324844468749999 0.1902630484375 0.8324844468749999 0.21149576875
0 0.8256551625 0.2602967796875 0.8318111359374999 0.2602967796875 0.8318111359374999 0.23598189062500002 0.8256551625 0.23598189062500002 0.8256551625 0.2602967796875
0 0.8398908515624999 0.233927109375 0.8314263875 0.233927109375 0.8314263875 0.259611853125 0.8398908515624999 0.259611853125 0.8398908515624999 0.233927109375
0 0.776053659375 0.3466517578125 0.785792603125 0.3466517578125 0.785792603125 0.3154019890625 0.776053659375 0.3154019890625 0.776053659375 0.3466517578125
0 0.7921868234375 0.452112571875 0.8028951531249999 0.452112571875 0.8028951531249999 0.41499009375 0.7921868234375 0.41499009375 0.7921868234375 0.452112571875
0 0.75893464375 0.4638178578125 0.7717094921875 0.4638178578125 0.7717094921875 0.41967220781250003 0.75893464375 0.41967220781250003 0.75893464375 0.4638178578125
0 0.740045496875 0.43974818125 0.750716253125 0.43974818125 0.750716253125 0.40657205625000004 0.740045496875 0.40657205625000004 0.740045496875 0.43974818125
0 0.7391437421875 0.3565403171875 0.7514677140625 0.3565403171875 0.7514677140625 0.32282909375 0.7391437421875 0.32282909375 0.7391437421875 0.3565403171875
0 0.7636413921875 0.346908540625 0.7735606875000001 0.346908540625 0.7735606875000001 0.3150701609375 0.7636413921875 0.3150701609375 0.7636413921875 0.346908540625
0 0.7601846703125 0.33513636562500004 0.767999871875 0.33513636562500004 0.767999871875 0.3006224921875 0.7601846703125 0.3006224921875 0.7601846703125 0.33513636562500004
0 0.718703984375 0.32818008125000003 0.7317794171875001 0.32818008125000003 0.7317794171875001 0.29767945 0.718703984375 0.29767945 0.718703984375 0.32818008125000003
0 0.7089349828125 0.3164079078125 0.718703984375 0.3164079078125 0.718703984375 0.2816264859375 0.7089349828125 0.2816264859375 0.7089349828125 0.3164079078125
0 0.6937554578125 0.3177456546875 0.705478259375 0.3177456546875 0.705478259375 0.2834993328125 0.6937554578125 0.2834993328125 0.6937554578125 0.3177456546875
0 0.9149087156250001 0.1474554328125 0.9193573671875 0.1474554328125 0.9193573671875 0.133328825 0.9149087156250001 0.133328825 0.9149087156250001 0.1474554328125
0 0.9008413515625 0.13397094375000002 0.9055304734374999 0.13397094375000002 0.9055304734374999 0.118346059375 0.9008413515625 0.118346059375 0.9008413515625 0.13397094375000002
0 0.894709425 0.11021255625 0.8987973765625 0.11021255625 0.8987973765625 0.09822634375 0.894709425 0.09822634375 0.894709425 0.11021255625
0 0.8830467390625 0.112352953125 0.887134690625 0.112352953125 0.887134690625 0.0920191984375 0.8830467390625 0.0920191984375 0.8830467390625 0.112352953125
0 0.8682579734375 0.1142793078125 0.8730673281249999 0.1142793078125 0.8730673281249999 0.10186501562500001 0.8682579734375 0.10186501562500001 0.8682579734375 0.1142793078125
0 0.8594809015625 0.142960603125 0.867055634375 0.142960603125 0.867055634375 0.12412512499999999 0.8594809015625 0.12412512499999999 0.8594809015625 0.142960603125
0 0.8725863921875 0.19582836406249998 0.8793194890624999 0.19582836406249998 0.8793194890624999 0.1742103734375 0.8725863921875 0.1742103734375 0.8725863921875 0.19582836406249998
0 0.9180347953125001 0.1003667390625 0.9238060203125 0.1003667390625 0.9238060203125 0.08538397343750001 0.9180347953125001 0.08538397343750001 0.9180347953125001 0.1003667390625
0 0.8897561765625 0.17975381562499998 0.8963930874999999 0.17975381562499998 0.8963930874999999 0.1628018859375 0.8897561765625 0.1628018859375 0.8897561765625 0.17975381562499998
0 0.8881209968749999 0.2174247703125 0.8957197765625 0.2174247703125 0.8957197765625 0.194650965625 0.8881209968749999 0.194650965625 0.8881209968749999 0.2174247703125
0 0.89764351875 0.1980755984375 0.89764351875 0.1792401203125 0.8886019328125 0.1792401203125 0.8886019328125 0.1811236671875 0.8886019328125 0.1980755984375 0.89764351875 0.1980755984375
0 0.8381413484374999 0.1838118265625 0.845655965625 0.1838118265625 0.845655965625 0.16481581875 0.8381413484374999 0.16481581875 0.8381413484374999 0.1838118265625
0 0.8175888718750001 0.12994660625 0.8236005656250001 0.12994660625 0.8236005656250001 0.112020796875 0.8175888718750001 0.112020796875 0.8175888718750001 0.12994660625
0 0.8122506375 0.2628078390625 0.8216288796875 0.2628078390625 0.8216288796875 0.2362669390625 0.8122506375 0.2362669390625 0.8122506375 0.2628078390625
0 0.7614781296875 0.1993183671875 0.7695337984374999 0.1993183671875 0.7695337984374999 0.17663017812499998 0.7614781296875 0.17663017812499998 0.7614781296875 0.1993183671875
0 0.7376417640625 0.23081695781249997 0.746208428125 0.23081695781249997 0.746208428125 0.2067375125 0.7376417640625 0.2067375125 0.7376417640625 0.23081695781249997
0 0.719396275 0.274660278125 0.7257686703124999 0.274660278125 0.7257686703124999 0.24640706093750003 0.719396275 0.24640706093750003 0.719396275 0.274660278125
0 0.7103550640625 0.2465605015625 0.7177614703125 0.2465605015625 0.7177614703125 0.235772909375 0.7103550640625 0.235772909375 0.7103550640625 0.2465605015625
0 0.716030103125 0.2278962546875 0.7212242062499999 0.2278962546875 0.7212242062499999 0.2136840296875 0.716030103125 0.2136840296875 0.716030103125 0.2278962546875
0 0.7047762125 0.23080719218749998 0.7124711796875 0.23080719218749998 0.7124711796875 0.20786215624999999 0.7047762125 0.20786215624999999 0.7047762125 0.23080719218749998
0 0.7879259703124999 0.25405884218749997 0.7980256156250001 0.25405884218749997 0.7980256156250001 0.22730390156250002 0.7879259703124999 0.22730390156250002 0.7879259703124999 0.25405884218749997
0 0.7218279484375 0.45393702031250005 0.7309657234375 0.45393702031250005 0.7309657234375 0.4130126640625 0.7218279484375 0.4130126640625 0.7218279484375 0.45393702031250005
0 0.7258678062499999 0.4356152375 0.7356788906249999 0.4356152375 0.7356788906249999 0.40136891406249997 0.7258678062499999 0.40136891406249997 0.7258678062499999 0.4356152375
0 0.71115118125 0.4330467640625 0.7201927687499999 0.4330467640625 0.7201927687499999 0.40770448437500006 0.71115118125 0.40770448437500006 0.71115118125 0.4330467640625
0 0.6675432265625 0.40320027343750003 0.6771619359375001 0.40320027343750003 0.6771619359375001 0.3673486546875 0.6675432265625 0.3673486546875 0.6675432265625 0.40320027343750003
0 0.6559707171875 0.4160426453125 0.6672426421875001 0.4160426453125 0.6672426421875001 0.38313406875 0.6559707171875 0.38313406875 0.6559707171875 0.4160426453125
0 0.659427440625 0.37055924687499997 0.6675432265625 0.37055924687499997 0.6675432265625 0.33738312187499997 0.659427440625 0.33738312187499997 0.659427440625 0.37055924687499997
0 0.67202603125 0.3156136765625 0.6788553140625 0.3156136765625 0.6788553140625 0.2871892265625 0.67202603125 0.2871892265625 0.67202603125 0.3156136765625
0 0.6766430109374999 0.3099630328125 0.6839532296874999 0.3099630328125 0.6839532296874999 0.2853056796875 0.6766430109374999 0.2853056796875 0.6766430109374999 0.3099630328125
0 0.6833761078125 0.2983192828125 0.6766430109374999 0.2983192828125 0.6766430109374999 0.3245177203125 0.6833761078125 0.3245177203125 0.6833761078125 0.2983192828125
0 0.65250005 0.32554510937500003 0.6608683281250001 0.32554510937500003 0.6608683281250001 0.295922040625 0.65250005 0.295922040625 0.65250005 0.32554510937500003
0 0.59074923125 0.4450372640625 0.604275540625 0.4450372640625 0.604275540625 0.4112591515625 0.59074923125 0.4112591515625 0.59074923125 0.4450372640625
0 0.613480946875 0.3490539171875 0.621934890625 0.3490539171875 0.621934890625 0.31661355156250004 0.613480946875 0.31661355156250004 0.613480946875 0.3490539171875
0 0.6044634078125 0.3627658234375 0.6127294859375001 0.3627658234375 0.6127294859375001 0.3316632046875 0.6044634078125 0.3316632046875 0.6044634078125 0.3627658234375
0 0.581543825 0.4055737265625 0.5896220390625 0.4055737265625 0.5896220390625 0.3748055453125 0.581543825 0.3748055453125 0.581543825 0.4055737265625
0 0.576471459375 0.4296531734375 0.58511326875 0.4296531734375 0.58511326875 0.3935340046875 0.576471459375 0.3935340046875 0.576471459375 0.4296531734375
0 0.573277746875 0.426977678125 0.57947730625 0.426977678125 0.57947730625 0.399553865625 0.573277746875 0.399553865625 0.573277746875 0.426977678125
0 0.55941093125 0.47193851875000004 0.57143431875 0.47193851875000004 0.57143431875 0.4257862484375 0.55941093125 0.4257862484375 0.55941093125 0.47193851875000004
0 0.5954810921875 0.362243265625 0.6029957078125 0.362243265625 0.6029957078125 0.32746184375 0.5954810921875 0.32746184375 0.5954810921875 0.362243265625
0 0.590220859375 0.376289609375 0.5986748046875 0.376289609375 0.5986748046875 0.34685917499999996 0.590220859375 0.34685917499999996 0.590220859375 0.376289609375
0 0.5823977234375001 0.3862032515625 0.5909583749999999 0.3862032515625 0.5909583749999999 0.3478473703125 0.5823977234375001 0.3478473703125 0.5823977234375001 0.3862032515625
0 0.557303975 0.4890625 0.557303975 0.4614888546875 0.5448297109375 0.4614888546875 0.5448297109375 0.4890625 0.557303975 0.4890625
0 0.541673571875 0.4890625 0.541673571875 0.45506766875000004 0.5282975546875 0.45506766875000004 0.5282975546875 0.457208065625 0.5282975546875 0.4890625 0.541673571875 0.4890625
0 0.6389845375000001 0.3312502984375 0.6453569328125 0.3312502984375 0.6453569328125 0.3049234375 0.6389845375000001 0.3049234375 0.6389845375000001 0.3312502984375
0 0.6261195140625 0.310488465625 0.6326121437500001 0.310488465625 0.6326121437500001 0.28309140625 0.6261195140625 0.28309140625 0.6261195140625 0.310488465625
0 0.613855659375 0.31661355156250004 0.621934890625 0.31661355156250004 0.621934890625 0.2875862359375 0.613855659375 0.2875862359375 0.613855659375 0.31661355156250004
0 0.5662206921874999 0.4183076703125 0.576471459375 0.4183076703125 0.576471459375 0.375670996875 0.5662206921874999 0.375670996875 0.5662206921874999 0.4183076703125
0 0.50720613125 0.25793101875 0.5134852249999999 0.25793101875 0.5134852249999999 0.23064355 0.50720613125 0.23064355 0.50720613125 0.25793101875
0 0.499738165625 0.2587323828125 0.50577101875 0.2587323828125 0.50577101875 0.2325407953125 0.499738165625 0.2325407953125 0.499738165625 0.2587323828125
0 0.5240686703125 0.2457768890625 0.53041701875 0.2457768890625 0.53041701875 0.2235167796875 0.5240686703125 0.2235167796875 0.5240686703125 0.2457768890625
0 0.5391700453125 0.2267701796875 0.5465764515625 0.2267701796875 0.5465764515625 0.20125666875 0.5391700453125 0.20125666875 0.5391700453125 0.2267701796875
0 0.526015496875 0.22908523125000002 0.53294096875 0.22908523125000002 0.53294096875 0.20840045156250003 0.526015496875 0.20840045156250003 0.526015496875 0.22908523125000002
0 0.5317097734375 0.24703030468749998 0.53871219375 0.24703030468749998 0.53871219375 0.2212770703125 0.5317097734375 0.2212770703125 0.5317097734375 0.24703030468749998
0 0.5492543 0.2210030984375 0.557334015625 0.2210030984375 0.557334015625 0.1970306734375 0.5492543 0.1970306734375 0.5492543 0.2210030984375
0 0.5745707421875 0.1985375109375 0.5807267171875 0.1985375109375 0.5807267171875 0.1782636875 0.5745707421875 0.1782636875 0.5745707421875 0.1985375109375
0 0.5610276 0.224864371875 0.5667218765625 0.224864371875 0.5667218765625 0.20541245937500002 0.5610276 0.20541245937500002 0.5610276 0.224864371875
0 0.5910276875 0.1835014796875 0.5960017140625 0.1835014796875 0.5960017140625 0.16263587968749998 0.5910276875 0.16263587968749998 0.5910276875 0.1835014796875
0 0.598907334375 0.16263587968749998 0.5950167578125 0.16263587968749998 0.5950167578125 0.18183573749999998 0.598907334375 0.18183573749999998 0.598907334375 0.16263587968749998
0 0.62614121875 0.1798609234375 0.630672015625 0.1798609234375 0.630672015625 0.1598720296875 0.62614121875 0.1598720296875 0.62614121875 0.1798609234375
0 0.625648740625 0.161274759375 0.62894834375 0.161274759375 0.62894834375 0.1464584296875 0.625648740625 0.1464584296875 0.625648740625 0.161274759375
0 0.6294408203125 0.161011746875 0.6327896703125 0.161011746875 0.6327896703125 0.1435653 0.6294408203125 0.1435653 0.6294408203125 0.161011746875
0 0.671289575 0.13591220937499998 0.674717221875 0.13591220937499998 0.674717221875 0.1221654609375 0.671289575 0.1221654609375 0.671289575 0.13591220937499998
0 0.6751506015625 0.13843712187499999 0.679090425 0.13843712187499999 0.679090425 0.125602146875 0.6751506015625 0.125602146875 0.6751506015625 0.13843712187499999
0 0.6811785312499999 0.1319144296875 0.6849607625 0.1319144296875 0.6849607625 0.11620386093749999 0.6811785312499999 0.11620386093749999 0.6811785312499999 0.1319144296875
0 0.68594571875 0.1314936109375 0.689609753125 0.1314936109375 0.689609753125 0.1152920875 0.68594571875 0.1152920875 0.68594571875 0.1314936109375
0 0.6860259187500001 0.113610384375 0.6896505562499999 0.113610384375 0.6896505562499999 0.10070527343749999 0.6860259187500001 0.10070527343749999 0.6860259187500001 0.113610384375
0 0.6915810703125 0.11389092812499998 0.6958360796875 0.11389092812499998 0.6958360796875 0.098881725 0.6915810703125 0.098881725 0.6915810703125 0.11389092812499998
0 0.6696756515625 0.12749740468749998 0.6725517234374999 0.12749740468749998 0.6725517234374999 0.11269860937500001 0.6696756515625 0.11269860937500001 0.6696756515625 0.12749740468749998
0 0.7330807640625 0.091349615625 0.73564165 0.091349615625 0.73564165 0.0793387453125 0.7330807640625 0.0793387453125 0.7330807640625 0.091349615625
0 0.730618375 0.0895962046875 0.7330807640625 0.0895962046875 0.7330807640625 0.077936015625 0.730618375 0.077936015625 0.730618375 0.0895962046875
0 0.722443240625 0.091349615625 0.7253488609375001 0.091349615625 0.7253488609375001 0.08258255625000001 0.722443240625 0.08258255625000001 0.722443240625 0.091349615625
0 0.7181094359375 0.10371116875 0.721753771875 0.10371116875 0.721753771875 0.0911742734375 0.7181094359375 0.0911742734375 0.7181094359375 0.10371116875
0 0.7145143468749999 0.1048508859375 0.7175184625 0.1048508859375 0.7175184625 0.0918756390625 0.7145143468749999 0.0918756390625 0.7145143468749999 0.1048508859375
0 0.7487415625 0.07714698125 0.7533708546875 0.07714698125 0.7533708546875 0.0633826984375 0.7487415625 0.0633826984375 0.7487415625 0.07714698125
0 0.7416006328125 0.077936015625 0.7446539953125 0.077936015625 0.7446539953125 0.0674155453125 0.7416006328125 0.0674155453125 0.7416006328125 0.077936015625
0 0.7719473328124999 0.10602505468750001 0.7753331187500001 0.10602505468750001 0.7753331187500001 0.09273748125 0.7719473328124999 0.09273748125 0.7719473328124999 0.10602505468750001
0 0.7682537484375 0.109586671875 0.771716484375 0.109586671875 0.771716484375 0.094792259375 0.7682537484375 0.094792259375 0.7682537484375 0.109586671875
0 0.7637906671875 0.1080798328125 0.7672534015625001 0.1080798328125 0.7672534015625001 0.095614171875 0.7637906671875 0.095614171875 0.7637906671875 0.1080798328125
0 0.761097428125 0.1080798328125 0.7637906671875 0.1080798328125 0.7637906671875 0.0953402 0.761097428125 0.0953402 0.761097428125 0.1080798328125
0 0.7764873640625 0.092874465625 0.7809504453125 0.092874465625 0.7809504453125 0.0804088046875 0.7764873640625 0.0804088046875 0.7764873640625 0.092874465625
0 0.7851057265625 0.079312921875 0.7845670796875 0.079312921875 0.7816429921875001 0.079312921875 0.7816429921875001 0.0923265234375 0.7851057265625 0.0923265234375 0.7851057265625 0.079312921875
0 0.7870294687499999 0.08944983281249999 0.7899535562500001 0.08944983281249999 0.7899535562500001 0.07794306875 0.7870294687499999 0.07794306875 0.7870294687499999 0.08944983281249999
0 0.77639388125 0.13819187500000002 0.780164415625 0.13819187500000002 0.780164415625 0.12257555312499999 0.77639388125 0.12257555312499999 0.77639388125 0.13819187500000002
0 0.7544632234374999 0.11764408281250001 0.75884935625 0.11764408281250001 0.75884935625 0.10435650781250001 0.7544632234374999 0.10435650781250001 0.7544632234374999 0.11764408281250001
0 0.7501540421875 0.1183290078125 0.7540015265625 0.1183290078125 0.7540015265625 0.1064112890625 0.7501540421875 0.1064112890625 0.7501540421875 0.1183290078125
0 0.7265387921875 0.1652678265625 0.7326947671875 0.1652678265625 0.7326947671875 0.1447200328125 0.7265387921875 0.1447200328125 0.7265387921875 0.1652678265625
0 0.6980674125 0.16417194375 0.6980674125 0.16266510625 0.69360433125 0.16266510625 0.69360433125 0.178007459375 0.6980674125 0.178007459375 0.6980674125 0.16417194375
0 0.6614408921875 0.2664683390625 0.6672121171875001 0.2664683390625 0.6672121171875001 0.2404411328125 0.6614408921875 0.2404411328125 0.6614408921875 0.2664683390625
0 0.655862040625 0.2664683390625 0.66249895 0.2664683390625 0.66249895 0.241297290625 0.655862040625 0.241297290625 0.655862040625 0.2664683390625
0 0.642492034375 0.2488314828125 0.647782325 0.2488314828125 0.647782325 0.2294823109375 0.642492034375 0.2294823109375 0.642492034375 0.2488314828125
0 0.6357589375 0.26253001249999997 0.6412416015625 0.26253001249999997 0.6412416015625 0.238215121875 0.6357589375 0.238215121875 0.6357589375 0.26253001249999997
0 0.6332580734375 0.2502013359375 0.6381636140625 0.2502013359375 0.6381636140625 0.22571521562500002 0.6332580734375 0.22571521562500002 0.6332580734375 0.2502013359375
0 0.63729793125 0.2329069421875 0.6417225375 0.2329069421875 0.6417225375 0.2096194421875 0.63729793125 0.2096194421875 0.63729793125 0.2329069421875
0 0.5385091187500001 0.36974181562499997 0.5464445546875 0.36974181562499997 0.5464445546875 0.333783175 0.5385091187500001 0.333783175 0.5385091187500001 0.36974181562499997
0 0.53646514375 0.3457693890625 0.5427173046875 0.3457693890625 0.5427173046875 0.3185863703125 0.53646514375 0.3185863703125 0.53646514375 0.3457693890625
0 0.5211954421875 0.39135980625 0.5312950875 0.39135980625 0.5312950875 0.3607521546875 0.5211954421875 0.3607521546875 0.5211954421875 0.39135980625
0 0.5151837484375 0.3607521546875 0.523720353125 0.3607521546875 0.523720353125 0.33185682031249997 0.5151837484375 0.33185682031249997 0.5151837484375 0.3607521546875
0 0.46875 0.454348034375 0.47770762656250004 0.454348034375 0.47770762656250004 0.415553371875 0.46875 0.415553371875 0.46875 0.454348034375
0 0.47650528750000004 0.460234121875 0.48552282812499997 0.460234121875 0.48552282812499997 0.42036926093750004 0.47650528750000004 0.42036926093750004 0.47650528750000004 0.460234121875
0 0.48251698125000003 0.426522896875 0.4925865671875 0.426522896875 0.4925865671875 0.3887984328125 0.48251698125000003 0.3887984328125 0.48251698125000003 0.426522896875
0 0.46875 0.4890625 0.4716084953125 0.4890625 0.4716084953125 0.4516929671875 0.46875 0.4516929671875 0.46875 0.4890625
0 0.48152778906249993 0.4890625 0.48152778906249993 0.4653379859375 0.47341200156249996 0.4653379859375 0.47341200156249996 0.4890625 0.48152778906249993 0.4890625
0 0.4953546828125 0.4890625 0.4953546828125 0.472561821875 0.48648743593750005 0.472561821875 0.48648743593750005 0.4890625 0.4953546828125 0.4890625
0 0.553668109375 0.4393856953125 0.56133301875 0.4393856953125 0.56133301875 0.41049035937499995 0.553668109375 0.41049035937499995 0.553668109375 0.4393856953125
0 0.46875 0.3839136703125 0.5133853453125 0.3839136703125 0.5133853453125 0.33876470937500003 0.46875 0.33876470937500003 0.46875 0.3839136703125
0 0.49478666875000005 0.44611890625 0.552461353125 0.44611890625 0.552461353125 0.388595784375 0.49478666875000005 0.388595784375 0.49478666875000005 0.44611890625
0 0.5506578453125 0.3382195765625 0.55877363125 0.3382195765625 0.55877363125 0.3130699328125 0.5506578453125 0.3130699328125 0.5506578453125 0.3382195765625
0 0.5577215843750001 0.3186884703125 0.5625309390625001 0.3186884703125 0.5625309390625001 0.2913984328125 0.5577215843750001 0.2913984328125 0.5577215843750001 0.3186884703125
0 0.565085909375 0.3384871265625 0.5707970171875 0.3384871265625 0.5707970171875 0.320828865625 0.565085909375 0.320828865625 0.565085909375 0.3384871265625
0 0.561028015625 0.39761554375 0.568993509375 0.39761554375 0.568993509375 0.360961275 0.561028015625 0.360961275 0.561028015625 0.39761554375
0 0.5554161703125 0.363213971875 0.564188434375 0.363213971875 0.564188434375 0.3336251484375 0.5554161703125 0.3336251484375 0.5554161703125 0.363213971875
0 0.5446432171875 0.345953825 0.5514917374999999 0.345953825 0.5514917374999999 0.3234882359375 0.5446432171875 0.3234882359375 0.5446432171875 0.345953825
0 0.5516356765625 0.3155440640625 0.5567335921875001 0.3155440640625 0.5567335921875001 0.290544246875 0.5516356765625 0.290544246875 0.5516356765625 0.3155440640625
0 0.52681940625 0.3270165828125 0.5340334375 0.3270165828125 0.5340334375 0.2927702578125 0.52681940625 0.2927702578125 0.52681940625 0.3270165828125
0 0.5204710578125 0.339516490625 0.5270117796875 0.339516490625 0.5270117796875 0.3124618953125 0.5204710578125 0.3124618953125 0.5204710578125 0.339516490625
0 0.5727968375 0.3039003140625 0.5727968375 0.280955278125 0.5687569796874999 0.280955278125 0.5687569796874999 0.29295398906250003 0.5687569796874999 0.3039003140625 0.5727968375 0.3039003140625
0 0.547619865625 0.2946966140625 0.55848900625 0.2946966140625 0.55848900625 0.27055295625000003 0.547619865625 0.27055295625000003 0.547619865625 0.2946966140625
0 0.5964085406249999 0.2708670984375 0.6028530765625 0.2708670984375 0.6028530765625 0.2480932921875 0.5964085406249999 0.2480932921875 0.5964085406249999 0.2708670984375
0 0.6204553140625 0.27275064531250004 0.627092225 0.27275064531250004 0.627092225 0.2479220609375 0.6204553140625 0.2479220609375 0.6204553140625 0.27275064531250004
0 0.6147802765625 0.27172325625 0.6204553140625 0.27172325625 0.6204553140625 0.23970294375 0.6147802765625 0.23970294375 0.6147802765625 0.27172325625
0 0.6061234375 0.27309310937500003 0.6117022890625 0.27309310937500003 0.6117022890625 0.2537439359375 0.6061234375 0.2537439359375 0.6061234375 0.27309310937500003
0 0.61045185625 0.26624384375 0.6155497734375001 0.26624384375 0.6155497734375001 0.2390180171875 0.61045185625 0.2390180171875 0.61045185625 0.26624384375
0 0.572409171875 0.3348522921875 0.5783342984375001 0.3348522921875 0.5783342984375001 0.307455234375 0.572409171875 0.307455234375 0.572409171875 0.3348522921875
0 0.5819509328125 0.3177291296875 0.588876403125 0.3177291296875 0.588876403125 0.288414278125 0.5819509328125 0.288414278125 0.5819509328125 0.3177291296875
0 0.6487602406249999 0.3115688671875 0.6536850203125 0.3115688671875 0.6536850203125 0.28285675 0.6487602406249999 0.28285675 0.6487602406249999 0.3115688671875
0 0.616584815625 0.24186593437499998 0.621324915625 0.24186593437499998 0.621324915625 0.217537346875 0.616584815625 0.217537346875 0.616584815625 0.24186593437499998
0 0.6222483125 0.24219469999999998 0.6260650156249999 0.24219469999999998 0.6260650156249999 0.2179757 0.6222483125 0.2179757 0.6222483125 0.24219469999999998
0 0.62600345625 0.2360577578125 0.6317285109374999 0.2360577578125 0.6317285109374999 0.2141401109375 0.62600345625 0.2141401109375 0.62600345625 0.2360577578125
0 0.589751215625 0.32476793593750003 0.613480946875 0.32476793593750003 0.613480946875 0.2733984515625 0.589751215625 0.2733984515625 0.589751215625 0.32476793593750003
0 0.6431618640625001 0.2193146296875 0.6495342578125001 0.2193146296875 0.6495342578125001 0.2015493484375 0.6431618640625001 0.2015493484375 0.6431618640625001 0.2193146296875
0 0.648692621875 0.2469257265625 0.6532615093749999 0.2469257265625 0.6532615093749999 0.2306587234375 0.648692621875 0.2306587234375 0.648692621875 0.2469257265625
0 0.6512175328125 0.2349395140625 0.6557864203125 0.2349395140625 0.6557864203125 0.2223111828125 0.6512175328125 0.2223111828125 0.6512175328125 0.2349395140625
0 0.660595775 0.23515355468750002 0.6668479359375 0.23515355468750002 0.6668479359375 0.2184584703125 0.660595775 0.2184584703125 0.660595775 0.23515355468750002
0 0.6727393953125 0.25719962500000004 0.6791117906249999 0.25719962500000004 0.6791117906249999 0.239648384375 0.6727393953125 0.239648384375 0.6727393953125 0.25719962500000004
0 0.6893316687500001 0.228518328125 0.6958242984374999 0.228518328125 0.6958242984374999 0.20283358593749998 0.6893316687500001 0.20283358593749998 0.6893316687500001 0.228518328125
0 0.6703347171875 0.186780621875 0.675985709375 0.186780621875 0.675985709375 0.16773110468750002 0.6703347171875 0.16773110468750002 0.6703347171875 0.186780621875
0 0.6698537828125 0.2186725109375 0.674783371875 0.2186725109375 0.674783371875 0.20368974374999999 0.6698537828125 0.20368974374999999 0.6698537828125 0.2186725109375
0 0.6773082828125 0.2077564953125 0.6822378718750001 0.2077564953125 0.6822378718750001 0.1912754515625 0.6773082828125 0.1912754515625 0.6773082828125 0.2077564953125
0 0.6815295812500001 0.2107456171875 0.685223165625 0.2107456171875 0.685223165625 0.20088267656249997 0.6815295812500001 0.20088267656249997 0.6815295812500001 0.2107456171875
0 0.683257409375 0.2012882703125 0.6998977765625 0.2012882703125 0.6998977765625 0.175261065625 0.683257409375 0.175261065625 0.683257409375 0.2012882703125
0 0.6793922265625 0.18848747500000002 0.6828888203125001 0.18848747500000002 0.6828888203125001 0.1716547203125 0.6793922265625 0.1716547203125 0.6793922265625 0.18848747500000002
0 0.719218628125 0.1546179046875 0.7220257515625 0.1546179046875 0.7220257515625 0.1399769171875 0.719218628125 0.1399769171875 0.719218628125 0.1546179046875
0 0.7451078609375 0.1405535015625 0.7480319484375 0.1405535015625 0.7480319484375 0.1246632078125 0.7451078609375 0.1246632078125 0.7451078609375 0.1405535015625
0 0.7339501578125001 0.1487726203125 0.736643396875 0.1487726203125 0.736643396875 0.133841221875 0.7339501578125001 0.133841221875 0.7339501578125001 0.1487726203125
0 0.7474933 0.12630703125 0.74926314375 0.12630703125 0.74926314375 0.115622178125 0.7474933 0.115622178125 0.7474933 0.12630703125
0 0.7628832359375 0.11753997187500001 0.766115121875 0.11753997187500001 0.766115121875 0.10904688437500001 0.7628832359375 0.10904688437500001 0.7628832359375 0.11753997187500001
0 0.69976220625 0.20642054999999998 0.7261559453124999 0.20642054999999998 0.7261559453124999 0.1529962875 0.69976220625 0.1529962875 0.69976220625 0.20642054999999998
0 0.73090453125 0.1471556515625 0.7339501578125001 0.1471556515625 0.7339501578125001 0.134333828125 0.73090453125 0.134333828125 0.73090453125 0.1471556515625
0 0.7359897109375 0.15346284375000002 0.74488701875 0.15346284375000002 0.74488701875 0.1190024796875 0.7359897109375 0.1190024796875 0.7359897109375 0.15346284375000002
0 0.7925555046875 0.10799031562500001 0.7952025734375 0.10799031562500001 0.7952025734375 0.100538315625 0.7925555046875 0.100538315625 0.7925555046875 0.10799031562500001
0 0.8046212140625 0.0949493171875 0.8072682828125 0.0949493171875 0.8072682828125 0.0856343171875 0.8046212140625 0.0856343171875 0.8046212140625 0.0949493171875
0 0.784798978125 0.1050314328125 0.787569165625 0.1050314328125 0.787569165625 0.0957164328125 0.784798978125 0.0957164328125 0.784798978125 0.1050314328125
0 0.8061602078125001 0.07325084531250001 0.8093613140624999 0.07325084531250001 0.8093613140624999 0.059442728125 0.8061602078125001 0.059442728125 0.8061602078125001 0.07325084531250001
0 0.7972230124999999 0.0825877140625 0.80097815625 0.0825877140625 0.80097815625 0.07382065625 0.7972230124999999 0.07382065625 0.7972230124999999 0.0825877140625
0 0.8102121171875 0.0652727734375 0.81242826875 0.0652727734375 0.81242826875 0.056505714062500004 0.8102121171875 0.056505714062500004 0.8102121171875 0.0652727734375
0 0.791928875 0.08982053749999999 0.7955608984375 0.08982053749999999 0.7955608984375 0.08039595000000001 0.791928875 0.08039595000000001 0.791928875 0.08982053749999999
0 0.8003009999999999 0.075026125 0.80430238125 0.075026125 0.80430238125 0.0618755375 0.8003009999999999 0.0618755375 0.8003009999999999 0.075026125
0 0.7571525265625001 0.129629403125 0.761153909375 0.129629403125 0.761153909375 0.11565690312500002 0.7571525265625001 0.11565690312500002 0.7571525265625001 0.129629403125
0 0.787932396875 0.1041501390625 0.790856484375 0.1041501390625 0.790856484375 0.092506390625 0.787932396875 0.092506390625 0.787932396875 0.1041501390625
0 0.747764665625 0.1183290078125 0.7515352015625 0.1183290078125 0.7515352015625 0.10579396249999999 0.747764665625 0.10579396249999999 0.747764665625 0.1183290078125
0 0.762099903125 0.1287068828125 0.7659609296875 0.1287068828125 0.7659609296875 0.116292728125 0.762099903125 0.116292728125 0.762099903125 0.1287068828125
0 0.797915215625 0.09659728437500001 0.8008700828125 0.09659728437500001 0.8008700828125 0.084411071875 0.797915215625 0.084411071875 0.797915215625 0.09659728437500001
0 0.803283225 0.0825877140625 0.8002298609375 0.0825877140625 0.8002298609375 0.09449318906250001 0.803283225 0.09449318906250001 0.803283225 0.0825877140625
0 0.726661134375 0.13705109375 0.7315859140625001 0.13705109375 0.7315859140625001 0.1266402109375 0.726661134375 0.1266402109375 0.726661134375 0.13705109375
0 0.9186486453124999 0.063331003125 0.92077615 0.063331003125 0.92077615 0.054774353124999994 0.9186486453124999 0.054774353124999994 0.9186486453124999 0.063331003125
0 0.9158119734374999 0.0650844125 0.9184122562500001 0.0650844125 0.9184122562500001 0.056668037500000004 0.9158119734374999 0.056668037500000004 0.9158119734374999 0.0650844125
0 0.9132904859375 0.064242775 0.9154967875000001 0.064242775 0.9154967875000001 0.053862578125000005 0.9132904859375 0.053862578125000005 0.9132904859375 0.064242775
0 0.9113993718749999 0.064242775 0.9132904859375 0.064242775 0.9132904859375 0.054213260937499994 0.9113993718749999 0.054213260937499994 0.9113993718749999 0.064242775
0 0.9495772984374999 0.061366084375 0.9533989281250002 0.061366084375 0.9533989281250002 0.05098588750000001 0.9495772984374999 0.05098588750000001 0.9495772984374999 0.061366084375
0 0.9838039015625 0.061761710937500006 0.9859314062500001 0.061761710937500006 0.9859314062500001 0.05446751875 0.9838039015625 0.05446751875 0.9838039015625 0.061761710937500006
0 0.9805338484374999 0.06337485000000001 0.9832917234374999 0.06337485000000001 0.9832917234374999 0.053836290625000005 0.9805338484374999 0.053836290625000005 0.9805338484374999 0.06337485000000001
0 0.972181421875 0.0626734859375 0.9766728203125 0.0626734859375 0.9766728203125 0.050820421875 0.972181421875 0.050820421875 0.972181421875 0.0626734859375
0 0.9666656703125 0.06414635156250001 0.9700539171875 0.06414635156250001 0.9700539171875 0.053555743749999996 0.9666656703125 0.053555743749999996 0.9666656703125 0.06414635156250001
0 0.9627303093750001 0.06356322187499999 0.966354946875 0.06356322187499999 0.966354946875 0.053814253125 0.9627303093750001 0.053814253125 0.9627303093750001 0.06356322187499999
0 0.988059725 0.064738034375 0.9988326796875 0.064738034375 0.9988326796875 0.05312168125 0.988059725 0.05312168125 0.988059725 0.064738034375
0 0.9284895859375 0.064617178125 0.9472037468749999 0.064617178125 0.9472037468749999 0.0523432953125 0.9284895859375 0.0523432953125 0.9284895859375 0.064617178125
0 0.87767971875 0.0662588703125 0.9006684328125001 0.0662588703125 0.9006684328125001 0.051875415625 0.87767971875 0.051875415625 0.87767971875 0.0662588703125
0 0.8295632421875 0.044508946875 0.8318717328125 0.044508946875 0.8318717328125 0.0382076234375 0.8295632421875 0.0382076234375 0.8295632421875 0.044508946875
0 0.8610356593749999 0.063138946875 0.8645753453125 0.063138946875 0.8645753453125 0.053549976562500004 0.8610356593749999 0.053549976562500004 0.8610356593749999 0.063138946875
0 0.8508783031250001 0.0638238734375 0.8548796859374999 0.0638238734375 0.8548796859374999 0.05437188750000001 0.8508783031250001 0.05437188750000001 0.8508783031250001 0.0638238734375
0 0.84718471875 0.0638238734375 0.8508783031250001 0.0638238734375 0.8508783031250001 0.05450887343750001 0.84718471875 0.05450887343750001 0.84718471875 0.0638238734375
0 0.8459535234375 0.062727990625 0.8481081140625001 0.062727990625 0.8481081140625001 0.055741740625 0.8459535234375 0.055741740625 0.8459535234375 0.062727990625
0 0.843963834375 0.03195075 0.8463769765624999 0.03195075 0.8463769765624999 0.0254631265625 0.843963834375 0.0254631265625 0.843963834375 0.03195075
0 0.8126981750000001 0.0660076609375 0.84255465 0.0660076609375 0.84255465 0.0444187796875 0.8126981750000001 0.0444187796875 0.8126981750000001 0.0660076609375
0 0.850838046875 0.0239269859375 0.8544085125 0.0239269859375 0.8544085125 0.0165845734375 0.850838046875 0.0165845734375 0.850838046875 0.0239269859375
0 0.8656123843750001 0.01011886875 0.8685672531249999 0.01011886875 0.8685672531249999 0.0036531625 0.8656123843750001 0.0036531625 0.8656123843750001 0.01011886875
0 0.855942515625 0.0169604203125 0.8606703046874999 0.0169604203125 0.8606703046874999 0.0079303484375 0.855942515625 0.0079303484375 0.855942515625 0.0169604203125
0 0.6519334078125001 0.21714340625 0.6698537828125 0.21714340625 0.6698537828125 0.18396728281250002 0.6519334078125001 0.18396728281250002 0.6519334078125001 0.21714340625
0 0.649914959375 0.0247462171875 0.652992946875 0.0247462171875 0.652992946875 0.02077364375 0.649914959375 0.02077364375 0.649914959375 0.0247462171875
0 0.6619960578125 0.0243352625 0.6640737 0.0243352625 0.6640737 0.0185818796875 0.6619960578125 0.0185818796875 0.6619960578125 0.0243352625
0 0.6734615609375 0.022554453125000002 0.676693446875 0.022554453125000002 0.676693446875 0.01693805625 0.6734615609375 0.01693805625 0.6734615609375 0.022554453125000002
0 0.743332046875 0.032042959375 0.7456713171875 0.032042959375 0.7456713171875 0.0251389015625 0.743332046875 0.0251389015625 0.743332046875 0.032042959375
0 0.7412390156249999 0.03894701875 0.7437014046874999 0.03894701875 0.7437014046874999 0.0325909015625 0.7412390156249999 0.0325909015625 0.7412390156249999 0.03894701875
0 0.7368067140625 0.0383990765625 0.739269103125 0.0383990765625 0.739269103125 0.032919665625 0.7368067140625 0.032919665625 0.7368067140625 0.0383990765625
0 0.785094778125 0.022452809375 0.78740326875 0.022452809375 0.78740326875 0.0166994265625 0.785094778125 0.0166994265625 0.785094778125 0.022452809375
0 0.7827269328125 0.022452809375 0.785094778125 0.022452809375 0.785094778125 0.017339667187499998 0.7827269328125 0.017339667187499998 0.7827269328125 0.022452809375
0 0.99371523125 0.008774746875 0.9967316578125001 0.008774746875 0.9967316578125001 0.0017611000000000003 0.99371523125 0.0017611000000000003 0.99371523125 0.008774746875
0 0.9730927171874999 0.008117217187500001 0.9758013468750001 0.008117217187500001 0.9758013468750001 0.002199453125 0.9730927171874999 0.002199453125 0.9730927171874999 0.008117217187500001
0 0.962689121875 0.007130923437500001 0.9650899515625 0.007130923437500001 0.9650899515625 0.0007748062499999999 0.962689121875 0.0007748062499999999 0.962689121875 0.007130923437500001
0 0.9344556624999999 0.007409609374999999 0.937607521875 0.007409609374999999 0.937607521875 0.00032582499999999996 0.9344556624999999 0.00032582499999999996 0.9344556624999999 0.007409609374999999
0 0.9044845953125 0.007778509375000001 0.9065037562499999 0.007778509375000001 0.9065037562499999 0.003044296875 0.9044845953125 0.003044296875 0.9044845953125 0.007778509375000001
0 0.9013327375 0.0076908390625000005 0.9035981359375 0.0076908390625000005 0.9035981359375 0.003307309375 0.9013327375 0.003307309375 0.9013327375 0.0076908390625000005
0 0.8901042406249999 0.00795385 0.8933545953124999 0.00795385 0.8933545953124999 0.0036579921874999996 0.8901042406249999 0.0036579921874999996 0.8901042406249999 0.00795385
0 0.8871001249999999 0.0083045328125 0.8893655234375 0.0083045328125 0.8893655234375 0.0025182734375000003 0.8871001249999999 0.0025182734375000003 0.8871001249999999 0.0083045328125
0 0.9300287234375 0.0077037625 0.9331682703125 0.0077037625 0.9331682703125 0.0031010562500000003 0.9300287234375 0.0031010562500000003 0.9300287234375 0.0077037625
0 0.9252886234375 0.0087996453125 0.9292284468750001 0.0087996453125 0.9292284468750001 0.003539409375 0.9252886234375 0.003539409375 0.9252886234375 0.0087996453125
0 0.9472902171875 0.11949579218749999 0.95141471875 0.11949579218749999 0.95141471875 0.10513973437499999 0.9472902171875 0.10513973437499999 0.9472902171875 0.11949579218749999
0 0.46875 0.4516929671875 0.4716084953125 0.4516929671875 0.4716084953125 0.405783690625 0.46875 0.405783690625 0.46875 0.4516929671875
0 1 0.93125 0.8710281328124999 0.93125 0.8703736046875001 0.9875 0.98495109375 0.9875 1 0.9874124484374999 1 0.93125
0 0.875 1 0.875 0.9909971437500001 0.8661018328125 0.9908418250000001 0.8661551124999999 1 0.875 1
0 0.775638103125 0.9074889828125 0.775381690625 0.9515625 0.7952597390625 0.9515625 0.7984375 0.9514700359375 0.7984375 0.9068255875 0.775638103125 0.9074889828125
0 0.9314855515625 0.6393465046875 0.9357129687499999 0.6393465046875 0.9357129687499999 0.6211177828125 0.9314855515625 0.6211177828125 0.9314855515625 0.6393465046875
0 0.9407858703125 0.6211177828125 0.9357129687499999 0.6211177828125 0.9357129687499999 0.640182684375 0.9407858703125 0.640182684375 0.9407858703125 0.6211177828125
0 0.7863089484375 0.4890625 0.7863089484375 0.4916938375 0.7891124578125 0.4916938375 0.7891124578125 0.4890625 0.7863089484375 0.4890625
0 0.800139596875 0.5039093875 0.8025693046875 0.5039093875 0.8025693046875 0.49606671875 0.800139596875 0.49606671875 0.800139596875 0.5039093875
0 0.8229715140625 0.499945878125 0.8265593390625 0.499945878125 0.8265593390625 0.49415299687500003 0.8229715140625 0.49415299687500003 0.8229715140625 0.499945878125
0 0.8410357953125001 0.50024295 0.8434554921874999 0.50024295 0.8434554921874999 0.4952670140625 0.8410357953125001 0.4952670140625 0.8410357953125001 0.50024295
0 0.869668615625 0.5188232765625 0.8721383734374999 0.5188232765625 0.8721383734374999 0.512406546875 0.869668615625 0.512406546875 0.869668615625 0.5188232765625
0 0.8617243921875 0.4890625 0.8617243921875 0.49659151250000005 0.871403175 0.49659151250000005 0.871403175 0.4890625 0.8617243921875 0.4890625
0 0.891774621875 0.4890625 0.891774621875 0.496811146875 0.8980801156249999 0.496811146875 0.8980801156249999 0.4890625 0.891774621875 0.4890625
0 0.9085356046874999 0.4890625 0.9085356046874999 0.49337926718749997 0.9148435015625 0.49337926718749997 0.9148435015625 0.4890625 0.9085356046874999 0.4890625
0 0.9594849609375 0.49034910624999994 0.9503773062499998 0.49034910624999994 0.9503773062499998 0.5070613640625 0.9594849609375 0.5070613640625 0.9594849609375 0.49034910624999994
