0 0.1078125 0.26875 0.088550834375 0.26875 0.0654947984375 0.26942086249999997 0.067310415625 0.3734375 0.1078125 0.3734375 0.1078125 0.26875
0 1 0 0.9901344984375001 0 0.9901344984375001 0.0419069453125 1 0.0419069453125 1 0
0 0.96277781875 0 0.96277781875 0.0494775265625 0.9788878625 0.0494775265625 0.9788878625 0 0.96277781875 0
0 0.9199190187500002 0 0.9199190187500002 0.0202767125 0.9275180953125 0.0202767125 0.9275180953125 0 0.9199190187500002 0
0 0.9114080515625 0 0.9114080515625 0.0218989796875 0.9177912765624999 0.0218989796875 0.9177912765624999 0 0.9114080515625 0
0 0.84222604375 0 0.84222604375 0.0174631234375 0.8519528624999999 0.0174631234375 0.8519528624999999 0 0.84222604375 0
0 0.303165221875 0.97239036875 0.31217327500000003 0.97239036875 0.31217327500000003 0.9552965140625 0.303165221875 0.9552965140625 0.303165221875 0.97239036875
0 0.30496683281250003 0.9403393906249999 0.3085700546875 0.9403393906249999 0.3085700546875 0.9243139015625002 0.30496683281250003 0.9243139015625002 0.30496683281250003 0.9403393906249999
0 0.2851491140625 0.8708956046875 0.2905539453125 0.8708956046875 0.2905539453125 0.8570068484375 0.2851491140625 0.8570068484375 0.2851491140625 0.8708956046875
0 0.2821464296875 0.8356395296875 0.28695072499999996 0.8356395296875 0.28695072499999996 0.8196140406250001 0.2821464296875 0.8196140406250001 0.2821464296875 0.8356395296875
0 0.302970625 0.9273091453125 0.3077134125 0.9273091453125 0.3077134125 0.9096208859375 0.302970625 0.9096208859375 0.302970625 0.9273091453125
0 0.2978849875 0.90667284375 0.30399918125 0.90667284375 0.30399918125 0.8860365421875 0.2978849875 0.8860365421875 0.2978849875 0.90667284375
0 0.275808528125 0.8224487140625 0.280495959375 0.8224487140625 0.280495959375 0.8083517953125 0.275808528125 0.8083517953125 0.275808528125 0.8224487140625
0 0.2831075265625 0.818120365625 0.2876074609375 0.818120365625 0.2876074609375 0.804142575 0.2831075265625 0.804142575 0.2831075265625 0.818120365625
0 0.2674060296875 0.7740729515625 0.2707095515625 0.7740729515625 0.2707095515625 0.7627954156250001 0.2674060296875 0.7627954156250001 0.2674060296875 0.7740729515625
0 0.2731452296875 0.7950790296875 0.27735088281250003 0.7950790296875 0.27735088281250003 0.7803591453125 0.2731452296875 0.7803591453125 0.2731452296875 0.7950790296875
0 0.251870903125 0.689429171875 0.255553884375 0.689429171875 0.255553884375 0.68109015 0.251870903125 0.68109015 0.251870903125 0.689429171875
0 0.4305576953125 0.9604823687499999 0.4598541359375 0.9604823687499999 0.4598541359375 0.8937205500000001 0.4305576953125 0.8937205500000001 0.4305576953125 0.9604823687499999
0 0.3847664515625 0.8394631953125 0.4217357703125 0.8394631953125 0.4217357703125 0.747944903125 0.3847664515625 0.747944903125 0.3847664515625 0.8394631953125
0 0.361922203125 0.746703978125 0.3812787796875 0.746703978125 0.3812787796875 0.6877599937500001 0.361922203125 0.6877599937500001 0.361922203125 0.746703978125
0 0.34581283906250004 0.6933708203125 0.35784530625 0.6933708203125 0.35784530625 0.6334961421874999 0.34581283906250004 0.6334961421874999 0.34581283906250004 0.6933708203125
0 0.2567758703125 0.7134466859375 0.25952531875 0.7134466859375 0.25952531875 0.704153184375 0.2567758703125 0.704153184375 0.2567758703125 0.7134466859375
0 0.33774710625000004 0.907876521875 0.3415963328125 0.907876521875 0.3415963328125 0.8863547281249999 0.33774710625000004 0.8863547281249999 0.33774710625000004 0.907876521875
0 0.9670619531250001 1 0.9670619531250001 0.9401225125 0.9392081359375 0.9401225125 0.9392081359375 1 0.9670619531250001 1
