0 0.995078925 0.2566049359375 0.9988312031250001 0.2566049359375 0.9988312031250001 0.24979867812499998 0.995078925 0.24979867812499998 0.995078925 0.2566049359375
0 0.992798128125 0.2660289859375 0.9957410921874998 0.2660289859375 0.9957410921874998 0.25608137656249996 0.992798128125 0.25608137656249996 0.992798128125 0.2660289859375
0 1 0.25320180625 0.99853690625 0.25320180625 0.99853690625 0.26498186874999996 1 0.26498186874999996 1 0.25320180625
0 0.9917680921875001 0.25608137656249996 0.9949317765625001 0.25608137656249996 0.9949317765625001 0.24534843125 0.9917680921875001 0.24534843125 0.9917680921875001 0.25608137656249996
0 0.9863971843750001 0.2672069921875 0.989855165625 0.2672069921875 0.989855165625 0.25176202187499996 0.9863971843750001 0.25176202187499996 0.9863971843750001 0.2672069921875
0 0.9810998515625 0.2644583109375 0.9846314062499999 0.2644583109375 0.9846314062499999 0.25123846250000004 0.9810998515625 0.25123846250000004 0.9810998515625 0.2644583109375
0 0.9884704781250001 0.2533669515625 0.9910455718750001 0.2533669515625 0.9910455718750001 0.24459735 0.9884704781250001 0.24459735 0.9884704781250001 0.2533669515625
0 0.96154236875 0.276927078125 0.9647796281249998 0.276927078125 0.9647796281249998 0.2609585484375 0.96154236875 0.2609585484375 0.96154236875 0.276927078125
0 0.9703712578125 0.25991143125 0.9736085156249998 0.25991143125 0.9736085156249998 0.250225603125 0.9703712578125 0.250225603125 0.9703712578125 0.25991143125
0 0.9666189796874999 0.26082765937499997 0.9691940718750001 0.26082765937499997 0.9691940718750001 0.24996382343749998 0.9666189796874999 0.24996382343749998 0.9666189796874999 0.26082765937499997
0 0.9685319046875 0.256508303125 0.9703712578125 0.256508303125 0.9703712578125 0.24747692031250001 0.9685319046875 0.24747692031250001 0.9685319046875 0.256508303125
0 0.9641174609375 0.262398334375 0.9668397015625001 0.262398334375 0.9668397015625001 0.2487858171875 0.9641174609375 0.2487858171875 0.9641174609375 0.262398334375
0 0.961836665625 0.2582098671875 0.9641174609375 0.2582098671875 0.9641174609375 0.2476078109375 0.961836665625 0.2476078109375 0.961836665625 0.2582098671875
0 0.9588201281250001 0.2609585484375 0.96154236875 0.2609585484375 0.96154236875 0.25231983593749996 0.9588201281250001 0.25231983593749996 0.9588201281250001 0.2609585484375
0 0.9556564421874999 0.2570318609375 0.9588201281250001 0.2570318609375 0.9588201281250001 0.246298915625 0.9556564421874999 0.246298915625 0.9556564421874999 0.2570318609375
0 0.9526399062500002 0.25834075625 0.9554357203125001 0.25834075625 0.9554357203125001 0.2487858171875 0.9526399062500002 0.2487858171875 0.9526399062500002 0.25834075625
0 0.9481518874999999 0.2588643140625 0.9519777390625 0.2588643140625 0.9519777390625 0.24996382343749998 0.9481518874999999 0.24996382343749998 0.9481518874999999 0.2588643140625
0 0.9480047390624999 0.2510109390625 0.9510212765624999 0.2510109390625 0.9510212765624999 0.244335571875 0.9480047390624999 0.244335571875 0.9480047390624999 0.2510109390625
0 0.945429646875 0.2529742828125 0.9481518874999999 0.2529742828125 0.9481518874999999 0.2456444671875 0.945429646875 0.2456444671875 0.945429646875 0.2529742828125
0 0.9425602578125 0.2656705734375 0.9460182390625 0.2656705734375 0.9460182390625 0.25231983593749996 0.9425602578125 0.25231983593749996 0.9425602578125 0.2656705734375
0 0.9407209062499999 0.27234594375 0.9443260359375 0.27234594375 0.9443260359375 0.262791003125 0.9407209062499999 0.262791003125 0.9407209062499999 0.27234594375
0 0.9333154734375 0.27212870312500004 0.9360229984374999 0.27212870312500004 0.9360229984374999 0.25757378124999997 0.9333154734375 0.25757378124999997 0.9333154734375 0.27212870312500004
0 0.9367881687499999 0.268254371875 0.9395545546874999 0.268254371875 0.9395545546874999 0.25286175625 0.9367881687499999 0.25286175625 0.9367881687499999 0.268254371875
0 0.9358464203124999 0.25422300781249996 0.9400842875000001 0.25422300781249996 0.9400842875000001 0.24375184062500002 0.9358464203124999 0.24375184062500002 0.9358464203124999 0.25422300781249996
0 0.9331388953124999 0.253071178125 0.9358464203124999 0.253071178125 0.9358464203124999 0.2431235703125 0.9331388953124999 0.2431235703125 0.9331388953124999 0.253071178125
0 0.9303136515624999 0.25170992812500004 0.932197146875 0.25170992812500004 0.932197146875 0.2423905875 0.9303136515624999 0.2423905875 0.9303136515624999 0.25170992812500004
0 0.9294307625 0.26553186875 0.932197146875 0.26553186875 0.932197146875 0.25118636875 0.9294307625 0.25118636875 0.9294307625 0.26553186875
0 0.9256049109374999 0.26259994062500003 0.9284890140625001 0.26259994062500003 0.9284890140625001 0.2522334859375 0.9256049109374999 0.2522334859375 0.9256049109374999 0.26259994062500003
0 0.9272529703124999 0.2524429078125 0.9298427765625 0.2524429078125 0.9298427765625 0.24396126406250002 0.9272529703124999 0.24396126406250002 0.9272529703124999 0.2524429078125
0 0.9249574593750001 0.2524429078125 0.9272529703124999 0.2524429078125 0.9272529703124999 0.2447989578125 0.9249574593750001 0.2447989578125 0.9249574593750001 0.2524429078125
0 0.9217790593749999 0.2580973390625 0.9256049109374999 0.2580973390625 0.9256049109374999 0.2483591546875 0.9217790593749999 0.2483591546875 0.9217790593749999 0.2580973390625
0 0.918070925 0.2629140765625 0.9211904656249998 0.2629140765625 0.9211904656249998 0.250872234375 0.918070925 0.250872234375 0.918070925 0.2629140765625
0 0.9147159484374999 0.24961569374999998 0.918247503125 0.24961569374999998 0.918247503125 0.24029635468750002 0.9147159484374999 0.24029635468750002 0.9147159484374999 0.24961569374999998
0 0.9139507765625 0.2619716703125 0.9173057546875001 0.2619716703125 0.9173057546875001 0.2495109828125 0.9139507765625 0.2495109828125 0.9139507765625 0.2619716703125
0 0.9033436953125001 0.27987532187499997 0.9070223984375 0.27987532187499997 0.9070223984375 0.2674408109375 0.9033436953125001 0.2674408109375 0.9033436953125001 0.27987532187499997
0 0.8981199359375001 0.282231334375 0.9020929359375 0.282231334375 0.9020929359375 0.2675717 0.8981199359375001 0.2675717 0.8981199359375001 0.282231334375
0 0.896354159375 0.2675717 0.8990763984375001 0.2675717 0.8990763984375001 0.259718325 0.896354159375 0.259718325 0.896354159375 0.2675717
0 0.9009893250000001 0.2683570375 0.9033436953125001 0.2683570375 0.9033436953125001 0.26168166875 0.9009893250000001 0.26168166875 0.9009893250000001 0.2683570375
0 0.9010628984375 0.2631214546875 0.9051094734374999 0.2631214546875 0.9051094734374999 0.254090071875 0.9010628984375 0.254090071875 0.9010628984375 0.2631214546875
0 0.9067281031250001 0.2653465765625 0.910112509375 0.2653465765625 0.910112509375 0.25395918281249996 0.9067281031250001 0.25395918281249996 0.9067281031250001 0.2653465765625
0 0.9099653625 0.2523885078125 0.9125404546875 0.2523885078125 0.9125404546875 0.24309534687499998 0.9099653625 0.24309534687499998 0.9099653625 0.2523885078125
0 0.9071695468750001 0.24833093125 0.9105539546875001 0.24833093125 0.9105539546875001 0.2394304390625 0.9071695468750001 0.2394304390625 0.9071695468750001 0.24833093125
0 0.90842030625 0.2559225265625 0.910112509375 0.2559225265625 0.910112509375 0.24518957968750002 0.90842030625 0.24518957968750002 0.90842030625 0.2559225265625
0 0.9040058625 0.25304295625 0.90650738125 0.25304295625 0.90650738125 0.24126289218750002 0.9040058625 0.24126289218750002 0.9040058625 0.25304295625
0 0.9014307703124999 0.250163384375 0.9040058625 0.250163384375 0.9040058625 0.241132003125 0.9014307703124999 0.241132003125 0.9014307703124999 0.250163384375
0 0.899002825 0.254090071875 0.9010628984375 0.254090071875 0.9010628984375 0.2449278015625 0.899002825 0.2449278015625 0.899002825 0.254090071875
0 0.8869739671874999 0.28113302500000004 0.8913884109375001 0.28113302500000004 0.8913884109375001 0.265426275 0.8869739671874999 0.265426275 0.8869739671874999 0.28113302500000004
0 0.8924000546874999 0.2675717 0.896354159375 0.2675717 0.896354159375 0.25331898750000004 0.8924000546874999 0.25331898750000004 0.8924000546874999 0.2675717
0 0.88743380625 0.265426275 0.8904687359375 0.265426275 0.8904687359375 0.2518464796875 0.88743380625 0.2518464796875 0.88743380625 0.265426275
0 0.89281986875 0.25173182031249997 0.8948540453125 0.25173182031249997 0.8948540453125 0.2410093453125 0.89281986875 0.2410093453125 0.89281986875 0.25173182031249997
0 0.8904843343749999 0.25099465 0.8924808390625 0.25099465 0.8924808390625 0.2410093453125 0.8904843343749999 0.2410093453125 0.8904843343749999 0.25099465
0 0.8877344296875 0.2494532953125 0.8901829750000001 0.2494532953125 0.8901829750000001 0.2405402359375 0.8877344296875 0.2405402359375 0.8877344296875 0.2494532953125
0 0.884494815625 0.24958732499999997 0.886717340625 0.24958732499999997 0.886717340625 0.2398700828125 0.884494815625 0.2398700828125 0.884494815625 0.24958732499999997
0 0.8819332609374999 0.25159778906249997 0.8842311265625 0.25159778906249997 0.8842311265625 0.2414114375 0.8819332609374999 0.2414114375 0.8819332609374999 0.25159778906249997
0 0.8795223859375 0.2598406921875 0.8820462703124999 0.2598406921875 0.8820462703124999 0.24811298437499998 0.8795223859375 0.24811298437499998 0.8795223859375 0.2598406921875
0 0.8710621906250001 0.2876353734375 0.87623536875 0.2876353734375 0.87623536875 0.2625822875 0.8710621906250001 0.2625822875 0.8710621906250001 0.2876353734375
0 0.863589825 0.2809886359375 0.867038609375 0.2809886359375 0.867038609375 0.25977020624999997 0.863589825 0.25977020624999997 0.863589825 0.2809886359375
0 0.8608595359375 0.2809886359375 0.8641646218750001 0.2809886359375 0.8641646218750001 0.26795080625 0.8608595359375 0.26795080625 0.8608595359375 0.2809886359375
0 0.8582729484375001 0.27562011875 0.8608595359375 0.27562011875 0.8608595359375 0.2625822875 0.8582729484375001 0.2625822875 0.8582729484375001 0.27562011875
0 0.870096296875 0.25442263125000003 0.8723035187499999 0.25442263125000003 0.8723035187499999 0.238061434375 0.870096296875 0.238061434375 0.870096296875 0.25442263125000003
0 0.8677051390624999 0.247878153125 0.870096296875 0.247878153125 0.870096296875 0.2405156140625 0.8677051390624999 0.2405156140625 0.8677051390624999 0.247878153125
0 0.8631987265625 0.2450967484375 0.8660497234375001 0.2450967484375 0.8660497234375001 0.23871588125 0.8631987265625 0.23871588125 0.8631987265625 0.2450967484375
0 0.8608995374999999 0.2519684515625 0.8631987265625 0.2519684515625 0.8631987265625 0.2401883890625 0.8608995374999999 0.2401883890625 0.8608995374999999 0.2519684515625
0 0.8587842828125 0.24673286874999997 0.8616352781250001 0.24673286874999997 0.8616352781250001 0.23642531406249997 0.8587842828125 0.23642531406249997 0.8587842828125 0.24673286874999997
0 0.863639878125 0.2591964375 0.8660130828125 0.2591964375 0.8660130828125 0.2484739625 0.863639878125 0.2484739625 0.863639878125 0.2591964375
0 0.8661260921875 0.2571859734375 0.869102015625 0.2571859734375 0.869102015625 0.24673156093749998 0.8661260921875 0.24673156093749998 0.8661260921875 0.2571859734375
0 0.8510984781250001 0.25662223281249996 0.8536735703125 0.25662223281249996 0.8536735703125 0.24369688437499998 0.8510984781250001 0.24369688437499998 0.8510984781250001 0.25662223281249996
0 0.8484314171874999 0.24713273593750001 0.8510984781250001 0.24713273593750001 0.8510984781250001 0.23698879375 0.8484314171874999 0.23698879375 0.8484314171874999 0.24713273593750001
0 0.8464081312499999 0.251877484375 0.8494430609375 0.251877484375 0.8494430609375 0.24058825625 0.8464081312499999 0.24058825625 0.8464081312499999 0.251877484375
0 0.8381408312499999 0.2871273984375 0.8419344953125 0.2871273984375 0.8419344953125 0.269743625 0.8381408312499999 0.269743625 0.8381408312499999 0.2871273984375
0 0.8363014796874999 0.2771061640625 0.8381408312499999 0.2771061640625 0.8381408312499999 0.26565332656249996 0.8363014796874999 0.26565332656249996 0.8363014796874999 0.2771061640625
0 0.837106196875 0.269743625 0.8400951437499999 0.269743625 0.8400951437499999 0.26094948125 0.837106196875 0.26094948125 0.837106196875 0.269743625
0 0.8403250625 0.271788775 0.843314009375 0.271788775 0.843314009375 0.25890433125 0.8403250625 0.25890433125 0.8403250625 0.271788775
0 0.8425307390625001 0.24578068593750002 0.8446402546874999 0.24578068593750002 0.8446402546874999 0.2390121234375 0.8425307390625001 0.2390121234375 0.8425307390625001 0.24578068593750002
0 0.8422293796875 0.255765990625 0.8443388953125 0.255765990625 0.8443388953125 0.24725502656249998 0.8422293796875 0.24725502656249998 0.8422293796875 0.255765990625
0 0.840195203125 0.2443063453125 0.84286976875 0.2443063453125 0.84286976875 0.237537784375 0.840195203125 0.237537784375 0.840195203125 0.2443063453125
0 0.83767131875 0.24819324375 0.8402328734375001 0.24819324375 0.8402328734375001 0.241223634375 0.83767131875 0.241223634375 0.83767131875 0.24819324375
0 0.8336029671875 0.24537859375 0.8365412203125 0.24537859375 0.8365412203125 0.23539328906249998 0.8336029671875 0.23539328906249998 0.8336029671875 0.24537859375
0 0.8278637843750001 0.2467384703125 0.8297472812500001 0.2467384703125 0.8297472812500001 0.23836153750000003 0.8278637843750001 0.23836153750000003 0.8278637843750001 0.2467384703125
0 0.8238613546875001 0.245146853125 0.8264511625000001 0.245146853125 0.8264511625000001 0.23559714999999998 0.8238613546875001 0.23559714999999998 0.8238613546875001 0.245146853125
0 0.818210865625 0.2407070796875 0.8210831984375 0.2407070796875 0.8210831984375 0.23258145312499998 0.818210865625 0.23258145312499998 0.818210865625 0.2407070796875
0 0.8294045687499999 0.2417573453125 0.8323475312500002 0.2417573453125 0.8323475312500002 0.2333804125 0.8294045687499999 0.2333804125 0.8294045687499999 0.2417573453125
0 0.8202370984375001 0.2768859640625 0.8236950796875 0.2768859640625 0.8236950796875 0.261702771875 0.8202370984375001 0.261702771875 0.8202370984375001 0.2768859640625
0 0.8175884312499999 0.273482834375 0.8211199875 0.273482834375 0.8211199875 0.2619645515625 0.8175884312499999 0.2619645515625 0.8175884312499999 0.273482834375
0 0.8186920421874999 0.2764932953125 0.8186920421874999 0.2619645515625 0.8153076359375 0.2619645515625 0.8153076359375 0.2764932953125 0.8166577921875 0.2764932953125 0.8186920421874999 0.2764932953125
0 0.81766200625 0.257776084375 0.8211935609375001 0.257776084375 0.8211935609375001 0.24717402812499997 0.81766200625 0.24717402812499997 0.81766200625 0.257776084375
0 0.814866190625 0.256205409375 0.8186184687499999 0.256205409375 0.8186184687499999 0.24416356718749999 0.814866190625 0.24416356718749999 0.814866190625 0.256205409375
0 0.8126589687500001 0.256205409375 0.8153076359375 0.256205409375 0.8153076359375 0.244818015625 0.8126589687500001 0.244818015625 0.8126589687500001 0.256205409375
0 0.8121439500000001 0.244818015625 0.8153076359375 0.244818015625 0.8153076359375 0.23879709531249999 0.8121439500000001 0.23879709531249999 0.8121439500000001 0.244818015625
0 0.8086859687499999 0.24416356718749999 0.8121439500000001 0.24416356718749999 0.8121439500000001 0.23473951718750002 0.8086859687499999 0.23473951718750002 0.8086859687499999 0.24416356718749999
0 0.8072880609374999 0.24743580625 0.8072880609374999 0.23487040625 0.8042715250000001 0.23487040625 0.8042715250000001 0.24743580625 0.8048601171875 0.24743580625 0.8072880609374999 0.24743580625
0 0.8083180984375 0.24743580625 0.8048601171875 0.24743580625 0.8048601171875 0.2586923109375 0.8083180984375 0.2586923109375 0.8083180984375 0.24743580625
0 0.800592821875 0.244032678125 0.8033150609374999 0.244032678125 0.8033150609374999 0.23408506875 0.800592821875 0.23408506875 0.800592821875 0.244032678125
0 0.7977234328125 0.24193844375 0.800592821875 0.24193844375 0.800592821875 0.23343062187500002 0.7977234328125 0.23343062187500002 0.7977234328125 0.24193844375
0 0.7900717296875001 0.24180755468749998 0.7939711546875 0.24180755468749998 0.7939711546875 0.23159816718749998 0.7900717296875001 0.23159816718749998 0.7900717296875001 0.24180755468749998
0 0.77991850625 0.238142646875 0.7830086171875 0.238142646875 0.7830086171875 0.2308128296875 0.77991850625 0.2308128296875 0.77991850625 0.238142646875
0 0.77697554375 0.2450797953125 0.77999208125 0.2450797953125 0.77999208125 0.234215959375 0.77697554375 0.234215959375 0.77697554375 0.2450797953125
0 0.7780791546875 0.2431164515625 0.7780791546875 0.2326452828125 0.7751361921875 0.2326452828125 0.7751361921875 0.2431164515625 0.7755972484375 0.2431164515625 0.7780791546875 0.2431164515625
0 0.76711661875 0.2509698265625 0.771825359375 0.2509698265625 0.771825359375 0.240105990625 0.76711661875 0.240105990625 0.76711661875 0.2509698265625
0 0.8078030796875 0.27387550312500003 0.811996803125 0.27387550312500003 0.811996803125 0.2626189984375 0.8078030796875 0.2626189984375 0.8078030796875 0.27387550312500003
0 0.8019907281249999 0.2788493078125 0.804933690625 0.2788493078125 0.804933690625 0.26576035 0.8019907281249999 0.26576035 0.8019907281249999 0.2788493078125
0 0.7998570796875 0.2788493078125 0.8028000437500001 0.2788493078125 0.8028000437500001 0.2698179265625 0.7998570796875 0.2698179265625 0.7998570796875 0.2788493078125
0 0.7991949140625 0.2698179265625 0.8013285625 0.2698179265625 0.8013285625 0.26144099375 0.7991949140625 0.26144099375 0.7991949140625 0.2698179265625
0 0.7964726734375 0.267331025 0.7991949140625 0.267331025 0.7991949140625 0.26000120781249997 0.7964726734375 0.26000120781249997 0.7964726734375 0.267331025
0 0.7958105062499999 0.2839540015625 0.79875346875 0.2839540015625 0.79875346875 0.267592803125 0.7958105062499999 0.267592803125 0.7958105062499999 0.2839540015625
0 0.79382400625 0.2791110875 0.7963990984375 0.2791110875 0.7963990984375 0.267200134375 0.79382400625 0.267200134375 0.79382400625 0.2791110875
0 0.7872876859375 0.2744723609375 0.7896420562500001 0.2744723609375 0.7896420562500001 0.2660954265625 0.7872876859375 0.2660954265625 0.7872876859375 0.2744723609375
0 0.78945370625 0.2794985203125 0.7927969125 0.2794985203125 0.7927969125 0.26785458281249996 0.78945370625 0.26785458281249996 0.78945370625 0.2794985203125
0 0.781825546875 0.28276552499999996 0.7854512765624999 0.28276552499999996 0.7854512765624999 0.2687760453125 0.781825546875 0.2687760453125 0.781825546875 0.28276552499999996
0 0.7726138890625001 0.28777106875 0.7757177953125 0.28777106875 0.7757177953125 0.273045990625 0.7726138890625001 0.273045990625 0.7726138890625001 0.28777106875
0 0.777327228125 0.2855214046875 0.780890971875 0.2855214046875 0.780890971875 0.2687511765625 0.777327228125 0.2687511765625 0.777327228125 0.2855214046875
0 0.76433680625 0.287975584375 0.7687052671875 0.287975584375 0.7687052671875 0.26609248281250003 0.76433680625 0.26609248281250003 0.76433680625 0.287975584375
0 0.7591636296875001 0.28511237500000003 0.7618076968749999 0.28511237500000003 0.7618076968749999 0.27018278125 0.7591636296875001 0.27018278125 0.7591636296875001 0.28511237500000003
0 0.755369965625 0.2896117046875 0.75858883125 0.2896117046875 0.75858883125 0.273455021875 0.755369965625 0.273455021875 0.755369965625 0.2896117046875
0 0.754680209375 0.27570468593749997 0.75858883125 0.27570468593749997 0.75858883125 0.26404733125 0.754680209375 0.26404733125 0.754680209375 0.27570468593749997
0 0.7558298046875 0.2480951625 0.7588187515625 0.2480951625 0.7588187515625 0.236642325 0.7558298046875 0.236642325 0.7558298046875 0.2480951625
0 0.7533006953125 0.23950553437500002 0.7568644390625 0.23950553437500002 0.7568644390625 0.225598515625 0.7533006953125 0.225598515625 0.7533006953125 0.23950553437500002
0 0.748932234375 0.2908387953125 0.7529558171875 0.2908387953125 0.7529558171875 0.27018278125 0.748932234375 0.27018278125 0.748932234375 0.2908387953125
0 0.7459432875 0.2824536796875 0.7499668703125 0.2824536796875 0.7499668703125 0.26711505625 0.7459432875 0.26711505625 0.7459432875 0.2824536796875
0 0.74191970625 0.2824536796875 0.7459432875 0.2824536796875 0.7459432875 0.26854666250000003 0.74191970625 0.26854666250000003 0.74191970625 0.2824536796875
0 0.7359418124999999 0.2865439796875 0.7406551515625 0.2865439796875 0.7406551515625 0.27038729687499996 0.7359418124999999 0.27038729687499996 0.7359418124999999 0.2865439796875
0 0.7319182312500001 0.2865439796875 0.7359418124999999 0.2865439796875 0.7359418124999999 0.2699782671875 0.7319182312500001 0.2699782671875 0.7319182312500001 0.2865439796875
0 0.7251356203125 0.2859304359375 0.729619040625 0.2859304359375 0.729619040625 0.2693647203125 0.7251356203125 0.2693647203125 0.7251356203125 0.2859304359375
0 0.729848959375 0.265274421875 0.7337575828125 0.265274421875 0.7337575828125 0.25238997812499997 0.729848959375 0.25238997812499997 0.729848959375 0.265274421875
0 0.7275497703125 0.2628202421875 0.7309985546875 0.2628202421875 0.7309985546875 0.25279900781250003 0.7275497703125 0.25279900781250003 0.7275497703125 0.2628202421875
0 0.74703814375 0.2501990828125 0.74963736875 0.2501990828125 0.74963736875 0.23639389687499998 0.74703814375 0.23639389687499998 0.74703814375 0.2501990828125
0 0.7454936765625 0.249394896875 0.747527853125 0.249394896875 0.747527853125 0.23565672499999998 0.7454936765625 0.23565672499999998 0.7454936765625 0.249394896875
0 0.7414629953125 0.24282738125 0.7444012484375 0.24282738125 0.7444012484375 0.2270787453125 0.7414629953125 0.2270787453125 0.7414629953125 0.24282738125
0 0.7360108625 0.243125809375 0.739615990625 0.243125809375 0.739615990625 0.227811728125 0.7360108625 0.227811728125 0.7360108625 0.243125809375
0 0.7329830921875 0.23477247031249998 0.7354846109375 0.23477247031249998 0.7354846109375 0.22587197812499998 0.7329830921875 0.22587197812499998 0.7329830921875 0.23477247031249998
0 0.730260853125 0.233725353125 0.7329830921875 0.233725353125 0.7329830921875 0.2261337578125 0.730260853125 0.2261337578125 0.730260853125 0.233725353125
0 0.7278329078125 0.23215467812499999 0.730260853125 0.23215467812499999 0.730260853125 0.22534842031250002 0.7278329078125 0.22534842031250002 0.7278329078125 0.23215467812499999
0 0.7254785375 0.2311075609375 0.7278329078125 0.2311075609375 0.7278329078125 0.22364685468749998 0.7254785375 0.22364685468749998 0.7254785375 0.2311075609375
0 0.7219469828125 0.23228556875 0.7251106671875001 0.23228556875 0.7251106671875001 0.225479309375 0.7219469828125 0.225479309375 0.7219469828125 0.23228556875
0 0.7156196109375 0.2661859703125 0.7192247421875 0.2661859703125 0.7192247421875 0.25322790156249997 0.7156196109375 0.25322790156249997 0.7156196109375 0.2661859703125
0 0.711352315625 0.2663168609375 0.7144424265625 0.2663168609375 0.7144424265625 0.2528352328125 0.711352315625 0.2528352328125 0.711352315625 0.2663168609375
0 0.7064228531250001 0.2816309421875 0.7085565015624999 0.2816309421875 0.7085565015624999 0.26644775 0.7064228531250001 0.26644775 0.7064228531250001 0.2816309421875
0 0.7142217046875 0.274301125 0.7181947046875 0.274301125 0.7181947046875 0.2672330875 0.7142217046875 0.2672330875 0.7142217046875 0.274301125
0 0.71311809375 0.285426740625 0.7156931859375 0.285426740625 0.7156931859375 0.2714215546875 0.71311809375 0.2714215546875 0.71311809375 0.285426740625
0 0.7098072609375 0.27770425468750004 0.71414813125 0.27770425468750004 0.71414813125 0.2646152953125 0.7098072609375 0.2646152953125 0.7098072609375 0.27770425468750004
0 0.7191217375 0.23294001562500002 0.7211818125 0.23294001562500002 0.7211818125 0.22466779374999998 0.7191217375 0.22466779374999998 0.7191217375 0.23294001562500002
0 0.7167673671875 0.2312646296875 0.7185920046875001 0.2312646296875 0.7185920046875001 0.22393481249999997 0.7167673671875 0.22393481249999997 0.7167673671875 0.2312646296875
0 0.7142364203125 0.2315787640625 0.71606105625 0.2315787640625 0.71606105625 0.2243536578125 0.7142364203125 0.2243536578125 0.7142364203125 0.2315787640625
0 0.71029285 0.231683475 0.7123529234375 0.231683475 0.7123529234375 0.2243536578125 0.71029285 0.2243536578125 0.71029285 0.231683475
0 0.7058784046875 0.2324164578125 0.7078796203125 0.2324164578125 0.7078796203125 0.2252960640625 0.7058784046875 0.2252960640625 0.7058784046875 0.2324164578125
0 0.8204284640624999 0.273482834375 0.8163818890625001 0.273482834375 0.8163818890625001 0.29269492812500003 0.8204284640624999 0.29269492812500003 0.8204284640624999 0.273482834375
0 0.7002187921875 0.291906065625 0.704529771875 0.291906065625 0.704529771875 0.2734997171875 0.7002187921875 0.2734997171875 0.7002187921875 0.291906065625
0 0.6969137062499999 0.289349628125 0.7002187921875 0.289349628125 0.7002187921875 0.2671086234375 0.6969137062499999 0.2671086234375 0.6969137062499999 0.289349628125
0 0.6917405296875 0.2625070375 0.6957641109375 0.2625070375 0.6957641109375 0.25355950625 0.6917405296875 0.25355950625 0.6917405296875 0.2625070375
0 0.6926027250000001 0.29267299687500004 0.6926027250000001 0.26992070468749996 0.6845555609374999 0.26992070468749996 0.6845555609374999 0.2914824671875 0.6845555609374999 0.29267299687500004 0.6926027250000001 0.29267299687500004
0 0.6943271171875001 0.2768230859375 0.6977759015625 0.2768230859375 0.6977759015625 0.25867238124999997 0.6943271171875001 0.25867238124999997 0.6943271171875001 0.2768230859375
0 0.700342115625 0.2318654859375 0.70218146875 0.2318654859375 0.70218146875 0.22352127500000002 0.700342115625 0.22352127500000002 0.700342115625 0.2318654859375
0 0.7037449171875 0.2339924421875 0.7052163984375 0.2339924421875 0.7052163984375 0.22695712656249997 0.7037449171875 0.22695712656249997 0.7037449171875 0.2339924421875
0 0.6950079953125 0.23219270937499997 0.697858990625 0.23219270937499997 0.697858990625 0.222703215625 0.6950079953125 0.222703215625 0.6950079953125 0.23219270937499997
0 0.6791895703125 0.23333799375000003 0.6813967921874999 0.23333799375000003 0.6813967921874999 0.22826602187499997 0.6791895703125 0.22826602187499997 0.6791895703125 0.23333799375000003
0 0.6915132265625 0.23268354531250002 0.6942722546875 0.23268354531250002 0.6942722546875 0.22695712656249997 0.6915132265625 0.22695712656249997 0.6915132265625 0.23268354531250002
0 0.672483015625 0.2327179203125 0.6740924484375 0.2327179203125 0.6740924484375 0.22371926250000002 0.672483015625 0.22371926250000002 0.672483015625 0.2327179203125
0 0.6746672453125 0.234763071875 0.67662155625 0.234763071875 0.67662155625 0.227605046875 0.6746672453125 0.227605046875 0.6746672453125 0.234763071875
0 0.6673098375000001 0.2321043765625 0.6706436625000001 0.2321043765625 0.6706436625000001 0.22678698593750002 0.6673098375000001 0.22678698593750002 0.6673098375000001 0.2321043765625
0 0.6616768234375 0.2321043765625 0.6657004046875 0.2321043765625 0.6657004046875 0.2257644125 0.6616768234375 0.2257644125 0.6616768234375 0.2321043765625
0 0.659607553125 0.2321043765625 0.6616768234375 0.2321043765625 0.6616768234375 0.2259689265625 0.659607553125 0.2259689265625 0.659607553125 0.2321043765625
0 0.657653240625 0.2321043765625 0.659607553125 0.2321043765625 0.659607553125 0.2271960171875 0.657653240625 0.2271960171875 0.657653240625 0.2321043765625
0 0.6497210359375 0.2329224359375 0.6524800640625 0.2329224359375 0.6524800640625 0.2247418375 0.6497210359375 0.2247418375 0.6497210359375 0.2329224359375
0 0.64707696875 0.2329224359375 0.6497210359375 0.2329224359375 0.6497210359375 0.2259689265625 0.64707696875 0.2259689265625 0.64707696875 0.2329224359375
0 0.6639364953125 0.2672795421875 0.6679600765625 0.2672795421875 0.6679600765625 0.2501514125 0.6639364953125 0.2501514125 0.6639364953125 0.2672795421875
0 0.6645112921875 0.2442716078125 0.6670978812499999 0.2442716078125 0.6670978812499999 0.2358353640625 0.6645112921875 0.2358353640625 0.6645112921875 0.2442716078125
0 0.6579011218749999 0.2521965625 0.6607751093750001 0.2521965625 0.6607751093750001 0.2383918015625 0.6579011218749999 0.2383918015625 0.6579011218749999 0.2521965625
0 0.6553145328125 0.2637005296875 0.659481815625 0.2637005296875 0.659481815625 0.24989576875 0.6553145328125 0.24989576875 0.6553145328125 0.2637005296875
0 0.65157835 0.26191102499999996 0.6553145328125 0.26191102499999996 0.6553145328125 0.24580547031250002 0.65157835 0.24580547031250002 0.65157835 0.26191102499999996
0 0.6397950031249999 0.25679815 0.6443933828125 0.25679815 0.6443933828125 0.24222645781250002 0.6397950031249999 0.24222645781250002 0.6397950031249999 0.25679815
0 0.6903771765625001 0.24350467656250002 0.693107465625 0.24350467656250002 0.693107465625 0.2355797203125 0.6903771765625001 0.2355797203125 0.6903771765625001 0.24350467656250002
0 0.69770584375 0.24401596250000002 0.7007235312500001 0.24401596250000002 0.7007235312500001 0.23634665156249998 0.69770584375 0.23634665156249998 0.69770584375 0.24401596250000002
0 0.7020168250000001 0.2532191375 0.7046034140625 0.2532191375 0.7046034140625 0.2406925953125 0.7020168250000001 0.2406925953125 0.7020168250000001 0.2532191375
0 0.70891439375 0.2528352328125 0.711352315625 0.2528352328125 0.711352315625 0.24273774375 0.70891439375 0.24273774375 0.70891439375 0.2528352328125
0 0.7148060671875001 0.24350467656250002 0.7176800546875001 0.24350467656250002 0.7176800546875001 0.23532407656249998 0.7148060671875001 0.23532407656249998 0.7148060671875001 0.24350467656250002
0 0.7158119640624999 0.24350467656250002 0.7158119640624999 0.23634665156249998 0.7123631781249999 0.23634665156249998 0.7123631781249999 0.24350467656250002 0.71310228125 0.24350467656250002 0.7158119640624999 0.24350467656250002
0 0.730260853125 0.24401596250000002 0.733630684375 0.24401596250000002 0.733630684375 0.233725353125 0.730260853125 0.233725353125 0.730260853125 0.24401596250000002
0 0.715550840625 0.21707409218749998 0.7319415484375 0.21707409218749998 0.7319415484375 0.207487453125 0.715550840625 0.207487453125 0.715550840625 0.21707409218749998
0 0.6724500140625 0.2731080015625 0.6787727859375 0.2731080015625 0.6787727859375 0.257769378125 0.6724500140625 0.257769378125 0.6724500140625 0.2731080015625
0 0.6671331374999999 0.2761757265625 0.670581921875 0.2761757265625 0.670581921875 0.263393540625 0.6671331374999999 0.263393540625 0.6671331374999999 0.2761757265625
0 0.6638280515625 0.28972484375 0.6669894375000001 0.28972484375 0.6669894375000001 0.2748975078125 0.6638280515625 0.2748975078125 0.6638280515625 0.28972484375
0 0.6575052796875 0.296627225 0.6626784578125 0.296627225 0.6626784578125 0.28154424375 0.6575052796875 0.28154424375 0.6575052796875 0.296627225
0 0.6520447046875001 0.2889579125 0.6563556859374999 0.2889579125 0.6563556859374999 0.2805216703125 0.6520447046875001 0.2805216703125 0.6520447046875001 0.2889579125
0 0.651182509375 0.29023613125000003 0.651182509375 0.272085428125 0.646727828125 0.272085428125 0.646727828125 0.29023613125000003 0.647101975 0.29023613125000003 0.651182509375 0.29023613125000003
0 0.636381475 0.29381514375 0.6422731484374999 0.29381514375 0.6422731484374999 0.27004027656249996 0.636381475 0.27004027656249996 0.636381475 0.29381514375
0 0.6323578921874999 0.2830781078125 0.636381475 0.2830781078125 0.636381475 0.268506415625 0.6323578921874999 0.268506415625 0.6323578921874999 0.2830781078125
0 0.6280469109375 0.26083710312499997 0.63221419375 0.26083710312499997 0.63221419375 0.252656503125 0.6280469109375 0.252656503125 0.6280469109375 0.26083710312499997
0 0.6245981281249999 0.29279256875000004 0.6279032125 0.29279256875000004 0.6279032125 0.2789878078125 0.6245981281249999 0.2789878078125 0.6245981281249999 0.29279256875000004
0 0.62646621875 0.2771983015625 0.6287654078125 0.2771983015625 0.6287654078125 0.2690177015625 0.62646621875 0.2690177015625 0.62646621875 0.2771983015625
0 0.6280469109375 0.2748975078125 0.6323578921874999 0.2748975078125 0.6323578921874999 0.265694334375 0.6280469109375 0.265694334375 0.6280469109375 0.2748975078125
0 0.6332200890624999 0.2748975078125 0.6280469109375 0.2748975078125 0.6280469109375 0.29509336249999996 0.6332200890624999 0.29509336249999996 0.6332200890624999 0.2748975078125
0 0.618850153125 0.2835893953125 0.6245981281249999 0.2835893953125 0.6245981281249999 0.2746418640625 0.618850153125 0.2746418640625 0.618850153125 0.2835893953125
0 0.615976165625 0.29381514375 0.6212930421875 0.29381514375 0.6212930421875 0.2789878078125 0.615976165625 0.2789878078125 0.615976165625 0.29381514375
0 0.6120962828125001 0.2920256375 0.615976165625 0.2920256375 0.615976165625 0.28103295781250004 0.6120962828125001 0.28103295781250004 0.6120962828125001 0.2920256375
0 0.6072105046875 0.2920256375 0.6120962828125001 0.2920256375 0.6120962828125001 0.2746418640625 0.6072105046875 0.2746418640625 0.6072105046875 0.2920256375
0 0.5955133765625 0.302558159375 0.5996806578125 0.302558159375 0.5996806578125 0.2821066609375 0.5955133765625 0.2821066609375 0.5955133765625 0.302558159375
0 0.6003991546874999 0.2785276484375 0.6026983453125 0.2785276484375 0.6026983453125 0.2647228875 0.6003991546874999 0.2647228875 0.6003991546874999 0.2785276484375
0 0.6025546453125 0.2777607171875 0.60557233125 0.2777607171875 0.60557233125 0.26139951875 0.6025546453125 0.26139951875 0.6025546453125 0.2777607171875
0 0.612644409375 0.26219929531249997 0.615822809375 0.26219929531249997 0.615822809375 0.2406286890625 0.612644409375 0.2406286890625 0.612644409375 0.26219929531249997
0 0.6096425875 0.25916265625 0.612644409375 0.25916265625 0.612644409375 0.24240878906250002 0.6096425875 0.24240878906250002 0.6096425875 0.25916265625
0 0.60363894375 0.246911390625 0.6069939203125 0.246911390625 0.6069939203125 0.239895709375 0.60363894375 0.239895709375 0.60363894375 0.246911390625
0 0.5993422171875 0.237801475 0.59681126875 0.237801475 0.59681126875 0.2459689859375 0.5993422171875 0.2459689859375 0.5993422171875 0.237801475
0 0.505447315625 0.3075972328125 0.509614596875 0.3075972328125 0.509614596875 0.291747321875 0.505447315625 0.291747321875 0.505447315625 0.3075972328125
0 0.5196735515625 0.28510058437499997 0.5239845328125 0.28510058437499997 0.5239845328125 0.2705288921875 0.5196735515625 0.2705288921875 0.5196735515625 0.28510058437499997
0 0.5239845328125 0.286123159375 0.5280081140624999 0.286123159375 0.5280081140624999 0.2666942359375 0.5239845328125 0.2666942359375 0.5239845328125 0.286123159375
0 0.5313131999999999 0.2687393859375 0.5280081140624999 0.2687393859375 0.5280081140624999 0.286123159375 0.5313131999999999 0.286123159375 0.5313131999999999 0.2687393859375
0 0.5282955125 0.2702732484375 0.5313131999999999 0.2702732484375 0.5313131999999999 0.261070075 0.5282955125 0.261070075 0.5282955125 0.2702732484375
0 0.5373485734375001 0.2868900921875 0.540509959375 0.2868900921875 0.540509959375 0.2728296859375 0.5373485734375001 0.2728296859375 0.5373485734375001 0.2868900921875
0 0.5399351609374999 0.2812659296875 0.54252175 0.2812659296875 0.54252175 0.26592730625 0.5399351609374999 0.26592730625 0.5399351609374999 0.2812659296875
0 0.54367134375 0.29634890937499997 0.54668903125 0.29634890937499997 0.54668903125 0.2820328609375 0.54367134375 0.2820328609375 0.54367134375 0.29634890937499997
0 0.5453957375 0.288423953125 0.548700821875 0.288423953125 0.548700821875 0.27206275625 0.5453957375 0.27206275625 0.5453957375 0.288423953125
0 0.5554546921875 0.2802433546875 0.5554546921875 0.2646490875 0.55243700625 0.2646490875 0.55243700625 0.2769881890625 0.55243700625 0.2802433546875 0.5554546921875 0.2802433546875
0 0.5666632421875001 0.298649703125 0.570399425 0.298649703125 0.570399425 0.28152157187500004 0.5666632421875001 0.28152157187500004 0.5666632421875001 0.298649703125
0 0.5709742234374999 0.29353682812500004 0.5738482109375 0.29353682812500004 0.5738482109375 0.2779425609375 0.5709742234374999 0.2779425609375 0.5709742234374999 0.29353682812500004
0 0.5734171124999999 0.288423953125 0.576722196875 0.288423953125 0.576722196875 0.27001760468749997 0.5734171124999999 0.27001760468749997 0.5734171124999999 0.288423953125
0 0.5787339874999999 0.2738522609375 0.5821827734375 0.2738522609375 0.5821827734375 0.25774670624999996 0.5787339874999999 0.25774670624999996 0.5787339874999999 0.2738522609375
0 0.5885055453125 0.26797245468750003 0.5926728265625 0.26797245468750003 0.5926728265625 0.2544233375 0.5885055453125 0.2544233375 0.5885055453125 0.26797245468750003
0 0.58591895625 0.26797245468750003 0.5885055453125 0.26797245468750003 0.5885055453125 0.2559572015625 0.58591895625 0.2559572015625 0.58591895625 0.26797245468750003
0 0.58721225 0.294559403125 0.5932476234375 0.294559403125 0.5932476234375 0.2748748359375 0.58721225 0.2748748359375 0.58721225 0.294559403125
0 0.5817516749999999 0.2868900921875 0.5850567609375 0.2868900921875 0.5850567609375 0.2758974109375 0.5817516749999999 0.2758974109375 0.5817516749999999 0.2868900921875
0 0.58721225 0.27922077968750003 0.5853441593750001 0.27922077968750003 0.5853441593750001 0.298138415625 0.58721225 0.298138415625 0.58721225 0.27922077968750003
0 0.56924983125 0.2666942359375 0.571261621875 0.2666942359375 0.571261621875 0.25825799374999997 0.56924983125 0.25825799374999997 0.56924983125 0.2666942359375
0 0.5665195421875 0.2710401796875 0.5693935296875 0.2710401796875 0.5693935296875 0.25723541875 0.5665195421875 0.25723541875 0.5665195421875 0.2710401796875
0 0.56350185625 0.2687393859375 0.5665195421875 0.2687393859375 0.5665195421875 0.25519026875 0.56350185625 0.25519026875 0.56350185625 0.2687393859375
0 0.5594782734375 0.26797245468750003 0.5616337640625 0.26797245468750003 0.5616337640625 0.25902492499999996 0.5594782734375 0.25902492499999996 0.5594782734375 0.26797245468750003
0 0.5617774640625 0.26030314374999997 0.56350185625 0.26030314374999997 0.56350185625 0.2544233375 0.5617774640625 0.2544233375 0.5617774640625 0.26030314374999997
0 0.557179084375 0.2574910625 0.5587597765625001 0.2574910625 0.5587597765625001 0.2475209578125 0.557179084375 0.2475209578125 0.557179084375 0.2574910625
0 0.571117921875 0.2472653140625 0.573991909375 0.2472653140625 0.573991909375 0.2395960015625 0.571117921875 0.2395960015625 0.571117921875 0.2472653140625
0 0.576722196875 0.2434306578125 0.5784465890625 0.2434306578125 0.5784465890625 0.23397184062499998 0.576722196875 0.23397184062499998 0.576722196875 0.2434306578125
0 0.5114826875 0.2822885046875 0.516655865625 0.2822885046875 0.516655865625 0.26285958125 0.5114826875 0.26285958125 0.5114826875 0.2822885046875
0 0.5008489359375 0.2843336546875 0.50458511875 0.2843336546875 0.50458511875 0.2718071109375 0.5008489359375 0.2718071109375 0.5008489359375 0.2843336546875
0 0.5063095109375 0.2794764234375 0.5114826875 0.2794764234375 0.5114826875 0.26439344375 0.5063095109375 0.26439344375 0.5063095109375 0.2794764234375
0 0.494095065625 0.29430375937500003 0.49754385 0.29430375937500003 0.49754385 0.2799877109375 0.494095065625 0.2799877109375 0.494095065625 0.29430375937500003
0 0.4917958765625 0.28510058437499997 0.494095065625 0.28510058437499997 0.494095065625 0.27461919218749997 0.4917958765625 0.27461919218749997 0.4917958765625 0.28510058437499997
0 0.4887781890625 0.29225860937500003 0.492083275 0.29225860937500003 0.492083275 0.2769199859375 0.4887781890625 0.2769199859375 0.4887781890625 0.29225860937500003
0 0.4847546078125 0.2868900921875 0.48734119531250003 0.2868900921875 0.48734119531250003 0.2735966171875 0.4847546078125 0.2735966171875 0.4847546078125 0.2868900921875
0 0.44724907500000005 0.3068303015625 0.451991153125 0.3068303015625 0.451991153125 0.292002965625 0.44724907500000005 0.292002965625 0.44724907500000005 0.3068303015625
0 0.47986882968749994 0.25161125625 0.47986882968749994 0.2403629328125 0.47685114375 0.2403629328125 0.47685114375 0.24573145156249998 0.47685114375 0.25161125625 0.47986882968749994 0.25161125625
0 0.46779808281249996 0.224768665625 0.47067207031249997 0.224768665625 0.47067207031249997 0.2165880671875 0.46779808281249996 0.2165880671875 0.46779808281249996 0.224768665625
0 0.47268386093750003 0.25288947500000003 0.47555784843750004 0.25288947500000003 0.47555784843750004 0.24189679531250002 0.47268386093750003 0.24189679531250002 0.47268386093750003 0.25288947500000003
0 0.4665047890625 0.25416769375000003 0.4696661750000001 0.25416769375000003 0.4696661750000001 0.24522016406249997 0.4665047890625 0.24522016406249997 0.4665047890625 0.25416769375000003
0 0.507339778125 0.24185916562499998 0.509282134375 0.24185916562499998 0.509282134375 0.23431992343750002 0.507339778125 0.23431992343750002 0.507339778125 0.24185916562499998
0 0.5097530078125 0.24185916562499998 0.5117542234375 0.24185916562499998 0.5117542234375 0.233063384375 0.5097530078125 0.233063384375 0.5097530078125 0.24185916562499998
0 0.5157566515625 0.2389272375 0.5178755859375 0.2389272375 0.5178755859375 0.23222569062499998 0.5157566515625 0.23222569062499998 0.5157566515625 0.2389272375
0 0.51840531875 0.239346084375 0.5206419703125 0.239346084375 0.5206419703125 0.23400578906249997 0.51840531875 0.23400578906249997 0.51840531875 0.239346084375
0 0.5212894218749999 0.23819425624999999 0.5235849328125 0.23819425624999999 0.5235849328125 0.23243511562500002 0.5212894218749999 0.23243511562500002 0.5212894218749999 0.23819425624999999
0 0.524585540625 0.23662358125 0.5267633328125 0.23662358125 0.5267633328125 0.2305503046875 0.524585540625 0.2305503046875 0.524585540625 0.23662358125
0 0.5281759546875 0.236204734375 0.5298240140624999 0.236204734375 0.5298240140624999 0.23065501562500001 0.5281759546875 0.23065501562500001 0.5281759546875 0.236204734375
0 0.5362985328125001 0.235367040625 0.5396535109375 0.235367040625 0.5396535109375 0.22793251250000002 0.5362985328125001 0.22793251250000002 0.5362985328125001 0.235367040625
0 0.5409484140625 0.233796365625 0.5425964734375001 0.233796365625 0.5425964734375001 0.2274089546875 0.5409484140625 0.2274089546875 0.5409484140625 0.233796365625
0 0.5445737765625001 0.2512472203125 0.5472178453125001 0.2512472203125 0.5472178453125001 0.24102147031249999 0.5445737765625001 0.24102147031249999 0.5445737765625001 0.2512472203125
0 0.54204466875 0.25574655 0.5451485734375 0.25574655 0.5451485734375 0.24102147031249999 0.54204466875 0.24102147031249999 0.54204466875 0.25574655
0 0.49813014375 0.2661768140625 0.501578928125 0.2661768140625 0.501578928125 0.2537014 0.49813014375 0.2537014 0.49813014375 0.2661768140625
0 0.5536555765625 0.21893385312500002 0.5536555765625 0.236931171875 0.56917510625 0.236931171875 0.56917510625 0.2172977328125 0.5558398062500001 0.2172977328125 0.5536555765625 0.2172977328125 0.5536555765625 0.21893385312500002
0 0.5849245562500001 0.2175022484375 0.5727388515625 0.2175022484375 0.5727388515625 0.232840871875 0.5849245562500001 0.232840871875 0.5849245562500001 0.2175022484375
0 0.531571678125 0.227854621875 0.53433070625 0.227854621875 0.53433070625 0.21578823749999998 0.531571678125 0.21578823749999998 0.531571678125 0.227854621875
0 0.5127183234375 0.23222569062499998 0.5157566515625 0.23222569062499998 0.5157566515625 0.220696596875 0.5127183234375 0.220696596875 0.5127183234375 0.23222569062499998
0 0.5327212734375 0.238284884375 0.53628501875 0.238284884375 0.53628501875 0.229899771875 0.5327212734375 0.229899771875 0.5327212734375 0.238284884375
0 0.5318015984375 0.23065501562500001 0.5298240140624999 0.23065501562500001 0.5298240140624999 0.2407390640625 0.5318015984375 0.2407390640625 0.5318015984375 0.23065501562500001
0 0.5269733000000001 0.258327353125 0.5346755859375 0.258327353125 0.5346755859375 0.2462609703125 0.5269733000000001 0.2462609703125 0.5269733000000001 0.258327353125
0 0.5105340921875 0.258327353125 0.5232945953125 0.258327353125 0.5232945953125 0.249533209375 0.5105340921875 0.249533209375 0.5105340921875 0.258327353125
0 0.48237505625 0.2689748171875 0.4938710046875 0.2689748171875 0.4938710046875 0.254275303125 0.48237505625 0.254275303125 0.48237505625 0.2689748171875
0 0.46243677031249997 0.28718943124999996 0.47644745781250003 0.28718943124999996 0.47644745781250003 0.26577927031250004 0.46243677031249997 0.26577927031250004 0.46243677031249997 0.28718943124999996
0 0.43962449687500005 0.28463299375 0.4597424078125 0.28463299375 0.4597424078125 0.27121169843750004 0.43962449687500005 0.27121169843750004 0.43962449687500005 0.28463299375
0 0.4248953125 0.2958174078125 0.43675050937500004 0.2958174078125 0.43675050937500004 0.2744072453125 0.4248953125 0.2744072453125 0.4248953125 0.2958174078125
0 0.42838821562499996 0.2647700703125 0.43413619062500003 0.2647700703125 0.43413619062500003 0.24764194062499997 0.42838821562499996 0.24764194062499997 0.42838821562499996 0.2647700703125
0 0.4351420859375 0.26374749531249997 0.438159771875 0.26374749531249997 0.438159771875 0.24815322812499999 0.4351420859375 0.24815322812499999 0.4351420859375 0.26374749531249997
0 0.438159771875 0.26195799062499997 0.4413211578125 0.26195799062499997 0.4413211578125 0.24815322812499999 0.438159771875 0.24815322812499999 0.438159771875 0.26195799062499997
0 0.4413211578125 0.26195799062499997 0.4457758375 0.26195799062499997 0.4457758375 0.2473862984375 0.4413211578125 0.2473862984375 0.4413211578125 0.26195799062499997
0 0.45008681875 0.2473862984375 0.4457758375 0.2473862984375 0.4457758375 0.260679771875 0.45008681875 0.260679771875 0.45008681875 0.2473862984375
0 0.4518112109375 0.257100759375 0.45597849375 0.257100759375 0.45597849375 0.2450855046875 0.4518112109375 0.2450855046875 0.4518112109375 0.257100759375
0 0.36815901875 0.2807844515625 0.37516436249999996 0.2807844515625 0.37516436249999996 0.2657653828125 0.36815901875 0.2657653828125 0.36815901875 0.2807844515625
0 0.36151292343749997 0.2807844515625 0.36815901875 0.2807844515625 0.36815901875 0.26800226562499996 0.36151292343749997 0.26800226562499996 0.36151292343749997 0.2807844515625
0 0.359375 0.2807844515625 0.36151292343749997 0.2807844515625 0.36151292343749997 0.2676827109375 0.359375 0.2676827109375 0.359375 0.2807844515625
0 0.3769606046875 0.27886712343750003 0.38001421562500004 0.27886712343750003 0.38001421562500004 0.2596938453125 0.3769606046875 0.2596938453125 0.3769606046875 0.27886712343750003
0 0.379734596875 0.303067759375 0.41393504375 0.303067759375 0.41393504375 0.284150125 0.379734596875 0.284150125 0.379734596875 0.303067759375
0 0.59158844375 0.22929936562500003 0.6175974328125 0.22929936562500003 0.6175974328125 0.2144513828125 0.59158844375 0.2144513828125 0.59158844375 0.22929936562500003
0 0.6208970796875001 0.21652319375 0.6457414874999999 0.21652319375 0.6457414874999999 0.20754534531250002 0.6208970796875001 0.20754534531250002 0.6208970796875001 0.21652319375
0 0.4038967109375 0.28420236875 0.42253001562500003 0.28420236875 0.42253001562500003 0.2659013671875 0.4038967109375 0.2659013671875 0.4038967109375 0.28420236875
0 0.359375 0.30561675625 0.3790990453125 0.30561675625 0.3790990453125 0.2844014078125 0.359375 0.2844014078125 0.359375 0.30561675625
0 0.3927137796875 0.2889980671875 0.4046390953125 0.2889980671875 0.4046390953125 0.266191565625 0.3927137796875 0.266191565625 0.3927137796875 0.2889980671875
0 0.436006496875 0.2974658296875 0.44724907500000005 0.2974658296875 0.44724907500000005 0.276533353125 0.436006496875 0.276533353125 0.436006496875 0.2974658296875
0 0.4687613640625 0.2718659765625 0.48299224062499996 0.2718659765625 0.48299224062499996 0.25602518124999996 0.4687613640625 0.25602518124999996 0.4687613640625 0.2718659765625
0 0.49563307500000003 0.2843336546875 0.5008489359375 0.2843336546875 0.5008489359375 0.268330084375 0.49563307500000003 0.268330084375 0.49563307500000003 0.2843336546875
0 0.5021522468749999 0.26861295625000003 0.5091484328125 0.26861295625000003 0.5091484328125 0.25022632031250003 0.5021522468749999 0.25022632031250003 0.5021522468749999 0.26861295625000003
0 0.5666632421875001 0.31694088593749997 0.5710780875 0.31694088593749997 0.5710780875 0.298649703125 0.5666632421875001 0.298649703125 0.5666632421875001 0.31694088593749997
0 0.5436498625 0.3135817890625 0.5470287015624999 0.3135817890625 0.5470287015624999 0.297670278125 0.5436498625 0.297670278125 0.5436498625 0.3135817890625
0 0.5816121171875 0.3185320375 0.5995000890625001 0.3185320375 0.5995000890625001 0.295018359375 0.5816121171875 0.295018359375 0.5816121171875 0.3185320375
0 0.6072105046875 0.31694088593749997 0.6404436734375001 0.31694088593749997 0.6404436734375001 0.2920256375 0.6072105046875 0.2920256375 0.6072105046875 0.31694088593749997
0 0.668965053125 0.294487975 0.64740010625 0.294487975 0.64740010625 0.31057628125000003 0.668965053125 0.31057628125000003 0.668965053125 0.294487975
0 0.673238290625 0.2875929859375 0.6779090390625 0.2875929859375 0.6779090390625 0.27504057187500003 0.673238290625 0.27504057187500003 0.673238290625 0.2875929859375
0 0.652468365625 0.2755709546875 0.6548534296875 0.2755709546875 0.6548534296875 0.2635489234375 0.652468365625 0.2635489234375 0.652468365625 0.2755709546875
0 0.658331646875 0.260366621875 0.6565428484375 0.260366621875 0.6565428484375 0.2727422421875 0.658331646875 0.2727422421875 0.658331646875 0.260366621875
0 0.6095372296875 0.2713278859375 0.612319803125 0.2713278859375 0.612319803125 0.2624881578125 0.6095372296875 0.2624881578125 0.6095372296875 0.2713278859375
0 0.6916231515625 0.2914824671875 0.6845555609374999 0.2914824671875 0.6845555609374999 0.30615641718750003 0.6916231515625 0.30615641718750003 0.6916231515625 0.2914824671875
0 0.696890165625 0.3049188546875 0.70315095625 0.3049188546875 0.70315095625 0.29095208437500003 0.696890165625 0.29095208437500003 0.696890165625 0.3049188546875
0 0.7054366421875 0.3043884703125 0.723125859375 0.3043884703125 0.723125859375 0.2838803 0.7054366421875 0.2838803 0.7054366421875 0.3043884703125
0 0.7256103015625 0.3040348828125 0.751945371875 0.3040348828125 0.751945371875 0.2879465765625 0.7256103015625 0.2879465765625 0.7256103015625 0.3040348828125
0 0.7550260796874999 0.3040348828125 0.767746415625 0.3040348828125 0.767746415625 0.2913056734375 0.7550260796874999 0.2913056734375 0.7550260796874999 0.3040348828125
0 0.7714233875 0.3027973203125 0.7856343890625 0.3027973203125 0.7856343890625 0.2879465765625 0.7714233875 0.2879465765625 0.7714233875 0.3027973203125
0 0.7864294093749999 0.2983774546875 0.7978578375 0.2983774546875 0.7978578375 0.282996328125 0.7864294093749999 0.282996328125 0.7864294093749999 0.2983774546875
0 0.7733115625 0.273803009375 0.777327228125 0.273803009375 0.777327228125 0.2623113625 0.7733115625 0.2623113625 0.7733115625 0.273803009375
0 0.784541234375 0.2700903234375 0.7872876859375 0.2700903234375 0.7872876859375 0.261780978125 0.784541234375 0.261780978125 0.784541234375 0.2700903234375
0 0.77917484375 0.2431164515625 0.7755972484375 0.2431164515625 0.7755972484375 0.25470919531249997 0.77917484375 0.25470919531249997 0.77917484375 0.2431164515625
0 0.7676470375 0.260543415625 0.7707277453125 0.260543415625 0.7707277453125 0.2525876609375 0.7676470375 0.2525876609375 0.7676470375 0.260543415625
0 0.7461814703125 0.25948265 0.7496596875 0.25948265 0.7496596875 0.2518804828125 0.7461814703125 0.2518804828125 0.7461814703125 0.25948265
0 0.8164414531249999 0.307393978125 0.81982029375 0.307393978125 0.81982029375 0.295018359375 0.8164414531249999 0.295018359375 0.8164414531249999 0.307393978125
0 0.8006404109374999 0.2932504125 0.8097831531249999 0.2932504125 0.8097831531249999 0.28122838125 0.8006404109374999 0.28122838125 0.8006404109374999 0.2932504125
0 0.8361182249999999 0.300498990625 0.8425777703125 0.300498990625 0.8425777703125 0.28511786250000004 0.8361182249999999 0.28511786250000004 0.8361182249999999 0.300498990625
0 0.8586769453125 0.2974934828125 0.866030890625 0.2974934828125 0.866030890625 0.28122838125 0.8586769453125 0.28122838125 0.8586769453125 0.2974934828125
0 0.8701053734374999 0.29855425 0.8758692765625 0.29855425 0.8758692765625 0.2854714515625 0.8701053734374999 0.2854714515625 0.8701053734374999 0.29855425
0 0.8869995703125 0.2955487421875 0.8912728093750001 0.2955487421875 0.8912728093750001 0.28264273906250004 0.8869995703125 0.28264273906250004 0.8869995703125 0.2955487421875
0 0.8981199359375001 0.2983774546875 0.9019062140624999 0.2983774546875 0.9019062140624999 0.282231334375 0.8981199359375001 0.282231334375 0.8981199359375001 0.2983774546875
0 0.9065769640625 0.281758765625 0.9036950125000001 0.281758765625 0.9036950125000001 0.29254323437499996 0.9065769640625 0.29254323437499996 0.9065769640625 0.281758765625
0 0.9096576703124999 0.29572553749999997 0.9164153484374999 0.29572553749999997 0.9164153484374999 0.2684991734375 0.9096576703124999 0.2684991734375 0.9096576703124999 0.29572553749999997
0 1 0.2660240484375 0.9809114296875 0.2660240484375 0.9809114296875 0.277515696875 1 0.277515696875 1 0.2660240484375
0 0.9738556171875 0.2623113625 0.968787359375 0.2623113625 0.968787359375 0.2727422421875 0.9738556171875 0.2727422421875 0.9738556171875 0.2623113625
0 0.9651103875 0.27433339375 0.96154236875 0.27433339375 0.96154236875 0.286355425 0.9651103875 0.286355425 0.9651103875 0.27433339375
0 0.9485143218750001 0.2734494203125 0.96154236875 0.2734494203125 0.96154236875 0.2610738 0.9485143218750001 0.2610738 0.9485143218750001 0.2734494203125
0 0.94364481875 0.27212870312500004 0.9333154734375 0.27212870312500004 0.9333154734375 0.2868858078125 0.94364481875 0.2868858078125 0.94364481875 0.27212870312500004
0 0.9284400406250001 0.27893005312499997 0.932514525 0.27893005312499997 0.932514525 0.2660240484375 0.9284400406250001 0.2660240484375 0.9284400406250001 0.27893005312499997
0 0.917409125 0.2745101890625 0.9206885859374999 0.2745101890625 0.9206885859374999 0.2647864859375 0.917409125 0.2647864859375 0.917409125 0.2745101890625
0 0.922278628125 0.26991352968750004 0.9284400406250001 0.26991352968750004 0.9284400406250001 0.2600130328125 0.922278628125 0.2600130328125 0.922278628125 0.26991352968750004
0 0.8794468703125 0.2693831453125 0.8824282 0.2693831453125 0.8824282 0.2612505953125 0.8794468703125 0.2612505953125 0.8794468703125 0.2693831453125
0 0.8842311265625 0.2623113625 0.8866020593750001 0.2623113625 0.8866020593750001 0.25159778906249997 0.8842311265625 0.25159778906249997 0.8842311265625 0.2623113625
0 0.78740860625 0.2201699234375 0.7932090796875 0.2201699234375 0.7932090796875 0.210122334375 0.78740860625 0.210122334375 0.78740860625 0.2201699234375
0 0.672832671875 0.260313640625 0.6783685609375001 0.260313640625 0.6783685609375001 0.24808997812500003 0.672832671875 0.24808997812500003 0.672832671875 0.260313640625
0 0.5567839609374999 0.2754866296875 0.559185559375 0.2754866296875 0.559185559375 0.2591208265625 0.5567839609374999 0.2591208265625 0.5567839609374999 0.2754866296875
0 0.717304753125 0.285494821875 0.723125859375 0.285494821875 0.723125859375 0.270921290625 0.717304753125 0.270921290625 0.717304753125 0.285494821875
0 0.9097072609375001 0.2663924078125 0.9122472578124998 0.2663924078125 0.9122472578124998 0.255153590625 0.9097072609375001 0.255153590625 0.9097072609375001 0.2663924078125
0 0.424879140625 0.36362802968749997 0.43296004843749997 0.36362802968749997 0.43296004843749997 0.344843284375 0.424879140625 0.344843284375 0.424879140625 0.36362802968749997
0 0.505447315625 0.31973306562500003 0.509243821875 0.31973306562500003 0.509243821875 0.3075972328125 0.505447315625 0.3075972328125 0.505447315625 0.31973306562500003
0 0.45580208281249995 0.30478194375 0.4762737171875 0.30478194375 0.4762737171875 0.2890640953125 0.45580208281249995 0.2890640953125 0.45580208281249995 0.30478194375
0 0.4887781890625 0.306123709375 0.496529859375 0.306123709375 0.496529859375 0.29225860937500003 0.4887781890625 0.29225860937500003 0.4887781890625 0.306123709375
0 0.5199106203125 0.303440175 0.5312238921875 0.303440175 0.5312238921875 0.28657224062500003 0.5199106203125 0.28657224062500003 0.5199106203125 0.303440175
0 0.5365034171875 0.3059320296875 0.5398435265625 0.3059320296875 0.5398435265625 0.2881056890625 0.5365034171875 0.2881056890625 0.5365034171875 0.3059320296875
0 0.5425371625000001 0.2802467671875 0.5389815625 0.2802467671875 0.5389815625 0.29768974375 0.5425371625000001 0.29768974375 0.5425371625000001 0.2802467671875
0 0.5593454515625 0.27315456718750003 0.55243700625 0.27315456718750003 0.55243700625 0.2896391390625 0.5593454515625 0.2896391390625 0.5593454515625 0.27315456718750003
0 0.7056171593749999 0.2162797671875 0.7096876671875 0.2162797671875 0.7096876671875 0.209264559375 0.7056171593749999 0.209264559375 0.7056171593749999 0.2162797671875
0 0.7172522921875 0.24442546406250001 0.7119733515625001 0.24442546406250001 0.7119733515625001 0.2518932671875 0.7172522921875 0.2518932671875 0.7172522921875 0.24442546406250001
0 0.7068852171875 0.2418230484375 0.709874496875 0.2418230484375 0.709874496875 0.23605247343750002 0.7068852171875 0.23605247343750002 0.7068852171875 0.2418230484375
0 0.009722703125 0.79560983125 0.015634017187499998 0.79560983125 0.015634017187499998 0.7882728578125 0.009722703125 0.7882728578125 0.009722703125 0.79560983125
0 0.14385788125 0.796142546875 0.146673315625 0.796142546875 0.146673315625 0.78878600625 0.14385788125 0.78878600625 0.14385788125 0.796142546875
0 0.12344598124999999 0.7956729796875 0.1289008859375 0.7956729796875 0.1289008859375 0.7901947046875 0.12344598124999999 0.7901947046875 0.12344598124999999 0.7956729796875
0 0.0822257046875 0.7972348984375 0.089206725 0.7972348984375 0.089206725 0.7872038765625 0.0822257046875 0.7872038765625 0.0822257046875 0.7972348984375
0 0.0443670984375 0.7972348984375 0.049468612499999995 0.7972348984375 0.049468612499999995 0.7905475515625 0.0443670984375 0.7905475515625 0.0443670984375 0.7972348984375
0 0.16707194375 0.7943688921875001 0.1710994546875 0.7943688921875001 0.1710994546875 0.7876815453124999 0.16707194375 0.7876815453124999 0.16707194375 0.7943688921875001
0 0.0510796171875 0.7857708750000001 0.053764624999999996 0.7857708750000001 0.053764624999999996 0.7766951890625 0.0510796171875 0.7766951890625 0.0510796171875 0.7857708750000001
0 0.13372003593749998 0.7963792375000001 0.1354607625 0.7963792375000001 0.1354607625 0.7903203171875 0.13372003593749998 0.7903203171875 0.13372003593749998 0.7963792375000001
0 0.137277171875 0.79651388125 0.13954768281250002 0.79651388125 0.13954768281250002 0.7909935296875 0.137277171875 0.7909935296875 0.137277171875 0.79651388125
0 0.1410613578125 0.796142546875 0.14385788125 0.796142546875 0.14385788125 0.792878528125 0.1410613578125 0.792878528125 0.1410613578125 0.796142546875
0 0.01697638125 0.7633697578125 0.018963078124999998 0.7633697578125 0.018963078124999998 0.7554595 0.01697638125 0.7554595 0.01697638125 0.7633697578125
0 0.0857539640625 0.76017199375 0.0927547078125 0.76017199375 0.0927547078125 0.7522617359374999 0.0857539640625 0.7522617359374999 0.0857539640625 0.76017199375
0 0.623436334375 0.6032739703125001 0.6556875109375 0.6032739703125001 0.6556875109375 0.49163385000000004 0.623436334375 0.49163385000000004 0.623436334375 0.6032739703125001
