0 0.53714005 0 0.53714005 0.025047209375 0.5546779953125001 0.025047209375 0.5546779953125001 0 0.53714005 0
0 0.5565797124999999 0.1110243828125 0.5799230421875 0.1110243828125 0.5799230421875 0.0757945390625 0.5565797124999999 0.0757945390625 0.5565797124999999 0.1110243828125
0 0.7164066234375 0.088583365625 0.7382117046875 0.088583365625 0.7382117046875 0.0488862765625 0.7164066234375 0.0488862765625 0.7164066234375 0.088583365625
0 0.7709193265625001 0.0290377328125 0.7451496843750001 0.0290377328125 0.730282584375 0.0290377328125 0.730282584375 0.0978460203125 0.7709193265625001 0.0978460203125 0.7709193265625001 0.0290377328125
0 0.7808307250000001 0.019775078125 0.746140825 0.019775078125 0.746140825 0.06608834999999999 0.7808307250000001 0.06608834999999999 0.7808307250000001 0.019775078125
0 0.55689225 0.2542775109375 0.586446934375 0.2542775109375 0.586446934375 0.1927065859375 0.55689225 0.1927065859375 0.55689225 0.2542775109375
0 0.5677011609375 0.2356233375 0.5936833015625 0.2356233375 0.5936833015625 0.1890028734375 0.5677011609375 0.1890028734375 0.5677011609375 0.2356233375
0 0.685768409375 0.1908286921875 0.6968108187500001 0.1908286921875 0.6968108187500001 0.14573449375 0.685768409375 0.14573449375 0.685768409375 0.1908286921875
0 0.6653074734375 0.1799887421875 0.685768409375 0.1799887421875 0.685768409375 0.14746888593750002 0.6653074734375 0.14746888593750002 0.6653074734375 0.1799887421875
0 0.8239645093749999 0.083174978125 0.8239645093749999 0.07970619375 0.8034386171874999 0.07970619375 0.8034386171874999 0.125841028125 0.8239645093749999 0.125841028125 0.8239645093749999 0.083174978125
0 0.8481279 0.07970619375 0.8221457593749999 0.07970619375 0.8221457593749999 0.1300035703125 0.8481279 0.1300035703125 0.8481279 0.07970619375
0 0.9214210843749999 0.08672305 0.9396085828124999 0.08672305 0.9396085828124999 0.0611407625 0.9214210843749999 0.0611407625 0.9214210843749999 0.08672305
0 0.9837782234375 0.043796840625 0.9837782234375 0.0229841328125 0.9701375984375 0.0229841328125 0.9701375984375 0.043796840625 0.9758973109374999 0.043796840625 0.9837782234375 0.043796840625
0 0.942206796875 0.053769596875000006 0.9600695187500001 0.053769596875000006 0.9600695187500001 0.0290545046875 0.942206796875 0.0290545046875 0.942206796875 0.053769596875000006
0 0.956496975 0.0667775375 0.9425315734375002 0.0667775375 0.9425315734375002 0.0953950109375 0.956496975 0.0953950109375 0.956496975 0.0667775375
0 0.9758973109374999 0.06308469531250001 0.995383915625 0.06308469531250001 0.995383915625 0.043796840625 0.9758973109374999 0.043796840625 0.9758973109374999 0.06308469531250001
0 1 0.11204856562500001 0.9715295546875 0.11204856562500001 0.9715295546875 0.171126303125 1 0.171126303125 1 0.11204856562500001
0 0.6586954984375 0.3066173234375 0.6840686843749999 0.3066173234375 0.6840686843749999 0.2566519203125 0.6586954984375 0.2566519203125 0.6586954984375 0.3066173234375
0 0.5580279 0.42545629687500003 0.580892184375 0.42545629687500003 0.580892184375 0.36232441875 0.5580279 0.36232441875 0.5580279 0.42545629687500003
0 0.799405378125 0.24066323750000002 0.823308946875 0.24066323750000002 0.823308946875 0.1966096734375 0.799405378125 0.1966096734375 0.799405378125 0.24066323750000002
0 0.8023259312500001 0.339233025 0.8361027156249999 0.339233025 0.8361027156249999 0.304978778125 0.8023259312500001 0.304978778125 0.8023259312500001 0.339233025
0 0.7912835218750001 0.3106155515625 0.8195391000000001 0.3106155515625 0.8195391000000001 0.2516462140625 0.7912835218750001 0.2516462140625 0.7912835218750001 0.3106155515625
0 0.759130621875 0.2616189703125 0.741917453125 0.2616189703125 0.741917453125 0.306279571875 0.759130621875 0.306279571875 0.759130621875 0.2616189703125
0 0.751335978125 0.2941388265625 0.73347325625 0.2941388265625 0.73347325625 0.33056106406249997 0.751335978125 0.33056106406249997 0.751335978125 0.2941388265625
0 0.7633527203125 0.2741933140625 0.782839325 0.2741933140625 0.782839325 0.25077901874999997 0.7633527203125 0.25077901874999997 0.7633527203125 0.2741933140625
0 0.7815402171875 0.26638855 0.8007020484374999 0.26638855 0.8007020484374999 0.22693112499999998 0.7815402171875 0.22693112499999998 0.7815402171875 0.26638855
0 0.8812632375 0.306610665625 0.9011558140625 0.306610665625 0.9011558140625 0.282220775 0.8812632375 0.282220775 0.8812632375 0.306610665625
0 0.8869468312500001 0.3158246265625 0.9011558140625 0.3158246265625 0.9011558140625 0.2681288375 0.8869468312500001 0.2681288375 0.8869468312500001 0.3158246265625
0 0.9275770921875001 0.257109296875 0.9396293546875001 0.257109296875 0.9396293546875001 0.2266219328125 0.9275770921875001 0.2266219328125 0.9275770921875001 0.257109296875
0 0.9510472875 0.262190525 0.9700771765624999 0.262190525 0.9700771765624999 0.24101874375 0.9510472875 0.24101874375 0.9510472875 0.262190525
0 0.9510472875 0.22408131875 0.9732488234375001 0.22408131875 0.9732488234375001 0.1978283109375 0.9510472875 0.1978283109375 0.9510472875 0.22408131875
0 0.909413709375 0.3819429859375 0.92605851875 0.3819429859375 0.92605851875 0.350507125 0.909413709375 0.350507125 0.909413709375 0.3819429859375
0 0.624656196875 0.3349982078125 0.6538861046875 0.3349982078125 0.6538861046875 0.283833634375 0.624656196875 0.283833634375 0.624656196875 0.3349982078125
0 0.6067670875 0.49238148437499996 0.63612690625 0.49238148437499996 0.63612690625 0.44485913593750004 0.6067670875 0.44485913593750004 0.6067670875 0.49238148437499996
0 0.5789661953125 0.5027878390625 0.6007911953125 0.5027878390625 0.6007911953125 0.46012178906249995 0.5789661953125 0.46012178906249995 0.5789661953125 0.5027878390625
0 0.5641563749999999 0.4937689984375 0.5789661953125 0.4937689984375 0.5789661953125 0.4635905734375 0.5641563749999999 0.4635905734375 0.5641563749999999 0.4937689984375
0 0.5856005296875 0.3845078140625 0.6063050484375 0.3845078140625 0.6063050484375 0.3584919296875 0.5856005296875 0.3584919296875 0.5856005296875 0.3845078140625
0 0.728478903125 0.4385042484375 0.7543595515625 0.4385042484375 0.7543595515625 0.4141143578125 0.728478903125 0.4141143578125 0.728478903125 0.4385042484375
0 0.922327753125 0.4850906109375 0.9431337656250001 0.4850906109375 0.9431337656250001 0.437665821875 0.922327753125 0.437665821875 0.922327753125 0.4850906109375
0 0.899618434375 0.49091147968750004 0.9215681468750001 0.49091147968750004 0.9215681468750001 0.45672313906250006 0.899618434375 0.45672313906250006 0.899618434375 0.49091147968750004
0 0.8076513953125 0.51820461875 0.8190835374999998 0.51820461875 0.8190835374999998 0.49322937031249997 0.8076513953125 0.49322937031249997 0.8076513953125 0.51820461875
0 0.8068719312500001 0.49322937031249997 0.8190835374999998 0.49322937031249997 0.8190835374999998 0.46929475781249996 0.8068719312500001 0.46929475781249996 0.8068719312500001 0.49322937031249997
0 0.787125503125 0.4994731828125 0.8047933593749999 0.4994731828125 0.8047933593749999 0.47831359687499997 0.787125503125 0.47831359687499997 0.787125503125 0.4994731828125
0 0.7176628234375 0.55 0.7176628234375 0.5193221343750001 0.6887373921875 0.5193221343750001 0.6887373921875 0.55 0.7176628234375 0.55
0 0.29375 0.9296875 0.28792688593750004 0.9296875 0.2844902640625 0.9297874953124999 0.28381121249999997 0.953125 0.29375 0.953125 0.29375 0.9296875
0 0.25 0.8146386968750001 0.23982696718750002 0.8148754765625 0.2390625 0.8586717515625001 0.2390625 0.8671875 0.24997361875 0.8671875 0.25 0.8656760859375 0.25 0.8146386968750001
0 0.328494525 0.8906125250000001 0.336036003125 0.8906125250000001 0.336036003125 0.8475370718749999 0.328494525 0.8475370718749999 0.328494525 0.8906125250000001
0 0.3747779859375 0.8450727718750001 0.3812133796875 0.8450727718750001 0.3812133796875 0.8345108937500001 0.3747779859375 0.8345108937500001 0.3747779859375 0.8450727718750001
0 0.4325544328125 0.90714509375 0.449145684375 0.90714509375 0.449145684375 0.8776076390625001 0.4325544328125 0.8776076390625001 0.4325544328125 0.90714509375
0 0.22354084218749998 0.9874540359375 0.2439656765625 0.9874540359375 0.2439656765625 0.9315118874999999 0.22354084218749998 0.9315118874999999 0.22354084218749998 0.9874540359375
0 0.27224621875 0.9633989109375001 0.2837155484375 0.9633989109375001 0.2837155484375 0.9312321765625 0.27224621875 0.9312321765625 0.27224621875 0.9633989109375001
0 0.2666484140625 0.868737478125 0.2776955 0.868737478125 0.2776955 0.82109924375 0.2666484140625 0.82109924375 0.2666484140625 0.868737478125
0 0.2489997859375 0.8724752171875 0.260362278125 0.8724752171875 0.260362278125 0.8218140093749999 0.2489997859375 0.8218140093749999 0.2489997859375 0.8724752171875
0 0.4244096 0.6333851328125 0.4265976328125 0.6333851328125 0.4265976328125 0.625938115625 0.4244096 0.625938115625 0.4244096 0.6333851328125
0 0.4310380546875 0.6318957296875001 0.4334191515625 0.6318957296875001 0.4334191515625 0.62662553125 0.4310380546875 0.62662553125 0.4310380546875 0.6318957296875001
0 0.4380526359375 0.6309791734375 0.4398545453125 0.6309791734375 0.4398545453125 0.62467785 0.4380526359375 0.62467785 0.4380526359375 0.6309791734375
0 0.44699783281250005 0.6337288421875 0.4495076375 0.6337288421875 0.4495076375 0.6258235453125 0.44699783281250005 0.6258235453125 0.44699783281250005 0.6337288421875
0 0.4646809625 0.6366206890624999 0.46632842343750003 0.6366206890624999 0.46632842343750003 0.6310480296875001 0.4646809625 0.6310480296875001 0.4646809625 0.6366206890624999
0 0.4596150203125 0.6336877109375 0.46196265312499996 0.6336877109375 0.46196265312499996 0.6259886390625 0.4596150203125 0.6259886390625 0.4596150203125 0.6336877109375
0 0.46225095781250003 0.6336877109375 0.4646809625 0.6336877109375 0.4646809625 0.6261352875 0.46225095781250003 0.6261352875 0.46225095781250003 0.6336877109375
0 0.45693789687499997 0.6354474984375 0.4594090875 0.6354474984375 0.4594090875 0.62716183125 0.45693789687499997 0.62716183125 0.45693789687499997 0.6354474984375
0 0.47732458125 0.63119628125 0.48118581718750003 0.63119628125 0.48118581718750003 0.62455125 0.47732458125 0.62455125 0.47732458125 0.63119628125
0 0.500182296875 0.625583090625 0.5025955703125 0.625583090625 0.5025955703125 0.616990378125 0.500182296875 0.616990378125 0.500182296875 0.625583090625
0 0.5106398125 0.6225756421875001 0.513133528125 0.6225756421875001 0.513133528125 0.6158446828125 0.5106398125 0.6158446828125 0.5106398125 0.6225756421875001
0 0.44323256093749996 0.6317895499999999 0.44699783281250005 0.6317895499999999 0.44699783281250005 0.6265651796875 0.44323256093749996 0.6265651796875 0.44323256093749996 0.6317895499999999
0 0.5253966265625001 0.6386587484375 0.528678678125 0.6386587484375 0.528678678125 0.6338468296875 0.5253966265625001 0.6338468296875 0.5253966265625001 0.6386587484375
0 0.5568748484375 0.9813013453125 0.5656002765625 0.9813013453125 0.5656002765625 0.962943090625 0.5568748484375 0.962943090625 0.5568748484375 0.9813013453125
0 0.5521155234374999 0.9121048500000001 0.5612375625 0.9121048500000001 0.5612375625 0.8937465953124999 0.5521155234374999 0.8937465953124999 0.5521155234374999 0.9121048500000001
0 0.5358544984375 0.9481152703125 0.542993484375 0.9481152703125 0.542993484375 0.9297570171875 0.5358544984375 0.9297570171875 0.5358544984375 0.9481152703125
0 0.5469595890625001 0.9813013453125 0.5568748484375 0.9813013453125 0.5568748484375 0.9643552640624999 0.5469595890625001 0.9643552640624999 0.5469595890625001 0.9813013453125
0 0.5386307703125001 1 0.5386307703125001 0.9961291640625 0.5334748359375 0.9961291640625 0.5334748359375 1 0.5386307703125001 1
0 0.5739290953125 0.9142231093750001 0.5810680828125 0.9142231093750001 0.5810680828125 0.8986892031250001 0.5739290953125 0.8986892031250001 0.5739290953125 0.9142231093750001
0 0.6084342 0.8803309500000001 0.612400303125 0.8803309500000001 0.612400303125 0.8591483484375001 0.6084342 0.8591483484375001 0.6084342 0.8803309500000001
0 0.611210471875 1 0.611210471875 0.985537865625 0.607640978125 0.985537865625 0.607640978125 1 0.611210471875 1
0 0.611305615625 0.895779365625 0.6178036812500001 0.895779365625 0.6178036812500001 0.886813759375 0.611305615625 0.886813759375 0.611305615625 0.895779365625
0 0.6192657453125 0.7977361249999999 0.6252764546875 0.7977361249999999 0.6252764546875 0.7786480593749999 0.6192657453125 0.7786480593749999 0.6192657453125 0.7977361249999999
0 0.657721021875 0.8936869968749999 0.664625215625 0.8936869968749999 0.664625215625 0.8698269171874999 0.657721021875 0.8698269171874999 0.657721021875 0.8936869968749999
0 0.6160927953125 0.9732206015625 0.6223877953125 0.9732206015625 0.6223877953125 0.9479144546875 0.6160927953125 0.9479144546875 0.6160927953125 0.9732206015625
0 0.6189356984375001 1 0.6189356984375001 0.9800894124999999 0.6128437625 0.9800894124999999 0.6128437625 1 0.6189356984375001 1
0 0.7062534421875 0.9902118718749999 0.71275150625 0.9902118718749999 0.71275150625 0.9620135937499998 0.7062534421875 0.9620135937499998 0.7062534421875 0.9902118718749999
0 0.6774182796874999 0.903447940625 0.682901021875 0.903447940625 0.682901021875 0.8770572453125001 0.6774182796874999 0.8770572453125001 0.6774182796874999 0.903447940625
0 0.801693765625 0.9432147421874999 0.8073795734375 0.9432147421874999 0.8073795734375 0.9146549484375001 0.801693765625 0.9146549484375001 0.801693765625 0.9432147421874999
0 0.8219621437499999 0.9993062671875 0.8322740140625001 0.9993062671875 0.8322740140625001 0.9654141078125 0.8219621437499999 0.9654141078125 0.8219621437499999 0.9993062671875
0 0.836636728125 0.9767114937500001 0.8417926625 0.9767114937500001 0.8417926625 0.9562349796875 0.836636728125 0.9562349796875 0.836636728125 0.9767114937500001
0 1 1 1 0.8676737937500001 0.9191691437499999 0.8676737937500001 0.9191691437499999 1 1 1
0 0.8231476000000001 0.8824519671875001 0.83044523125 0.8824519671875001 0.83044523125 0.8553382390625 0.8231476000000001 0.8553382390625 0.8231476000000001 0.8824519671875001
0 0.7768235062500001 0.8559031078124999 0.7911014796875 0.8559031078124999 0.7911014796875 0.8372624203125 0.7768235062500001 0.8372624203125 0.7768235062500001 0.8559031078124999
0 0.6265544875 0.792011115625 0.6314280359375 0.792011115625 0.6314280359375 0.7749475421875001 0.6265544875 0.7749475421875001 0.6265544875 0.792011115625
0 0.7310108765625 0.9638037 0.7310108765625 0.9371960953125 0.72646223125 0.9371960953125 0.72646223125 0.9638037 0.7275993921875 0.9638037 0.7310108765625 0.9638037
0 0.7297112625000001 0.974215371875 0.73409745625 0.974215371875 0.73409745625 0.9635144875 0.7297112625000001 0.9635144875 0.7297112625000001 0.974215371875
0 0.72516261875 0.9843378312500001 0.7371840375 0.9843378312500001 0.7371840375 0.9771075031249999 0.72516261875 0.9771075031249999 0.72516261875 0.9843378312500001
0 0.7983428 0.879525615625 0.8032501390625001 0.879525615625 0.8032501390625001 0.8595352078125 0.7983428 0.8595352078125 0.7983428 0.879525615625
