0 0.6765625 0.51875 0.6765625 0.5020357890625 0.6727045281249999 0.5020133437500001 0.6727045281249999 0.51875 0.6765625 0.51875
0 0.6671875 0.51875 0.6671875 0.4894912578125 0.6635291984375 0.489448690625 0.66421119375 0.51875 0.6671875 0.51875
0 0.6528469078125 0.4793377453125 0.653141878125 0.5046875 0.65625 0.5046875 0.65625 0.4792585359375 0.6528469078125 0.4793377453125
0 0.646087565625 0.48430029531249996 0.6498633 0.48430029531249996 0.6498633 0.46474014375 0.646087565625 0.46474014375 0.646087565625 0.48430029531249996
0 0.6996343406250001 0.4323436421875 0.7023803296875 0.4323436421875 0.7023803296875 0.4121722359375 0.6996343406250001 0.4121722359375 0.6996343406250001 0.4323436421875
0 0.695515359375 0.425619840625 0.6996343406250001 0.425619840625 0.6996343406250001 0.41094972656250006 0.695515359375 0.41094972656250006 0.695515359375 0.425619840625
0 0.7340942046875 0.4257811734375 0.7360273796875 0.4257811734375 0.7360273796875 0.418896 0.7340942046875 0.418896 0.7340942046875 0.4257811734375
0 0.3796875 0 0.3796875 0.060508378125 0.44080810625 0.060508378125 0.44080810625 0 0.3796875 0
0 0.67357475 0.41985160468749994 0.6821255890625 0.41985160468749994 0.6821255890625 0.399981865625 0.67357475 0.399981865625 0.67357475 0.41985160468749994
0 0.68525394375 0.44714928125000003 0.6904678703125 0.44714928125000003 0.6904678703125 0.4367501671875 0.68525394375 0.4367501671875 0.68525394375 0.44714928125000003
0 0 0.834375 0.0140625 0.834375 0.0140625 0.8104724093750001 0 0.8103905953125 0 0.834375
0 0.0421875 0.7978140296875 0.0296875 0.7976685796874999 0.0296875 0.7998509015625 0.030200115625000003 0.821875 0.0421875 0.821875 0.0421875 0.7978140296875
0 0.20884991562500002 0.6241067265625 0.20933302343750002 0.665625 0.2234375 0.665625 0.2234375 0.623767196875 0.20884991562500002 0.6241067265625
0 0.2355748046875 0.66921244375 0.24924632500000002 0.66921244375 0.24924632500000002 0.6432432125 0.2355748046875 0.6432432125 0.2355748046875 0.66921244375
0 0.2583606734375 0.6578509046875001 0.2683864546875 0.6578509046875001 0.2683864546875 0.635127828125 0.2583606734375 0.635127828125 0.2583606734375 0.6578509046875001
0 0.28201276875 0.5794290234374999 0.2928391546875 0.5794290234374999 0.2928391546875 0.5601494671875 0.28201276875 0.5601494671875 0.28201276875 0.5794290234374999
