0 0.46042519843749996 0.2034449328125 0.46107417812499996 0.240625 0.465625 0.240625 0.465625 0.2033844265625 0.46042519843749996 0.2034449328125
0 0.565277153125 0.4430750609375 0.5688458734374999 0.4430750609375 0.5688458734374999 0.4326700703125 0.565277153125 0.4326700703125 0.565277153125 0.4430750609375
0 0.5695779171875001 0.45104138125000004 0.573604165625 0.45104138125000004 0.573604165625 0.432832646875 0.5695779171875001 0.432832646875 0.5695779171875001 0.45104138125000004
0 0.577355896875 0.4186883625 0.5808331109375 0.4186883625 0.5808331109375 0.41007172968749994 0.577355896875 0.41007172968749994 0.577355896875 0.4186883625
0 0.583944303125 0.42096445468750004 0.5875130234375 0.42096445468750004 0.5875130234375 0.408933684375 0.583944303125 0.408933684375 0.583944303125 0.42096445468750004
0 0.5911732484375001 0.41072204218749997 0.5875130234375 0.41072204218749997 0.5875130234375 0.42096445468750004 0.5911732484375001 0.42096445468750004 0.5911732484375001 0.41072204218749997
0 0.5483663390625 0.3798995625 0.5531978359374999 0.3798995625 0.5531978359374999 0.37040500781249996 0.5483663390625 0.37040500781249996 0.5483663390625 0.3798995625
0 0.5460237953125 0.3791191875 0.5483663390625 0.3791191875 0.5483663390625 0.3713154453125 0.5460237953125 0.3713154453125 0.5460237953125 0.3791191875
0 0.543534840625 0.3791191875 0.546682634375 0.3791191875 0.546682634375 0.3706651328125 0.543534840625 0.3706651328125 0.543534840625 0.3791191875
0 0.5454129937500001 0.3078471109375 0.5471516015625 0.3078471109375 0.5471516015625 0.3002059453125 0.5454129937500001 0.3002059453125 0.5454129937500001 0.3078471109375
0 0.5473346125 0.3075219546875 0.549713759375 0.3075219546875 0.549713759375 0.29874274375 0.5473346125 0.29874274375 0.5473346125 0.3075219546875
0 0.5391906109375 0.30215688125 0.5416612625 0.30215688125 0.5416612625 0.2901261109375 0.5391906109375 0.2901261109375 0.5391906109375 0.30215688125
0 0.53429791875 0.2792460875 0.54161836875 0.2792460875 0.54161836875 0.2738810140625 0.53429791875 0.2738810140625 0.53429791875 0.2792460875
0 0.5784740796875 0.314275953125 0.58415475 0.314275953125 0.58415475 0.31084230625 0.5784740796875 0.31084230625 0.5784740796875 0.314275953125
0 0.58415475 0.29492267031249997 0.587258621875 0.29492267031249997 0.587258621875 0.290032325 0.58415475 0.290032325 0.58415475 0.29492267031249997
0 0.539386915625 0.3294283421875 0.5421394046875 0.3294283421875 0.5421394046875 0.32276914843750004 0.539386915625 0.32276914843750004 0.539386915625 0.3294283421875
0 0.5479372031249999 0.34160218124999997 0.5500454921875 0.34160218124999997 0.5500454921875 0.3342146390625 0.5479372031249999 0.3342146390625 0.5479372031249999 0.34160218124999997
0 0.5747118375 0.37512772499999997 0.5830617265625 0.37512772499999997 0.5830617265625 0.3659827140625 0.5747118375 0.3659827140625 0.5747118375 0.37512772499999997
0 0.581229825 0.3902219828125 0.592399946875 0.3902219828125 0.592399946875 0.3791082546875 0.581229825 0.3791082546875 0.581229825 0.3902219828125
0 0.839321134375 0.5568470109375 0.8466934140625 0.5568470109375 0.8466934140625 0.54255793125 0.839321134375 0.54255793125 0.839321134375 0.5568470109375
0 0.633085384375 0.26700239375 0.6359449359375 0.26700239375 0.6359449359375 0.257095296875 0.633085384375 0.257095296875 0.633085384375 0.26700239375
0 0.6392334203125 0.257095296875 0.6359449359375 0.257095296875 0.6359449359375 0.26725642031249996 0.6392334203125 0.26725642031249996 0.6392334203125 0.257095296875
0 0.6412351046875 0.2748772640625 0.6446665671874999 0.2748772640625 0.6446665671874999 0.2647161390625 0.6412351046875 0.2647161390625 0.6412351046875 0.2748772640625
0 0.6399483078125 0.2769094890625 0.6420929703125 0.2769094890625 0.6420929703125 0.26928864531249996 0.6399483078125 0.26928864531249996 0.6399483078125 0.2769094890625
0 0.6239348203125 0.2634459984375 0.6265084171875 0.2634459984375 0.6265084171875 0.257603353125 0.6239348203125 0.257603353125 0.6239348203125 0.2634459984375
0 0.6177867859375 0.2687805890625 0.6216471796875 0.2687805890625 0.6216471796875 0.261159746875 0.6177867859375 0.261159746875 0.6177867859375 0.2687805890625
0 0.5874886984375001 0.25266585468749997 0.5899776515624999 0.25266585468749997 0.5899776515624999 0.2451222375 0.5874886984375001 0.2451222375 0.5874886984375001 0.25266585468749997
0 0.6188405296874999 0.278464584375 0.6234158125 0.278464584375 0.6234158125 0.2733840234375 0.6188405296874999 0.2733840234375 0.6188405296874999 0.278464584375
0 0.6031053859375 0.31221664531250004 0.6060335671875 0.31221664531250004 0.6060335671875 0.30597365 0.6031053859375 0.30597365 0.6031053859375 0.31221664531250004
0 0.5909403984375 0.3247469015625 0.593564046875 0.3247469015625 0.593564046875 0.3187536265625 0.5909403984375 0.3187536265625 0.5909403984375 0.3247469015625
0 0.5819212796875 0.3506769375 0.5857816734375 0.3506769375 0.5857816734375 0.343310121875 0.5819212796875 0.343310121875 0.5819212796875 0.3506769375
0 0.5520783312499999 0.335904625 0.5710675390625 0.335904625 0.5710675390625 0.30613570625 0.5520783312499999 0.30613570625 0.5520783312499999 0.335904625
0 0.556099575 0.3676581359375 0.5747118375 0.3676581359375 0.5747118375 0.3426522453125 0.556099575 0.3426522453125 0.556099575 0.3676581359375
0 0.5429966015625001 0.22404925625 0.5465710406250001 0.22404925625 0.5465710406250001 0.2129355265625 0.5429966015625001 0.2129355265625 0.5429966015625001 0.22404925625
0 0.5383498296875 0.20658482500000003 0.5415668250000001 0.20658482500000003 0.5415668250000001 0.1995990515625 0.5383498296875 0.1995990515625 0.5383498296875 0.20658482500000003
0 0.5868834734374999 0.35669355 0.5933174625000001 0.35669355 0.5933174625000001 0.3470404828125 0.5868834734374999 0.3470404828125 0.5868834734374999 0.35669355
0 0.6087590390625 0.3470404828125 0.613334321875 0.3470404828125 0.613334321875 0.3300206 0.6087590390625 0.3300206 0.6087590390625 0.3470404828125
0 0.7486073125 0.9420431218750001 0.748542840625 0.953125 0.753125 0.953125 0.753125 0.9421745734375 0.7486073125 0.9420431218750001
0 0.7422349796875001 0.971480284375 0.742323690625 0.9765625 0.74375 0.9765625 0.74375 0.9714626546874999 0.7422349796875001 0.971480284375
0 0.7375269078125 0.9725357812500001 0.7339118640625 0.9725357812500001 0.7339118640625 0.9813084453125 0.7375269078125 0.9813084453125 0.7375269078125 0.9725357812500001
0 0.7443866734375 0.9591529937499998 0.7420589375000001 0.9591529937499998 0.7420589375000001 0.963915296875 0.7443866734375 0.963915296875 0.7443866734375 0.9591529937499998
0 0.7268784015625 1 0.7268784015625 0.9968405375 0.7243390546875 0.9968405375 0.7243390546875 1 0.7268784015625 1
