0 0.5703125 0.327616678125 0.5625 0.327616678125 0.5625 0.3390405796875 0.5632280640625 0.3640625 0.5703125 0.3640625 0.5703125 0.327616678125
0 0.48040890156250005 0.22521001875 0.48008647968750007 0.2390625 0.4875 0.2390625 0.4875 0.2251687625 0.48040890156250005 0.22521001875
0 0.8598546531250001 0.206473021875 0.8662789468749998 0.206473021875 0.8662789468749998 0.1915992046875 0.8598546531250001 0.1915992046875 0.8598546531250001 0.206473021875
0 0.8286589375 0.1706376875 0.8403309828125 0.1706376875 0.8403309828125 0.155365465625 0.8286589375 0.155365465625 0.8286589375 0.1706376875
0 0.624838 0.140249734375 0.630309271875 0.140249734375 0.630309271875 0.126956571875 0.624838 0.126956571875 0.624838 0.140249734375
0 0.6344953859375 0.1592516375 0.6381407984375 0.1592516375 0.6381407984375 0.1506460703125 0.6344953859375 0.1506460703125 0.6344953859375 0.1592516375
0 0.634727784375 0.9746924484375 0.635100446875 0.9875 0.6375 0.9875 0.6375 0.9746924484375 0.634727784375 0.9746924484375
0 0.6379959921875 0.9705552624999999 0.6377107015625001 0.9828125 0.640625 0.9828125 0.640625 0.9705399671875 0.6379959921875 0.9705552624999999
0 0.6569881000000001 0.9875652734374999 0.6616968890624999 0.9875652734374999 0.6616968890624999 0.9731544031249999 0.6569881000000001 0.9731544031249999 0.6569881000000001 0.9875652734374999
0 0.6576771906250001 0.922304625 0.6614671921874999 0.922304625 0.6614671921874999 0.9142757109375002 0.6576771906250001 0.9142757109375002 0.6576771906250001 0.922304625
0 0.718546909375 0.934450928125 0.7250932750000001 0.934450928125 0.7250932750000001 0.921687015625 0.718546909375 0.921687015625 0.718546909375 0.934450928125
0 0.6430914281250001 0.815458325 0.6465368843749999 0.815458325 0.6465368843749999 0.8039296312499999 0.6430914281250001 0.8039296312499999 0.6430914281250001 0.815458325
0 0.6349371828124999 0.8096939781250001 0.6379232453125001 0.8096939781250001 0.6379232453125001 0.8008415875000001 0.6349371828124999 0.8008415875000001 0.6349371828124999 0.8096939781250001
0 0.6393014265625 0.7928126750000001 0.643665671875 0.7928126750000001 0.643665671875 0.780872240625 0.6393014265625 0.780872240625 0.6393014265625 0.7928126750000001
0 0.7149866046875 0.7479331124999999 0.7203844859374999 0.7479331124999999 0.7203844859374999 0.739286590625 0.7149866046875 0.739286590625 0.7149866046875 0.7479331124999999
0 0.87681169375 0.990690415625 0.88219521875 0.990690415625 0.88219521875 0.9734005890624999 0.87681169375 0.9734005890624999 0.87681169375 0.990690415625
0 0.8945324625 0.9854632578124999 0.9001403 0.9854632578124999 0.9001403 0.9701838781250001 0.8945324625 0.9701838781250001 0.8945324625 0.9854632578124999
0 0.6580720265625001 0.6588327546875 0.6609432390625 0.6588327546875 0.6609432390625 0.6516273203124999 0.6580720265625001 0.6516273203124999 0.6580720265625001 0.6588327546875
0 0.6571239 0.677968384375 0.6602363890625 0.677968384375 0.6602363890625 0.670810121875 0.6571239 0.670810121875 0.6571239 0.677968384375
