0 0.04895549375 0.4470969765625 0.048667175 0.471875 0.059290353124999993 0.471875 0.059375 0.4646004796875 0.059375 0.44697573437499993 0.04895549375 0.4470969765625
0 0.0022744546875 0.32844114375 0.0035399624999999995 0.3828125 0.0125 0.3828125 0.0125 0.3281436109375 0.0022744546875 0.32844114375
0 0.09507701406249999 0.36219960156250003 0.09507701406249999 0.40625 0.1015625 0.40625 0.1015625 0.3621241359375 0.09507701406249999 0.36219960156250003
0 0.142325484375 0.3479118421875 0.14203740468749998 0.3578125 0.1484375 0.3578125 0.1484375 0.3477695828125 0.142325484375 0.3479118421875
0 0.2021408875 0.3934528984375 0.20266427031249998 0.4234375 0.21875 0.4234375 0.21875 0.39374281093749997 0.2021408875 0.3934528984375
0 0 0.50625 0.0046875 0.50625 0.0046875 0.44903467656249996 0 0.44900740624999996 0 0.50625
0 0.0356083015625 0.448486921875 0.03522706875 0.48125 0.046875 0.48125 0.046875 0.4486835828125 0.0356083015625 0.448486921875
0 0.029998649999999998 0.3338350546875 0.030568553124999998 0.3828125 0.040625 0.3828125 0.040625 0.3337114046875 0.029998649999999998 0.3338350546875
0 0.011444076562499999 0.3353429015625 0.012658046875 0.3875 0.021875 0.3875 0.021875 0.3352215265625 0.011444076562499999 0.3353429015625
0 0.1941091921875 0.1314893421875 0.19424138124999998 0.1390625 0.1953125 0.1390625 0.1953125 0.13151034687500002 0.1941091921875 0.1314893421875
0 0.2009442046875 0.131786378125 0.201040821875 0.1359375 0.2015625 0.1359375 0.2015625 0.131779184375 0.2009442046875 0.131786378125
0 0.208207275 0.13061709531250001 0.208083440625 0.1359375 0.209375 0.1359375 0.209375 0.130630684375 0.208207275 0.13061709531250001
0 0.2178122578125 0.13148508750000001 0.2178563421875 0.1390625 0.2203125 0.1390625 0.2203125 0.1314996328125 0.2178122578125 0.13148508750000001
0 0.23619178125 0.1372257484375 0.23633615312499998 0.1421875 0.2375 0.1421875 0.2375 0.13724858281250002 0.23619178125 0.1372257484375
0 0.23068914999999998 0.1317156171875 0.2308173890625 0.1390625 0.23125 0.1390625 0.23125 0.1317188796875 0.23068914999999998 0.1317156171875
0 0.233872703125 0.13194323125000001 0.2339969703125 0.1390625 0.2359375 0.1390625 0.2359375 0.13193121875 0.233872703125 0.13194323125000001
0 0.22752367968749998 0.132897775 0.22765855781250002 0.140625 0.2296875 0.140625 0.2296875 0.132922953125 0.22752367968749998 0.132897775
0 0.24954947343749997 0.1297326421875 0.2494772734375 0.1359375 0.253125 0.1359375 0.253125 0.12967023125 0.24954947343749997 0.1297326421875
0 0.27289565625 0.12207754374999999 0.27280710625000004 0.1296875 0.2734375 0.1296875 0.2734375 0.12207123906249999 0.27289565625 0.12207754374999999
0 0.283838509375 0.1280489640625 0.284375 0.12806145156249998 0.284375 0.12106738749999998 0.283757103125 0.12105300625 0.283838509375 0.1280489640625
0 0.2171875 0.1315596 0.2140625 0.13163233593749998 0.2140625 0.1359375 0.2171875 0.1359375 0.2171875 0.1315596
0 0.2992241578125 0.1395220109375 0.2992241578125 0.14375 0.3026369109375 0.14375 0.3026369109375 0.1395220109375 0.2992241578125 0.1395220109375
0 0.7421875 0.0709777640625 0.7053743015625 0.071406125 0.7046875 0.130429709375 0.7046875 0.215625 0.74080283125 0.215625 0.7421875 0.096626915625 0.7421875 0.0709777640625
