0 0.8278080624999999 0.7574285078125 0.83647455625 0.7574285078125 0.83647455625 0.7200779609375 0.8278080624999999 0.7200779609375 0.8278080624999999 0.7574285078125
0 0.8253988218750001 0.8823341156250001 0.8140732906249999 0.8823341156250001 0.8140732906249999 0.9281468937499999 0.8253988218750001 0.9281468937499999 0.8253988218750001 0.8823341156250001
0 0.9020513343750001 0.8910881500000001 0.88859200625 0.8910881500000001 0.88859200625 0.9354419234375 0.9020513343750001 0.9354419234375 0.9020513343750001 0.8910881500000001
0 0.8259831546875 0.9791503984375 0.8373283828125 0.9791503984375 0.8373283828125 0.955432803125 0.8259831546875 0.955432803125 0.8259831546875 0.9791503984375
0 0.9173500906250001 0.7661466531250001 0.9031685546875 0.7661466531250001 0.9031685546875 0.7878566578124999 0.9173500906250001 0.7878566578124999 0.9173500906250001 0.7661466531250001
0 0.8634197468749999 0.6482017484375 0.85622603125 0.6482017484375 0.85622603125 0.67593079375 0.8634197468749999 0.67593079375 0.8634197468749999 0.6482017484375
0 0.8981248000000001 0.6790852609375 0.8873203609375 0.6790852609375 0.8873203609375 0.7080548249999999 0.8981248000000001 0.7080548249999999 0.8981248000000001 0.6790852609375
0 0.9273072484375 0.6984301765625001 0.9187352984375 0.6984301765625001 0.9187352984375 0.7112787640625 0.9273072484375 0.7112787640625 0.9273072484375 0.6984301765625001
0 0.9589730421875 0.703625103125 0.9502330140625 0.703625103125 0.9502330140625 0.7205971921875001 0.9589730421875 0.7205971921875001 0.9589730421875 0.703625103125
0 0.991234459375 0.669003015625 0.9852509015625 0.669003015625 0.9852509015625 0.7009153218749999 0.991234459375 0.7009153218749999 0.991234459375 0.669003015625
0 0.9890158359375001 0.6984053640625 0.996075090625 0.6984053640625 0.996075090625 0.6782061890625 0.9890158359375001 0.6782061890625 0.9890158359375001 0.6984053640625
0 0.9339035171875001 0.69266990625 0.9260038765624999 0.69266990625 0.9260038765624999 0.726733603125 0.9339035171875001 0.726733603125 0.9339035171875001 0.69266990625
0 0.9469295203125 0.66278946875 0.9387777640625 0.66278946875 0.9387777640625 0.695956753125 0.9469295203125 0.695956753125 0.9469295203125 0.66278946875
0 0.9418031578124999 0.6947615359375 0.9339035171875001 0.6947615359375 0.9339035171875001 0.710896971875 0.9418031578124999 0.710896971875 0.9418031578124999 0.6947615359375
0 0.965165925 0.6999906124999999 0.965165925 0.6657775125 0.9606341359374999 0.6657775125 0.9568460906249999 0.6657775125 0.9568460906249999 0.6999906124999999 0.965165925 0.6999906124999999
0 0.9606341359374999 0.6849905671875 0.965165925 0.6849905671875 0.965165925 0.6657775125 0.9606341359374999 0.6657775125 0.9606341359374999 0.6849905671875
0 0.9714572734375 0.6086199046874999 0.9639946343749999 0.6086199046874999 0.9639946343749999 0.636707515625 0.9714572734375 0.636707515625 0.9714572734375 0.6086199046874999
0 0.8934455203124999 0.55337964375 0.887098915625 0.55337964375 0.887098915625 0.57900510625 0.8934455203124999 0.57900510625 0.8934455203124999 0.55337964375
0 0.8908638515625 0.5631326171875 0.8934455203124999 0.5631326171875 0.8934455203124999 0.554909521875 0.8908638515625 0.554909521875 0.8908638515625 0.5631326171875
0 0.9060202359374999 0.5523831312499999 0.9004266187500001 0.5523831312499999 0.9004266187500001 0.5749488359375 0.9060202359374999 0.5749488359375 0.9060202359374999 0.5523831312499999
0 0.60020819375 0.87439294375 0.5946616390624999 0.87439294375 0.5946616390624999 0.8965044671875001 0.60020819375 0.8965044671875001 0.60020819375 0.87439294375
0 0.62539355 0.9553929390624999 0.6368438265624999 0.9553929390624999 0.6368438265624999 0.8993671187500001 0.62539355 0.8993671187500001 0.62539355 0.9553929390624999
0 0.4191067859375 0.9191316437499999 0.42842983125 0.9191316437499999 0.42842983125 0.8789798078125 0.4191067859375 0.8789798078125 0.4191067859375 0.9191316437499999
0 0.43121676718749996 0.8774458468749999 0.419115190625 0.8774458468749999 0.419115190625 0.8997964140624999 0.43121676718749996 0.8997964140624999 0.43121676718749996 0.8774458468749999
0 0.429829340625 1 0.429829340625 0.9546401546875 0.418316034375 0.9546401546875 0.418316034375 1 0.429829340625 1
0 0.45764615937500003 1 0.45764615937500003 0.9522497187500001 0.44613285312500006 0.9522497187500001 0.44613285312500006 1 0.45764615937500003 1
0 0.4881522171875 1 0.4881522171875 0.94448080625 0.47697506718750005 0.94448080625 0.47697506718750005 1 0.4881522171875 1
0 0.65700178125 0.9952401984374999 0.6708681703125 0.9952401984374999 0.6708681703125 0.9436964437500001 0.65700178125 0.9436964437500001 0.65700178125 0.9952401984374999
0 0.7741977265625 0.9425789296874999 0.7630625953125 0.9425789296874999 0.7630625953125 0.9948696937499999 0.7741977265625 0.9948696937499999 0.7741977265625 0.9425789296874999
0 0.10511955625 0.5359100031249999 0.1129351578125 0.5359100031249999 0.1129351578125 0.512453859375 0.10511955625 0.512453859375 0.10511955625 0.5359100031249999
0 0.2293405328125 0.48996164374999995 0.2347190109375 0.48996164374999995 0.2347190109375 0.479324209375 0.2293405328125 0.479324209375 0.2293405328125 0.48996164374999995
0 0.28840652499999997 0.427219028125 0.2911495484375 0.427219028125 0.2911495484375 0.41794414062499996 0.28840652499999997 0.41794414062499996 0.28840652499999997 0.427219028125
0 0.5873220124999999 0.46268750625 0.590602884375 0.46268750625 0.590602884375 0.4552293484375 0.5873220124999999 0.4552293484375 0.5873220124999999 0.46268750625
0 0.578552403125 0.48326641875 0.582640046875 0.48326641875 0.582640046875 0.464907878125 0.578552403125 0.464907878125 0.578552403125 0.48326641875
0 0.6269297921875 0.48559540625000003 0.632039346875 0.48559540625000003 0.632039346875 0.47029662187500004 0.6269297921875 0.47029662187500004 0.6269297921875 0.48559540625000003
0 0.783610825 0.5415528859375 0.7887203796875 0.5415528859375 0.7887203796875 0.5317521015625 0.783610825 0.5317521015625 0.783610825 0.5415528859375
0 0.6330453359375 0.9792506718749999 0.642861059375 0.9792506718749999 0.642861059375 0.948653103125 0.6330453359375 0.948653103125 0.6330453359375 0.9792506718749999
0 0.6425249046875 0.9928761515625 0.6529457062499999 0.9928761515625 0.6529457062499999 0.9460236265624999 0.6425249046875 0.9460236265624999 0.6425249046875 0.9928761515625
0 0.673302775 0.9975316953125001 0.6853203125 0.9975316953125001 0.6853203125 0.9652608234375 0.673302775 0.9652608234375 0.673302775 0.9975316953125001
0 0.7628830703125 0.9706420375 0.7707490953125 0.9706420375 0.7707490953125 0.9404030359375 0.7628830703125 0.9404030359375 0.7628830703125 0.9706420375
0 0.761992259375 0.9389407609375 0.7485460625 0.9389407609375 0.7485460625 0.9977454609375 0.761992259375 0.9977454609375 0.761992259375 0.9389407609375
0 0.753151384375 1 0.753151384375 0.940379290625 0.74088173125 0.940379290625 0.74088173125 1 0.753151384375 1
0 0.73901186875 1 0.73901186875 0.9444785124999999 0.7307760734375 0.9444785124999999 0.7307760734375 1 0.73901186875 1
0 0.7322887703125 1 0.7322887703125 0.9427977375 0.722120084375 0.9427977375 0.722120084375 1 0.7322887703125 1
0 0.7233806656249999 1 0.7233806656249999 0.9460845859375 0.7129598625 0.9460845859375 0.7129598625 1 0.7233806656249999 1
0 0.7062367640625 0.9982259484375 0.71380025 0.9982259484375 0.71380025 0.94578578125 0.7062367640625 0.94578578125 0.7062367640625 0.9982259484375
0 0.69884135625 0.9997199703125 0.7089260046875 0.9997199703125 0.7089260046875 0.9487738265625 0.69884135625 0.9487738265625 0.69884135625 0.9997199703125
0 0.6933788390625 0.9997199703125 0.7025390609375 0.9997199703125 0.7025390609375 0.9583355656249999 0.6933788390625 0.9583355656249999 0.6933788390625 0.9997199703125
0 0.6870759343749999 0.9974789375 0.697748853125 0.9974789375 0.697748853125 0.9456363796874999 0.6870759343749999 0.9456363796874999 0.6870759343749999 0.9974789375
0 0.8474687718749999 0.9296577875 0.8351991171875 0.9296577875 0.8351991171875 0.9522175171875 0.8474687718749999 0.9522175171875 0.8474687718749999 0.9296577875
0 0.8547801421875001 0.9483330609375 0.8417541390625001 0.9483330609375 0.8417541390625001 0.975225453125 0.8547801421875001 0.975225453125 0.8547801421875001 0.9483330609375
0 0.8579736125 0.9356338734375 0.8464603078125 0.9356338734375 0.8464603078125 0.9602852343749999 0.8579736125 0.9602852343749999 0.8579736125 0.9356338734375
0 0.8520730437499999 0.94559691875 0.8337324328125 0.94559691875 0.8337324328125 0.9596526765625001 0.8520730437499999 0.9596526765625001 0.8520730437499999 0.94559691875
0 0.6214541296875 0.9989341656249999 0.632274115625 0.9989341656249999 0.632274115625 0.9416010781249999 0.6214541296875 0.9416010781249999 0.6214541296875 0.9989341656249999
0 0.44343749375 0.9697042625 0.45593825312499997 0.9697042625 0.45593825312499997 0.9213353062499999 0.44343749375 0.9213353062499999 0.44343749375 0.9697042625
0 0.35211103125 1 0.35211103125 0.9454333390625 0.339505221875 0.9454333390625 0.339505221875 1 0.35211103125 1
0 0.31261282968750004 0.9508811828124999 0.32421017343749997 0.9508811828124999 0.32421017343749997 0.9326541171875 0.31261282968750004 0.9326541171875 0.31261282968750004 0.9508811828124999
0 0.32815999375 0.9484907484375 0.339505221875 0.9484907484375 0.339505221875 0.9308612890625 0.32815999375 0.9308612890625 0.32815999375 0.9484907484375
0 0.29479661875 1 0.29479661875 0.9910703703125 0.28882986875 0.9910703703125 0.28882986875 1 0.29479661875 1
0 0.33068115625 1 0.33068115625 0.989875153125 0.3197561203125 0.989875153125 0.3197561203125 1 0.33068115625 1
0 0.23784593593749997 0.9875600859375 0.2528678578125 0.9875600859375 0.2528678578125 0.9481552609375001 0.23784593593749997 0.9481552609375001 0.23784593593749997 0.9875600859375
0 0.24201898437499997 0.9539159140625 0.257818265625 0.9539159140625 0.257818265625 0.9286669453125 0.24201898437499997 0.9286669453125 0.24201898437499997 0.9539159140625
0 0.607206659375 0.9941483640625 0.617459384375 0.9941483640625 0.617459384375 0.9482818937499999 0.607206659375 0.9482818937499999 0.607206659375 0.9941483640625
0 0.595354678125 0.9990186624999999 0.60546621875 0.9990186624999999 0.60546621875 0.9430824859375001 0.595354678125 0.9430824859375001 0.595354678125 0.9990186624999999
0 0.581451815625 1 0.581451815625 0.9581976328125 0.5691485453125 0.9581976328125 0.5691485453125 1 0.581451815625 1
0 0.5003736984375 1 0.5003736984375 0.9613432234375001 0.489240246875 0.9613432234375001 0.489240246875 1 0.5003736984375 1
0 0.5060211 1 0.5060211 0.9700444062500001 0.49418844687499996 0.9700444062500001 0.49418844687499996 1 0.5060211 1
0 0.49969439531250004 0.9984509015624999 0.5098059359375 0.9984509015624999 0.5098059359375 0.9514071421875 0.49969439531250004 0.9514071421875 0.49969439531250004 0.9984509015624999
0 0.5060947859375 0.9999807796875 0.51733580625 0.9999807796875 0.51733580625 0.9464350375 0.5060947859375 0.9464350375 0.5060947859375 0.9999807796875
0 0.5120603234375001 0.9743163265625 0.518716190625 0.9743163265625 0.518716190625 0.94383828125 0.5120603234375001 0.94383828125 0.5120603234375001 0.9743163265625
0 0.5668934937500001 1 0.5668934937500001 0.951366978125 0.5574811562499999 0.951366978125 0.5574811562499999 1 0.5668934937500001 1
0 0.5582341421875 1 0.5582341421875 0.9537574125000001 0.547692325 0.9537574125000001 0.547692325 1 0.5582341421875 1
0 0.5472707859375 1 0.5472707859375 0.9480660859375 0.5361911203124999 0.9480660859375 0.5361911203124999 1 0.5472707859375 1
0 0.5467329390625 0.9719704359374999 0.5582341421875 0.9719704359374999 0.5582341421875 0.9454844171874999 0.5467329390625 0.9454844171874999 0.5467329390625 0.9719704359374999
0 0.512051946875 0.965815275 0.5250947578125 0.965815275 0.5250947578125 0.9183651421875 0.512051946875 0.9183651421875 0.512051946875 0.965815275
0 0.5202541265625 0.933305359375 0.5202541265625 0.9833849718750001 0.5293303093749999 0.9833849718750001 0.5293303093749999 0.933305359375 0.5272461484375001 0.933305359375 0.5202541265625 0.933305359375
0 0.5272461484375001 0.9867315812499999 0.53928049375 0.9867315812499999 0.53928049375 0.933305359375 0.5272461484375001 0.933305359375 0.5272461484375001 0.9867315812499999
0 0.5318178546875 0.96557623125 0.5412974234375 0.96557623125 0.5412974234375 0.9249388375 0.5318178546875 0.9249388375 0.5318178546875 0.96557623125
0 0.5768491906250001 0.9461740875 0.576405465625 0.9461740875 0.5675818687499999 0.9461740875 0.5675818687499999 0.9803094984375 0.5787691046875 0.9803094984375 0.5787691046875 0.9461740875 0.57727946875 0.9461740875 0.5768491906250001 0.9461740875
0 0.6094903031250001 0.9664031421875 0.6165361093749999 0.9664031421875 0.6165361093749999 0.9475665140625 0.6094903031250001 0.9475665140625 0.6094903031250001 0.9664031421875
0 0.7790032625000001 0.5630494703125 0.76938923125 0.5630494703125 0.76938923125 0.5771530359375 0.7790032625000001 0.5771530359375 0.7790032625000001 0.5630494703125
0 0.8095933593750001 0.5710574265624999 0.8044165734375 0.5710574265624999 0.8044165734375 0.5892247328125 0.8095933593750001 0.5892247328125 0.8095933593750001 0.5710574265624999
0 0.790071634375 0.5475798046875 0.7947530609375 0.5475798046875 0.7947530609375 0.5409095359375 0.790071634375 0.5409095359375 0.790071634375 0.5475798046875
0 0.7971970421875 0.553026171875 0.8016719359375 0.553026171875 0.8016719359375 0.53191385 0.7971970421875 0.53191385 0.7971970421875 0.553026171875
0 0.7940990390625 0.5645308578125 0.7982297093749999 0.5645308578125 0.7982297093749999 0.55431126875 0.7940990390625 0.55431126875 0.7940990390625 0.5645308578125
0 0.7960611078125 0.567713003125 0.8019473140625 0.567713003125 0.8019473140625 0.552353025 0.7960611078125 0.552353025 0.7960611078125 0.567713003125
0 0.8093136781249999 0.5730561046875 0.81368530625 0.5730561046875 0.81368530625 0.5597155640625 0.8093136781249999 0.5597155640625 0.8093136781249999 0.5730561046875
0 0.8120674593749999 0.5877429359375 0.818435578125 0.5877429359375 0.818435578125 0.566079859375 0.8120674593749999 0.566079859375 0.8120674593749999 0.5877429359375
0 0.739388078125 0.56267663125 0.744895640625 0.56267663125 0.744895640625 0.5531913859375 0.739388078125 0.5531913859375 0.739388078125 0.56267663125
0 0.7113565234375 0.5473681484374999 0.7184023296875 0.5473681484374999 0.7184023296875 0.53264306875 0.7113565234375 0.53264306875 0.7113565234375 0.5473681484374999
0 0.8932562421875 0.51591305625 0.9004849187499999 0.51591305625 0.9004849187499999 0.505968846875 0.8932562421875 0.505968846875 0.8932562421875 0.51591305625
0 0.9024641984375 0.515071621875 0.9082729546874999 0.515071621875 0.9082729546874999 0.49480073437499994 0.9024641984375 0.49480073437499994 0.9024641984375 0.515071621875
0 0.9716465609375 0.51251094375 0.9765517328125 0.51251094375 0.9765517328125 0.491016153125 0.9716465609375 0.491016153125 0.9716465609375 0.51251094375
0 0.966233659375 0.505104146875 0.9712937328125 0.505104146875 0.9712937328125 0.4874799484375 0.966233659375 0.4874799484375 0.966233659375 0.505104146875
0 0.9613801203125 0.505104146875 0.9668876828125 0.505104146875 0.9668876828125 0.4862560453125 0.9613801203125 0.4862560453125 0.9613801203125 0.505104146875
0 0.827106303125 0.45597469375 0.8329553984375 0.45597469375 0.8329553984375 0.4452177375 0.827106303125 0.4452177375 0.827106303125 0.45597469375
0 0.8668214875 0.5037710328125 0.8715975765625 0.5037710328125 0.8715975765625 0.48625392500000003 0.8668214875 0.48625392500000003 0.8668214875 0.5037710328125
0 0.766459009375 0.5055126515625 0.7709231453125 0.5055126515625 0.7709231453125 0.4864847890625 0.766459009375 0.4864847890625 0.766459009375 0.5055126515625
0 0.7720447265625 0.5064672890625 0.7780255953124999 0.5064672890625 0.7780255953124999 0.48634938749999995 0.7720447265625 0.48634938749999995 0.7720447265625 0.5064672890625
0 0.8566655453124999 0.4860570828125 0.8515882625 0.4860570828125 0.8515882625 0.5041861421875 0.8566655453124999 0.5041861421875 0.8566655453124999 0.4860570828125
0 0.7686620375000001 0.44083708125000004 0.77236243125 0.44083708125000004 0.77236243125 0.42584427187499996 0.7686620375000001 0.42584427187499996 0.7686620375000001 0.44083708125000004
0 0.759414853125 0.4264569671875 0.762960346875 0.4264569671875 0.762960346875 0.41219849999999997 0.759414853125 0.41219849999999997 0.759414853125 0.4264569671875
0 0.7371140953124999 0.42657949687499996 0.74039109375 0.42657949687499996 0.74039109375 0.419970421875 0.7371140953124999 0.419970421875 0.7371140953124999 0.42657949687499996
0 0.5849293062500001 0.9461740875 0.5768491906250001 0.9461740875 0.5768491906250001 0.998130896875 0.586261528125 0.998130896875 0.586261528125 0.9461740875 0.585359584375 0.9461740875 0.5849293062500001 0.9461740875
0 0.03944003125 0.41428019687499995 0.0447754828125 0.41428019687499995 0.0447754828125 0.39879782812500003 0.03944003125 0.39879782812500003 0.03944003125 0.41428019687499995
0 0.050681884375 0.41272115625000005 0.054400590625 0.41272115625000005 0.054400590625 0.4040422171875 0.050681884375 0.4040422171875 0.050681884375 0.41272115625000005
0 0.6361697203125 0.8585449828125 0.6460526734375 0.8585449828125 0.6460526734375 0.8082263281250001 0.6361697203125 0.8082263281250001 0.6361697203125 0.8585449828125
0 0.6276953328125 0.853927521875 0.6361697203125 0.853927521875 0.6361697203125 0.8045650406249999 0.6276953328125 0.8045650406249999 0.6276953328125 0.853927521875
0 0.5849293062500001 0.9600392390625 0.5905164703125 0.9600392390625 0.5905164703125 0.9461740875 0.5849293062500001 0.9461740875 0.5849293062500001 0.9600392390625
0 0.5834029609375 0.9990186624999999 0.5973533890625 0.9990186624999999 0.5973533890625 0.95029773125 0.5834029609375 0.95029773125 0.5834029609375 0.9990186624999999
0 0.49114041875 0.8568994734375 0.500804871875 0.8568994734375 0.500804871875 0.80442195625 0.49114041875 0.80442195625 0.49114041875 0.8568994734375
0 0.496513890625 0.8152390234375 0.496513890625 0.8705178328125 0.50460261875 0.8705178328125 0.50460261875 0.8152390234375 0.5007561265625 0.8152390234375 0.496513890625 0.8152390234375
0 0.697727353125 0.5505963281249999 0.7020301359375 0.5505963281249999 0.7020301359375 0.527036203125 0.697727353125 0.527036203125 0.697727353125 0.5505963281249999
0 0.6946723765625 0.54853099375 0.69957755 0.54853099375 0.69957755 0.524588396875 0.6946723765625 0.524588396875 0.6946723765625 0.54853099375
0 0.7065910859375 0.5308608984375 0.70082535625 0.5308608984375 0.70082535625 0.543099925 0.7065910859375 0.543099925 0.7065910859375 0.5308608984375
0 0.6669945765625 0.5043590906250001 0.671297359375 0.5043590906250001 0.671297359375 0.494996234375 0.6669945765625 0.494996234375 0.6669945765625 0.5043590906250001
0 0.42382906093750006 0.7871596515625 0.42803099843750003 0.7871596515625 0.42803099843750003 0.754589975 0.42382906093750006 0.754589975 0.42382906093750006 0.7871596515625
0 0.7418420343750001 0.426354128125 0.745001890625 0.426354128125 0.745001890625 0.41727047656250005 0.7418420343750001 0.41727047656250005 0.7418420343750001 0.426354128125
0 0.5007561265625 0.8152390234375 0.5752844765625 0.8152390234375 0.5758671671875 0.8152390234375 0.6276090390625 0.8152390234375 0.6276090390625 0.750013271875 0.5007561265625 0.750013271875 0.5007561265625 0.8152390234375
0 0.5046935718750001 0.8152390234375 0.5046935718750001 0.8777976828125 0.525379703125 0.8777976828125 0.525379703125 0.8454753687500001 0.525379703125 0.844074721875 0.525379703125 0.8419737546875 0.525379703125 0.8152390234375 0.5046935718750001 0.8152390234375
0 0.5754732359375 0.8700026718749999 0.6276140140625001 0.8700026718749999 0.6276140140625001 0.814959971875 0.5754732359375 0.814959971875 0.5754732359375 0.8700026718749999
0 0.5754732359375 0.814959971875 0.525379703125 0.814959971875 0.525379703125 0.8454753687500001 0.5754732359375 0.8454753687500001 0.5754732359375 0.814959971875
0 0.28889131562500003 0.43717742812499993 0.2914729859375 0.43717742812499993 0.2914729859375 0.42906907343749995 0.28889131562500003 0.42906907343749995 0.28889131562500003 0.43717742812499993
0 0.27845975625 0.41566538125 0.27845975625 0.425227121875 0.27845975625 0.42790440781249994 0.28160078906249997 0.42790440781249994 0.28160078906249997 0.41566538125 0.27845975625 0.41566538125
0 0.27845975625 0.4422852640625 0.28289162343749996 0.4422852640625 0.28289162343749996 0.425227121875 0.27845975625 0.425227121875 0.27845975625 0.4422852640625
0 0.8267764937500001 0.08429636874999999 0.9816818296875001 0.08429636874999999 0.9816818296875001 0.0335901421875 0.8267764937500001 0.0335901421875 0.8267764937500001 0.08429636874999999
