0 0.174826903125 0.190625 0.1746087140625 0.203125 0.178125 0.203125 0.178125 0.190625 0.174826903125 0.190625
0 0.40522773125 1 0.40522773125 0.97669724375 0.3918142265625 0.97669724375 0.3918142265625 1 0.40522773125 1
0 0.418254096875 1 0.418254096875 0.9677890125000002 0.4053051328125 0.9677890125000002 0.4053051328125 1 0.418254096875 1
0 0.2948705875 0.994420709375 0.30299369062500003 0.994420709375 0.30299369062500003 0.9454557421875001 0.2948705875 0.9454557421875001 0.2948705875 0.994420709375
0 0.3140706484375 1 0.3140706484375 0.949727853125 0.3038244609375 0.949727853125 0.3038244609375 1 0.3140706484375 1
0 0.3092706328125 0.9916274062500001 0.3188706625 0.9916274062500001 0.3188706625 0.942005190625 0.3092706328125 0.942005190625 0.3092706328125 0.9916274062500001
0 0.2577561421875 1 0.2577561421875 0.9708120874999999 0.2449068703125 0.9708120874999999 0.2449068703125 1 0.2577561421875 1
0 0.28052390625 1 0.28052390625 0.9600132703125 0.2657546296875 0.9600132703125 0.2657546296875 1 0.28052390625 1
0 0.24494783125000003 0.9629250390624999 0.2554767109375 0.9629250390624999 0.2554767109375 0.9136314453125 0.24494783125000003 0.9136314453125 0.24494783125000003 0.9629250390624999
0 0.27967871093749996 0.9580268546875 0.289486434375 0.9580268546875 0.289486434375 0.9296830390625 0.27967871093749996 0.9296830390625 0.27967871093749996 0.9580268546875
0 0.22838316406249998 0.9601194859375 0.23554626406249998 0.9601194859375 0.23554626406249998 0.932777971875 0.22838316406249998 0.932777971875 0.22838316406249998 0.9601194859375
0 0.21756928437499998 0.9560058171874999 0.22838316406249998 0.9560058171874999 0.22838316406249998 0.9171871140625001 0.21756928437499998 0.9171871140625001 0.21756928437499998 0.9560058171874999
0 0.13236351562499998 0.942395196875 0.143588165625 0.942395196875 0.143588165625 0.8940217531249999 0.13236351562499998 0.8940217531249999 0.13236351562499998 0.942395196875
0 0.12069578593750001 0.942395196875 0.13236351562499998 0.942395196875 0.13236351562499998 0.8932330546875 0.12069578593750001 0.8932330546875 0.12069578593750001 0.942395196875
0 0.2862950421875 1 0.2862950421875 0.9559295453125 0.27678731875 0.9559295453125 0.27678731875 1 0.2862950421875 1
0 0.2155248171875 0.9905710578125 0.22667562187499998 0.9905710578125 0.22667562187499998 0.9411460156250001 0.2155248171875 0.9411460156250001 0.2155248171875 0.9905710578125
0 0.23526026406249997 0.9428959390625 0.22529100156249998 0.9428959390625 0.22529100156249998 0.99205808125 0.23526026406249997 0.99205808125 0.23526026406249997 0.9428959390625
0 0.0877771640625 0.9171148203125 0.09691565468749999 0.9171148203125 0.09691565468749999 0.8689714125 0.0877771640625 0.8689714125 0.0877771640625 0.9171148203125
0 0.100515665625 0.91202115 0.11094646718750001 0.91202115 0.11094646718750001 0.8630561812499999 0.100515665625 0.8630561812499999 0.100515665625 0.91202115
0 0.1151003265625 0.9205653734375 0.12423881875000001 0.9205653734375 0.12423881875000001 0.8725862765624999 0.1151003265625 0.8725862765624999 0.1151003265625 0.9205653734375
0 0.05770437656250001 0.9478672734375 0.0709967265625 0.9478672734375 0.0709967265625 0.8992309296875 0.05770437656250001 0.8992309296875 0.05770437656250001 0.9478672734375
0 0.06708286718749999 0.9384029046875 0.0790459828125 0.9384029046875 0.0790459828125 0.8855601734375 0.06708286718749999 0.8855601734375 0.06708286718749999 0.9384029046875
0 0.0441117375 0.9133694625000001 0.0536379203125 0.9133694625000001 0.0536379203125 0.8638129703124999 0.0441117375 0.8638129703124999 0.0441117375 0.9133694625000001
0 0.0504625265625 0.9060082843749999 0.0618348703125 0.9060082843749999 0.0618348703125 0.857371940625 0.0504625265625 0.857371940625 0.0504625265625 0.9060082843749999
0 0.0284888984375 0.8874040624999999 0.040673553125 0.8874040624999999 0.040673553125 0.8369274234375 0.0284888984375 0.8369274234375 0.0284888984375 0.8874040624999999
0 0 0.9172233984375 0.0055595953125 0.9172233984375 0.0055595953125 0.8688499546875 0 0.8688499546875 0 0.9172233984375
0 0.00029319375 0.8822253 0.009095684375 0.8822253 0.009095684375 0.8452090999999999 0.00029319375 0.8452090999999999 0.00029319375 0.8822253
0 0.0153929703125 0.692890971875 0.024476075 0.692890971875 0.024476075 0.6552963921874999 0.0153929703125 0.6552963921874999 0.0153929703125 0.692890971875
0 0.0004112109375 0.651561215625 0.0054327656250000005 0.651561215625 0.0054327656250000005 0.6235887437500001 0.0004112109375 0.6235887437500001 0.0004112109375 0.651561215625
0 0.005019225 0.6474599875 0.011399553125 0.6474599875 0.011399553125 0.619066878125 0.005019225 0.619066878125 0.005019225 0.6474599875
0 0.10512293125000001 0.5936767234375 0.109730946875 0.5936767234375 0.109730946875 0.5677022859375 0.10512293125000001 0.5677022859375 0.10512293125000001 0.5936767234375
0 0.072598028125 0.5883316078125 0.079120140625 0.5883316078125 0.079120140625 0.56056945625 0.072598028125 0.56056945625 0.072598028125 0.5883316078125
0 0.050825712499999995 0.5912279578125 0.0586534296875 0.5912279578125 0.0586534296875 0.5699331265625001 0.050825712499999995 0.5699331265625001 0.050825712499999995 0.5912279578125
0 0.0518595625 0.620146865625 0.058948815625 0.620146865625 0.058948815625 0.5895191140625 0.0518595625 0.5895191140625 0.0518595625 0.620146865625
0 0.0360437421875 0.6223568609375001 0.0414345296875 0.6223568609375001 0.0414345296875 0.602770875 0.0360437421875 0.602770875 0.0360437421875 0.6223568609375001
0 0.027699099999999997 0.6215681640625 0.0346406609375 0.6215681640625 0.0346406609375 0.601587828125 0.027699099999999997 0.601587828125 0.027699099999999997 0.6215681640625
0 0.070735621875 0.632209359375 0.07711595 0.632209359375 0.07711595 0.6007666203124999 0.070735621875 0.6007666203124999 0.070735621875 0.632209359375
0 0.08081219218749999 0.5984605593750001 0.08767990625 0.5984605593750001 0.08767990625 0.5745367375 0.08081219218749999 0.5745367375 0.08081219218749999 0.5984605593750001
0 0.07438755625 0.609502325 0.080073728125 0.609502325 0.080073728125 0.5893905390625 0.07438755625 0.5893905390625 0.07438755625 0.609502325
0 0.087236828125 0.5934654765625 0.09395685000000001 0.5934654765625 0.09395685000000001 0.5670441109375 0.087236828125 0.5670441109375 0.087236828125 0.5934654765625
0 0.065438125 0.6095949640625 0.0712719890625 0.6095949640625 0.0712719890625 0.5794930109375 0.065438125 0.5794930109375 0.065438125 0.6095949640625
0 0.0615981125 0.595398409375 0.065438125 0.595398409375 0.065438125 0.56937139375 0.0615981125 0.56937139375 0.0615981125 0.595398409375
0 0.0632227328125 0.593295215625 0.07038583281250001 0.593295215625 0.07038583281250001 0.5706858890625 0.0632227328125 0.5706858890625 0.0632227328125 0.593295215625
0 0.0849065359375 0.608836759375 0.0779834375 0.608836759375 0.0779834375 0.6384129140624999 0.0849065359375 0.6384129140624999 0.0849065359375 0.608836759375
0 0.0830931390625 0.6148767015625 0.089074696875 0.6148767015625 0.089074696875 0.590558528125 0.0830931390625 0.590558528125 0.0830931390625 0.6148767015625
0 0.0886476109375 0.6133499421874999 0.0929011625 0.6133499421874999 0.0929011625 0.59644026875 0.0886476109375 0.59644026875 0.0886476109375 0.6133499421874999
0 0.0360380125 0.63506166875 0.0360380125 0.6099219375 0.02976106875 0.6099219375 0.02976106875 0.63506166875 0.032345692187500004 0.63506166875 0.0360380125 0.63506166875
0 0.0403191140625 0.6356413 0.032749859375 0.6356413 0.032749859375 0.6593022234375 0.0403191140625 0.6593022234375 0.0403191140625 0.6356413
0 0.781429690625 0.3759856546875 0.781277528125 0.3890625 0.784375 0.3890625 0.784375 0.3759856546875 0.781429690625 0.3759856546875
0 0.9646720296875 0.36701636249999997 0.9648012906249999 0.378125 0.96875 0.378125 0.96875 0.36701636249999997 0.9646720296875 0.36701636249999997
0 0.7719581328125 0.3690564421875 0.7720818359375 0.3796875 0.7734375 0.3796875 0.7734375 0.36907365625 0.7719581328125 0.3690564421875
