0 0.0792729484375 0.4961334046875 0.0788461484375 0.5328125 0.1 0.5328125 0.1 0.4963745859375 0.0792729484375 0.4961334046875
0 0.0612307234375 0.49613619218749994 0.0618709109375 0.5328125 0.0796875 0.5328125 0.0796875 0.49635095625 0.0612307234375 0.49613619218749994
0 0.4296875 0.1744606421875 0.44176479375 0.1744606421875 0.44176479375 0.165266353125 0.4296875 0.165266353125 0.4296875 0.1744606421875
0 0.751650809375 0.42811519843749996 0.76408788125 0.42811519843749996 0.76408788125 0.41845883749999996 0.751650809375 0.41845883749999996 0.751650809375 0.42811519843749996
0 0.8797612625 0.40953881562500005 0.8881146624999999 0.40953881562500005 0.8881146624999999 0.3913859890625 0.8797612625 0.3913859890625 0.8797612625 0.40953881562500005
0 0.98041634375 0.49039705468749994 0.9936757093749999 0.49039705468749994 0.9936757093749999 0.46711664375 0.98041634375 0.46711664375 0.98041634375 0.49039705468749994
0 0.486640625 0.154926803125 0.49404421249999997 0.154926803125 0.49404421249999997 0.14534769375 0.486640625 0.14534769375 0.486640625 0.154926803125
0 0.4226020984375 0.67736901875 0.428259275 0.67736901875 0.428259275 0.671393709375 0.4226020984375 0.671393709375 0.4226020984375 0.67736901875
0 0.42123317499999996 0.6917336625 0.4249859546875 0.6917336625 0.4249859546875 0.684264525 0.42123317499999996 0.684264525 0.42123317499999996 0.6917336625
0 0.8052146375 0.6992888453125 0.8053906906249999 0.709375 0.809375 0.709375 0.809375 0.6993372546875001 0.8052146375 0.6992888453125
0 0.8037435125 0.7371478421875001 0.802905878125 0.7371478421875001 0.7995510375 0.7371478421875001 0.7995510375 0.7461851234375 0.8037435125 0.7461851234375 0.8037435125 0.7371478421875001
0 0.7561767578125 0.8154105625 0.7599574984374999 0.8154105625 0.7599574984374999 0.8066709031249999 0.7561767578125 0.8066709031249999 0.7561767578125 0.8154105625
0 0.7757697515624999 0.8207527562499999 0.7781613843749999 0.8207527562499999 0.7781613843749999 0.8147174703125 0.7757697515624999 0.8147174703125 0.7757697515624999 0.8207527562499999
0 0.9913744843749999 0.6885111578124999 0.9957400828124999 0.6885111578124999 0.9957400828124999 0.669591696875 0.9913744843749999 0.669591696875 0.9913744843749999 0.6885111578124999
0 0.8693229203125 0.9292748234375001 0.8743226109375 0.9292748234375001 0.8743226109375 0.9208618046874999 0.8693229203125 0.9208618046874999 0.8693229203125 0.9292748234375001
0 0.9701664203125 0.7179272250000001 0.9743148546875 0.7179272250000001 0.9743148546875 0.7039946609375 0.9701664203125 0.7039946609375 0.9701664203125 0.7179272250000001
0 0.9596328984374999 0.6678415234374999 0.96221930625 0.6678415234374999 0.96221930625 0.65786185625 0.9596328984374999 0.65786185625 0.9596328984374999 0.6678415234374999
0 0.992204090625 0.7323297234374999 0.995032884375 0.7323297234374999 0.995032884375 0.719770990625 0.992204090625 0.719770990625 0.992204090625 0.7323297234374999
0 0.9331822171875 0.65 0.9331822171875 0.6556709453125 0.936378234375 0.6556709453125 0.936378234375 0.65 0.9331822171875 0.65
0 0.8916671843749999 0.7412713734375 0.8951638578125 0.7412713734375 0.8951638578125 0.7287847078125 0.8916671843749999 0.7287847078125 0.8916671843749999 0.7412713734375
0 0.9758001343749999 0.6668069234375 0.9785782109374999 0.6668069234375 0.9785782109374999 0.65064999375 0.9758001343749999 0.65064999375 0.9758001343749999 0.6668069234375
0 0.9882034890625 0.7299286078125 0.9916476921874999 0.7299286078125 0.9916476921874999 0.7151506640624999 0.9882034890625 0.7151506640624999 0.9882034890625 0.7299286078125
0 0.9818969046875001 0.65 0.9818969046875001 0.6624176687500001 0.9862553546874999 0.6624176687500001 0.9862553546874999 0.65 0.9818969046875001 0.65
0 0.9614139109375 0.7194128734375 0.9645286609374999 0.7194128734375 0.9645286609374999 0.7113342890625 0.9614139109375 0.7113342890625 0.9614139109375 0.7194128734375
0 0.9246332734374999 0.8738938953125001 0.931560775 0.8738938953125001 0.931560775 0.8595239828124999 0.9246332734374999 0.8595239828124999 0.9246332734374999 0.8738938953125001
0 0.8517110234375 0.8477219093749999 0.8552579031249999 0.8477219093749999 0.8552579031249999 0.83510923125 0.8517110234375 0.83510923125 0.8517110234375 0.8477219093749999
0 0.914372571875 0.8272263078125001 0.9188061718749999 0.8272263078125001 0.9188061718749999 0.8177667984375001 0.914372571875 0.8177667984375001 0.914372571875 0.8272263078125001
0 0.901071771875 0.8445687390625001 0.9052097984374999 0.8445687390625001 0.9052097984374999 0.8361602874999999 0.901071771875 0.8361602874999999 0.901071771875 0.8445687390625001
0 0.8880665453125001 0.780979821875 0.8919089984374999 0.780979821875 0.8919089984374999 0.7720458406249999 0.8880665453125001 0.7720458406249999 0.8880665453125001 0.780979821875
0 0.852006596875 0.7914903859375 0.85584905 0.7914903859375 0.85584905 0.78150535 0.852006596875 0.78150535 0.852006596875 0.7914903859375
0 0.8614649437499999 0.8067307046875 0.864420678125 0.8067307046875 0.864420678125 0.7993733109375001 0.8614649437499999 0.7993733109375001 0.8614649437499999 0.8067307046875
0 0.842843821875 0.7620608046874999 0.8469818499999999 0.7620608046874999 0.8469818499999999 0.742616259375 0.842843821875 0.742616259375 0.842843821875 0.7620608046874999
0 0.8138776343749999 0.743667315625 0.8183112359375 0.743667315625 0.8183112359375 0.731580165625 0.8138776343749999 0.731580165625 0.8138776343749999 0.743667315625
0 0.7724973671875001 0.7452439015625 0.776044246875 0.7452439015625 0.776044246875 0.7347333359375 0.7724973671875001 0.7347333359375 0.7724973671875001 0.7452439015625
0 0.7479647796875 0.8824067734375 0.7509205124999999 0.8824067734375 0.7509205124999999 0.8729472640625 0.7479647796875 0.8729472640625 0.7479647796875 0.8824067734375
0 0.6008231937499999 0.95144923125 0.6008231937499999 0.9357355171874999 0.5931959828125 0.9357355171874999 0.5931959828125 0.95144923125 0.597936884375 0.95144923125 0.6008231937499999 0.95144923125
0 0.60990320625 0.9432694906249999 0.61862001875 0.9432694906249999 0.61862001875 0.922389621875 0.60990320625 0.922389621875 0.60990320625 0.9432694906249999
0 0.9656646078125 0.8228413859374999 0.9685399453125001 0.8228413859374999 0.9685399453125001 0.8083115812500001 0.9656646078125 0.8083115812500001 0.9656646078125 0.8228413859374999
0 0.9685399453125001 0.8217651046875 0.9729286187499999 0.8217651046875 0.9729286187499999 0.8083115812500001 0.9685399453125001 0.8083115812500001 0.9685399453125001 0.8217651046875
0 0.9755012890625 0.8155764828125 0.97126395 0.8155764828125 0.97126395 0.8271465125 0.9755012890625 0.8271465125 0.9755012890625 0.8155764828125
0 0.8158885140625 0.995336703125 0.8224745500000001 0.995336703125 0.8224745500000001 0.986657565625 0.8158885140625 0.986657565625 0.8158885140625 0.995336703125
0 0.8020775125 0.725816078125 0.8076150828124999 0.725816078125 0.8076150828124999 0.7159703000000001 0.8020775125 0.7159703000000001 0.8020775125 0.725816078125
0 0.8370462171875002 0.962957953125 0.8521235468749999 0.962957953125 0.8521235468749999 0.9423030453125 0.8370462171875002 0.9423030453125 0.8370462171875002 0.962957953125
0 1 0.9168140093750001 0.9902912125000001 0.9168140093750001 0.9902912125000001 0.9383478499999999 1 0.9383478499999999 1 0.9168140093750001
0 0.8221999828125 0.7681033875 0.8319190765624999 0.7681033875 0.8319190765624999 0.7533429515625001 0.8221999828125 0.7533429515625001 0.8221999828125 0.7681033875
0 0.8493324546875 0.7783636921875 0.854698203125 0.7783636921875 0.854698203125 0.767383365625 0.8493324546875 0.767383365625 0.8493324546875 0.7783636921875
