0 0.48875942656250004 0.45192194218750004 0.491029940625 0.45192194218750004 0.491029940625 0.444506103125 0.48875942656250004 0.444506103125 0.48875942656250004 0.45192194218750004
0 0.499003140625 0.46543941875000006 0.5028577328125 0.46543941875000006 0.5028577328125 0.45699099531250004 0.499003140625 0.45699099531250004 0.499003140625 0.46543941875000006
0 0.7239980328125 0.8492609890624999 0.9034915171875 0.8492609890624999 0.9034915171875 0.78806381875 0.7239980328125 0.78806381875 0.7239980328125 0.8492609890624999
0 0.907917384375 0.646436084375 0.9167691171874999 0.646436084375 0.9167691171874999 0.6324481609375 0.907917384375 0.6324481609375 0.907917384375 0.646436084375
0 0.630888275 0.3833161828125 0.6328023703125 0.3833161828125 0.6328023703125 0.3790919703125 0.630888275 0.3790919703125 0.630888275 0.3833161828125
0 0.82811308125 0.42534350937500004 0.8317226375000001 0.42534350937500004 0.8317226375000001 0.41686391718750004 0.82811308125 0.41686391718750004 0.82811308125 0.42534350937500004
0 0.6355067187500001 0.38471449375 0.6372977843750001 0.38471449375 0.6372977843750001 0.380148590625 0.6355067187500001 0.380148590625 0.6355067187500001 0.38471449375
0 0.6020955953125 0.3700706421875 0.6000950078125 0.3700706421875 0.6000950078125 0.37478073125 0.6020955953125 0.37478073125 0.6020955953125 0.3700706421875
0 0.750885425 0.4547931328125 0.7477172671875 0.4547931328125 0.7477172671875 0.4662078921875 0.750885425 0.4662078921875 0.750885425 0.4547931328125
0 0.754687215625 0.45261531718750003 0.7515613 0.45261531718750003 0.7515613 0.46650827968749997 0.754687215625 0.46650827968749997 0.754687215625 0.45261531718750003
