0 0.7703125 0.30411659687500003 0.75 0.3035255625 0.75 0.3410676625 0.750170140625 0.3703125 0.7703125 0.3703125 0.7703125 0.30411659687500003
0 0.81875 0.3071072015625 0.81875 0.373025590625 0.833602121875 0.373371278125 0.834375 0.32909316718750004 0.834375 0.3074708765625 0.81875 0.3071072015625
0 0.8195792281250001 0.3112596484375 0.8195792281250001 0.3689542234375 0.8390364671875 0.3689542234375 0.8390364671875 0.3468590640625 0.8390364671875 0.3112596484375 0.8195792281250001 0.3112596484375
0 0.7478255375 0.2070285234375 0.7577015609375 0.2070285234375 0.7577015609375 0.188506359375 0.7478255375 0.188506359375 0.7478255375 0.2070285234375
0 0.7529846546875 0.2015112828125 0.7621236609375 0.2015112828125 0.7621236609375 0.1857477390625 0.7529846546875 0.1857477390625 0.7529846546875 0.2015112828125
0 0.5818841875 0.1596038625 0.5961638859375 0.1596038625 0.5961638859375 0.130355096875 0.5818841875 0.130355096875 0.5818841875 0.1596038625
0 0.5657619484375 0.1565250453125 0.580041646875 0.1565250453125 0.580041646875 0.13281815156250001 0.5657619484375 0.13281815156250001 0.5657619484375 0.1565250453125
0 0.0107166546875 0.9169432515625001 0.022957089062499998 0.9169432515625001 0.022957089062499998 0.8929615156249999 0.0107166546875 0.8929615156249999 0.0107166546875 0.9169432515625001
0 0.129185621875 0.58970916875 0.1346190546875 0.58970916875 0.1346190546875 0.56382681875 0.129185621875 0.56382681875 0.129185621875 0.58970916875
0 0.043415643749999996 0.67471144375 0.053847832812499996 0.67471144375 0.053847832812499996 0.665563771875 0.043415643749999996 0.665563771875 0.043415643749999996 0.67471144375
0 0.0153182828125 0.6030134687500001 0.0211603078125 0.6030134687500001 0.0211603078125 0.591887921875 0.0153182828125 0.591887921875 0.0153182828125 0.6030134687500001
0 0.4296875 0.7906426124999999 0.4114824625 0.7906426124999999 0.4114824625 0.8123721984374999 0.4296875 0.8123721984374999 0.4296875 0.7906426124999999
0 0.3742634546875 0.7563581562499999 0.3935521375 0.7563581562499999 0.3935521375 0.7413888875 0.3742634546875 0.7413888875 0.3742634546875 0.7563581562499999
0 0.3514430421875 0.7945056515625 0.3870320203125 0.7945056515625 0.3870320203125 0.774707584375 0.3514430421875 0.774707584375 0.3514430421875 0.7945056515625
0 0.33242603125 0.7800192609375 0.3514430421875 0.7800192609375 0.3514430421875 0.7568410359375 0.33242603125 0.7568410359375 0.33242603125 0.7800192609375
0 0.3618493375 0.7587005 0.3733682125 0.7587005 0.3733682125 0.7502018171875 0.3618493375 0.7502018171875 0.3618493375 0.7587005
0 0.0651094 0.8948323171875 0.0729147921875 0.8948323171875 0.0729147921875 0.8744776078125 0.0651094 0.8744776078125 0.0651094 0.8948323171875
0 0.6729078203125 0.6285900484375 0.6731505531249999 0.6703125 0.684375 0.6703125 0.684375 0.6289237109375 0.6729078203125 0.6285900484375
0 0.7953125 0.775 0.7953125 0.7518242015625 0.787515940625 0.7516427343750001 0.7875 0.7525559734374999 0.7875 0.775 0.7953125 0.775
0 0.8543580640624999 0.7539931734375 0.8433257265625 0.7539931734375 0.8433257265625 0.7750658609375 0.8543580640624999 0.7750658609375 0.8543580640624999 0.7539931734375
