0 0.259375 0.4109375 0.265625 0.4109375 0.265625 0.37004950000000003 0.259375 0.36994040625 0.259375 0.4109375
0 0.3144342390625 0.393980309375 0.322902146875 0.393980309375 0.322902146875 0.348231365625 0.3144342390625 0.348231365625 0.3144342390625 0.393980309375
0 0.3510156015625 0.4451468921875 0.3693062828125 0.4451468921875 0.3693062828125 0.4084273453125 0.3510156015625 0.4084273453125 0.3510156015625 0.4451468921875
0 0.37608060937500004 0.38675679218750003 0.39572615625 0.38675679218750003 0.39572615625 0.35003724531249997 0.37608060937500004 0.35003724531249997 0.37608060937500004 0.38675679218750003
0 0.3801452046875 0.4144469421875 0.3920002765625 0.4144469421875 0.3920002765625 0.39759206874999997 0.3801452046875 0.39759206874999997 0.3801452046875 0.4144469421875
0 0.3892905453125 0.4487586515625 0.40182304999999996 0.4487586515625 0.40182304999999996 0.4349135765625 0.3892905453125 0.4349135765625 0.3892905453125 0.4487586515625
0 0.48887314531250003 0.46875 0.48887314531250003 0.45176845 0.47769550625 0.45176845 0.47769550625 0.46875 0.48887314531250003 0.46875
0 0.9751731984374998 0.46875 0.9751731984374998 0.44831893906250003 0.960354359375 0.44831893906250003 0.960354359375 0.46875 0.9751731984374998 0.46875
0 0.926906121875 0.3851131609375 0.9463823109374999 0.3851131609375 0.9463823109374999 0.3452333234375 0.926906121875 0.3452333234375 0.926906121875 0.3851131609375
0 0.8545055078124999 0.36855926562499997 0.875675278125 0.36855926562499997 0.875675278125 0.32341228125 0.8545055078124999 0.32341228125 0.8545055078124999 0.36855926562499997
0 0.933257053125 0.28202754531249996 0.9472291015625001 0.28202754531249996 0.9472291015625001 0.24967220625 0.933257053125 0.24967220625 0.933257053125 0.28202754531249996
0 0.9137808640625 0.30610593750000004 0.925212540625 0.30610593750000004 0.925212540625 0.28578979375 0.9137808640625 0.28578979375 0.9137808640625 0.30610593750000004
0 0.807085221875 0.3640445671875 0.8172467125 0.3640445671875 0.8172467125 0.331689228125 0.807085221875 0.331689228125 0.807085221875 0.3640445671875
0 0.7384951671875 0.41671604999999995 0.755854378125 0.41671604999999995 0.755854378125 0.370816615625 0.7384951671875 0.370816615625 0.7384951671875 0.41671604999999995
0 0.7804113125 0.3775886625 0.7960769421875 0.3775886625 0.7960769421875 0.3362039265625 0.7804113125 0.3362039265625 0.7804113125 0.3775886625
0 0.760511728125 0.36178721875000003 0.7804113125 0.36178721875000003 0.7804113125 0.295571640625 0.760511728125 0.295571640625 0.760511728125 0.36178721875000003
0 0.80750861875 0.312877984375 0.8151297359375 0.312877984375 0.8151297359375 0.2895520421875 0.80750861875 0.2895520421875 0.80750861875 0.312877984375
0 0.8265614109375001 0.312877984375 0.8324889468750001 0.312877984375 0.8324889468750001 0.2903044921875 0.8265614109375001 0.2903044921875 0.8265614109375001 0.312877984375
0 0.8379930874999999 0.2903044921875 0.8490013671875001 0.2903044921875 0.8490013671875001 0.258701603125 0.8379930874999999 0.258701603125 0.8379930874999999 0.2903044921875
0 0.8557756937499998 0.2466624078125 0.8655137890625 0.2466624078125 0.8655137890625 0.2173168671875 0.8557756937499998 0.2173168671875 0.8557756937499998 0.2466624078125
0 0.5267180781249999 0.3823737734375 0.5389965453125 0.3823737734375 0.5389965453125 0.3364743390625 0.5267180781249999 0.3364743390625 0.5267180781249999 0.3823737734375
0 0.5339157999999999 0.43730260468750004 0.5436538953125 0.43730260468750004 0.5436538953125 0.4147291125 0.5339157999999999 0.4147291125 0.5339157999999999 0.43730260468750004
0 0.6122439500000001 0.4184913609375 0.6245224171875 0.4184913609375 0.6245224171875 0.3695821265625 0.6122439500000001 0.3695821265625 0.6122439500000001 0.4184913609375
0 0.6245224171875 0.3831262234375 0.635530696875 0.3831262234375 0.635530696875 0.3417414859375 0.6245224171875 0.3417414859375 0.6245224171875 0.3831262234375
0 0.59784850625 0.423758509375 0.6071632046875 0.423758509375 0.6071632046875 0.3996801171875 0.59784850625 0.3996801171875 0.59784850625 0.423758509375
0 0.5830296671874999 0.3432463859375 0.5948847390625 0.3432463859375 0.5948847390625 0.3026141 0.5830296671874999 0.3026141 0.5830296671874999 0.3432463859375
0 0.5550855703125 0.35528558125 0.5732915734375 0.35528558125 0.5732915734375 0.3334645390625 0.5550855703125 0.3334645390625 0.5550855703125 0.35528558125
0 0.552121803125 0.32142534375 0.5652470609375 0.32142534375 0.5652470609375 0.295089603125 0.552121803125 0.295089603125 0.552121803125 0.32142534375
0 0.5246011015625001 0.309386146875 0.5339157999999999 0.309386146875 0.5339157999999999 0.2717636609375 0.5246011015625001 0.2717636609375 0.5246011015625001 0.309386146875
0 0.49454002812500003 0.37108702656250003 0.51147584375 0.37108702656250003 0.51147584375 0.32443514218749997 0.49454002812500003 0.32443514218749997 0.49454002812500003 0.37108702656250003
0 0.46955969843749995 0.365819878125 0.4848019328125 0.365819878125 0.4848019328125 0.349265984375 0.46955969843749995 0.349265984375 0.46955969843749995 0.365819878125
0 0.42806694843750004 0.42752075781250004 0.44966011406249995 0.42752075781250004 0.44966011406249995 0.386888471875 0.42806694843750004 0.386888471875 0.42806694843750004 0.42752075781250004
0 0.4399220203125 0.36130517968750003 0.4500835109375 0.36130517968750003 0.4500835109375 0.331959640625 0.4399220203125 0.331959640625 0.4399220203125 0.36130517968750003
0 0.45558765 0.3259400421875 0.4644789546875 0.3259400421875 0.4644789546875 0.2958420515625 0.45558765 0.2958420515625 0.45558765 0.3259400421875
0 0.469136303125 0.309386146875 0.47929779375 0.309386146875 0.47929779375 0.2717636609375 0.469136303125 0.2717636609375 0.469136303125 0.309386146875
0 0.4831083515625 0.3086336984375 0.4958102140625 0.3086336984375 0.4958102140625 0.2800406078125 0.4831083515625 0.2800406078125 0.4831083515625 0.3086336984375
0 0.4272201578125 0.3409890375 0.4399220203125 0.3409890375 0.4399220203125 0.30336655 0.4272201578125 0.30336655 0.4272201578125 0.3409890375
0 0.40435680625000003 0.32443514218749997 0.4149416921875 0.32443514218749997 0.4149416921875 0.291327353125 0.40435680625000003 0.291327353125 0.40435680625000003 0.32443514218749997
0 0.37895308281249995 0.3259400421875 0.3967356890625 0.3259400421875 0.3967356890625 0.2890700046875 0.37895308281249995 0.2890700046875 0.37895308281249995 0.3259400421875
0 0.342541078125 0.31465329531249997 0.3565131265625 0.31465329531249997 0.3565131265625 0.28380285625 0.342541078125 0.28380285625 0.342541078125 0.31465329531249997
0 0.35143238125 0.2597244640625 0.3590534984375 0.2597244640625 0.3590534984375 0.2333887234375 0.35143238125 0.2333887234375 0.35143238125 0.2597244640625
0 0.365827825 0.2695063109375 0.37725949999999997 0.2695063109375 0.37725949999999997 0.2333887234375 0.365827825 0.2333887234375 0.365827825 0.2695063109375
0 0.318830934375 0.24392302031250002 0.3370369375 0.24392302031250002 0.3370369375 0.2168348296875 0.318830934375 0.2168348296875 0.318830934375 0.24392302031250002
0 0.3374603328125 0.2040431828125 0.3455048453125 0.2040431828125 0.3455048453125 0.1859843890625 0.3374603328125 0.1859843890625 0.3374603328125 0.2040431828125
0 0.3095162359375 0.227369125 0.3095162359375 0.1920039875 0.29808456093749996 0.1920039875 0.29808456093749996 0.227369125 0.30572030625 0.227369125 0.3095162359375 0.227369125
0 0.26141322499999997 0.24641080624999998 0.268864984375 0.24641080624999998 0.268864984375 0.2108951796875 0.26141322499999997 0.2108951796875 0.26141322499999997 0.24641080624999998
0 0.2725908640625 0.25303236406249996 0.279026475 0.25303236406249996 0.279026475 0.2145069375 0.2725908640625 0.2145069375 0.2725908640625 0.25303236406249996
0 0.42298091250000003 0.2885479921875 0.43280368593750007 0.2885479921875 0.43280368593750007 0.2572460828125 0.42298091250000003 0.2572460828125 0.42298091250000003 0.2885479921875
0 0.4497395015625 0.2885479921875 0.45719126093749995 0.2885479921875 0.45719126093749995 0.262663721875 0.4497395015625 0.262663721875 0.4497395015625 0.2885479921875
0 0.46125585625000004 0.28313035468750003 0.469136303125 0.28313035468750003 0.469136303125 0.2560421640625 0.46125585625000004 0.2560421640625 0.46125585625000004 0.28313035468750003
0 0.4907241765625 0.281324475 0.4998695171875 0.281324475 0.4998695171875 0.2476147265625 0.4907241765625 0.2476147265625 0.4907241765625 0.281324475
0 0.5052889781250001 0.277712715625 0.5127407375 0.277712715625 0.5127407375 0.24942060625 0.5052889781250001 0.24942060625 0.5052889781250001 0.277712715625
0 0.5120633046874999 0.2753048765625 0.5191763484375 0.2753048765625 0.5191763484375 0.23858532968750001 0.5120633046874999 0.23858532968750001 0.5120633046874999 0.2753048765625
0 0.5222247953125001 0.254236284375 0.5303539859375 0.254236284375 0.5303539859375 0.2145069375 0.5222247953125001 0.2145069375 0.5222247953125001 0.254236284375
0 0.540176759375 0.2879460328125 0.54424135625 0.2879460328125 0.54424135625 0.2656735203125 0.540176759375 0.2656735203125 0.540176759375 0.2879460328125
0 0.5439026390625 0.2590519625 0.5530479796875 0.2590519625 0.5530479796875 0.227750053125 0.5439026390625 0.227750053125 0.5439026390625 0.2590519625
0 0.53543473125 0.2590519625 0.5439026390625 0.2590519625 0.5439026390625 0.21811869687500002 0.53543473125 0.21811869687500002 0.53543473125 0.2590519625
0 0.561177171875 0.253634325 0.5679514984375 0.253634325 0.5679514984375 0.23256573125000002 0.561177171875 0.23256573125000002 0.561177171875 0.253634325
0 0.5520318312500001 0.295089603125 0.5652470609375 0.295089603125 0.5652470609375 0.2656735203125 0.5520318312500001 0.2656735203125 0.5520318312500001 0.295089603125
0 0.5662579171875001 0.2397892484375 0.5703225125 0.2397892484375 0.5703225125 0.2108951796875 0.5662579171875001 0.2108951796875 0.5662579171875001 0.2397892484375
0 0.5737096765625 0.23256573125000002 0.5831937328125 0.23256573125000002 0.5831937328125 0.195846184375 0.5737096765625 0.195846184375 0.5737096765625 0.23256573125000002
0 0.42264219531249997 0.21510889843749997 0.43754571406250004 0.21510889843749997 0.43754571406250004 0.1723697515625 0.42264219531249997 0.1723697515625 0.42264219531249997 0.21510889843749997
0 0.4629494375 0.161534475 0.47073991406250004 0.161534475 0.47073991406250004 0.13023256562500002 0.4629494375 0.13023256562500002 0.4629494375 0.161534475
0 0.4903854609375 0.2114971390625 0.503595396875 0.2114971390625 0.503595396875 0.16996191249999998 0.4903854609375 0.16996191249999998 0.4903854609375 0.2114971390625
0 0.5154504687499999 0.205477540625 0.5293378375 0.205477540625 0.5293378375 0.1681560328125 0.5154504687499999 0.1681560328125 0.5154504687499999 0.205477540625
0 0.5425477734374999 0.17838935 0.55541899375 0.17838935 0.55541899375 0.1320384453125 0.5425477734374999 0.1320384453125 0.5425477734374999 0.17838935
0 0.43754571406250004 0.24039120937499997 0.44567490625 0.24039120937499997 0.44567490625 0.21510889843749997 0.43754571406250004 0.21510889843749997 0.43754571406250004 0.24039120937499997
0 0.37928650625 0.2307598515625 0.386738265625 0.2307598515625 0.386738265625 0.20607950000000003 0.37928650625 0.20607950000000003 0.37928650625 0.2307598515625
0 0.3816575203125 0.2890700046875 0.38707698125 0.2890700046875 0.38707698125 0.24460492656250002 0.3816575203125 0.24460492656250002 0.3816575203125 0.2890700046875
0 0.39588360625 0.281324475 0.406722528125 0.281324475 0.406722528125 0.24460492656250002 0.39588360625 0.24460492656250002 0.39588360625 0.281324475
0 0.2756393109375 0.21390497812499998 0.2912202625 0.21390497812499998 0.2912202625 0.17718543125 0.2756393109375 0.17718543125 0.2756393109375 0.21390497812499998
0 0.259375 0.1807971890625 0.2658165375 0.1807971890625 0.2658165375 0.14347568125000001 0.259375 0.14347568125000001 0.259375 0.1807971890625
0 0.2664939703125 0.14648548125 0.27631674375 0.14648548125 0.27631674375 0.1055522140625 0.2664939703125 0.1055522140625 0.2664939703125 0.14648548125
0 0.3145916890625 0.1759815109375 0.3240757453125 0.1759815109375 0.3240757453125 0.1356502046875 0.3145916890625 0.1356502046875 0.3145916890625 0.1759815109375
0 0.306462496875 0.1681560328125 0.31899500000000003 0.1681560328125 0.31899500000000003 0.1308345265625 0.306462496875 0.1308345265625 0.306462496875 0.1681560328125
0 0.35456021406250005 0.18260306875 0.3660765703125 0.18260306875 0.3660765703125 0.1398639234375 0.35456021406250005 0.1398639234375 0.35456021406250005 0.18260306875
0 0.3694637328125 0.170563871875 0.3809800875 0.170563871875 0.3809800875 0.1284266875 0.3694637328125 0.1284266875 0.3694637328125 0.170563871875
0 0.3874156984375 0.1844089484375 0.3979159046875 0.1844089484375 0.3979159046875 0.1422717625 0.3874156984375 0.1422717625 0.3874156984375 0.1844089484375
0 0.4063838125 0.20186578125 0.4162065859375 0.20186578125 0.4162065859375 0.1663501546875 0.4063838125 0.1663501546875 0.4063838125 0.20186578125
0 0.4497395015625 0.24520688750000003 0.4561751125 0.24520688750000003 0.4561751125 0.2145069375 0.4497395015625 0.2145069375 0.4497395015625 0.24520688750000003
0 0.44228774218750005 0.20728342031250002 0.4514330828125 0.20728342031250002 0.4514330828125 0.1717677921875 0.44228774218750005 0.1717677921875 0.44228774218750005 0.20728342031250002
0 0.4680301828125 0.222332415625 0.476498090625 0.222332415625 0.476498090625 0.19283638593750002 0.4680301828125 0.19283638593750002 0.4680301828125 0.222332415625
0 0.4592235578125 0.24942060625 0.46532045312500003 0.24942060625 0.46532045312500003 0.2175167375 0.4592235578125 0.2175167375 0.4592235578125 0.24942060625
0 0.40367408125 0.258450003125 0.4141742875 0.258450003125 0.4141742875 0.22654613281249997 0.40367408125 0.22654613281249997 0.40367408125 0.258450003125
0 0.4785303890625 0.2566441234375 0.4920790421875 0.2566441234375 0.4920790421875 0.227750053125 0.4785303890625 0.227750053125 0.4785303890625 0.2566441234375
0 0.9900449625000001 0.146186853125 0.9976660796874999 0.146186853125 0.9976660796874999 0.10254476718750001 0.9900449625000001 0.10254476718750001 0.9900449625000001 0.146186853125
0 0.9709921687499999 0.1318903078125 0.984540821875 0.1318903078125 0.984540821875 0.07244677656250001 0.9709921687499999 0.07244677656250001 0.9709921687499999 0.1318903078125
0 0.8689538765624999 0.18380933906250002 0.8875832734374999 0.18380933906250002 0.8875832734374999 0.1401672546875 0.8689538765624999 0.1401672546875 0.8689538765624999 0.18380933906250002
0 0.899861740625 0.16876034374999999 0.9100232296874999 0.16876034374999999 0.9100232296874999 0.125118259375 0.899861740625 0.125118259375 0.899861740625 0.16876034374999999
0 0.9845858078124999 0.039686996875000005 0.9910214171875001 0.039686996875000005 0.9910214171875001 0.007783128124999999 0.9845858078124999 0.007783128124999999 0.9845858078124999 0.039686996875000005
0 1 0.0457065953125 0.9974570281249999 0.0457065953125 0.9974570281249999 0.088248221875 1 0.088248221875 1 0.0457065953125
0 0.9347945078125001 0.11433001093749999 0.9405526859375 0.11433001093749999 0.9405526859375 0.0788143828125 0.9347945078125001 0.0788143828125 0.9347945078125001 0.11433001093749999
0 0.922262003125 0.1281750859375 0.9303911953124999 0.1281750859375 0.9303911953124999 0.095067296875 0.922262003125 0.095067296875 0.922262003125 0.1281750859375
0 0.9039713218750001 0.1221554890625 0.9141328125000001 0.1221554890625 0.9141328125000001 0.0830281015625 0.9039713218750001 0.0830281015625 0.9039713218750001 0.1221554890625
0 0.923278153125 0.053532071875 0.9317460609375001 0.053532071875 0.9317460609375001 0.0204242828125 0.923278153125 0.0204242828125 0.923278153125 0.053532071875
0 0.91582639375 0.080018303125 0.923278153125 0.080018303125 0.923278153125 0.0553379515625 0.91582639375 0.0553379515625 0.91582639375 0.080018303125
0 0.937165521875 0.039686996875000005 0.9422462671874999 0.039686996875000005 0.9422462671874999 0.010792926562500001 0.937165521875 0.010792926562500001 0.937165521875 0.039686996875000005
0 0.8606156328125 0 0.8606156328125 0.0252399625 0.8700996906250001 0.0252399625 0.8700996906250001 0 0.8606156328125 0
0 0.8402926531249999 0 0.8402926531249999 0.018618403125 0.8487605609374999 0.018618403125 0.8487605609374999 0 0.8402926531249999 0
0 0.749516678125 0 0.749516678125 0.028851720312500002 0.7586620203125001 0.028851720312500002 0.7586620203125001 0 0.749516678125 0
0 0.73867775625 0 0.73867775625 0.021628203125000002 0.7457907984375 0.021628203125000002 0.7457907984375 0 0.73867775625 0
0 0.720387075 0 0.720387075 0.013200765625 0.729532415625 0.013200765625 0.729532415625 0 0.720387075 0
0 0.6915961875 0.2040220203125 0.700741528125 0.2040220203125 0.700741528125 0.1715161921875 0.6915961875 0.1715161921875 0.6915961875 0.2040220203125
0 0.723649865625 0.18851215 0.73254116875 0.18851215 0.73254116875 0.145622515625 0.723649865625 0.145622515625 0.723649865625 0.18851215
0 0.73254116875 0.1832450015625 0.742702659375 0.1832450015625 0.742702659375 0.1396029171875 0.73254116875 0.1396029171875 0.73254116875 0.1832450015625
0 0.67622958125 0.2050660453125 0.6846974890624999 0.2050660453125 0.6846974890624999 0.17271070625 0.67622958125 0.17271070625 0.67622958125 0.2050660453125
0 0.649979065625 0.1945317484375 0.6631043234375 0.1945317484375 0.6631043234375 0.1591666109375 0.649979065625 0.1591666109375 0.649979065625 0.1945317484375
0 0.6343134359375 0.1937792984375 0.644474925 0.1937792984375 0.644474925 0.1576617109375 0.6343134359375 0.1576617109375 0.6343134359375 0.1937792984375
0 0.6305028765625 0.2389262828125 0.6432047390625 0.2389262828125 0.6432047390625 0.198293996875 0.6305028765625 0.198293996875 0.6305028765625 0.2389262828125
0 0.56106603125 0.16518620781249999 0.5712275203124999 0.16518620781249999 0.5712275203124999 0.13584066875 0.56106603125 0.13584066875 0.56106603125 0.16518620781249999
0 0.6097565015624999 0.16292885937499998 0.6233051546875 0.16292885937499998 0.6233051546875 0.123049021875 0.6097565015624999 0.123049021875 0.6097565015624999 0.16292885937499998
0 0.627539109375 0.145622515625 0.638970784375 0.145622515625 0.638970784375 0.105742678125 0.627539109375 0.105742678125 0.627539109375 0.145622515625
0 0.6559066015624999 0.1554043609375 0.6694552546875 0.1554043609375 0.6694552546875 0.124553921875 0.6559066015624999 0.124553921875 0.6559066015624999 0.1554043609375
0 0.67495939375 0.1380980171875 0.68300390625 0.1380980171875 0.68300390625 0.09671328125 0.67495939375 0.09671328125 0.67495939375 0.1380980171875
0 0.68766125625 0.1380980171875 0.6965525593749999 0.1380980171875 0.6965525593749999 0.09821818125000001 0.68766125625 0.09821818125000001 0.68766125625 0.1380980171875
0 0.6935887921874999 0.1757205046875 0.7037502812499999 0.1757205046875 0.7037502812499999 0.144870065625 0.6935887921874999 0.144870065625 0.6935887921874999 0.1757205046875
0 0.7113713984375 0.1757205046875 0.718992515625 0.1757205046875 0.718992515625 0.1418602671875 0.7113713984375 0.1418602671875 0.7113713984375 0.1757205046875
0 0.72110949375 0.13433576875 0.7266136328125 0.13433576875 0.7266136328125 0.10348532968749999 0.72110949375 0.10348532968749999 0.72110949375 0.13433576875
0 0.73719851875 0.144117615625 0.746089821875 0.144117615625 0.746089821875 0.1200392234375 0.73719851875 0.1200392234375 0.73719851875 0.144117615625
0 0.7515939625 0.1531470125 0.7609086609375 0.1531470125 0.7609086609375 0.1132671765625 0.7515939625 0.1132671765625 0.7515939625 0.1531470125
0 0.5022140687500001 0.1418602671875 0.5119521640625 0.1418602671875 0.5119521640625 0.1095049265625 0.5022140687500001 0.1095049265625 0.5022140687500001 0.1418602671875
0 0.5136457453125 0.13132597031249998 0.518726490625 0.13132597031249998 0.518726490625 0.09671328125 0.5136457453125 0.09671328125 0.5136457453125 0.13132597031249998
0 0.53227514375 0.1185343234375 0.5424366328125 0.1185343234375 0.5424366328125 0.08768388437499999 0.53227514375 0.08768388437499999 0.53227514375 0.1185343234375
0 0.5425477734374999 0.1320384453125 0.55175133125 0.1320384453125 0.55175133125 0.1042377796875 0.5425477734374999 0.1042377796875 0.5425477734374999 0.1320384453125
0 0.558949053125 0.127563721875 0.566146775 0.127563721875 0.566146775 0.1027328796875 0.558949053125 0.1027328796875 0.558949053125 0.127563721875
0 0.5627596125000001 0.1027328796875 0.566146775 0.1027328796875 0.566146775 0.0763971390625 0.5627596125000001 0.0763971390625 0.5627596125000001 0.1027328796875
0 0.8017300640624999 0.13468095468750002 0.8144657984375 0.13468095468750002 0.8144657984375 0.0937476890625 0.8017300640624999 0.0937476890625 0.8017300640624999 0.13468095468750002
0 0.78980725 0.13708879375 0.794684765625 0.13708879375 0.794684765625 0.1004896390625 0.78980725 0.1004896390625 0.78980725 0.13708879375
0 0.771923028125 0.1394966328125 0.7778844359375 0.1394966328125 0.7778844359375 0.10723158906250001 0.771923028125 0.10723158906250001 0.771923028125 0.1394966328125
0 0.824762775 0.1481648546875 0.8334339125 0.1481648546875 0.8334339125 0.10578688437499999 0.824762775 0.10578688437499999 0.824762775 0.1481648546875
0 0.8418340765625001 0.159240915625 0.852673 0.159240915625 0.852673 0.1240864625 0.8418340765625001 0.1240864625 0.8418340765625001 0.159240915625
0 0.77327789375 0.2497756671875 0.7838458421875 0.2497756671875 0.7838458421875 0.221363165625 0.77327789375 0.221363165625 0.77327789375 0.2497756671875
0 0.7486193453125 0.27385405937499996 0.764877728125 0.27385405937499996 0.764877728125 0.24014431093750002 0.7486193453125 0.24014431093750002 0.7486193453125 0.27385405937499996
0 0.7242317703125 0.3032296984375 0.7299222046875 0.3032296984375 0.7299222046875 0.2714462203125 0.7242317703125 0.2714462203125 0.7242317703125 0.3032296984375
0 0.6792502421875 0.3027481296875 0.6909020828125 0.3027481296875 0.6909020828125 0.27578033125 0.6792502421875 0.27578033125 0.6792502421875 0.3027481296875
0 0.655133640625 0.3123794859375 0.6659725625 0.3123794859375 0.6659725625 0.2762619 0.655133640625 0.2762619 0.655133640625 0.3123794859375
0 0.620178115625 0.2911905015625 0.620178115625 0.28300384843750004 0.6071714078125 0.28300384843750004 0.6071714078125 0.31863986875 0.620178115625 0.31863986875 0.620178115625 0.2911905015625
0 0.59877124375 0.2931167734375 0.6071714078125 0.2931167734375 0.6071714078125 0.26229643125 0.59877124375 0.26229643125 0.59877124375 0.2931167734375
0 0.6321009296875 0.297450884375 0.6415849875 0.297450884375 0.6415849875 0.2613332953125 0.6321009296875 0.2613332953125 0.6321009296875 0.297450884375
0 0.5982292984375001 0.24640469375000001 0.6120489234375001 0.24640469375000001 0.6120489234375001 0.2078792671875 0.5982292984375001 0.2078792671875 0.5982292984375001 0.24640469375000001
0 0.676811484375 0.27578033125 0.6890052718749999 0.27578033125 0.6890052718749999 0.23869960781250002 0.676811484375 0.23869960781250002 0.676811484375 0.27578033125
0 0.6391462296875 0.2878195265625 0.6491722328125 0.2878195265625 0.6491722328125 0.2468862609375 0.6391462296875 0.2468862609375 0.6391462296875 0.2878195265625
0 0.7350706921875 0.31430575781250003 0.7448257218750001 0.31430575781250003 0.7448257218750001 0.28155914531250004 0.7350706921875 0.28155914531250004 0.7350706921875 0.31430575781250003
0 0.7128509015625 0.10348532968749999 0.72110949375 0.10348532968749999 0.72110949375 0.0759296796875 0.7128509015625 0.0759296796875 0.7128509015625 0.10348532968749999
0 0.72965123125 0.1200392234375 0.7391352875 0.1200392234375 0.7391352875 0.0821900609375 0.72965123125 0.0821900609375 0.72965123125 0.1200392234375
0 0.7358836109375 0.11252883437500001 0.7442837765625 0.11252883437500001 0.7442837765625 0.07207713593750001 0.7358836109375 0.07207713593750001 0.7358836109375 0.11252883437500001
0 0.7786973546875 0.126012734375 0.7865555734375 0.126012734375 0.7865555734375 0.087968875 0.7786973546875 0.087968875 0.7786973546875 0.126012734375
0 0.8572795421875 0.13708879375 0.8648667875000001 0.13708879375 0.8648667875000001 0.1004896390625 0.8572795421875 0.1004896390625 0.8572795421875 0.13708879375
0 0.8808541984375001 0.132754684375 0.8892543625 0.132754684375 0.8892543625 0.089895146875 0.8808541984375001 0.089895146875 0.8808541984375001 0.132754684375
0 0.8889833890624999 0.0821900609375 0.8949447968750001 0.0821900609375 0.8949447968750001 0.0542591265625 0.8889833890624999 0.0542591265625 0.8889833890624999 0.0821900609375
0 0.8824800359375 0.0793006546875 0.886273659375 0.0793006546875 0.886273659375 0.0513697203125 0.8824800359375 0.0513697203125 0.8824800359375 0.0793006546875
0 0.869744303125 0.118789215625 0.8808541984375001 0.118789215625 0.8808541984375001 0.08170849375 0.869744303125 0.08170849375 0.869744303125 0.118789215625
0 0.7020119796875 0.0821900609375 0.7128509015625 0.0821900609375 0.7128509015625 0.046554040625 0.7020119796875 0.046554040625 0.7020119796875 0.0821900609375
0 0.650256125 0.11686294531250001 0.659469209375 0.11686294531250001 0.659469209375 0.076411246875 0.650256125 0.076411246875 0.650256125 0.11686294531250001
0 0.259375 0.138592753125 0.26330315625 0.138592753125 0.26330315625 0.10054889375 0.259375 0.10054889375 0.259375 0.138592753125
0 0.2779357015625 0.1381111859375 0.2863358671875 0.1381111859375 0.2863358671875 0.09717791875000001 0.2779357015625 0.09717791875000001 0.2779357015625 0.1381111859375
0 0.341072425 0.1410005921875 0.348117725 0.1410005921875 0.348117725 0.11499592968750001 0.341072425 0.11499592968750001 0.341072425 0.1410005921875
0 0.4732811328125 0.146998915625 0.485247303125 0.146998915625 0.485247303125 0.1029258265625 0.4732811328125 0.1029258265625 0.4732811328125 0.146998915625
0 0.48663468437499996 0.1389856265625 0.4959995140625 0.1389856265625 0.4959995140625 0.0921387078125 0.48663468437499996 0.0921387078125 0.48663468437499996 0.1389856265625
0 0.44917536875 0.1377528125 0.45749966249999996 0.1377528125 0.45749966249999996 0.10724067500000001 0.44917536875 0.10724067500000001 0.44917536875 0.1377528125
0 0.408421021875 0.1528547796875 0.41639846875000003 0.1528547796875 0.41639846875000003 0.11741138749999999 0.408421021875 0.11741138749999999 0.408421021875 0.1528547796875
0 0.421427728125 0.1494645421875 0.4283646390625 0.1494645421875 0.4283646390625 0.1195688109375 0.421427728125 0.1195688109375 0.421427728125 0.1494645421875
0 0.5280827234375 0.0838172140625 0.53328540625 0.0838172140625 0.53328540625 0.059469145312500006 0.5280827234375 0.059469145312500006 0.5280827234375 0.0838172140625
0 0.559645665625 0.0699480609375 0.5658888859375001 0.0699480609375 0.5658888859375001 0.0437507703125 0.559645665625 0.0437507703125 0.559645665625 0.0699480609375
0 0.569877609375 0.13035593125 0.57681451875 0.13035593125 0.57681451875 0.09429613125 0.569877609375 0.09429613125 0.569877609375 0.13035593125
0 0.5839248515625 0.15747783125 0.59034149375 0.15747783125 0.59034149375 0.12480826874999999 0.5839248515625 0.12480826874999999 0.5839248515625 0.15747783125
0 0.6097565015624999 0.11402114999999999 0.607887790625 0.11402114999999999 0.6024810875 0.11402114999999999 0.6024810875 0.144841490625 0.6097565015624999 0.144841490625 0.6097565015624999 0.11402114999999999
0 0.5936365265625 0.13713640625 0.5991860546875 0.13713640625 0.5991860546875 0.1026176234375 0.5936365265625 0.1026176234375 0.5936365265625 0.13713640625
0 0.5842716984375 0.10230942031250001 0.591035184375 0.10230942031250001 0.591035184375 0.0733382984375 0.5842716984375 0.0733382984375 0.5842716984375 0.10230942031250001
0 0.46322261249999996 0.13023256562500002 0.47073991406250004 0.13023256562500002 0.47073991406250004 0.0924469109375 0.46322261249999996 0.0924469109375 0.46322261249999996 0.13023256562500002
0 0.4717203281250001 0.09583714843749999 0.477963546875 0.09583714843749999 0.477963546875 0.06532500937499999 0.4717203281250001 0.06532500937499999 0.4717203281250001 0.09583714843749999
0 0.48108515625 0.0921387078125 0.488195490625 0.0921387078125 0.488195490625 0.0754957234375 0.48108515625 0.0754957234375 0.48108515625 0.0921387078125
0 0.42298853281250004 0.11463755625000001 0.4302722890625 0.11463755625000001 0.4302722890625 0.081043384375 0.42298853281250004 0.081043384375 0.42298853281250004 0.11463755625000001
0 0.41293001250000005 0.11802779375000001 0.4186529640625 0.11802779375000001 0.4186529640625 0.097378165625 0.41293001250000005 0.097378165625 0.41293001250000005 0.11802779375000001
0 0.39420035468750003 0.1519301703125 0.40391202968749995 0.1519301703125 0.40391202968749995 0.1093980984375 0.39420035468750003 0.1093980984375 0.39420035468750003 0.1519301703125
0 0.40217780156250005 0.138677421875 0.41050209375 0.138677421875 0.41050209375 0.0998437921875 0.40217780156250005 0.0998437921875 0.40217780156250005 0.138677421875
0 0.4283646390625 0.187065359375 0.43754571406250004 0.187065359375 0.43754571406250004 0.157786034375 0.4283646390625 0.157786034375 0.4283646390625 0.187065359375
0 0.419520078125 0.183983325 0.4283646390625 0.183983325 0.4283646390625 0.15316298281250001 0.419520078125 0.15316298281250001 0.419520078125 0.183983325
0 0.434954703125 0.11895240468749999 0.441197921875 0.11895240468749999 0.441197921875 0.08258440156249999 0.434954703125 0.08258440156249999 0.434954703125 0.11895240468749999
0 0.4512564421875 0.1093980984375 0.45940731249999994 0.1093980984375 0.45940731249999994 0.0761121296875 0.4512564421875 0.0761121296875 0.4512564421875 0.1093980984375
0 0.44449295468750005 0.1121719296875 0.44917536875 0.1121719296875 0.44917536875 0.0767285359375 0.44449295468750005 0.0767285359375 0.44449295468750005 0.1121719296875
0 0.4091147125 0.09306331718750001 0.417092159375 0.09306331718750001 0.417092159375 0.0631675859375 0.4091147125 0.0631675859375 0.4091147125 0.09306331718750001
0 0.42212141875000003 0.081043384375 0.42801779374999993 0.081043384375 0.42801779374999993 0.06378399375 0.42212141875000003 0.06378399375 0.42212141875000003 0.081043384375
0 0.49253105937499997 0.078269553125 0.49998823750000004 0.078269553125 0.49998823750000004 0.0468328046875 0.49253105937499997 0.0468328046875 0.49253105937499997 0.078269553125
0 0.5424768125 0.078269553125 0.548026340625 0.078269553125 0.548026340625 0.0462163984375 0.5424768125 0.0462163984375 0.5424768125 0.078269553125
0 0.5499339921875 0.07426290937499999 0.5563506328125 0.07426290937499999 0.5563506328125 0.0428261609375 0.5499339921875 0.0428261609375 0.5499339921875 0.07426290937499999
0 0.5336322515624999 0.08165979062499999 0.5381412437499999 0.08165979062499999 0.5381412437499999 0.0468328046875 0.5336322515624999 0.0468328046875 0.5336322515624999 0.08165979062499999
0 0.5782019015625 0.078269553125 0.5842716984375 0.078269553125 0.5842716984375 0.050531245312499994 0.5782019015625 0.050531245312499994 0.5782019015625 0.078269553125
0 0.57872216875 0.12480826874999999 0.5839248515625 0.12480826874999999 0.5839248515625 0.088440265625 0.57872216875 0.088440265625 0.57872216875 0.12480826874999999
0 0.5128215218750001 0.241309159375 0.5222247953125001 0.241309159375 0.5222247953125001 0.22220054843749998 0.5128215218750001 0.22220054843749998 0.5128215218750001 0.241309159375
0 0.3079748015625 0.26210978749999997 0.31439144375 0.26210978749999997 0.31439144375 0.2180366984375 0.3079748015625 0.2180366984375 0.3079748015625 0.26210978749999997
0 0.36953987968749996 0.229440225 0.377517328125 0.229440225 0.377517328125 0.19430503593749998 0.36953987968749996 0.19430503593749998 0.36953987968749996 0.229440225
0 0.259375 0.20971520625 0.2724231359375 0.20971520625 0.2724231359375 0.1844425265625 0.259375 0.1844425265625 0.259375 0.20971520625
0 0.29497315468749996 0.143959978125 0.30260375625 0.143959978125 0.30260375625 0.0998868890625 0.29497315468749996 0.0998868890625 0.29497315468749996 0.143959978125
0 0.321159990625 0.148274825 0.3280969015625 0.148274825 0.3280969015625 0.10666736406249999 0.321159990625 0.10666736406249999 0.321159990625 0.148274825
0 0.33052481875 0.1495076390625 0.33676803906249997 0.1495076390625 0.33676803906249997 0.1072837703125 0.33052481875 0.1072837703125 0.33052481875 0.1495076390625
0 0.3539368921875 0.1196119078125 0.3596598421875 0.1196119078125 0.3596598421875 0.085401328125 0.3539368921875 0.085401328125 0.3539368921875 0.1196119078125
0 0.342490990625 0.1242349578125 0.3496013234375 0.1242349578125 0.3496013234375 0.0918736 0.342490990625 0.0918736 0.342490990625 0.1242349578125
0 0.3785629234375 0.134713875 0.3846327203125 0.134713875 0.3846327203125 0.0995786859375 0.3785629234375 0.0995786859375 0.3785629234375 0.134713875
0 0.3697183625 0.13409746875 0.37630842812500004 0.13409746875 0.37630842812500004 0.109132990625 0.3697183625 0.109132990625 0.3697183625 0.13409746875
0 0.3620877609375 0.12608417968750002 0.3697183625 0.12608417968750002 0.3697183625 0.08570953125 0.3620877609375 0.08570953125 0.3620877609375 0.12608417968750002
0 0.295493421875 0.0909489890625 0.30347086875 0.0909489890625 0.30347086875 0.059820445312500005 0.295493421875 0.059820445312500005 0.295493421875 0.0909489890625
0 0.26965343124999996 0.1055522140625 0.27631674375 0.1055522140625 0.27631674375 0.0826274984375 0.26965343124999996 0.0826274984375 0.26965343124999996 0.1055522140625
0 0.305205096875 0.127625196875 0.31144831562499997 0.127625196875 0.31144831562499997 0.094955634375 0.305205096875 0.094955634375 0.305205096875 0.127625196875
0 0.309540665625 0.1134478390625 0.31734469062500004 0.1134478390625 0.31734469062500004 0.084784921875 0.309540665625 0.084784921875 0.309540665625 0.1134478390625
0 0.319772609375 0.101736109375 0.3277500546875 0.101736109375 0.3277500546875 0.07769624375 0.319772609375 0.07769624375 0.319772609375 0.101736109375
0 0.330351396875 0.1072837703125 0.33676803906249997 0.1072837703125 0.33676803906249997 0.088791565625 0.330351396875 0.088791565625 0.330351396875 0.1072837703125
0 0.31855865 0.07769624375 0.3256689828125 0.07769624375 0.3256689828125 0.0576630203125 0.31855865 0.0576630203125 0.31855865 0.07769624375
0 0.34353152656249997 0.098654075 0.35133555 0.098654075 0.35133555 0.071532175 0.34353152656249997 0.071532175 0.34353152656249997 0.098654075
0 0.3839390296875 0.14426818125000002 0.390355671875 0.14426818125000002 0.390355671875 0.1063591609375 0.3839390296875 0.1063591609375 0.3839390296875 0.14426818125000002
0 0.9434794906249999 0 0.9434794906249999 0.023841571875000002 0.9490290187500001 0.023841571875000002 0.9490290187500001 0 0.9434794906249999 0
0 1 0.009664214062499999 0.9984545046874999 0.009664214062499999 0.9984545046874999 0.0367861140625 1 0.0367861140625 1 0.009664214062499999
0 0.9923847078125 0.0367861140625 0.9984545046874999 0.0367861140625 0.9984545046874999 0.005349367187500001 0.9923847078125 0.005349367187500001 0.9923847078125 0.0367861140625
0 0.8372753578125 0.0916570828125 0.84178435 0.0916570828125 0.84178435 0.052823453124999996 0.8372753578125 0.052823453124999996 0.8372753578125 0.0916570828125
0 0.82478891875 0.0882668453125 0.828951065625 0.0882668453125 0.828951065625 0.052823453124999996 0.82478891875 0.052823453124999996 0.82478891875 0.0882668453125
0 0.828951065625 0.0882668453125 0.8341537484374999 0.0882668453125 0.8341537484374999 0.0654597921875 0.828951065625 0.0654597921875 0.828951065625 0.0882668453125
0 0.8270434156250002 0.0589875203125 0.8343271718749999 0.0589875203125 0.8343271718749999 0.0281671796875 0.8270434156250002 0.0281671796875 0.8270434156250002 0.0589875203125
0 0.8407438124999999 0.0753223015625 0.8455996500000001 0.0753223015625 0.8455996500000001 0.0445019609375 0.8407438124999999 0.0445019609375 0.8407438124999999 0.0753223015625
0 0.8206267734375 0.139736815625 0.8291244875 0.139736815625 0.8291244875 0.092889896875 0.8206267734375 0.092889896875 0.8206267734375 0.139736815625
0 0.8343271718749999 0.12987430625000002 0.8383158937499999 0.12987430625000002 0.8383158937499999 0.1012113890625 0.8343271718749999 0.1012113890625 0.8343271718749999 0.12987430625000002
0 0.84178435 0.12925789999999998 0.8454262281249999 0.12925789999999998 0.8454262281249999 0.1052180328125 0.84178435 0.1052180328125 0.84178435 0.12925789999999998
0 0.8454262281249999 0.1240864625 0.8509757562499999 0.1240864625 0.8509757562499999 0.093506303125 0.8454262281249999 0.093506303125 0.8454262281249999 0.1240864625
0 0.7909714812499999 0.0851848109375 0.7986020828125 0.0851848109375 0.7986020828125 0.0488168078125 0.7909714812499999 0.0488168078125 0.7909714812499999 0.0851848109375
0 0.7578477343750001 0.0916570828125 0.7644378 0.0916570828125 0.7644378 0.0611449453125 0.7578477343750001 0.0611449453125 0.7578477343750001 0.0916570828125
0 0.75333874375 0.1110738984375 0.7592351171875 0.1110738984375 0.7592351171875 0.083951996875 0.75333874375 0.083951996875 0.75333874375 0.1110738984375
0 0.7464018328125 0.1132671765625 0.7515939625 0.1132671765625 0.7515939625 0.077479725 0.7464018328125 0.077479725 0.7464018328125 0.1132671765625
0 0.7621833031249999 0.136038375 0.7691202140625 0.136038375 0.7691202140625 0.0975129484375 0.7621833031249999 0.0975129484375 0.7621833031249999 0.136038375
0 0.76877336875 0.11631335625000001 0.776057125 0.11631335625000001 0.776057125 0.0842602 0.76877336875 0.0842602 0.76877336875 0.11631335625000001
0 0.7661720265625 0.09443091406250001 0.771894978125 0.09443091406250001 0.771894978125 0.0713156578125 0.7661720265625 0.0713156578125 0.7661720265625 0.09443091406250001
0 0.771894978125 0.07778792968750001 0.776057125 0.07778792968750001 0.776057125 0.050049621875000005 0.771894978125 0.050049621875000005 0.771894978125 0.07778792968750001
0 0.817331740625 0.0824109796875 0.8218407328125 0.0824109796875 0.8218407328125 0.0445019609375 0.817331740625 0.0445019609375 0.817331740625 0.0824109796875
0 0.8100479843749999 0.0790207421875 0.8154240906249999 0.0790207421875 0.8154240906249999 0.049125010937500005 0.8100479843749999 0.049125010937500005 0.8100479843749999 0.0790207421875
0 0.801897115625 0.0848766078125 0.8065795296874999 0.0848766078125 0.8065795296874999 0.056521893749999996 0.801897115625 0.056521893749999996 0.801897115625 0.0848766078125
0 0.8565252843749999 0.0910406765625 0.8594734703124999 0.0910406765625 0.8594734703124999 0.0651515890625 0.8565252843749999 0.0651515890625 0.8565252843749999 0.0910406765625
0 0.8608608531249999 0.08580121874999999 0.8651964218749999 0.08580121874999999 0.8651964218749999 0.060220334375 0.8608608531249999 0.060220334375 0.8608608531249999 0.08580121874999999
0 0.6341093125 0.080665096875 0.641046221875 0.080665096875 0.641046221875 0.053543196875 0.6341093125 0.053543196875 0.6341093125 0.080665096875
0 0.6349417421875 0.11099231406250001 0.6425723421875 0.11099231406250001 0.6425723421875 0.0828841625 0.6349417421875 0.0828841625 0.6349417421875 0.11099231406250001
0 0.612604890625 0.10260918125 0.618848109375 0.10260918125 0.618848109375 0.0693232125 0.612604890625 0.0693232125 0.612604890625 0.10260918125
0 0.5997022375000001 0.09176042031250001 0.6074715765625001 0.09176042031250001 0.6074715765625001 0.0683369609375 0.5997022375000001 0.0683369609375 0.5997022375000001 0.09176042031250001
0 0.594291446875 0.106554184375 0.6015058343749999 0.106554184375 0.6015058343749999 0.0853497890625 0.594291446875 0.0853497890625 0.594291446875 0.106554184375
0 0.6019220484375 0.112471690625 0.60830400625 0.112471690625 0.60830400625 0.0944726109375 0.6019220484375 0.0944726109375 0.6019220484375 0.112471690625
0 0.5876320140625 0.0700629 0.5923491125 0.0700629 0.5923491125 0.045899753125 0.5876320140625 0.045899753125 0.5876320140625 0.0700629
0 0.5923491125 0.07893915781250001 0.5963725203125 0.07893915781250001 0.5963725203125 0.05970726562499999 0.5923491125 0.05970726562499999 0.5923491125 0.07893915781250001
0 0.6538101375 0.074007903125 0.6585272359375001 0.074007903125 0.6585272359375001 0.0523103828125 0.6538101375 0.0523103828125 0.6538101375 0.074007903125
0 0.6608857859375 0.0971848 0.6669902671875 0.0971848 0.6669902671875 0.067104146875 0.6608857859375 0.067104146875 0.6608857859375 0.0971848
0 0.66366055 0.08411697500000001 0.6701812453125 0.08411697500000001 0.6701812453125 0.054776010937499994 0.66366055 0.054776010937499994 0.66366055 0.08411697500000001
0 0.6711524140625 0.079185721875 0.6780893234375001 0.079185721875 0.6780893234375001 0.052803509375 0.6711524140625 0.052803509375 0.6711524140625 0.079185721875
0 0.68072535 0.093239796875 0.6865523546875 0.093239796875 0.6865523546875 0.06439195625000001 0.68072535 0.06439195625000001 0.68072535 0.093239796875
0 0.6882172125 0.08682916562500001 0.69446043125 0.08682916562500001 0.69446043125 0.0567485125 0.6882172125 0.0567485125 0.6882172125 0.08682916562500001
0 0.69432169375 0.0703094625 0.6989000546875 0.0703094625 0.6989000546875 0.043680687499999996 0.69432169375 0.043680687499999996 0.69432169375 0.0703094625
0 0.6651738046875 0.0359419640625 0.6700573890625 0.0359419640625 0.6700573890625 0.0103783390625 0.6651738046875 0.0103783390625 0.6651738046875 0.0359419640625
0 0.6718332375 0.0301033578125 0.676095275 0.0301033578125 0.676095275 0.0061177359374999995 0.6718332375 0.0061177359374999995 0.6718332375 0.0301033578125
0 0.6826659171875 0.030261159375000003 0.6882598421874999 0.030261159375000003 0.6882598421874999 0.013534342187500001 0.6826659171875 0.013534342187500001 0.6826659171875 0.030261159375000003
0 0.6794693890625 0.051090778125 0.6837314265625001 0.051090778125 0.6837314265625001 0.02836755625 0.6794693890625 0.02836755625 0.6794693890625 0.051090778125
0 0.6982045953125 0.0384667671875 0.7033545578125 0.0384667671875 0.7033545578125 0.0171637453125 0.6982045953125 0.0171637453125 0.6982045953125 0.0384667671875
0 0.7104579546875 0.0345217625 0.7134768984375001 0.0345217625 0.7134768984375001 0.0155857453125 0.7104579546875 0.0155857453125 0.7104579546875 0.0345217625
0 0.7016675015625 0.0267895546875 0.705840746875 0.0267895546875 0.705840746875 0.0081691375 0.7016675015625 0.0081691375 0.7016675015625 0.0267895546875
0 0.4306680734375 0 0.4306680734375 0.02487879375 0.43643958281249995 0.02487879375 0.43643958281249995 0 0.4306680734375 0
0 0.41968000781250003 0 0.41968000781250003 0.0165942859375 0.4250075546875 0.0165942859375 0.4250075546875 0 0.41968000781250003 0
0 0.44376496093749995 0 0.44376496093749995 0.021328290625 0.44920349843749996 0.021328290625 0.44920349843749996 0 0.44376496093749995 0
0 0.44898151718749996 0 0.44898151718749996 0.0100850296875 0.4535321296875 0.0100850296875 0.4535321296875 0 0.44898151718749996 0
0 0.45508599843750003 0 0.45508599843750003 0.009690529687500001 0.4604135453125 0.009690529687500001 0.4604135453125 0 0.45508599843750003 0
0 0.47983689374999994 0.022314540625 0.4849424593749999 0.022314540625 0.4849424593749999 0.0010115203125 0.47983689374999994 0.0010115203125 0.47983689374999994 0.022314540625
0 0.46452019687499996 0.0327688015625 0.470069725 0.0327688015625 0.470069725 0.014424532812499998 0.46452019687499996 0.014424532812499998 0.46452019687499996 0.0327688015625
0 0.4658520828125 0.0670903328125 0.4717203281250001 0.0670903328125 0.4717203281250001 0.036713804687500004 0.4658520828125 0.036713804687500004 0.4658520828125 0.0670903328125
0 0.4654081203125 0.09786136250000001 0.4727334984375 0.09786136250000001 0.4727334984375 0.07754459218750001 0.4654081203125 0.07754459218750001 0.4654081203125 0.09786136250000001
0 0.48072481875 0.0666958328125 0.48705128124999997 0.0666958328125 0.48705128124999997 0.03789730625 0.48072481875 0.03789730625 0.48072481875 0.0666958328125
0 0.5002591578125 0 0.5002591578125 0.027837546875 0.5044768 0.027837546875 0.5044768 0 0.5002591578125 0
0 0.5056976953125 0 0.5056976953125 0.027245795312499998 0.510248309375 0.027245795312499998 0.510248309375 0 0.5056976953125 0
0 0.48904911093750003 0 0.48904911093750003 0.0207365390625 0.4950426015625 0.0207365390625 0.4950426015625 0 0.48904911093750003 0
0 0.4958195359375 0 0.4958195359375 0.022314540625 0.49970420468750004 0.022314540625 0.49970420468750004 0 0.4958195359375 0
0 0.5143549593750001 0.07123258593750001 0.5214583562499999 0.07123258593750001 0.5214583562499999 0.0363193046875 0.5143549593750001 0.0363193046875 0.5143549593750001 0.07123258593750001
0 0.5055867046875 0.068471084375 0.5126901015625001 0.068471084375 0.5126901015625001 0.034741303125 0.5055867046875 0.034741303125 0.5055867046875 0.068471084375
0 0.49914925156249995 0.06570958125000001 0.5055867046875 0.06570958125000001 0.5055867046875 0.0365165546875 0.49914925156249995 0.0365165546875 0.49914925156249995 0.06570958125000001
0 0.5191275546874999 0.041842309375 0.5240111390625 0.041842309375 0.5240111390625 0.0173832859375 0.5191275546874999 0.0173832859375 0.5191275546874999 0.041842309375
0 0.5283397703125 0.0333605515625 0.532446421875 0.0333605515625 0.532446421875 0.0138327828125 0.5283397703125 0.0138327828125 0.5283397703125 0.0333605515625
0 0.5240111390625 0.0668930828125 0.5280827234375 0.0668930828125 0.5280827234375 0.0444065625 0.5240111390625 0.0444065625 0.5240111390625 0.0668930828125
0 0.259375 0.072428428125 0.2625815484375 0.072428428125 0.2625815484375 0.03629219375 0.259375 0.03629219375 0.259375 0.072428428125
0 0.2661332453125 0.07668903125 0.270395284375 0.07668903125 0.270395284375 0.03613439375 0.2661332453125 0.03613439375 0.2661332453125 0.07668903125
0 0.2697737359375 0.06485402031250001 0.2764331703125 0.06485402031250001 0.2764331703125 0.0309269890625 0.2697737359375 0.0309269890625 0.2697737359375 0.06485402031250001
0 0.296181746875 0.034042185937500004 0.302219634375 0.034042185937500004 0.302219634375 0.0040601578125000004 0.296181746875 0.0040601578125000004 0.296181746875 0.034042185937500004
0 0.30204204843750004 0.02899258125 0.3074583890625 0.02899258125 0.3074583890625 0.0002729546875 0.30204204843750004 0.0002729546875 0.30204204843750004 0.02899258125
0 0.3356055953125 0.0444569953125 0.34297536875 0.0444569953125 0.34297536875 0.019366771875 0.3356055953125 0.019366771875 0.3356055953125 0.0444569953125
0 0.3525649546875 0.034042185937500004 0.3601123125 0.034042185937500004 0.3601123125 0.006269359375 0.3525649546875 0.006269359375 0.3525649546875 0.034042185937500004
0 0.369346728125 0.041458792187499996 0.374851859375 0.041458792187499996 0.374851859375 0.01526396875 0.369346728125 0.01526396875 0.369346728125 0.041458792187499996
0 0.3087014828125 0 0.3087014828125 0.027730179687500002 0.316337634375 0.027730179687500002 0.316337634375 0 0.3087014828125 0
0 0.3157160859375 0 0.3157160859375 0.027730179687500002 0.320954840625 0.027730179687500002 0.320954840625 0 0.3157160859375 0
0 0.31518333125 0.0576630203125 0.32210914375 0.0576630203125 0.32210914375 0.042721193750000004 0.31518333125 0.042721193750000004 0.31518333125 0.0576630203125
0 0.3237074078125 0.0488754 0.3309883890625 0.0488754 0.3309883890625 0.024258576562500002 0.3237074078125 0.024258576562500002 0.3237074078125 0.0488754
0 0.332586653125 0.0668646171875 0.336848690625 0.0668646171875 0.336848690625 0.0435101953125 0.332586653125 0.0435101953125 0.332586653125 0.0668646171875
0 0.3565606140625 0.0846960328125 0.361177821875 0.0846960328125 0.361177821875 0.05581860625 0.3565606140625 0.05581860625 0.3565606140625 0.0846960328125
0 0.7835883781249999 0.0779466515625 0.7874952453125 0.0779466515625 0.7874952453125 0.0438618203125 0.7835883781249999 0.0438618203125 0.7835883781249999 0.0779466515625
0 0.7840323390624999 0.0467022234375 0.7893598875000001 0.0467022234375 0.7893598875000001 0.029659806249999997 0.7840323390624999 0.029659806249999997 0.7840323390624999 0.0467022234375
0 0.726228453125 0.078420053125 0.7320887546875 0.078420053125 0.7320887546875 0.049069225 0.726228453125 0.049069225 0.726228453125 0.078420053125
0 0.751889471875 0.065480440625 0.75632909375 0.065480440625 0.75632909375 0.045124221874999995 0.751889471875 0.045124221874999995 0.751889471875 0.065480440625
0 0.7466507171875 0.0769998515625 0.7524222265625 0.0769998515625 0.7524222265625 0.0501738265625 0.7466507171875 0.0501738265625 0.7466507171875 0.0769998515625
0 0.7662738484375 0.072581446875 0.771157434375 0.072581446875 0.771157434375 0.045282021875 0.7662738484375 0.045282021875 0.7662738484375 0.072581446875
0 0.769825546875 0.04212601875 0.7748867171875 0.04212601875 0.7748867171875 0.025872603124999997 0.769825546875 0.025872603124999997 0.769825546875 0.04212601875
0 0.7637876609375 0.0471756234375 0.7691152078125 0.0471756234375 0.7691152078125 0.02918640625 0.7637876609375 0.02918640625 0.7637876609375 0.0471756234375
0 0.5658039671875 0 0.5658039671875 0.012929020312500001 0.5705099671875 0.012929020312500001 0.5705099671875 0 0.5658039671875 0
0 0.6451844203125 0.0283934359375 0.6487361171874999 0.0283934359375 0.6487361171874999 0.0033032125000000004 0.6451844203125 0.0033032125000000004 0.6451844203125 0.0283934359375
0 0.3241298125 0 0.3241298125 0.012137171875 0.33141079375000004 0.012137171875 0.33141079375000004 0 0.3241298125 0
0 0.361955396875 0.026339184375 0.3674605296875 0.026339184375 0.3674605296875 0.0009333609375 0.361955396875 0.0009333609375 0.361955396875 0.026339184375
0 0.3829992078125 0 0.3829992078125 0.019711578125 0.3882379625 0.019711578125 0.3882379625 0 0.3829992078125 0
0 0.379891471875 0.050640407812499996 0.38646211406250003 0.050640407812499996 0.38646211406250003 0.025865784375 0.379891471875 0.025865784375 0.379891471875 0.050640407812499996
0 0.4007576984375 0.068629625 0.4070619625 0.068629625 0.4070619625 0.0427504 0.4007576984375 0.0427504 0.4007576984375 0.068629625
0 0.4270402640625 0.06310661875 0.433344528125 0.06310661875 0.433344528125 0.0310731890625 0.4270402640625 0.0310731890625 0.4270402640625 0.06310661875
0 0.395696528125 0.0313887890625 0.4023559625 0.0313887890625 0.4023559625 0.0010911609375 0.395696528125 0.0010911609375 0.395696528125 0.0313887890625
0 0.404753359375 0 0.404753359375 0.00945456875 0.411590378125 0.00945456875 0.411590378125 0 0.404753359375 0
0 0.3729656609375 0 0.3729656609375 0.016555575 0.378382 0.016555575 0.378382 0 0.3729656609375 0
0 0.39933701875 0 0.39933701875 0.006614165625 0.4039542265625 0.006614165625 0.4039542265625 0 0.39933701875 0
0 0.4127877515625 0 0.4127877515625 0.017725515625 0.41824315937499995 0.017725515625 0.41824315937499995 0 0.4127877515625 0
0 0.5215788390625 0 0.5215788390625 0.00657829375 0.5265512171875001 0.00657829375 0.5265512171875001 0 0.5215788390625 0
0 0.5486605375 0 0.5486605375 0.009260896875 0.5534553296875 0.009260896875 0.5534553296875 0 0.5486605375 0
0 0.4740526796875 0.05983584374999999 0.48072481875 0.05983584374999999 0.48072481875 0.027684064062500003 0.4740526796875 0.027684064062500003 0.4740526796875 0.05983584374999999
0 0.44497315156250006 0.06890935312499999 0.4516325859375 0.06890935312499999 0.4516325859375 0.0480008328125 0.44497315156250006 0.0480008328125 0.44497315156250006 0.06890935312499999
0 0.5553255203124999 0.0677751640625 0.56087505 0.0677751640625 0.56087505 0.048789834375 0.5553255203124999 0.048789834375 0.5553255203124999 0.0677751640625
0 0.5624011703124999 0.058405779687500006 0.5694768187499999 0.058405779687500006 0.5694768187499999 0.03276325625 0.5624011703124999 0.03276325625 0.5624011703124999 0.058405779687500006
0 0.59403348125 0.076404859375 0.5997022375000001 0.076404859375 0.5997022375000001 0.0372013859375 0.59403348125 0.0372013859375 0.59403348125 0.076404859375
0 0.6152604265624999 0.035722009375 0.62122616875 0.035722009375 0.62122616875 0.014271051562500001 0.6152604265624999 0.014271051562500001 0.6152604265624999 0.035722009375
0 0.5683540578125 0.05678910625 0.5736816046875 0.05678910625 0.5736816046875 0.0215996734375 0.5683540578125 0.0215996734375 0.5683540578125 0.05678910625
0 0.530173303125 0 0.530173303125 0.03106768125 0.536122396875 0.03106768125 0.536122396875 0 0.530173303125 0
0 0.5607179062500001 0.0257024765625 0.5665782078125 0.0257024765625 0.5665782078125 0.00329485625 0.5607179062500001 0.00329485625 0.5607179062500001 0.0257024765625
0 0.5883323593750001 0.032961284375 0.5928607734375 0.032961284375 0.5928607734375 0.0105536625 0.5883323593750001 0.0105536625 0.5883323593750001 0.032961284375
0 0.6115071890625 0 0.6115071890625 0.012447264062500001 0.6157692265625 0.012447264062500001 0.6157692265625 0 0.6115071890625 0
0 0.6219846984374999 0 0.6219846984374999 0.0214418734375 0.6219846984374999 0.026964878125 0.6274010375 0.026964878125 0.6274010375 0 0.6219846984374999 0
0 0.6040486234375 0.052212901562500004 0.608399453125 0.052212901562500004 0.608399453125 0.0291740796875 0.6040486234375 0.0291740796875 0.6040486234375 0.052212901562500004
0 0.6255363968750001 0.0784077265625 0.6307751515625 0.0784077265625 0.6307751515625 0.043691693749999996 0.6255363968750001 0.043691693749999996 0.6255363968750001 0.0784077265625
0 0.6230502078125 0.10381355 0.6285553390625 0.10381355 0.6285553390625 0.06988651875 0.6230502078125 0.06988651875 0.6230502078125 0.10381355
0 0.4485095421875 0.0460770171875 0.4526827875 0.0460770171875 0.4526827875 0.030139201562500002 0.4485095421875 0.030139201562500002 0.4485095421875 0.0460770171875
0 0.4560569 0.0426054140625 0.46156203281249997 0.0426054140625 0.46156203281249997 0.0282456 0.4560569 0.0282456 0.4560569 0.0426054140625
0 0.45756637187500004 0.051284421875 0.4634266734375 0.051284421875 0.4634266734375 0.038660409374999996 0.45756637187500004 0.038660409374999996 0.45756637187500004 0.051284421875
0 0.4565008625 0.03439980625 0.46218357968750007 0.03439980625 0.46218357968750007 0.0164105890625 0.4565008625 0.0164105890625 0.4565008625 0.03439980625
0 0.616798925 0 0.616798925 0.014271051562500001 0.62122616875 0.014271051562500001 0.62122616875 0 0.616798925 0
0 0.3927378078125 0.0616891921875 0.398009859375 0.0616891921875 0.398009859375 0.047388553124999996 0.3927378078125 0.047388553124999996 0.3927378078125 0.0616891921875
0 0.36388026093750003 0.0520732453125 0.369568528125 0.0520732453125 0.369568528125 0.0301291625 0.36388026093750003 0.0301291625 0.36388026093750003 0.0520732453125
0 0.38247118125 0.0789485828125 0.38663332656250005 0.0789485828125 0.38663332656250005 0.060209815624999996 0.38247118125 0.060209815624999996 0.38247118125 0.0789485828125
0 0.4111899890625 0.0631675859375 0.417092159375 0.0631675859375 0.417092159375 0.044429800000000005 0.4111899890625 0.044429800000000005 0.4111899890625 0.0631675859375
0 0.41188367968749995 0.0427038609375 0.4167395171875 0.0427038609375 0.4167395171875 0.0229788421875 0.41188367968749995 0.0229788421875 0.41188367968749995 0.0427038609375
0 0.51274635625 0.0363193046875 0.5167697640625001 0.0363193046875 0.5167697640625001 0.018294150000000002 0.51274635625 0.018294150000000002 0.51274635625 0.0363193046875
0 0.4904095046875 0.041717610937499996 0.49582029531249994 0.041717610937499996 0.49582029531249994 0.02396509375 0.4904095046875 0.02396509375 0.4904095046875 0.041717610937499996
0 0.494987865625 0.0491144921875 0.494987865625 0.0321016640625 0.4877734796875 0.0321016640625 0.4877734796875 0.0491144921875 0.49027076718749996 0.0491144921875 0.494987865625 0.0491144921875
0 0.53744175625 0.047881678125 0.5407714734375 0.047881678125 0.5407714734375 0.030868849999999996 0.53744175625 0.030868849999999996 0.53744175625 0.047881678125
0 0.526897653125 0.054045746875 0.5336322515624999 0.054045746875 0.5336322515624999 0.0323482265625 0.526897653125 0.0323482265625 0.526897653125 0.054045746875
0 0.6225244140624999 0.3121690828125 0.6314123296874999 0.3121690828125 0.6314123296874999 0.29059484375 0.6225244140624999 0.29059484375 0.6225244140624999 0.3121690828125
0 0.61014786875 0.0753675515625 0.6139659453125 0.0753675515625 0.6139659453125 0.049488326562500004 0.61014786875 0.049488326562500004 0.61014786875 0.0753675515625
0 0.6301261703125001 0.056431534375 0.6341093125 0.056431534375 0.6341093125 0.025029304687499997 0.6301261703125001 0.025029304687499997 0.6301261703125001 0.056431534375
0 0.6381174921875 0.050277328125 0.6455760578125 0.050277328125 0.6455760578125 0.0190328984375 0.6381174921875 0.0190328984375 0.6381174921875 0.050277328125
0 0.64823983125 0.054222332812499996 0.6426459062500001 0.054222332812499996 0.6426459062500001 0.0826263578125 0.64823983125 0.0826263578125 0.64823983125 0.054222332812499996
0 0.646552775 0.0718959484375 0.6510811890625 0.0718959484375 0.6510811890625 0.0381267171875 0.646552775 0.0381267171875 0.646552775 0.0718959484375
0 0.6511699828124999 0.0613233390625 0.6530346234375 0.0613233390625 0.6530346234375 0.029605509375 0.6511699828124999 0.029605509375 0.6511699828124999 0.0613233390625
0 0.5944982 0.02680455625 0.6010466421875 0.02680455625 0.6010466421875 0.0055015359375000005 0.5944982 0.0055015359375000005 0.5944982 0.02680455625
0 0.5433751015625 0 0.5433751015625 0.009260896875 0.5486605375 0.009260896875 0.5486605375 0 0.5433751015625 0
0 0.67564258125 0 0.67564258125 0.01963638125 0.6826659171875 0.01963638125 0.6826659171875 0 0.67564258125 0
0 0.6608142406249999 0 0.6608142406249999 0.008116970312500001 0.6656978265625 0.008116970312500001 0.6656978265625 0 0.6608142406249999 0
0 0.690382128125 0.0415706015625 0.695088128125 0.0415706015625 0.695088128125 0.0174271796875 0.690382128125 0.0174271796875 0.690382128125 0.0415706015625
0 0.7186181265625 0.0814940390625 0.7233241265625 0.0814940390625 0.7233241265625 0.049145009375 0.7186181265625 0.049145009375 0.7186181265625 0.0814940390625
0 0.7131129953124999 0.0759296796875 0.717730203125 0.0759296796875 0.717730203125 0.0433064046875 0.7131129953124999 0.0433064046875 0.7131129953124999 0.0759296796875
0 0.7339792218750001 0.055614815625 0.7393955609375 0.055614815625 0.7393955609375 0.0243703859375 0.7339792218750001 0.0243703859375 0.7339792218750001 0.055614815625
0 0.6476063640625 0 0.6476063640625 0.0254355375 0.654127059375 0.0254355375 0.654127059375 0 0.6476063640625 0
0 0.6545432734375 0.0500918109375 0.6606477546875 0.0500918109375 0.6606477546875 0.03209273125 0.6545432734375 0.03209273125 0.6545432734375 0.0500918109375
0 0.7164205140625 0.0439277421875 0.721553828125 0.0439277421875 0.721553828125 0.0264217875 0.7164205140625 0.0264217875 0.7164205140625 0.0439277421875
0 0.7065701015625 0 0.7065701015625 0.0155857453125 0.7134768984375001 0.0155857453125 0.7134768984375001 0 0.7065701015625 0
0 0.777465325 0.07252901875 0.7814887328125 0.07252901875 0.7814887328125 0.042201803125 0.777465325 0.042201803125 0.777465325 0.07252901875
0 0.7767716328125001 0.0414621140625 0.7824599 0.0414621140625 0.7824599 0.0237095984375 0.7767716328125001 0.0237095984375 0.7767716328125001 0.0414621140625
0 0.8107624937499999 0.049352121875 0.817331740625 0.049352121875 0.817331740625 0.03209273125 0.8107624937499999 0.03209273125 0.8107624937499999 0.049352121875
0 0.259375 0.0335778125 0.2653041453125 0.0335778125 0.2653041453125 0.011327990625000001 0.259375 0.011327990625000001 0.259375 0.0335778125
0 0.274360975 0.061192839062500004 0.280132484375 0.061192839062500004 0.280132484375 0.0253722046875 0.274360975 0.0253722046875 0.274360975 0.061192839062500004
0 0.2827962578125 0.0583524359375 0.288745353125 0.0583524359375 0.288745353125 0.023794203125 0.2827962578125 0.023794203125 0.2827962578125 0.0583524359375
0 0.2896332765625 0.0512514296875 0.296825465625 0.0512514296875 0.296825465625 0.020796000000000002 0.2896332765625 0.020796000000000002 0.2896332765625 0.0512514296875
0 0.343796671875 0.060719437499999994 0.34796991718750003 0.060719437499999994 0.34796991718750003 0.0378384171875 0.343796671875 0.0378384171875 0.343796671875 0.060719437499999994
0 0.3509888609375 0.053776231249999994 0.3561388234375 0.053776231249999994 0.3561388234375 0.0378384171875 0.3509888609375 0.0378384171875 0.3509888609375 0.053776231249999994
0 0.349390596875 0.0678204453125 0.35427418125 0.0678204453125 0.35427418125 0.05282943125 0.349390596875 0.05282943125 0.349390596875 0.0678204453125
0 0.33509501249999996 0.1049034796875 0.341754446875 0.1049034796875 0.341754446875 0.0687672453125 0.33509501249999996 0.0687672453125 0.33509501249999996 0.1049034796875
0 0.329057125 0.0875454640625 0.335716559375 0.0875454640625 0.335716559375 0.070187446875 0.329057125 0.070187446875 0.329057125 0.0875454640625
0 0.3781094234375 0 0.3781094234375 0.0155915453125 0.38215835781249996 0.0155915453125 0.38215835781249996 0 0.3781094234375 0
0 0.39238724999999997 0 0.39238724999999997 0.0109206609375 0.399135475 0.0109206609375 0.399135475 0 0.39238724999999997 0
0 0.58414759375 0.28322387187500003 0.59399800625 0.28322387187500003 0.59399800625 0.2504310296875 0.58414759375 0.2504310296875 0.58414759375 0.28322387187500003
0 0.074958584375 1 0.074958584375 0.9688607593749999 0.06583947500000001 0.9688607593749999 0.06583947500000001 1 0.074958584375 1
0 0.050640959375 0.9570744906249999 0.05570713125 0.9570744906249999 0.05570713125 0.9344085921874999 0.050640959375 0.9344085921874999 0.050640959375 0.9570744906249999
0 0.0460814046875 0.9570744906249999 0.050640959375 0.9570744906249999 0.050640959375 0.9434749515625 0.0460814046875 0.9434749515625 0.0460814046875 0.9570744906249999
0 0.0010509984375 0.93909756875 0.0053672140625 0.93909756875 0.0053672140625 0.91711316875 0.0010509984375 0.91711316875 0.0010509984375 0.93909756875
0 0.001383015625 0.9230548984375 0.0053672140625 0.9230548984375 0.0053672140625 0.9102801796875 0.001383015625 0.9102801796875 0.001383015625 0.9230548984375
0 0.017485821874999998 0.88799869375 0.0211380046875 0.88799869375 0.0211380046875 0.87373854375 0.017485821874999998 0.87373854375 0.017485821874999998 0.88799869375
0 0.043881145312499995 0.8859190890625002 0.0473673203125 0.8859190890625002 0.0473673203125 0.8701735046875001 0.043881145312499995 0.8701735046875001 0.043881145312499995 0.8859190890625002
0 0.0236281296875 0.9438509515625 0.029272414062500002 0.9438509515625 0.029272414062500002 0.9227578125000001 0.0236281296875 0.9227578125000001 0.0236281296875 0.9438509515625
0 0.1344662515625 0.9142954875000001 0.138616459375 0.9142954875000001 0.138616459375 0.8955790390625001 0.1344662515625 0.8955790390625001 0.1344662515625 0.9142954875000001
0 0.12085356875 0.909542103125 0.124671759375 0.909542103125 0.124671759375 0.892608175 0.12085356875 0.892608175 0.12085356875 0.909542103125
0 0.11172311093750001 0.9110275359374999 0.11471126093749999 0.9110275359374999 0.11471126093749999 0.897064471875 0.11172311093750001 0.897064471875 0.11172311093750001 0.9110275359374999
0 0.140608559375 0.9148896593749999 0.1435967078125 0.9148896593749999 0.1435967078125 0.8952819515625 0.140608559375 0.8952819515625 0.140608559375 0.9148896593749999
0 0.1434307 0.9033032875 0.1457548171875 0.9033032875 0.1457548171875 0.8848839265624999 0.1434307 0.8848839265624999 0.1434307 0.9033032875
0 0.15156510781250002 0.9024120281249999 0.153889225 0.9024120281249999 0.153889225 0.8869635312499999 0.15156510781250002 0.8869635312499999 0.15156510781250002 0.9024120281249999
0 0.15156510781250002 0.8869635312499999 0.153889225 0.8869635312499999 0.153889225 0.8735946406250001 0.15156510781250002 0.8735946406250001 0.15156510781250002 0.8869635312499999
0 0.16285367343749999 0.89409360625 0.165675815625 0.89409360625 0.165675815625 0.878942196875 0.16285367343749999 0.878942196875 0.16285367343749999 0.89409360625
0 0.136126334375 0.888151878125 0.139114484375 0.888151878125 0.139114484375 0.8718121218749999 0.136126334375 0.8718121218749999 0.136126334375 0.888151878125
0 0.1309800765625 0.892608175 0.13396822656250001 0.892608175 0.13396822656250001 0.8768625906249999 0.1309800765625 0.8768625906249999 0.1309800765625 0.892608175
0 0.17298018125 0.92320808125 0.17497228125 0.92320808125 0.17497228125 0.9074624984374999 0.17298018125 0.9074624984374999 0.17298018125 0.92320808125
0 0.1782924484375 0.9306352421875002 0.183272696875 0.9306352421875002 0.183272696875 0.9214255625 0.1782924484375 0.9214255625 0.1782924484375 0.9306352421875002
0 0.1699920328125 0.93033815625 0.173146190625 0.93033815625 0.173146190625 0.9208313890625 0.1699920328125 0.9208313890625 0.1699920328125 0.93033815625
0 0.15588132500000002 0.92320808125 0.159865525 0.92320808125 0.159865525 0.91251296875 0.15588132500000002 0.91251296875 0.15588132500000002 0.92320808125
0 0.2569803921875 0.949648778125 0.2569803921875 0.9407361828125002 0.2515021171875 0.9407361828125002 0.2515021171875 0.9624234953125 0.2569803921875 0.9624234953125 0.2569803921875 0.949648778125
0 0.24834795937499998 0.9645031015625001 0.2505060671875 0.9645031015625001 0.2505060671875 0.9490546046875 0.24834795937499998 0.9490546046875 0.24834795937499998 0.9645031015625001
0 0.21365222031250003 0.8946877796875 0.2166403703125 0.8946877796875 0.2166403703125 0.8795363703125 0.21365222031250003 0.8795363703125 0.21365222031250003 0.8946877796875
0 0.192464246875 0.8967911515625001 0.1946741484375 0.8967911515625001 0.1946741484375 0.8802113500000001 0.192464246875 0.8802113500000001 0.192464246875 0.8967911515625001
0 0.1973090328125 0.8802113500000001 0.1946741484375 0.8802113500000001 0.1946741484375 0.8961827187499999 0.1973090328125 0.8961827187499999 0.1973090328125 0.8802113500000001
0 0.18976694375 0.877112353125 0.18976694375 0.8711706234375001 0.18478669375 0.8711706234375001 0.18478669375 0.8889958124999999 0.18976694375 0.8889958124999999 0.18976694375 0.877112353125
0 0.23458918906249998 0.8990967515625 0.24089750625 0.8990967515625 0.24089750625 0.8895899843749999 0.23458918906249998 0.8895899843749999 0.23458918906249998 0.8990967515625
0 0.2488659046875 0.9080093453125 0.2488659046875 0.900285096875 0.2455457390625 0.900285096875 0.2455457390625 0.9219724109375 0.2488659046875 0.9219724109375 0.2488659046875 0.9080093453125
0 0.2488659046875 0.9291024859375 0.25368014687499996 0.9291024859375 0.25368014687499996 0.9080093453125 0.2488659046875 0.9080093453125 0.2488659046875 0.9291024859375
0 0.051460265625 0.8763212359375 0.0479787140625 0.8763212359375 0.0479787140625 0.8856670484375 0.051460265625 0.8856670484375 0.051460265625 0.8763212359375
0 0.1423983734375 0.8837978843750001 0.1447658265625 0.8837978843750001 0.1447658265625 0.8758227921875001 0.1423983734375 0.8758227921875001 0.1423983734375 0.8837978843750001
0 0.1977992328125 0.8777093671875 0.1977992328125 0.8697342750000001 0.19545963125000002 0.8697342750000001 0.19545963125000002 0.881796603125 0.1977992328125 0.881796603125 0.1977992328125 0.8777093671875
0 0.19908044375 0.881796603125 0.20103011249999997 0.881796603125 0.20103011249999997 0.8701330296875 0.19908044375 0.8701330296875 0.19908044375 0.881796603125
