0 0.6456785671875 0.42716949218750006 0.6483369390625 0.42716949218750006 0.6483369390625 0.420658125 0.6456785671875 0.420658125 0.6456785671875 0.42716949218750006
0 0.651113459375 0.42622429375 0.65294478125 0.42622429375 0.65294478125 0.41981794843750003 0.651113459375 0.41981794843750003 0.651113459375 0.42622429375
0 0.64508781875 0.4167723078125 0.647450815625 0.4167723078125 0.647450815625 0.411626228125 0.64508781875 0.411626228125 0.64508781875 0.4167723078125
0 0.6486913875 0.41425177812499997 0.6503454859375 0.41425177812499997 0.6503454859375 0.408055478125 0.6486913875 0.408055478125 0.6486913875 0.41425177812499997
0 0.6403618265625 0.41456684531250004 0.643079271875 0.41456684531250004 0.643079271875 0.40732032343749996 0.6403618265625 0.40732032343749996 0.6403618265625 0.41456684531250004
0 0.6331546875 0.41981794843750003 0.6353404593749999 0.41981794843750003 0.6353404593749999 0.4127814703125 0.6331546875 0.4127814703125 0.6331546875 0.41981794843750003
0 0.6340408109375 0.40616508125 0.6357539828125 0.40616508125 0.6357539828125 0.3998637578125 0.6340408109375 0.3998637578125 0.6340408109375 0.40616508125
0 0.6664729359375 0.4165622640625 0.6684224078125001 0.4165622640625 0.6684224078125001 0.40973583125 0.6664729359375 0.40973583125 0.6664729359375 0.4165622640625
0 0.671198928125 0.40973583125 0.6684224078125001 0.40973583125 0.6684224078125001 0.415196978125 0.671198928125 0.415196978125 0.671198928125 0.40973583125
0 0.705184353125 0.42509633124999996 0.707301596875 0.42509633124999996 0.707301596875 0.41864377499999994 0.705184353125 0.41864377499999994 0.705184353125 0.42509633124999996
0 0.7005339765625 0.4252307578125 0.7029914921875 0.4252307578125 0.7029914921875 0.41837491875 0.7005339765625 0.41837491875 0.7005339765625 0.4252307578125
0 0.62805858125 0.41652731249999997 0.630185278125 0.41652731249999997 0.630185278125 0.4125784828125 0.62805858125 0.4125784828125 0.62805858125 0.41652731249999997
0 0.626492246875 0.4131657265625 0.6290253796874999 0.4131657265625 0.6290253796874999 0.4074525265625 0.626492246875 0.4074525265625 0.626492246875 0.4131657265625
0 0.5830910046875 0.4000720796875 0.5865173484375 0.4000720796875 0.5865173484375 0.393455690625 0.5830910046875 0.393455690625 0.5830910046875 0.4000720796875
0 0.6726935734375 0.41572955 0.675151090625 0.41572955 0.675151090625 0.41043643906250005 0.6726935734375 0.41043643906250005 0.6726935734375 0.41572955
0 0.678175725 0.40959626250000003 0.675245609375 0.40959626250000003 0.675245609375 0.4148893734375 0.678175725 0.4148893734375 0.678175725 0.40959626250000003
0 0.7246997875 0.8393541890625 0.9004750406250001 0.8393541890625 0.9004750406250001 0.7964870625 0.7246997875 0.7964870625 0.7246997875 0.8393541890625
0 0.8024553125 0.47050347343750004 0.8072285656249999 0.47050347343750004 0.8072285656249999 0.4542040515625 0.8024553125 0.4542040515625 0.8024553125 0.47050347343750004
0 0.488923365625 0.6237889375 0.49543431718750003 0.6237889375 0.49543431718750003 0.6010675875 0.488923365625 0.6010675875 0.488923365625 0.6237889375
