0 0.261780690625 0.09523804062499999 0.261835665625 0.1046875 0.2671875 0.1046875 0.2671875 0.0951436640625 0.261780690625 0.09523804062499999
0 0.2403381609375 0.09917823125 0.240132903125 0.1109375 0.2453125 0.1109375 0.2453125 0.0992940109375 0.2403381609375 0.09917823125
0 0.1452581640625 0.1935937375 0.153125 0.1935021984375 0.153125 0.18025446875 0.1453352421875 0.1803451109375 0.1452581640625 0.1935937375
0 0.3596478515625 0.1307166140625 0.359781328125 0.1421875 0.3614416734375 0.1421875 0.3671875 0.1421206421875 0.3671875 0.1306288828125 0.3596478515625 0.1307166140625
0 0.2328125 1 0.2328125 0.95 0.216494959375 0.95 0.1828125 0.9505879296875002 0.1828125 0.988350896875 0.182880271875 1 0.2328125 1
0 0.3125 0.7992339078125 0.2367501921875 0.7974708125000001 0.2359375 0.8440299218749999 0.2359375 0.9359375 0.31062158906250004 0.9359375 0.3125 0.8283234234375 0.3125 0.7992339078125
0 0.3638961421875 0.6521125328125 0.3635029703125 0.665625 0.3703125 0.665625 0.3703125 0.65218719375 0.3638961421875 0.6521125328125
0 0.33142169374999997 0.7246398203125001 0.3312790390625 0.7328125 0.3359375 0.7328125 0.3359375 0.7246135484374999 0.33142169374999997 0.7246398203125001
0 0.3845650953125 0.6161352 0.3844589796875 0.634375 0.3953125 0.634375 0.3953125 0.6158224828125001 0.3845650953125 0.6161352
0 0.3974157375 0.5903439171875 0.3971909890625 0.6 0.40115119374999997 0.6 0.401373796875 0.5904360421874999 0.3974157375 0.5903439171875
0 0.40529985 0.5765625 0.405108934375 0.5875 0.409375 0.5875 0.409375 0.5765625 0.40529985 0.5765625
0 0.414955315625 0.5588560593749999 0.4151552890625 0.5703125 0.41875 0.5703125 0.41875 0.5588781359375 0.414955315625 0.5588560593749999
0 0.81875 0.6210559734375 0.7822789671875 0.619994775 0.78125 0.7084239125 0.78125 0.721875 0.8180111578125 0.721875 0.81875 0.6583790609375 0.81875 0.6210559734375
