0 0.040625 0.4796875 0.040625 0.4774069640625 0.0366865828125 0.47733821875000004 0.036727589062499996 0.4796875 0.040625 0.4796875
0 0.0232996609375 0.4734160515625 0.025 0.4734160515625 0.025 0.46962709843750006 0.023387849999999998 0.46962709843750006 0.0232996609375 0.4734160515625
0 0.02537380625 0.463849875 0.025296121875 0.4671875 0.02950541875 0.4671875 0.029583103125 0.463849875 0.02537380625 0.463849875
0 0.0884793796875 0.374153140625 0.0886081921875 0.3796875 0.090625 0.3796875 0.090625 0.3741281734375 0.0884793796875 0.374153140625
0 0.0290928859375 0.3430528203125 0.029186876562500002 0.3484375 0.03125 0.3484375 0.03125 0.3429900546875 0.0290928859375 0.3430528203125
0 0.038042165625 0.30576633124999997 0.038042165625 0.3109375 0.0390625 0.3109375 0.0390625 0.305748521875 0.038042165625 0.30576633124999997
0 0.0110320484375 0.330505478125 0.011072740624999999 0.3375 0.0140625 0.3375 0.0140625 0.330470215625 0.0110320484375 0.330505478125
0 0.010020175000000001 0.3236002359375 0.00999385 0.328125 0.0125 0.328125 0.0125 0.3235425171875 0.010020175000000001 0.3236002359375
0 0.006850331249999999 0.3255507640625 0.006754046875 0.3296875 0.009375 0.3296875 0.009375 0.32549200312500004 0.006850331249999999 0.3255507640625
0 0.006932915624999999 0.21239976875000002 0.006794798437500001 0.2203125 0.010535365625 0.2203125 0.010673103125 0.2124215296875 0.006932915624999999 0.21239976875000002
0 0.0109720046875 0.211767865625 0.011134515624999999 0.21875 0.0140625 0.21875 0.0140625 0.21171392031249997 0.0109720046875 0.211767865625
0 0.01518268125 0.209951309375 0.0153362625 0.21875 0.01875 0.21875 0.01875 0.20993055625 0.01518268125 0.209951309375
0 0.021160215625 0.23336370468749998 0.020767078124999998 0.246875 0.025717979687499996 0.246875 0.026112793750000002 0.2333060765625 0.021160215625 0.23336370468749998
0 0.0278374 0.236556546875 0.027735515625000002 0.2453125 0.03125 0.2453125 0.03125 0.2366161140625 0.0278374 0.236556546875
0 0.023891271875 0.22869638750000001 0.023683057812499998 0.240625 0.028125 0.240625 0.028125 0.22867175624999997 0.023891271875 0.22869638750000001
0 0.0359375 0.2133801359375 0.0328125 0.21328920624999997 0.0328125 0.2234375 0.0359375 0.2234375 0.0359375 0.2133801359375
0 0.0032463078125000004 0.184775053125 0.0032463078125000004 0.19375 0.0078125 0.19375 0.0078125 0.1848281859375 0.0032463078125000004 0.184775053125
0 0.014609696875 0.1694673953125 0.01466915625 0.1796875 0.0171875 0.1796875 0.0171875 0.1694224 0.014609696875 0.1694673953125
0 0 0.1859375 0.0015625 0.1859375 0.0015625 0.178987759375 0 0.1790150328125 0 0.1859375
0 0.0340006828125 0.162575284375 0.034072531249999996 0.16875 0.0359375 0.16875 0.0359375 0.1625865515625 0.0340006828125 0.162575284375
0 0.0395512875 0.163610796875 0.039780004687499995 0.1734375 0.0421875 0.1734375 0.0421875 0.16356478125 0.0395512875 0.163610796875
0 0.044102428124999996 0.163686765625 0.044054790625 0.171875 0.046875 0.171875 0.046875 0.163622234375 0.044102428124999996 0.163686765625
0 0.048007096875 0.16462384375 0.0480492828125 0.171875 0.05 0.171875 0.05 0.16462384375 0.048007096875 0.16462384375
0 0.055601915625 0.162908003125 0.05546594218749999 0.16875 0.05625 0.16875 0.05625 0.162908003125 0.055601915625 0.162908003125
0 0.53234596875 0.387258596875 0.53256979375 0.396875 0.5375 0.396875 0.5375 0.3872286125 0.53234596875 0.387258596875
0 0.4265662203125 0.31265114843749997 0.4264770734375 0.3203125 0.4296875 0.3203125 0.4296875 0.31263298906250003 0.4265662203125 0.31265114843749997
0 0.4648012890625 0.3366921796875 0.46471916406249997 0.34375 0.4671875 0.34375 0.4671875 0.33674771875 0.4648012890625 0.3366921796875
0 0.46151793437500005 0.283694309375 0.4613929875 0.2890625 0.4640625 0.2890625 0.4640625 0.28375353593749997 0.46151793437500005 0.283694309375
0 0.48193855625 0.2739761734375 0.481772375 0.2796875 0.4828125 0.2796875 0.4828125 0.27396091875 0.48193855625 0.2739761734375
0 0.45951098593750006 0.2617919890625 0.4596051640625 0.2671875 0.4625 0.2671875 0.4625 0.26182676875 0.45951098593750006 0.2617919890625
0 0.5105826828125 0.2625 0.5106372265625 0.2671875 0.5125 0.2671875 0.5125 0.2625 0.5105826828125 0.2625
0 0.50734785 0.2560079625 0.5074338953125 0.2609375 0.509375 0.2609375 0.509375 0.255972578125 0.50734785 0.2560079625
0 0.5015852625 0.2334709421875 0.501793425 0.240625 0.503125 0.240625 0.503125 0.23349781875 0.5015852625 0.2334709421875
0 0.49489417031249994 0.22051253437499999 0.49478856718750003 0.2265625 0.496875 0.2265625 0.496875 0.22047795781250001 0.49489417031249994 0.22051253437499999
0 0.506450240625 0.23305090312500001 0.50631031875 0.2390625 0.5122058703125 0.2390625 0.5123457921875 0.23305090312500001 0.506450240625 0.23305090312500001
0 0.5116752296875 0.2214892828125 0.51155715 0.2265625 0.515625 0.2265625 0.515625 0.221466303125 0.5116752296875 0.2214892828125
0 0.523528428125 0.235393034375 0.5236806625 0.240625 0.525 0.240625 0.525 0.23536734843749998 0.523528428125 0.235393034375
0 0.519094321875 0.246875 0.5190215859375 0.25 0.521875 0.25 0.521875 0.246875 0.519094321875 0.246875
0 0.525783903125 0.2539017609375 0.5258066546875 0.2578125 0.5289764140625001 0.2578125 0.5289535546875 0.2538833203125 0.525783903125 0.2539017609375
0 0.525199178125 0.2078711796875 0.525279975 0.2125 0.5265625 0.2125 0.5265625 0.20785531562499998 0.525199178125 0.2078711796875
0 0.5580888875000001 0.2303203140625 0.5580888875000001 0.234375 0.559375 0.234375 0.559375 0.23031283125000002 0.5580888875000001 0.2303203140625
0 0.6036771890625 0.326200346875 0.603758353125 0.3296875 0.60747379375 0.3296875 0.6073916234375 0.326157125 0.6036771890625 0.326200346875
0 0.63900603125 0.3197943203125 0.6389636390625 0.3234375 0.6421875 0.3234375 0.6421875 0.31984985312499997 0.63900603125 0.3197943203125
0 0.6668256484375 0.303621509375 0.6666917328124999 0.309375 0.66875 0.309375 0.66875 0.30367750312499997 0.6668256484375 0.303621509375
0 0.2851348953125 0.2585581828125 0.285089028125 0.2625 0.2875 0.2625 0.2875 0.2585306625 0.2851348953125 0.2585581828125
0 0.26920345156250003 0.275 0.26920345156250003 0.28125 0.271875 0.28125 0.271875 0.275 0.26920345156250003 0.275
0 0.268141084375 0.30552211093750004 0.268141084375 0.3109375 0.2703125 0.3109375 0.2703125 0.30550947812499996 0.268141084375 0.30552211093750004
0 0.266704834375 0.241290746875 0.266704834375 0.24375 0.26875 0.24375 0.26875 0.2413145453125 0.266704834375 0.241290746875
0 0.2619610171875 0.24375 0.2618246234375 0.2484375 0.2640625 0.2484375 0.2640625 0.24375 0.2619610171875 0.24375
0 0.2508913171875 0.244499859375 0.2510193328125 0.25 0.253125 0.25 0.253125 0.2445518484375 0.2508913171875 0.244499859375
0 0.2370123015625 0.31275988125 0.23715172343750002 0.31875 0.2390625 0.31875 0.2390625 0.3127121625 0.2370123015625 0.31275988125
0 0.2259988453125 0.28690298593749997 0.22612184375000002 0.2921875 0.228125 0.2921875 0.228125 0.2869277265625 0.2259988453125 0.28690298593749997
0 0.2052134234375 0.3225004453125 0.2051807015625 0.328125 0.2078125 0.328125 0.2078125 0.32248532343749997 0.2052134234375 0.3225004453125
0 0.17867859218749998 0.3134729015625 0.1786171875 0.31875 0.18125 0.31875 0.18125 0.31339808125 0.17867859218749998 0.3134729015625
0 0.1903108015625 0.3251858796875 0.1903369921875 0.3296875 0.1921875 0.3296875 0.1921875 0.3251858796875 0.1903108015625 0.3251858796875
0 0.1820785015625 0.2525735140625 0.1821089796875 0.2578125 0.1853575421875 0.2578125 0.18532739375 0.2526302234375 0.1820785015625 0.2525735140625
0 0.1300601140625 0.2713546828125 0.13013889218750002 0.278125 0.134375 0.278125 0.134375 0.2713546828125 0.1300601140625 0.2713546828125
0 0.1247034671875 0.2732194578125 0.1247605484375 0.278125 0.1265625 0.278125 0.1265625 0.27320864375 0.1247034671875 0.2732194578125
0 0.0745901765625 0.0970299484375 0.0746256375 0.103125 0.075 0.103125 0.075 0.0970275640625 0.0745901765625 0.0970299484375
0 0.09082626875000001 0.0917456515625 0.0906770203125 0.096875 0.0921875 0.096875 0.0921875 0.091785259375 0.09082626875000001 0.0917456515625
0 0.0932677171875 0.0756781125 0.0932677171875 0.078125 0.09375 0.078125 0.09375 0.0756725 0.0932677171875 0.0756781125
0 0.1140625 0.08346803281250001 0.112801534375 0.083438684375 0.1127364515625 0.089031896875 0.11405129375 0.0890625 0.1140625 0.0890625 0.1140625 0.08346803281250001
0 0.121414859375 0.063478303125 0.1213228421875 0.06875 0.121875 0.06875 0.121875 0.0634916921875 0.121414859375 0.063478303125
0 0.124670609375 0.063502890625 0.1245633984375 0.0671875 0.125 0.0671875 0.125 0.063502890625 0.124670609375 0.063502890625
0 0.12168251875 0.0639387234375 0.121875 0.06393424375 0.121875 0.05689666718750001 0.12164158124999999 0.0569021 0.12168251875 0.0639387234375
0 0.127965740625 0.0580258109375 0.127965740625 0.0609375 0.128125 0.0609375 0.128125 0.058024884374999995 0.127965740625 0.0580258109375
0 0.1304604015625 0.0551288578125 0.1303590109375 0.0609375 0.132387175 0.0609375 0.1324889765625 0.055105253124999996 0.1304604015625 0.0551288578125
0 0.11981851406249999 0.047345825 0.1196903640625 0.0546875 0.121875 0.0546875 0.121875 0.0473099296875 0.11981851406249999 0.047345825
0 0.1390625 0.058833314062499996 0.1375 0.05886968125000001 0.1375 0.0640625 0.1390625 0.0640625 0.1390625 0.058833314062499996
0 0.14665281875 0.0238070390625 0.1466367890625 0.0265625 0.146875 0.0265625 0.146875 0.023805746875 0.14665281875 0.0238070390625
0 0.038509346875 0.1378388328125 0.038444684374999996 0.1433959625 0.0397905 0.143372471875 0.040625 0.14335790625 0.040625 0.1378019046875 0.038509346875 0.1378388328125
0 0.0421875 0.1386273796875 0.040625 0.1386091984375 0.040625 0.14375 0.0421875 0.14375 0.0421875 0.1386273796875
0 0.158607775 0 0.15866231875 0.0046875 0.159375 0.0046875 0.159375 0 0.158607775 0
0 0.125993909375 0.0645841203125 0.1260423828125 0.06875 0.1265625 0.06875 0.1265625 0.0645940453125 0.125993909375 0.0645841203125
0 0.153125 0.0191937984375 0.1515625 0.019230165625 0.1515625 0.025 0.153125 0.025 0.153125 0.0191937984375
0 0.15402530781249998 0.021540790625 0.154065559375 0.025 0.1546875 0.025 0.1546875 0.021544642187499997 0.15402530781249998 0.021540790625
0 0.1054696625 0.10135372812500001 0.10625 0.1013491875 0.10625 0.09118620625 0.10523314843750001 0.091192121875 0.1054696625 0.10135372812500001
0 0.10824037500000001 0.08880655312499999 0.10820252500000001 0.0953125 0.109375 0.0953125 0.109375 0.08879335000000001 0.10824037500000001 0.08880655312499999
0 0.1125 0.0893346875 0.1109375 0.08935286875000001 0.1109375 0.0953125 0.1125 0.0953125 0.1125 0.0893346875
0 0.10124992031249999 0.10625 0.10114081875 0.1109375 0.103125 0.1109375 0.103125 0.10625 0.10124992031249999 0.10625
0 0.1980399578125 0.3310470109375 0.1979261296875 0.3359375 0.1984375 0.3359375 0.1984375 0.3310493234375 0.1980399578125 0.3310470109375
0 0.09459246875 0.44283016562500005 0.0945689359375 0.446875 0.0953125 0.446875 0.0953125 0.442846925 0.09459246875 0.44283016562500005
0 0.1109375 0.42439498281250004 0.1078125 0.42439498281250004 0.1078125 0.434375 0.1109375 0.434375 0.1109375 0.42439498281250004
0 0.1109375 0.4283483890625 0.1078125 0.42825746249999996 0.1078125 0.4375 0.1109375 0.4375 0.1109375 0.4283483890625
0 0.0009933078125 0.40655910781250004 0.0010187796875000001 0.4109375 0.003125 0.4109375 0.003125 0.40654670625 0.0009933078125 0.40655910781250004
0 0.0981975859375 0.371452321875 0.0982388671875 0.375 0.1 0.375 0.1 0.3714103703125 0.0981975859375 0.371452321875
0 0.1017342421875 0.365625 0.1017342421875 0.36875 0.103125 0.36875 0.103125 0.365625 0.1017342421875 0.365625
0 0.0979680890625 0.36576710156250003 0.0980375171875 0.36875 0.1 0.36875 0.1 0.3657907453125 0.0979680890625 0.36576710156250003
0 0.1931522078125 0.33032196875 0.1931811875 0.3328125 0.19375 0.3328125 0.19375 0.33031849062499996 0.1931522078125 0.33032196875
0 0.1956274890625 0.33318876249999996 0.19561149687499998 0.3359375 0.196875 0.3359375 0.196875 0.33318876249999996 0.1956274890625 0.33318876249999996
0 0.3209297640625 0.2612626796875 0.320946053125 0.2640625 0.32305477968749996 0.2640625 0.3230382046875 0.2612136046875 0.3209297640625 0.2612626796875
0 0.42578148281250006 0.280106109375 0.42570273593749997 0.2828125 0.4265625 0.2828125 0.4265625 0.280115196875 0.42578148281250006 0.280106109375
0 0.4290045421875 0.2776442171875 0.4290045421875 0.28125 0.4296875 0.28125 0.4296875 0.277632296875 0.4290045421875 0.2776442171875
0 0.4647495265625 0.287605096875 0.46473195624999997 0.290625 0.4671875 0.290625 0.4671875 0.287605096875 0.4647495265625 0.287605096875
0 0.46506230000000004 0.2296875 0.46514412031249996 0.234375 0.4671875 0.234375 0.4671875 0.2296875 0.46506230000000004 0.2296875
0 0.5469269078125001 0.20966180625000003 0.5468757015625 0.2140625 0.5484375 0.2140625 0.5484375 0.2096354390625 0.5469269078125001 0.20966180625000003
0 0.5703125 0.277425946875 0.5671875 0.27740776562499997 0.5671875 0.278327059375 0.5671954140625 0.2796875 0.5703125 0.2796875 0.5703125 0.277425946875
0 0.55337308125 0.22616513437500002 0.5534345640625 0.2296875 0.5546875 0.2296875 0.5546875 0.2261880765625 0.55337308125 0.22616513437500002
0 0.5539836031250001 0.22240658125 0.5539836031250001 0.225 0.55625 0.225 0.55625 0.22238020937499997 0.5539836031250001 0.22240658125
0 0.5568218046875 0.221875 0.5567854421875 0.225 0.5578125 0.225 0.5578125 0.221875 0.5568218046875 0.221875
0 0.0084566765625 0.29407673125 0.0083805578125 0.2984375 0.0108463234375 0.2984375 0.010922190625 0.294091075 0.0084566765625 0.29407673125
0 0.0434292796875 0.146655765625 0.04375 0.14666136406250002 0.04375 0.14248175937500002 0.0433319578125 0.1424744625 0.0434292796875 0.146655765625
0 0.0415730078125 0.1390625 0.0416093703125 0.1421875 0.0421875 0.1421875 0.0421875 0.1390625 0.0415730078125 0.1390625
0 0.066341025 0.10059862343749999 0.066412396875 0.1046875 0.068109859375 0.1046875 0.068038659375 0.10060849999999999 0.066341025 0.10059862343749999
0 0.086685203125 0.0739659140625 0.0865853328125 0.0796875 0.0875 0.0796875 0.0875 0.0739706546875 0.086685203125 0.0739659140625
0 0.10660413124999998 0.06482353125 0.10662697343750001 0.06875 0.1078125 0.06875 0.1078125 0.064858690625 0.10660413124999998 0.06482353125
0 0.13353333750000002 0.040146346875 0.1334858296875 0.0421875 0.134375 0.0421875 0.134375 0.040146346875 0.13353333750000002 0.040146346875
0 0.138508215625 0.0390625 0.1385263953125 0.0421875 0.1390625 0.0421875 0.1390625 0.0390625 0.138508215625 0.0390625
0 0.168528278125 0.193323178125 0.16859027499999998 0.196875 0.1703125 0.196875 0.1703125 0.1932712640625 0.168528278125 0.193323178125
0 0.177967234375 0.1825942578125 0.1796875 0.1826242859375 0.1796875 0.17884498437500002 0.177879234375 0.1788134203125 0.177967234375 0.1825942578125
0 0.144880409375 0.17466085781250001 0.1449610375 0.178125 0.1453125 0.178125 0.1453125 0.17466588593750002 0.144880409375 0.17466085781250001
0 0.1421875 0.16169987187499998 0.140625 0.1616635046875 0.140625 0.1640625 0.1421875 0.1640625 0.1421875 0.16169987187499998
0 0.5664575875 0.8107849640625 0.5703125 0.8108746874999999 0.5703125 0.79311438125 0.5660439890625 0.7930150312500001 0.5664575875 0.8107849640625
0 0.6043064703125001 0.826109559375 0.6078125 0.826109559375 0.6078125 0.8086231906249999 0.6045099421875 0.8086231906249999 0.6043064703125001 0.826109559375
0 0.60971104375 0.855871621875 0.609860896875 0.86875 0.6140625 0.86875 0.6140625 0.8559222562500001 0.60971104375 0.855871621875
0 0.625 0.7640625 0.625 0.7494082484375 0.622107828125 0.7494924015625 0.621875 0.7594956328125 0.621875 0.7640625 0.625 0.7640625
0 0.6328125 0.754099325 0.6296875 0.7541720609375 0.6296875 0.7671875 0.6328125 0.7671875 0.6328125 0.754099325
0 0.65055414375 0.7376389718749999 0.650679796875 0.7484375 0.653125 0.7484375 0.653125 0.7376539281250001 0.65055414375 0.7376389718749999
0 0.6598025 0.7201498234375 0.6609375 0.720176240625 0.6609375 0.708373640625 0.6600770609375 0.7083536140625 0.6598025 0.7201498234375
0 0.658293484375 0.6640625 0.658075278125 0.6734375 0.659375 0.6734375 0.659375 0.6640625 0.658293484375 0.6640625
0 0.6552032203125 0.6634847500000001 0.6550294953125 0.6734375 0.6571383640625 0.6734375 0.6573116609375 0.663509284375 0.6552032203125 0.6634847500000001
0 0.6509773234375 0.6601966015625 0.6509275609375 0.66875 0.65300199375 0.66875 0.65305175625 0.6601966015625 0.6509773234375 0.6601966015625
0 0.6473523250000001 0.6603045187500001 0.647419640625 0.671875 0.6484375 0.671875 0.6484375 0.6603234609374999 0.6473523250000001 0.6603045187500001
0 0.6453125 0.65625 0.64375 0.65625 0.64375 0.6671875 0.6453125 0.6671875 0.6453125 0.65625
0 0.6391261546875 0.6537522671875 0.6391261546875 0.665625 0.640625 0.665625 0.640625 0.6537348265625 0.6391261546875 0.6537522671875
0 0.6413031609375001 0.553751503125 0.64134496875 0.5609375 0.6421875 0.5609375 0.6421875 0.5537360671875 0.6413031609375001 0.553751503125
0 0.6382995593749999 0.5039884984375 0.6382995593749999 0.5109375 0.640625 0.5109375 0.640625 0.5039749703124999 0.6382995593749999 0.5039884984375
0 0.6364417828125 0.5056337531249999 0.636565228125 0.5109375 0.6375 0.5109375 0.6375 0.5056460671874999 0.6364417828125 0.5056337531249999
0 0.634604590625 0.50058785 0.6347727453124999 0.5078125 0.6359375 0.5078125 0.6359375 0.5005800953125 0.634604590625 0.50058785
0 0.6296875 0.50291556875 0.6296587062500001 0.49796640312499996 0.6274907546875 0.49792856093750004 0.6275300781250001 0.5046875 0.6296875 0.5046875 0.6296875 0.50291556875
0 0.6381136765625001 0.5625 0.6380045812499999 0.56875 0.6390625 0.56875 0.6390625 0.5625 0.6381136765625001 0.5625
0 0.6296875 0.5017702609375 0.629620225 0.5017714359375 0.6296875 0.5046618265625 0.6296875 0.5017702609375
