0 0.075 0.0856921234375 0.0265625 0.08484664374999999 0.0265625 0.1140625 0.075 0.1140625 0.075 0.0856921234375
0 0.7306208468750001 0 0.7306208468750001 0.023588462499999997 0.7378195375 0.023588462499999997 0.7378195375 0 0.7306208468750001 0
0 0.6161550250000001 0.2163428359375 0.6287806078125 0.2163428359375 0.6287806078125 0.135989971875 0.6161550250000001 0.135989971875 0.6161550250000001 0.2163428359375
0 0.6019644546875 0.315376996875 0.6206504171875 0.315376996875 0.6206504171875 0.2079402921875 0.6019644546875 0.2079402921875 0.6019644546875 0.315376996875
0 0.544174971875 0 0.544174971875 0.0341425984375 0.556121734375 0.0341425984375 0.556121734375 0 0.544174971875 0
0 0.11112066875 1 0.11112066875 0.985934746875 0.0556574 0.985934746875 0.0556574 1 0.11112066875 1
0 0.013020899999999998 0.9337191015624999 0.006276825 0.9337191015624999 0.006276825 0.9515117140625 0.013020899999999998 0.9515117140625 0.013020899999999998 0.9337191015624999
0 0 0.9964425531250001 0.0124813734375 0.9964425531250001 0.0124813734375 0.9497144796875 0 0.9497144796875 0 0.9964425531250001
0 0.019764975 0.994285871875 0.06252240625 0.994285871875 0.06252240625 0.931202975 0.019764975 0.931202975 0.019764975 0.994285871875
0 0.23564552343749998 0.9823733859375 0.24356981093750002 0.9823733859375 0.24356981093750002 0.9646257046875 0.23564552343749998 0.9646257046875 0.23564552343749998 0.9823733859375
0 0.2191225421875 0.9763077234375 0.226372421875 0.9763077234375 0.226372421875 0.9599079671874999 0.2191225421875 0.9599079671874999 0.2191225421875 0.9763077234375
0 0.213390078125 0.9783296109374999 0.2189539390625 0.9783296109374999 0.2189539390625 0.9617052000000001 0.213390078125 0.9617052000000001 0.213390078125 0.9783296109374999
0 0.20833202343749999 0.9830473484375 0.2149074953125 0.9830473484375 0.2149074953125 0.965748975 0.20833202343749999 0.965748975 0.20833202343749999 0.9830473484375
0 0.18118712343750001 1 0.18118712343750001 0.989337665625 0.1734314359375 0.989337665625 0.1734314359375 1 0.18118712343750001 1
0 0.1673617703125 0.9996717578125001 0.17461165 0.9996717578125001 0.17461165 0.9825980390625 0.1673617703125 0.9825980390625 0.1673617703125 0.9996717578125001
0 0.289579546875 1 0.289579546875 0.9064586734375 0.0338571203125 0.9064586734375 0.0338571203125 1 0.289579546875 1
0 0.0158484984375 0.855725 0.0158484984375 0.941423775 0.4840726609375 0.941423775 0.4840726609375 0.855725 0.43519211562500004 0.855725 0.0158484984375 0.855725
0 0.13007461250000002 0.855725 0.4012330015625 0.855725 0.4012330015625 0.770026225 0.13007461250000002 0.770026225 0.13007461250000002 0.855725
0 0 0.855725 0.13007461250000002 0.855725 0.13007461250000002 0.7974498328124999 0 0.7974498328124999 0 0.855725
0 0.51875 0.7264716640625 0.4010958359375 0.7264716640625 0.4010958359375 0.7916027328125 0.51875 0.7916027328125 0.51875 0.7264716640625
0 0.3366126234375 0.770026225 0.3774141578125 0.770026225 0.3774141578125 0.7456068296874999 0.3366126234375 0.7456068296874999 0.3366126234375 0.770026225
0 0.74375 0.9015625 0.74375 0.8819584578124999 0.733023278125 0.8821456937499998 0.7328125 0.900259865625 0.7328125 0.9015625 0.74375 0.9015625
0 0.7547448453125 0.8877399515625001 0.7547448453125 0.9046875 0.7640625 0.9046875 0.7640625 0.8879025921875 0.7547448453125 0.8877399515625001
0 0.6768618875 0.9757991421875001 0.676714378125 0.9842499765625 0.68746010625 0.9842499765625 0.6875 0.9819644578125001 0.6875 0.9757991421875001 0.6768618875 0.9757991421875001
0 0.636866634375 0.9767210437500001 0.64300705 0.9767210437500001 0.64300705 0.9658167437500002 0.636866634375 0.9658167437500002 0.636866634375 0.9767210437500001
0 0.6073926359375 0.9709962875 0.6133795421875 0.9709962875 0.6133795421875 0.9611824171875 0.6073926359375 0.9611824171875 0.6073926359375 0.9709962875
0 0.641467178125 0.956902996875 0.6462661609375 0.956902996875 0.6462661609375 0.9480652124999999 0.641467178125 0.9480652124999999 0.641467178125 0.956902996875
0 0.6272479734375 0.9603749828125 0.630802775 0.9603749828125 0.630802775 0.9543779156250001 0.6272479734375 0.9543779156250001 0.6272479734375 0.9603749828125
0 0.6473326015625 0.9262863906250001 0.6473326015625 0.9201315062500001 0.6447553703125 0.9201315062500001 0.6447553703125 0.9262863906250001 0.6459637218750001 0.9262863906250001 0.6473326015625 0.9262863906250001
