0 0.486383275 0.2609375 0.4861650984375 0.2796875 0.4890625 0.2796875 0.4890625 0.2609375 0.486383275 0.2609375
0 0.48211577187500004 0.267535496875 0.48239861250000005 0.2796875 0.4859375 0.2796875 0.4859375 0.2674910265625 0.48211577187500004 0.267535496875
0 0.48631030781250006 0.23481944375000002 0.4861700296875 0.246875 0.4890625 0.246875 0.4890625 0.2347393625 0.48631030781250006 0.23481944375000002
0 0.4953125 0.2359375 0.4953125 0.22231377968750002 0.49232631875 0.222244275 0.4921875 0.2341742734375 0.4921875 0.2359375 0.4953125 0.2359375
0 0.5064746390625 0.24082145625 0.5066178031249999 0.253125 0.509375 0.253125 0.509375 0.24075395 0.5064746390625 0.24082145625
0 0.5241320046875 0.189752 0.5239400328125 0.20625 0.5296875 0.20625 0.5296875 0.18968735625 0.5241320046875 0.189752
0 0.5503841406250001 0.1852297390625 0.5501494625000001 0.1953125 0.553125 0.1953125 0.553125 0.185293534375 0.5503841406250001 0.1852297390625
0 0.44917868125 0.27735554375000004 0.44910148124999993 0.290625 0.4515625 0.290625 0.4515625 0.27735554375000004 0.44917868125 0.27735554375000004
0 0.6113221984375 0.044945989062500004 0.6116944046875 0.0609375 0.625 0.0609375 0.625 0.04470724375 0.6113221984375 0.044945989062500004
0 0.7976220812499999 0 0.7976220812499999 0.0201664765625 0.81735904375 0.0201664765625 0.81735904375 0 0.7976220812499999 0
0 0.827808021875 0 0.827808021875 0.017070482812500003 0.8730869343750001 0.017070482812500003 0.8730869343750001 0 0.827808021875 0
0 0.6619435984375001 0.3900247765625 0.6657250375 0.3900247765625 0.6657250375 0.3771908 0.6619435984375001 0.3771908 0.6619435984375001 0.3900247765625
0 0.6683070515624999 0.3746843078125 0.6747698765625 0.3746843078125 0.6747698765625 0.362217015625 0.6683070515624999 0.362217015625 0.6683070515624999 0.3746843078125
0 0.6773825062500001 0.3761510484375 0.6802701515624999 0.3761510484375 0.6802701515624999 0.3646615828125 0.6773825062500001 0.3646615828125 0.6773825062500001 0.3761510484375
0 0.6803361546875 0.36605987500000003 0.6830642921875001 0.36605987500000003 0.6830642921875001 0.3568291890625 0.6803361546875 0.3568291890625 0.6803361546875 0.36605987500000003
0 0.658775075 0.3721615140625 0.66264726875 0.3721615140625 0.66264726875 0.362930828125 0.658775075 0.362930828125 0.658775075 0.3721615140625
0 0.60901255 0.39987006875 0.614292815625 0.39987006875 0.614292815625 0.3906784984375 0.60901255 0.3906784984375 0.60901255 0.39987006875
0 0.5640202953125 0.3783578796875 0.5698505875000001 0.3783578796875 0.5698505875000001 0.3711219609375 0.5640202953125 0.3711219609375 0.5640202953125 0.3783578796875
0 0.5357488781249999 0.352152121875 0.5447693296875 0.352152121875 0.5447693296875 0.3396359390625 0.5357488781249999 0.3396359390625 0.5357488781249999 0.352152121875
0 0.48603189062499996 0.3287475671875 0.49032898124999996 0.3287475671875 0.49032898124999996 0.31576080625 0.48603189062499996 0.31576080625 0.48603189062499996 0.3287475671875
0 0.564083315625 0.20696620000000002 0.5669555953125001 0.20696620000000002 0.5669555953125001 0.1970373328125 0.564083315625 0.1970373328125 0.564083315625 0.20696620000000002
0 0.3415950859375 0.559375 0.34102239375 0.6578125 0.35064048593749997 0.6578125 0.3921875 0.6568454828125 0.3921875 0.559375 0.3415950859375 0.559375
