0 0.2536512828125 0.23438951718749998 0.254387415625 0.2765625 0.265625 0.2765625 0.265625 0.23452884531249998 0.2536512828125 0.23438951718749998
0 0.459375 0.016312923437499998 0.440625 0.015876512500000002 0.440625 0.035873346875 0.4433812890625 0.0359375 0.459375 0.0359375 0.459375 0.016312923437499998
0 0.7296875 0.278125 0.7204932546875 0.278125 0.7183553234375 0.2781747609375 0.71805563125 0.3296875 0.7296875 0.3296875 0.7296875 0.278125
0 0.49908717031250005 0.25665139843749996 0.49935290000000004 0.271875 0.5078125 0.271875 0.5078125 0.25675292656250004 0.49908717031250005 0.25665139843749996
0 0.5224722156249999 0.19982793593749998 0.53125 0.19977686875 0.53125 0.1814679796875 0.5226852734375 0.1815178078125 0.5224722156249999 0.19982793593749998
0 0.6818560109374999 0.175920671875 0.6814084312500001 0.2015625 0.69375 0.2015625 0.69375 0.17571306250000002 0.6818560109374999 0.175920671875
0 0.7207592890625 0.09726100625 0.7208661265625 0.115625 0.7265625 0.115625 0.7265625 0.097159709375 0.7207592890625 0.09726100625
0 0.6580235234374999 0.090625 0.6582962578125 0.10625 0.6671875 0.10625 0.6671875 0.090625 0.6580235234374999 0.090625
0 0.6754085937500001 0.10275085312500001 0.6753518749999999 0.1125 0.684375 0.1125 0.684375 0.1028551875 0.6754085937500001 0.10275085312500001
0 0.5240217828125 0.006954821875 0.5239167984375 0.025 0.5296875 0.025 0.5296875 0.0069877828125 0.5240217828125 0.006954821875
0 0.6226612499999999 0.082913059375 0.6226072921875 0.0921875 0.625 0.0921875 0.625 0.0828858453125 0.6226612499999999 0.082913059375
0 0.69375 0.05625 0.6796875 0.05625 0.6796875 0.0625 0.69375 0.0625 0.69375 0.05625
0 0.3495940265625 0.021875 0.353125 0.021875 0.353125 0.0125161984375 0.352429034375 0.0125 0.34981223125 0.0125 0.3495940265625 0.021875
0 0.37975830625 0.005663596875 0.37975830625 0.0171875 0.3875 0.0171875 0.3875 0.005438337499999999 0.37975830625 0.005663596875
0 0.44880515625 0 0.44885970000000003 0.0046875 0.4546875 0.0046875 0.4546875 0 0.44880515625 0
0 0.3518084171875 0.0017907875 0.3517033078125 0.0078125 0.35625 0.0078125 0.35625 0.0018941671874999999 0.3518084171875 0.0017907875
0 0.5125 0.19509703125 0.512471015625 0.190115121875 0.5068849796875 0.1900826234375 0.5069244968750001 0.196875 0.5125 0.196875 0.5125 0.19509703125
0 0.6004578796875 0.07804224062500001 0.6006416437500001 0.0859375 0.6046875 0.0859375 0.6046875 0.07799302500000001 0.6004578796875 0.07804224062500001
0 0.6427471062500001 0.12412362968749999 0.642687465625 0.134375 0.6484375 0.134375 0.6484375 0.12405741562499999 0.6427471062500001 0.12412362968749999
0 0.6163670453125001 0.10094646249999999 0.616219925 0.109375 0.621875 0.109375 0.621875 0.1010105546875 0.6163670453125001 0.10094646249999999
0 0.5884072328125 0.0708971921875 0.588648196875 0.08125 0.590625 0.08125 0.590625 0.07091009375 0.5884072328125 0.0708971921875
0 0.575574109375 0.0363891328125 0.5753611890625 0.0546875 0.5828125 0.0546875 0.5828125 0.036515479687500005 0.575574109375 0.0363891328125
0 0.5515625 0.0796875 0.5515625 0.0682634640625 0.5470753171875 0.068237359375 0.546875 0.076843821875 0.546875 0.0796875 0.5515625 0.0796875
0 0.4001384703125 0.00539560625 0.400262478125 0.0125 0.403125 0.0125 0.403125 0.0053608546875000005 0.4001384703125 0.00539560625
0 0.1771672125 0.4765625 0.1770581265625 0.4953125 0.1859375 0.4953125 0.1859375 0.4765625 0.1771672125 0.4765625
0 0.3296875 0.5375 0.3296875 0.5260063015625 0.32919387968749997 0.5260120453125 0.327466171875 0.5260321484375 0.32585609843749996 0.5260508828125 0.32605594375 0.5375 0.3296875 0.5375
0 0.31232501562500004 0.5251503750000001 0.31225316875 0.5375 0.315625 0.5375 0.315625 0.5251695734374999 0.31232501562500004 0.5251503750000001
0 0.3156111453125 0.5476939734374999 0.315479553125 0.5703125 0.321875 0.5703125 0.321875 0.5476210874999999 0.3156111453125 0.5476939734374999
0 0.6578125 0.8816151890625001 0.6342228671875001 0.8821642437499999 0.6328125 0.9427593640625 0.6328125 0.959375 0.6571816046875 0.959375 0.6578125 0.9322691625000001 0.6578125 0.8816151890625001
