0 0.7619277562500001 0.5691092859375 0.761404678125 0.6140625 0.8328125 0.6140625 0.8328125 0.5695216828125 0.7619277562500001 0.5691092859375
0 0.7265812390624999 0.27022173125000004 0.7273113046875 0.2953125 0.76875 0.2953125 0.76875 0.2704670609375 0.7265812390624999 0.27022173125000004
0 0.57280951875 0.254449534375 0.57280951875 0.2796875 0.59375 0.2796875 0.59375 0.2540840171875 0.57280951875 0.254449534375
0 0.546875 0.178125 0.5710353109375 0.178125 0.5714752843750001 0.15922190625 0.5624266484375 0.15916926250000002 0.5472797921875 0.159081140625 0.546875 0.17647270312500002 0.546875 0.178125
0 0.0029827375 0.764212684375 0.002875396875 0.7734375 0.00625 0.7734375 0.00625 0.7642316921875001 0.0029827375 0.764212684375
0 0.133831721875 0.8022146765624999 0.1335231203125 0.8154734453125 0.1390551953125 0.8155056296875 0.1390625 0.815191790625 0.1390625 0.8022451078125 0.133831721875 0.8022146765624999
0 0.1149548109375 0.791405484375 0.11491389999999999 0.7984375 0.1203125 0.7984375 0.1203125 0.7913431421875 0.1149548109375 0.791405484375
0 0.08828899999999999 0.79396115625 0.0969479 0.79396115625 0.0969479 0.787545625 0.08828899999999999 0.787545625 0.08828899999999999 0.79396115625
0 0.07530064843749999 0.8157739703125 0.0873268984375 0.8157739703125 0.0873268984375 0.80337060625 0.07530064843749999 0.80337060625 0.07530064843749999 0.8157739703125
0 0.0918968734375 0.8371590812499999 0.103923125 0.8371590812499999 0.103923125 0.825611121875 0.0918968734375 0.825611121875 0.0918968734375 0.8371590812499999
0 0.0707306734375 0.7789915796875 0.0817948234375 0.7789915796875 0.0817948234375 0.773859153125 0.0707306734375 0.773859153125 0.0707306734375 0.7789915796875
0 0.11691147500000001 0.7807023875000001 0.1262919515625 0.7807023875000001 0.1262919515625 0.776425365625 0.11691147500000001 0.776425365625 0.11691147500000001 0.7807023875000001
0 0.165016478125 0.8119246499999999 0.173194328125 0.8119246499999999 0.173194328125 0.7978104765625 0.165016478125 0.7978104765625 0.165016478125 0.8119246499999999
0 0.160687028125 0.8341651656250001 0.165978578125 0.8341651656250001 0.165978578125 0.82261720625 0.160687028125 0.82261720625 0.160687028125 0.8341651656250001
0 0.20542467968749997 0.8354482718749999 0.2121593796875 0.8354482718749999 0.2121593796875 0.8239003125 0.20542467968749997 0.8239003125 0.20542467968749997 0.8354482718749999
0 0.2152862046875 0.853411765625 0.2205777546875 0.853411765625 0.2205777546875 0.841436103125 0.2152862046875 0.841436103125 0.2152862046875 0.853411765625
0 0.2852789828125 0.8183401828125 0.2939378828125 0.8183401828125 0.2939378828125 0.8063645218750001 0.2852789828125 0.8063645218750001 0.2852789828125 0.8183401828125
0 0.0050673453125 0.7926780499999999 0.0137262453125 0.7926780499999999 0.0137262453125 0.7845517078124999 0.0050673453125 0.7845517078124999 0.0050673453125 0.7926780499999999
0 0.1246484921875 0.827149553125 0.130756671875 0.827149553125 0.130756671875 0.8148864734375 0.1246484921875 0.8148864734375 0.1246484921875 0.827149553125
0 0.1375544859375 0.8287262328124999 0.145041934375 0.8287262328124999 0.145041934375 0.8175142765625001 0.1375544859375 0.8175142765625001 0.1375544859375 0.8287262328124999
0 0 0.6390625 0 0.7117244625 0.08937201875 0.7117244625 0.08937201875 0.6390625 0 0.6390625
0 0.1718489484375 0.8391159531250001 0.185468221875 0.8391159531250001 0.185468221875 0.83182818125 0.1718489484375 0.83182818125 0.1718489484375 0.8391159531250001
0 0.21219003593750002 0.877864659375 0.22177396875 0.877864659375 0.22177396875 0.860037646875 0.21219003593750002 0.860037646875 0.21219003593750002 0.877864659375
0 0.01332020625 0.7689105796875 0.016750245312500002 0.7689105796875 0.016750245312500002 0.7588646671875 0.01332020625 0.7588646671875 0.01332020625 0.7689105796875
