0 0.517693853125 0.400230034375 0.517828871875 0.4234375 0.531203084375 0.4234375 0.5310671609375001 0.40007442187500003 0.517693853125 0.400230034375
0 0.9886862609375001 0.1647666296875 0.9912266875 0.1647666296875 0.9912266875 0.15572173125 0.9886862609375001 0.15572173125 0.9886862609375001 0.1647666296875
0 0.996158284375 0.13881651875 0.998382059375 0.13881651875 0.998382059375 0.134558996875 0.996158284375 0.134558996875 0.996158284375 0.13881651875
0 0.09273693125 0.9005089890625 0.09285214375 0.9203125 0.0984375 0.9203125 0.0984375 0.9004426578124999 0.09273693125 0.9005089890625
0 0.0845609171875 0.9120710203125 0.0921875 0.91224853125 0.0921875 0.892890840625 0.084673521875 0.89271595 0.0845609171875 0.9120710203125
0 0.0819010328125 0.9090518796874999 0.081602571875 0.921875 0.0900354125 0.921875 0.09033273124999999 0.9091009343750001 0.0819010328125 0.9090518796874999
0 0.0915822453125 0.8978248578125001 0.0977950765625 0.8978248578125001 0.0977950765625 0.875309778125 0.0915822453125 0.875309778125 0.0915822453125 0.8978248578125001
0 0.102010925 0.896639853125 0.10822375625 0.896639853125 0.10822375625 0.8903198312499999 0.102010925 0.8903198312499999 0.102010925 0.896639853125
0 0.14483508125 0.8160595656249999 0.150826025 0.8160595656249999 0.150826025 0.795124490625 0.14483508125 0.795124490625 0.14483508125 0.8160595656249999
0 0.14949470468749998 0.758784359375 0.1545981015625 0.758784359375 0.1545981015625 0.7493043265624999 0.14949470468749998 0.7493043265624999 0.14949470468749998 0.758784359375
0 0.2227173546875 0.7354792765625 0.228264525 0.7354792765625 0.228264525 0.7244192359375 0.2227173546875 0.7244192359375 0.2227173546875 0.7354792765625
0 0.2249362234375 0.7342942734375 0.231149053125 0.7342942734375 0.231149053125 0.7204692234375 0.2249362234375 0.7204692234375 0.2249362234375 0.7342942734375
0 0.20585395625 0.832649625 0.21206678750000002 0.832649625 0.21206678750000002 0.8192195765625 0.20585395625 0.8192195765625 0.20585395625 0.832649625
0 0.1190962109375 0.7327142671875 0.12419960781249999 0.7327142671875 0.12419960781249999 0.71928421875 0.1190962109375 0.71928421875 0.1190962109375 0.7327142671875
0 0.11266149218749999 0.7346892734375 0.11665545468750001 0.7346892734375 0.11665545468750001 0.7259992421874999 0.11266149218749999 0.7259992421874999 0.11266149218749999 0.7346892734375
0 0.054527145312500004 0.810924546875 0.0598524296875 0.810924546875 0.0598524296875 0.8067518218749999 0.0598524296875 0.8046246671875 0.0598524296875 0.791569478125 0.054527145312500004 0.791569478125 0.054527145312500004 0.810924546875
0 0.0492018625 0.8128995546875 0.0529739375 0.8128995546875 0.0529739375 0.8034195203125 0.0492018625 0.8034195203125 0.0492018625 0.8128995546875
0 0.043876578124999996 0.8093445406249999 0.0492018625 0.8093445406249999 0.0492018625 0.8010495125 0.043876578124999996 0.8010495125 0.043876578124999996 0.8093445406249999
0 0.023462990625 0.76826439375 0.028788275000000002 0.76826439375 0.028788275000000002 0.7469343171875 0.023462990625 0.7469343171875 0.023462990625 0.76826439375
0 0.0263475203125 0.7386392890625 0.0263475203125 0.72283923125 0.023462990625 0.72283923125 0.023462990625 0.7386392890625 0.025973223437499998 0.7386392890625 0.0263475203125 0.7386392890625
0 0.038107521875 0.7441693078125 0.038107521875 0.7291592546875 0.034335445312500004 0.7291592546875 0.034335445312500004 0.7441693078125 0.037431984375 0.7441693078125 0.038107521875 0.7441693078125
0 0.048758089062499996 0.7429843046875 0.053195824999999995 0.7429843046875 0.053195824999999995 0.72244423125 0.048758089062499996 0.72244423125 0.048758089062499996 0.7429843046875
0 0.05918676874999999 0.6959791359375 0.064512053125 0.6959791359375 0.064512053125 0.6857090984375 0.05918676874999999 0.6857090984375 0.05918676874999999 0.6959791359375
0 0.040770164062499996 0.7094091828125 0.047204881250000004 0.7094091828125 0.047204881250000004 0.7007191515625 0.040770164062499996 0.7007191515625 0.040770164062499996 0.7094091828125
0 0.037885634375 0.686894103125 0.042101484375 0.686894103125 0.042101484375 0.67227905 0.037885634375 0.67227905 0.037885634375 0.686894103125
0 0.054970920312500005 0.6758340625 0.0611837515625 0.6758340625 0.0611837515625 0.6552939906249999 0.054970920312500005 0.6552939906249999 0.054970920312500005 0.6758340625
0 0.013921857812499999 0.6525289796875 0.01880336875 0.6525289796875 0.01880336875 0.6347539171875 0.013921857812499999 0.6347539171875 0.013921857812499999 0.6525289796875
0 0.050311296875 0.6280388921875 0.058077334375 0.6280388921875 0.058077334375 0.6197438625 0.050311296875 0.6197438625 0.050311296875 0.6280388921875
0 0.0265694078125 0.5786637156250001 0.0290101625 0.5786637156250001 0.0290101625 0.5632586609375 0.0265694078125 0.5632586609375 0.0265694078125 0.5786637156250001
0 0.037219975 0.5715536890624999 0.04099205 0.5715536890624999 0.04099205 0.5636536624999999 0.037219975 0.5636536624999999 0.037219975 0.5715536890624999
0 0.037219975 0.5845887359375 0.041435823437500005 0.5845887359375 0.041435823437500005 0.5715536890624999 0.037219975 0.5715536890624999 0.037219975 0.5845887359375
0 0.0815973375 0.58814375 0.086035075 0.58814375 0.086035075 0.5755037046875 0.0815973375 0.5755037046875 0.0815973375 0.58814375
0 0.0893633765625 0.5810337234375 0.0893633765625 0.567998678125 0.084703753125 0.567998678125 0.084703753125 0.5810337234375 0.0864542640625 0.5810337234375 0.0893633765625 0.5810337234375
0 0.093135453125 0.6007837953124999 0.0977950765625 0.6007837953124999 0.0977950765625 0.589328753125 0.093135453125 0.589328753125 0.093135453125 0.6007837953124999
0 0.1022328125 0.5928837671875 0.0977950765625 0.5928837671875 0.0977950765625 0.6019688000000001 0.1022328125 0.6019688000000001 0.1022328125 0.5928837671875
0 0.1268622484375 0.64423395 0.1319656453125 0.64423395 0.1319656453125 0.6252738828125001 0.1268622484375 0.6252738828125001 0.1268622484375 0.64423395
0 0.113327153125 0.6193488609375 0.1159897953125 0.6193488609375 0.1159897953125 0.610263828125 0.113327153125 0.610263828125 0.113327153125 0.6193488609375
0 0.1668018765625 0.6146088437499999 0.1750116890625 0.6146088437499999 0.1750116890625 0.5984137859375 0.1668018765625 0.5984137859375 0.1668018765625 0.6146088437499999
0 0.1115520578125 0.5600986484375 0.11665545468750001 0.5600986484375 0.11665545468750001 0.5518036203125 0.1115520578125 0.5518036203125 0.1115520578125 0.5600986484375
0 0.096907528125 0.51875 0.096907528125 0.529683540625 0.100901490625 0.529683540625 0.100901490625 0.51875 0.096907528125 0.51875
0 0.1013452640625 0.5225735140625 0.08980715 0.5225735140625 0.08980715 0.5399535765625 0.1013452640625 0.5399535765625 0.1013452640625 0.5225735140625
0 0.0773814890625 0.53758356875 0.08803205625 0.53758356875 0.08803205625 0.5269185296875001 0.0773814890625 0.5269185296875001 0.0773814890625 0.53758356875
0 0.0722780921875 0.5755037046875 0.0815973375 0.5755037046875 0.0815973375 0.5672086734375 0.0722780921875 0.5672086734375 0.0722780921875 0.5755037046875
0 0.0700592234375 0.59367376875 0.08004412968749999 0.59367376875 0.08004412968749999 0.580638721875 0.0700592234375 0.580638721875 0.0700592234375 0.59367376875
0 0.28672437031250003 0.9935699515625 0.290884746875 0.9935699515625 0.290884746875 0.9725855015625001 0.28672437031250003 0.9725855015625001 0.28672437031250003 0.9935699515625
0 0.2849908796875 0.9867808640625 0.290884746875 0.9867808640625 0.290884746875 0.9627104656250001 0.2849908796875 0.9627104656250001 0.2849908796875 0.9867808640625
0 0.20785266875000002 0.6539492453125 0.216506253125 0.6539492453125 0.216506253125 0.6373591859375 0.20785266875000002 0.6373591859375 0.20785266875000002 0.6539492453125
0 0.028241709375 0.769612634375 0.03318584375 0.769612634375 0.03318584375 0.7635033468750001 0.028241709375 0.7635033468750001 0.028241709375 0.769612634375
0 0.036675821875 0.7504563921875 0.045284434375 0.7504563921875 0.045284434375 0.7434151796874999 0.036675821875 0.7434151796874999 0.036675821875 0.7504563921875
0 0.0526715546875 0.7432080843750001 0.058488184374999995 0.7432080843750001 0.058488184374999995 0.7391697421875 0.0526715546875 0.7391697421875 0.0526715546875 0.7432080843750001
0 0.024984396875000002 0.7441693078125 0.034335445312500004 0.7441693078125 0.034335445312500004 0.736891703125 0.024984396875000002 0.736891703125 0.024984396875000002 0.7441693078125
0 0.0605851 0.6753911640625 0.064656740625 0.6753911640625 0.064656740625 0.670420896875 0.0605851 0.670420896875 0.0605851 0.6753911640625
0 0.0975523421875 0.9250110406250001 0.1045322984375 0.9250110406250001 0.1045322984375 0.9190570734375001 0.0975523421875 0.9190570734375001 0.0975523421875 0.9250110406250001
0 0.0969706796875 0.904301590625 0.10387792656249999 0.904301590625 0.10387792656249999 0.898865359375 0.0969706796875 0.898865359375 0.0969706796875 0.904301590625
0 0.1523861203125 0.8163476203125001 0.1571557578125 0.8163476203125001 0.1571557578125 0.8111702578125 0.1523861203125 0.8111702578125 0.1523861203125 0.8163476203125001
0 0.1542474421875 0.8159334312500001 0.161692728125 0.8159334312500001 0.161692728125 0.8050609703125 0.1542474421875 0.8050609703125 0.1542474421875 0.8159334312500001
0 0.1504084671875 0.810134784375 0.1542474421875 0.810134784375 0.1542474421875 0.79097854375 0.1504084671875 0.79097854375 0.1504084671875 0.810134784375
0 0.130886753125 0.6463763375 0.1360053875 0.6463763375 0.1360053875 0.641198975 0.130886753125 0.641198975 0.130886753125 0.6463763375
0 0.1233226421875 0.7342281875 0.127045284375 0.7342281875 0.127045284375 0.730003459375 0.1233226421875 0.730003459375 0.1233226421875 0.7342281875
0 0.060518512499999996 0.8121064562499999 0.06459852968749999 0.8121064562499999 0.06459852968749999 0.8077591296875 0.060518512499999996 0.8077591296875 0.060518512499999996 0.8121064562499999
0 0.0864542640625 0.592436115625 0.0912257171875 0.592436115625 0.0912257171875 0.5810337234375 0.0864542640625 0.5810337234375 0.0864542640625 0.592436115625
0 0.02987845 0.5813128765625 0.0348771171875 0.5813128765625 0.0348771171875 0.5754478953125 0.02987845 0.5754478953125 0.02987845 0.5813128765625
0 0.6776204546875 0.8984375 0.6776386343749999 0.9015625 0.678125 0.9015625 0.678125 0.8984375 0.6776204546875 0.8984375
