0 0.485144653125 0.3196134625 0.485058771875 0.334375 0.4882484734375 0.334375 0.48833457031250005 0.3195763453125 0.485144653125 0.3196134625
0 0.558460871875 0.34156780000000003 0.5583682328125 0.346875 0.5625 0.346875 0.5625 0.34147378906250003 0.558460871875 0.34156780000000003
0 0.4947242703125 0.2713202046875 0.4948768046875 0.2765625 0.496875 0.2765625 0.496875 0.27129517812500004 0.4947242703125 0.2713202046875
0 0.5015625 0.2671875 0.496875 0.2671875 0.496875 0.2734375 0.5015625 0.2734375 0.5015625 0.2671875
0 0.519277059375 0.23272591406249998 0.5234375 0.2326048578125 0.5234375 0.21743749375000002 0.5191006312499999 0.217563684375 0.519277059375 0.23272591406249998
0 0.6058027484374999 0.299355240625 0.6101178359375 0.299355240625 0.6101178359375 0.284254896875 0.6058027484374999 0.284254896875 0.6058027484374999 0.299355240625
0 0.6004204890625 0.30273837812500004 0.6045035828125 0.30273837812500004 0.6045035828125 0.2861527546875 0.6004204890625 0.2861527546875 0.6004204890625 0.30273837812500004
0 0.5956878109374999 0.3041411421875 0.5997709046875 0.3041411421875 0.5997709046875 0.28986595312499996 0.5956878109374999 0.28986595312499996 0.5956878109374999 0.3041411421875
0 0.5722624859375001 0.2386767828125 0.5758583921875 0.2386767828125 0.5758583921875 0.2262994515625 0.5722624859375001 0.2262994515625 0.5722624859375001 0.2386767828125
0 0.705278296875 0.29508727968750004 0.70875820625 0.29508727968750004 0.70875820625 0.28312252656250003 0.705278296875 0.28312252656250003 0.705278296875 0.29508727968750004
0 0.6976224953125 0.2944684140625 0.70104440625 0.2944684140625 0.70104440625 0.2838445375 0.6976224953125 0.2838445375 0.6976224953125 0.2944684140625
0 0.6906626765625 0.2993162015625 0.6940845875 0.2993162015625 0.6940845875 0.2897237703125 0.6906626765625 0.2897237703125 0.6906626765625 0.2993162015625
0 0.5459293078125 0.1884559640625 0.5492700203125 0.1884559640625 0.5492700203125 0.1752534765625 0.5459293078125 0.1752534765625 0.5459293078125 0.1884559640625
0 0.6503555203125 0.0621446734375 0.6808953515624999 0.0621446734375 0.6808953515624999 0.04602835625 0.6503555203125 0.04602835625 0.6503555203125 0.0621446734375
0 0.7079008984375 0.0552146578125 0.7156944453125 0.0552146578125 0.7156944453125 0.0445778875 0.7079008984375 0.0445778875 0.7079008984375 0.0552146578125
0 0.7280068765625 0.052489865625 0.74054905 0.052489865625 0.74054905 0.037018201562500005 0.7280068765625 0.037018201562500005 0.7280068765625 0.052489865625
0 0.7283617171875 0.24577943124999999 0.7308420234375 0.24577943124999999 0.7308420234375 0.23743009062499998 0.7283617171875 0.23743009062499998 0.7283617171875 0.24577943124999999
0 0.7269532562500001 0.2564642640625 0.729034940625 0.2564642640625 0.729034940625 0.2505173265625 0.7269532562500001 0.2505173265625 0.7269532562500001 0.2564642640625
0 0.604407521875 0.1991716390625 0.6080407828125 0.1991716390625 0.6080407828125 0.1871719234375 0.604407521875 0.1871719234375 0.604407521875 0.1991716390625
0 0.5505741656250001 0.1929301484375 0.553397728125 0.1929301484375 0.553397728125 0.18515187187499998 0.5505741656250001 0.18515187187499998 0.5505741656250001 0.1929301484375
0 0.5564150640625 0.1842657390625 0.553148590625 0.1842657390625 0.553148590625 0.190370209375 0.5564150640625 0.190370209375 0.5564150640625 0.1842657390625
0 0.55940471875 0.1846103453125 0.5564150640625 0.1846103453125 0.5564150640625 0.192240934375 0.55940471875 0.192240934375 0.55940471875 0.1846103453125
0 0.335135721875 0.85846943125 0.3352137125 0.871875 0.3390625 0.871875 0.3390625 0.858446584375 0.335135721875 0.85846943125
0 0.35 0.8732443125 0.349999225 0.873211015625 0.3461526703125 0.8731214859375 0.34637823125 0.8828125 0.35 0.8828125 0.35 0.8732443125
0 0.771875 1 0.771875 0.974846425 0.7658058343749999 0.9749523625000001 0.765625 0.9811672343750001 0.765625 1 0.771875 1
0 0.748643509375 0.946875 0.7488980390625001 0.990625 0.7578125 0.990625 0.7578125 0.946875 0.748643509375 0.946875
0 0.7890625 1 0.7890625 0.9894677828125001 0.7771970078125 0.9898130343750001 0.7772562734374999 1 0.7890625 1
0 0.763731421875 0.9414780781250001 0.7630099265625 0.9828125 0.7703125 0.9828125 0.7703125 0.9412865890625 0.763731421875 0.9414780781250001
0 0.760120696875 0.8957395765625 0.7599595546875 0.9234375 0.7671875 0.9234375 0.7671875 0.8956573468750001 0.760120696875 0.8957395765625
0 0.7625 0.9267731984375001 0.759375 0.9268459328125 0.759375 0.965625 0.7625 0.965625 0.7625 0.9267731984375001
0 0.7899132140625 0.8353629203124999 0.7908392156249999 0.8671875 0.796875 0.8671875 0.796875 0.8352819125 0.7899132140625 0.8353629203124999
0 0.796875 1 0.796875 0.9693321765625 0.78737291875 0.9691110140625 0.7880918671875 1 0.796875 1
0 0.7828125 0.9578125 0.7803357515625 0.9578125 0.7779495640625 0.95788193125 0.7783123828125 0.9890625 0.7828125 0.9890625 0.7828125 0.9578125
0 0.7692940859374999 0.9689477375 0.7779886484375 0.9689477375 0.7779886484375 0.9305583328125 0.7692940859374999 0.9305583328125 0.7692940859374999 0.9689477375
0 0.7513053328125 0.9269956609375001 0.7589203875 0.9269956609375001 0.7589203875 0.89883375625 0.7513053328125 0.89883375625 0.7513053328125 0.9269956609375001
0 0.7685445546875 0.8847043218749999 0.7758899609375 0.8847043218749999 0.7758899609375 0.8553790828124999 0.7685445546875 0.8553790828124999 0.7685445546875 0.8847043218749999
0 0.763297834375 0.8769731234375 0.7685445546875 0.8769731234375 0.7685445546875 0.8500472218749999 0.763297834375 0.8500472218749999 0.763297834375 0.8769731234375
0 0.7568518656250001 0.8772397156250001 0.761349053125 0.8772397156250001 0.761349053125 0.8553790828124999 0.7568518656250001 0.8553790828124999 0.7568518656250001 0.8772397156250001
0 0.754453365625 0.907364734375 0.7589203875 0.907364734375 0.7589203875 0.8825715781250001 0.754453365625 0.8825715781250001 0.754453365625 0.907364734375
0 0.760299709375 0.9060317687499999 0.76866429375 0.9060317687499999 0.76866429375 0.8801722406250001 0.760299709375 0.8801722406250001 0.760299709375 0.9060317687499999
0 0.7848843375000001 0.927625809375 0.7944783375 0.927625809375 0.7944783375 0.9020328734374999 0.7848843375000001 0.9020328734374999 0.7848843375000001 0.927625809375
0 0.784584525 0.9710804828124999 0.7902809625 0.9710804828124999 0.7902809625 0.9422884296875 0.784584525 0.9422884296875 0.784584525 0.9710804828124999
0 0.7721423046875 0.9308249265625002 0.78203611875 0.9308249265625002 0.78203611875 0.9022994671875001 0.7721423046875 0.9022994671875001 0.7721423046875 0.9308249265625002
0 0.542405896875 0.8406242687500001 0.547324696875 0.8406242687500001 0.547324696875 0.8106325468750001 0.542405896875 0.8106325468750001 0.542405896875 0.8406242687500001
0 0.538658240625 0.83729185625 0.542405896875 0.83729185625 0.542405896875 0.815214615625 0.538658240625 0.815214615625 0.538658240625 0.83729185625
0 0.49509173124999994 0.8681166812499999 0.50165013125 0.8681166812499999 0.50165013125 0.8364587515625 0.49509173124999994 0.8364587515625 0.49509173124999994 0.8681166812499999
0 0.510550815625 0.7931373765624999 0.5159380718750001 0.7931373765624999 0.5159380718750001 0.7681442734375 0.510550815625 0.7681442734375 0.510550815625 0.7931373765624999
0 0.505632015625 0.7931373765624999 0.510550815625 0.7931373765624999 0.510550815625 0.7656449640625 0.505632015625 0.7656449640625 0.505632015625 0.7931373765624999
0 0.5623153234375 0.7660615156249999 0.5669998953125 0.7660615156249999 0.5669998953125 0.7439842750000001 0.5623153234375 0.7439842750000001 0.5623153234375 0.7660615156249999
0 0.5728556078125 0.7677277218749999 0.5784770937499999 0.7677277218749999 0.5784770937499999 0.7398187593750001 0.5728556078125 0.7398187593750001 0.5728556078125 0.7677277218749999
0 0.5962784624999999 0.7394022078125 0.601431490625 0.7394022078125 0.601431490625 0.7164918640625 0.5962784624999999 0.7164918640625 0.5962784624999999 0.7394022078125
0 0.48511921718749995 0.8758008078125 0.490522559375 0.8758008078125 0.490522559375 0.847846496875 0.48511921718749995 0.847846496875 0.48511921718749995 0.8758008078125
0 0.481250915625 0.86564553125 0.48597884062499996 0.86564553125 0.48597884062499996 0.8353980921874999 0.481250915625 0.8353980921874999 0.481250915625 0.86564553125
0 0.47726331718750004 0.866041775 0.48070180625000003 0.866041775 0.48070180625000003 0.84236796875 0.47726331718750004 0.84236796875 0.47726331718750004 0.866041775
0 0.47313712812500003 0.8690119203125001 0.4764282546875 0.8690119203125001 0.4764282546875 0.8430668265625 0.47313712812500003 0.8430668265625 0.47313712812500003 0.8690119203125001
0 0.6070297609375 0.7257440234375 0.6131459375 0.7257440234375 0.6131459375 0.7059094984375001 0.6070297609375 0.7059094984375001 0.6070297609375 0.7257440234375
0 0.6145850375 0.7095351640625001 0.6172233874999999 0.7095351640625001 0.6172233874999999 0.68756789375 0.6145850375 0.68756789375 0.6145850375 0.7095351640625001
0 0.6172233874999999 0.7095351640625001 0.6216606125 0.7095351640625001 0.6216606125 0.6858616984375 0.6172233874999999 0.6858616984375 0.6172233874999999 0.7095351640625001
0 0.636531315625 0.6997245390625 0.6402489906250001 0.6997245390625 0.6402489906250001 0.6805298375 0.636531315625 0.6805298375 0.636531315625 0.6997245390625
0 0.6466050156250001 0.701217459375 0.6508023921875 0.701217459375 0.6508023921875 0.6862882484374999 0.6466050156250001 0.6862882484374999 0.6466050156250001 0.701217459375
0 0.6717892703125 0.7498440390625 0.6762264953124999 0.7498440390625 0.6762264953124999 0.7236112796875 0.6717892703125 0.7236112796875 0.6717892703125 0.7498440390625
0 0.6717892703125 0.7681856437500001 0.6749073203125 0.7681856437500001 0.6749073203125 0.7498440390625 0.6717892703125 0.7498440390625 0.6717892703125 0.7681856437500001
0 0.6662727187499999 0.769038740625 0.66963061875 0.769038740625 0.66963061875 0.7481378421875 0.6662727187499999 0.7481378421875 0.6662727187499999 0.769038740625
0 0.6596768421875 0.7707449359374999 0.66423399375 0.7707449359374999 0.66423399375 0.746858196875 0.6596768421875 0.746858196875 0.6596768421875 0.7707449359374999
0 0.6544001421875001 0.766905996875 0.6587174421875 0.766905996875 0.6587174421875 0.7410997859374999 0.6544001421875001 0.7410997859374999 0.6544001421875001 0.766905996875
0 0.6779054453125 0.7351281000000001 0.6830622203125 0.7351281000000001 0.6830622203125 0.7108148109375 0.6779054453125 0.7108148109375 0.6779054453125 0.7351281000000001
0 0.694575021875 0.7046298515625 0.6979329218749999 0.7046298515625 0.6979329218749999 0.68756789375 0.694575021875 0.68756789375 0.694575021875 0.7046298515625
0 0.7077667734374999 0.7758635234375 0.7110047484375001 0.7758635234375 0.7110047484375001 0.751550234375 0.7077667734374999 0.751550234375 0.7077667734374999 0.7758635234375
0 0.7118442234375 0.769038740625 0.7153220499999999 0.769038740625 0.7153220499999999 0.74237943125 0.7118442234375 0.74237943125 0.7118442234375 0.769038740625
0 0.64515528125 0.8216061625 0.6532127421875 0.8216061625 0.6532127421875 0.790281475 0.64515528125 0.790281475 0.64515528125 0.8216061625
0 0.667079071875 0.8419338843750002 0.6753239171875001 0.8419338843750002 0.6753239171875001 0.8172740234375 0.667079071875 0.8172740234375 0.667079071875 0.8419338843750002
0 0.6620197359375 0.8402676781250001 0.6657673921875 0.8402676781250001 0.6657673921875 0.8182737484375 0.6620197359375 0.8182737484375 0.6620197359375 0.8402676781250001
0 0.6687818328125 0.6862135281249999 0.67160630625 0.6862135281249999 0.67160630625 0.6726731578124999 0.6687818328125 0.6726731578124999 0.6687818328125 0.6862135281249999
0 0.67209751875 0.6870871000000001 0.676027221875 0.6870871000000001 0.676027221875 0.6680869046875 0.67209751875 0.6680869046875 0.67209751875 0.6870871000000001
0 0.6792815078125 0.6934204984375001 0.68161476875 0.6934204984375001 0.68161476875 0.6758398578125 0.6792815078125 0.6758398578125 0.6792815078125 0.6934204984375001
0 0.6775622625000001 0.6845755796875 0.6792815078125 0.6845755796875 0.6792815078125 0.67234556875 0.6775622625000001 0.67234556875 0.6775622625000001 0.6845755796875
0 0.6872023140625 0.6964780015625001 0.6913776234375 0.6964780015625001 0.6913776234375 0.6837020078125 0.6872023140625 0.6837020078125 0.6872023140625 0.6964780015625001
0 0.677685065625 0.70379416875 0.68259719375 0.70379416875 0.68259719375 0.6935296953125001 0.677685065625 0.6935296953125001 0.677685065625 0.70379416875
0 0.7028597249999999 0.6758398578125 0.7058070015625 0.6758398578125 0.7058070015625 0.6588052 0.7028597249999999 0.6588052 0.7028597249999999 0.6758398578125
0 0.7220059140625 0.704039440625 0.72553650625 0.704039440625 0.72553650625 0.683565090625 0.7220059140625 0.683565090625 0.7220059140625 0.704039440625
0 0.7433429734375 0.6675951 0.7461827968750001 0.6675951 0.7461827968750001 0.6514886125 0.7433429734375 0.6514886125 0.7433429734375 0.6675951
0 0.7463994749999999 0.6370536765624999 0.7488555390625 0.6370536765624999 0.7488555390625 0.62531505 0.7463994749999999 0.62531505 0.7463994749999999 0.6370536765624999
0 0.7391847859375 0.6377361546875 0.7411035859374999 0.6377361546875 0.7411035859374999 0.6240865890625 0.7391847859375 0.6240865890625 0.7391847859375 0.6377361546875
0 0.75952406875 0.62981940625 0.76190338125 0.62981940625 0.76190338125 0.6186267625 0.75952406875 0.6186267625 0.75952406875 0.62981940625
0 0.770883365625 0.593102075 0.7732626781249999 0.593102075 0.7732626781249999 0.5851853265625 0.770883365625 0.5851853265625 0.770883365625 0.593102075
0 0.7322847765625 0.6648740984374999 0.7354162578125 0.6648740984374999 0.7354162578125 0.6539544453125 0.7322847765625 0.6539544453125 0.7322847765625 0.6648740984374999
0 0.7246709765625 0.6560291781250001 0.7278024578125001 0.6560291781250001 0.7278024578125001 0.6441267578125001 0.7246709765625 0.6441267578125001 0.7246709765625 0.6560291781250001
0 0.719758846875 0.6654200796875 0.722706125 0.6654200796875 0.722706125 0.6471842609375 0.719758846875 0.6471842609375 0.719758846875 0.6654200796875
0 0.7341882249999999 0.6567935546875 0.7369512984375 0.6567935546875 0.7369512984375 0.6410692546875 0.7341882249999999 0.6410692546875 0.7341882249999999 0.6567935546875
0 0.711989625 0.6871292890625 0.7153667140625 0.6871292890625 0.7153667140625 0.6684566828125 0.711989625 0.6684566828125 0.711989625 0.6871292890625
0 0.708244128125 0.6948822421875 0.7127264453125 0.6948822421875 0.7127264453125 0.6733705265625 0.708244128125 0.6733705265625 0.708244128125 0.6948822421875
0 0.7164781078125 0.70099871875 0.7200758578124999 0.70099871875 0.7200758578124999 0.6828703890625001 0.7164781078125 0.6828703890625001 0.7164781078125 0.70099871875
0 0.7318865390625 0.7020920328125 0.7347110125 0.7020920328125 0.7347110125 0.6854941609375 0.7318865390625 0.6854941609375 0.7318865390625 0.7020920328125
0 0.7374740859375001 0.679051565625 0.7393775359375001 0.679051565625 0.7393775359375001 0.6645284281249999 0.7374740859375001 0.6645284281249999 0.7374740859375001 0.679051565625
0 0.7406055671875 0.6827642484374999 0.7433686390625001 0.6827642484374999 0.7433686390625001 0.6698790578125 0.7406055671875 0.6698790578125 0.7406055671875 0.6827642484374999
0 0.7278954343749999 0.6766492421875 0.731333925 0.6766492421875 0.731333925 0.661798515625 0.7278954343749999 0.661798515625 0.7278954343749999 0.6766492421875
0 0.7321321453125 0.6830918374999999 0.73446540625 0.6830918374999999 0.73446540625 0.6666031625000001 0.7321321453125 0.6666031625000001 0.7321321453125 0.6830918374999999
0 0.735263628125 0.681999871875 0.736675865625 0.681999871875 0.736675865625 0.6663847687500001 0.735263628125 0.6663847687500001 0.735263628125 0.681999871875
0 0.7175185640625 0.682218265625 0.727404221875 0.682218265625 0.727404221875 0.6679135203125 0.7175185640625 0.6679135203125 0.7175185640625 0.682218265625
0 0.7412495390625 0.6198525500000001 0.7434753468749999 0.6198525500000001 0.7434753468749999 0.611526315625 0.7412495390625 0.611526315625 0.7412495390625 0.6198525500000001
0 0.751994715625 0.621148496875 0.754303415625 0.621148496875 0.754303415625 0.6131116328124999 0.751994715625 0.6131116328124999 0.751994715625 0.621148496875
0 0.765256371875 0.585273384375 0.7667914125 0.585273384375 0.7667914125 0.575036209375 0.765256371875 0.575036209375 0.765256371875 0.585273384375
0 0.7743898609375 0.5769471484375 0.7756946453125 0.5769471484375 0.7756946453125 0.5688939046875 0.7743898609375 0.5688939046875 0.7743898609375 0.5769471484375
0 0.776462165625 0.583089453125 0.77776695 0.583089453125 0.77776695 0.5759916781250001 0.776462165625 0.5759916781250001 0.776462165625 0.583089453125
0 0.8221680687500001 0.852238365625 0.8278645062500001 0.852238365625 0.8278645062500001 0.8170480765625001 0.8221680687500001 0.8170480765625001 0.8221680687500001 0.852238365625
0 0.8112249109375 0.8554374828124999 0.8190200359375 0.8554374828124999 0.8190200359375 0.8210469734375 0.8112249109375 0.8210469734375 0.8112249109375 0.8554374828124999
0 0.8314622578125 0.8610359359374999 0.8404566328125 0.8610359359374999 0.8404566328125 0.8274452078125 0.8314622578125 0.8274452078125 0.8314622578125 0.8610359359374999
0 0.795484753125 0.8325104765625 0.8016309093749999 0.8325104765625 0.8016309093749999 0.8050513890625 0.795484753125 0.8050513890625 0.795484753125 0.8325104765625
0 0.8052286609374999 0.836775965625 0.8101755671875001 0.836775965625 0.8101755671875001 0.8074507265624999 0.8052286609374999 0.8074507265624999 0.8052286609374999 0.836775965625
0 0.7777958125 0.7874562453125 0.7825928140625 0.7874562453125 0.7825928140625 0.7687947296875001 0.7777958125 0.7687947296875001 0.7777958125 0.7874562453125
0 0.8299631937499999 0.8242460906249999 0.8361093515625001 0.8242460906249999 0.8361093515625001 0.795987225 0.8299631937499999 0.795987225 0.8299631937499999 0.8242460906249999
0 0.799832034375 0.799452934375 0.8058282859375 0.799452934375 0.8058282859375 0.772793625 0.799832034375 0.772793625 0.799832034375 0.799452934375
0 0.8139232234375001 0.8026520515625 0.8199194750000001 0.8026520515625 0.8199194750000001 0.779458453125 0.8139232234375001 0.779458453125 0.8139232234375001 0.8026520515625
0 0.8097258484375001 0.8026520515625 0.8139232234375001 0.8026520515625 0.8139232234375001 0.7818577906249999 0.8097258484375001 0.7818577906249999 0.8097258484375001 0.8026520515625
0 0.78004440625 0.7429352 0.7870900015625 0.7429352 0.7870900015625 0.7312051046875 0.78004440625 0.7312051046875 0.78004440625 0.7429352
0 0.7953348453125 0.7559982609375 0.8020806281249999 0.7559982609375 0.8020806281249999 0.736803559375 0.7953348453125 0.736803559375 0.7953348453125 0.7559982609375
0 0.7827427203124999 0.811982809375 0.7870900015625 0.811982809375 0.7870900015625 0.7906553625 0.7827427203124999 0.7906553625 0.7827427203124999 0.811982809375
0 0.82126863125 0.757064634375 0.8250162875000001 0.757064634375 0.8250162875000001 0.737070153125 0.82126863125 0.737070153125 0.82126863125 0.757064634375
0 0.8286140374999998 0.7735934046875 0.8328114140625 0.7735934046875 0.8328114140625 0.751732771875 0.8286140374999998 0.751732771875 0.8286140374999998 0.7735934046875
0 0.8338607578125 0.7549318890625 0.8395571953125 0.7549318890625 0.8395571953125 0.7309385109375001 0.8338607578125 0.7309385109375001 0.8338607578125 0.7549318890625
0 0.827114975 0.8047847953125 0.8319119765625 0.8047847953125 0.8319119765625 0.7781254875 0.827114975 0.7781254875 0.827114975 0.8047847953125
0 0.8226177875000001 0.8002527125000001 0.827114975 0.8002527125000001 0.827114975 0.7751929640624999 0.8226177875000001 0.7751929640624999 0.8226177875000001 0.8002527125000001
0 0.8170712546875001 0.7810580109374999 0.8226177875000001 0.7810580109374999 0.8226177875000001 0.7647958328125 0.8170712546875001 0.7647958328125 0.8170712546875001 0.7810580109374999
0 0.8088264109375001 0.7613301234375001 0.8137733171875 0.7613301234375001 0.8137733171875 0.7394694890625 0.8088264109375001 0.7394694890625 0.8088264109375001 0.7613301234375001
0 0.8166215359375 0.7551984828125 0.8199194750000001 0.7551984828125 0.8199194750000001 0.7384031171875 0.8166215359375 0.7384031171875 0.8166215359375 0.7551984828125
0 0.9676817921875 0.6917989390624999 0.9712795421875 0.6917989390624999 0.9712795421875 0.6760699484374999 0.9676817921875 0.6760699484374999 0.9676817921875 0.6917989390624999
0 0.9311046624999999 0.7104604562500001 0.9350022250000001 0.7104604562500001 0.9350022250000001 0.698996953125 0.9311046624999999 0.698996953125 0.9311046624999999 0.7104604562500001
0 0.908318909375 0.698996953125 0.9135656296875 0.698996953125 0.9135656296875 0.6870002640624999 0.908318909375 0.6870002640624999 0.908318909375 0.698996953125
0 0.9318541937500001 0.6976639875 0.9359016640625001 0.6976639875 0.9359016640625001 0.6830013671875 0.9318541937500001 0.6830013671875 0.9318541937500001 0.6976639875
0 0.9261577562500001 0.6957978359375 0.9287061624999999 0.6957978359375 0.9287061624999999 0.6814018093750001 0.9261577562500001 0.6814018093750001 0.9261577562500001 0.6957978359375
0 0.9391996015625 0.6835345546875 0.9429472578125001 0.6835345546875 0.9429472578125001 0.6635400718750001 0.9391996015625 0.6635400718750001 0.9391996015625 0.6835345546875
0 0.9624350734375 0.67047149375 0.9684313234375 0.67047149375 0.9684313234375 0.6534095359375 0.9624350734375 0.6534095359375 0.9624350734375 0.67047149375
0 0.9559891031250001 0.6702049000000001 0.9598866656249999 0.6702049000000001 0.9598866656249999 0.653942721875 0.9559891031250001 0.653942721875 0.9559891031250001 0.6702049000000001
0 0.9729285109374999 0.6768697265625001 0.97637635625 0.6768697265625001 0.97637635625 0.6542093140625 0.9729285109374999 0.6542093140625 0.9729285109374999 0.6768697265625001
0 0.97637635625 0.6723376437499999 0.98102345 0.6723376437499999 0.98102345 0.6542093140625 0.97637635625 0.6542093140625 0.97637635625 0.6723376437499999
0 0.9874694187500002 0.671537865625 0.9906174515625 0.671537865625 0.9906174515625 0.6568752453125001 0.9874694187500002 0.6568752453125001 0.9874694187500002 0.671537865625
0 1 0.6635400718750001 0.9994619203124999 0.6635400718750001 0.9994619203124999 0.6750035750000001 1 0.6750035750000001 1 0.6635400718750001
0 0.9936794500000001 0.615154925 0.9960779500000001 0.615154925 0.9960779500000001 0.607423725 0.9936794500000001 0.607423725 0.9936794500000001 0.615154925
0 0.99292991875 0.6738054046874999 0.99502860625 0.6738054046874999 0.99502860625 0.6588761906249999 0.99292991875 0.6588761906249999 0.99292991875 0.6738054046874999
0 1 0.6586095984375 0.995478325 0.6586095984375 0.995478325 0.6780708921875 1 0.6780708921875 1 0.6586095984375
0 0.986418465625 0.6568752453125001 0.9886970406250001 0.6568752453125001 0.9886970406250001 0.6480175734375 0.986418465625 0.6480175734375 0.986418465625 0.6568752453125001
0 0.9849525015625 0.582547303125 0.987261203125 0.582547303125 0.987261203125 0.5763449390625001 0.9849525015625 0.5763449390625001 0.9849525015625 0.582547303125
0 0.9820543453125001 0.5740736515625 0.983773590625 0.5740736515625 0.983773590625 0.5692690046875 0.9820543453125001 0.5692690046875 0.9820543453125001 0.5740736515625
0 0.9889313265624999 0.5793150859375 0.991043540625 0.5793150859375 0.991043540625 0.5743357234375 0.9889313265624999 0.5743357234375 0.9889313265624999 0.5793150859375
0 0.994580275 0.582634659375 0.9967416109375 0.582634659375 0.9967416109375 0.5762575828125 0.994580275 0.5762575828125 0.994580275 0.582634659375
0 0.9891128421875 0.6258258109374999 0.9909357015625 0.6258258109374999 0.9909357015625 0.6149061578125 0.9891128421875 0.6149061578125 0.9891128421875 0.6258258109374999
0 0.984315840625 0.625655190625 0.9870021609374999 0.625655190625 0.9870021609374999 0.6174654515625 0.984315840625 0.6174654515625 0.984315840625 0.625655190625
0 0.98968848125 0.6553429968750001 0.994581421875 0.6553429968750001 0.994581421875 0.6445939640624999 0.98968848125 0.6445939640624999 0.98968848125 0.6553429968750001
0 0.9796147812499999 0.652783703125 0.9823011015625 0.652783703125 0.9823011015625 0.64169343125 0.9796147812499999 0.64169343125 0.9796147812499999 0.652783703125
0 0.84428299375 0.6782122796875 0.8474010437499999 0.6782122796875 0.8474010437499999 0.6622166953124999 0.84428299375 0.6622166953124999 0.84428299375 0.6782122796875
0 0.8591536968749999 0.674160065625 0.862391671875 0.674160065625 0.862391671875 0.661576871875 0.8591536968749999 0.661576871875 0.8591536968749999 0.674160065625
0 0.8737845468749998 0.6628565171874999 0.8751037234375 0.6628565171874999 0.8751037234375 0.6504865984375 0.8737845468749998 0.6504865984375 0.8737845468749998 0.6628565171874999
0 0.869946946875 0.6511264234375 0.8724653734375 0.6511264234375 0.8724653734375 0.6406759734375 0.869946946875 0.6406759734375 0.869946946875 0.6511264234375
0 0.865989421875 0.6639228906250001 0.868028146875 0.6639228906250001 0.868028146875 0.6547520890625 0.865989421875 0.6547520890625 0.865989421875 0.6639228906250001
0 0.8607127218749999 0.6353441125 0.8640706218750001 0.6353441125 0.8640706218750001 0.623827290625 0.8607127218749999 0.623827290625 0.8607127218749999 0.6353441125
0 0.8777420734374999 0.6351308375 0.8812198984374999 0.6351308375 0.8812198984374999 0.6255334859375 0.8777420734374999 0.6255334859375 0.8777420734374999 0.6351308375
0 0.8941718 0.6509131484375 0.8972898515625001 0.6509131484375 0.8972898515625001 0.635983934375 0.8941718 0.635983934375 0.8941718 0.6509131484375
0 0.908802653125 0.6443016390625 0.9101218265625001 0.6443016390625 0.9101218265625001 0.6317184453125 0.908802653125 0.6317184453125 0.908802653125 0.6443016390625
0 0.9113210781250001 0.6481405796875 0.9163579281249999 0.6481405796875 0.9163579281249999 0.6361972093749999 0.9113210781250001 0.6361972093749999 0.9113210781250001 0.6481405796875
0 0.914918828125 0.6368370328124999 0.917437253125 0.6368370328124999 0.917437253125 0.623827290625 0.914918828125 0.623827290625 0.914918828125 0.6368370328124999
0 0.8945315749999999 0.6954875125 0.8980094015625 0.6954875125 0.8980094015625 0.67778573125 0.8945315749999999 0.67778573125 0.8945315749999999 0.6954875125
0 0.8795409484375 0.7046583140625 0.8851774234375 0.7046583140625 0.8851774234375 0.68247776875 0.8795409484375 0.68247776875 0.8795409484375 0.7046583140625
0 0.8875759249999999 0.6954875125 0.89105375 0.6954875125 0.89105375 0.68226449375 0.8875759249999999 0.68226449375 0.8875759249999999 0.6954875125
0 0.8896146500000001 0.6803450234375 0.893332325 0.6803450234375 0.893332325 0.666268909375 0.8896146500000001 0.666268909375 0.8896146500000001 0.6803450234375
0 0.887815775 0.6639228906250001 0.8921330749999999 0.6639228906250001 0.8921330749999999 0.6487804031250001 0.887815775 0.6487804031250001 0.887815775 0.6639228906250001
0 0.918876353125 0.6886627296875 0.921994403125 0.6886627296875 0.921994403125 0.676292809375 0.918876353125 0.676292809375 0.918876353125 0.6886627296875
0 0.9344666046875 0.6747998875000001 0.9367451812500001 0.6747998875000001 0.9367451812500001 0.6602972250000001 0.9344666046875 0.6602972250000001 0.9344666046875 0.6747998875000001
0 0.9492173828125001 0.6596574015625001 0.9520955828125001 0.6596574015625001 0.9520955828125001 0.6451547375000001 0.9492173828125001 0.6451547375000001 0.9492173828125001 0.6596574015625001
0 0.9440606062499999 0.6255334859375 0.9486177578125 0.6255334859375 0.9486177578125 0.6093246265625 0.9440606062499999 0.6093246265625 0.9440606062499999 0.6255334859375
0 0.9411824062499999 0.624040565625 0.9440606062499999 0.624040565625 0.9440606062499999 0.61252374375 0.9411824062499999 0.61252374375 0.9411824062499999 0.624040565625
0 0.9397433062499999 0.6588043031249999 0.94274143125 0.6588043031249999 0.94274143125 0.6408892484375001 0.9397433062499999 0.6408892484375001 0.9397433062499999 0.6588043031249999
0 0.94478015625 0.599087453125 0.9471786578125 0.599087453125 0.9471786578125 0.590129925 0.94478015625 0.590129925 0.94478015625 0.599087453125
0 0.9523354328125 0.566243184375 0.9538944578125002 0.566243184375 0.9538944578125002 0.5602714984375 0.9523354328125 0.5602714984375 0.9523354328125 0.566243184375
0 0.8965703000000002 0.5993007265625 0.8990887265625 0.5993007265625 0.8990887265625 0.5899166499999999 0.8965703000000002 0.5899166499999999 0.8965703000000002 0.5993007265625
0 0.8842180234375 0.63001225 0.886616525 0.63001225 0.886616525 0.6208414484375 0.8842180234375 0.6208414484375 0.8842180234375 0.63001225
0 0.8533972953125 0.63001225 0.8565153453125 0.63001225 0.8565153453125 0.6199883500000001 0.8533972953125 0.6199883500000001 0.8533972953125 0.63001225
0 0.8514784953125 0.669041478125 0.8535172203125001 0.669041478125 0.8535172203125001 0.6588043031249999 0.8514784953125 0.6588043031249999 0.8514784953125 0.669041478125
0 0.8435634437499999 0.6585910281249999 0.84620179375 0.6585910281249999 0.84620179375 0.6481405796875 0.8435634437499999 0.6481405796875 0.8435634437499999 0.6585910281249999
0 0.8339694421875 0.6679751046875 0.8386465187500001 0.6679751046875 0.8386465187500001 0.64750075625 0.8339694421875 0.64750075625 0.8339694421875 0.6679751046875
0 0.8381668187500001 0.6504865984375 0.8423641937500002 0.6504865984375 0.8423641937500002 0.6355573859375 0.8381668187500001 0.6355573859375 0.8381668187500001 0.6504865984375
0 0.8403254687499999 0.6227609187500001 0.84368336875 0.6227609187500001 0.84368336875 0.61252374375 0.8403254687499999 0.61252374375 0.8403254687499999 0.6227609187500001
0 0.8343292171875 0.621481271875 0.83732734375 0.621481271875 0.83732734375 0.6108175484375 0.8343292171875 0.6108175484375 0.8343292171875 0.621481271875
0 0.8309713171875 0.6234007421875 0.8343292171875 0.6234007421875 0.8343292171875 0.6129502921875 0.8309713171875 0.6129502921875 0.8309713171875 0.6234007421875
0 0.8250949921874999 0.60761843125 0.8276134171875 0.60761843125 0.8276134171875 0.6018600203125001 0.8250949921874999 0.6018600203125001 0.8250949921874999 0.60761843125
0 0.84080516875 0.5890635515625 0.84344351875 0.5890635515625 0.84344351875 0.5820254953124999 0.84080516875 0.5820254953124999 0.84080516875 0.5890635515625
0 0.8508788703124999 0.5869308078125 0.8541168453125 0.5869308078125 0.8541168453125 0.578399828125 0.8508788703124999 0.578399828125 0.8508788703124999 0.5869308078125
0 0.8635909218750001 0.5907697484375 0.8662292718749999 0.5907697484375 0.8662292718749999 0.5833051421875 0.8635909218750001 0.5833051421875 0.8635909218750001 0.5907697484375
0 0.8685078468749999 0.6172157828125 0.870306721875 0.6172157828125 0.870306721875 0.611457371875 0.8685078468749999 0.611457371875 0.8685078468749999 0.6172157828125
0 0.870786421875 0.6191352515625 0.8730649984374999 0.6191352515625 0.8730649984374999 0.6108175484375 0.870786421875 0.6108175484375 0.870786421875 0.6191352515625
0 0.8784616234375001 0.588637003125 0.8806202734374999 0.588637003125 0.8806202734374999 0.5826653187499999 0.8784616234375001 0.5826653187499999 0.8784616234375001 0.588637003125
0 0.8824191484374999 0.6046325890625 0.885896975 0.6046325890625 0.885896975 0.5935423171875 0.8824191484374999 0.5935423171875 0.8824191484374999 0.6046325890625
0 0.8832586234375001 0.61764233125 0.886136825 0.61764233125 0.886136825 0.6106042734375 0.8832586234375001 0.6106042734375 0.8832586234375001 0.61764233125
0 0.8908139 0.5828785937500001 0.89345225 0.5828785937500001 0.89345225 0.5764803578125 0.8908139 0.5764803578125 0.8908139 0.5828785937500001
0 0.8747439484375 0.6031396671875 0.8770225234375001 0.6031396671875 0.8770225234375001 0.5950352375 0.8747439484375 0.5950352375 0.8747439484375 0.6031396671875
0 0.8772623734374999 0.6052724109375001 0.8789413234375001 0.6052724109375001 0.8789413234375001 0.5943954140625 0.8772623734374999 0.5943954140625 0.8772623734374999 0.6052724109375001
0 0.8729450734374999 0.5894901015625 0.8751037234375 0.5894901015625 0.8751037234375 0.5850113375 0.8729450734374999 0.5850113375 0.8729450734374999 0.5894901015625
0 0.9102417531250001 0.590983021875 0.9124004031249999 0.590983021875 0.9124004031249999 0.583731690625 0.9102417531250001 0.583731690625 0.9102417531250001 0.590983021875
0 0.9167177031249999 0.5841582390625 0.918876353125 0.5841582390625 0.918876353125 0.5794662015625 0.9167177031249999 0.5794662015625 0.9167177031249999 0.5841582390625
0 0.9287102046874999 0.6012201968750001 0.9301493046874999 0.6012201968750001 0.9301493046874999 0.59226266875 0.9287102046874999 0.59226266875 0.9287102046874999 0.6012201968750001
0 0.9183966531250001 0.6229741921875 0.920315453125 0.6229741921875 0.920315453125 0.6140166640625 0.9183966531250001 0.6140166640625 0.9183966531250001 0.6229741921875
0 0.9278707296875 0.638969778125 0.9303891546875 0.638969778125 0.9303891546875 0.6289458781249999 0.9278707296875 0.6289458781249999 0.9278707296875 0.638969778125
0 0.9294297546875001 0.6257467609375 0.9325478046875 0.6257467609375 0.9325478046875 0.6146564890625 0.9294297546875001 0.6146564890625 0.9294297546875001 0.6257467609375
0 0.9339869046875 0.6170025078125001 0.9365053296875001 0.6170025078125001 0.9365053296875001 0.6046325890625 0.9339869046875 0.6046325890625 0.9339869046875 0.6170025078125001
0 0.8290525171875001 0.63769013125 0.8316908671875 0.63769013125 0.8316908671875 0.6302255234375 0.8290525171875001 0.6302255234375 0.8290525171875001 0.63769013125
0 0.8199382156249999 0.5830918671875 0.8223367171875001 0.5830918671875 0.8223367171875001 0.5769069078125 0.8199382156249999 0.5769069078125 0.8199382156249999 0.5830918671875
0 0.8330100421874999 0.6398228749999999 0.83516869375 0.6398228749999999 0.83516869375 0.62766623125 0.8330100421874999 0.62766623125 0.8330100421874999 0.6398228749999999
0 0.8738201515625 0.5698022015624999 0.9333142015625 0.5698022015624999 0.9333142015625 0.5568891 0.8738201515625 0.5568891 0.8738201515625 0.5698022015624999
0 0.7865772875 0.7309385109375001 0.8338607578125 0.7309385109375001 0.8338607578125 0.5165714953125 0.7865772875 0.5165714953125 0.7865772875 0.7309385109375001
0 0.9203718796875 0.6298994140625 0.9220911234375 0.6298994140625 0.9220911234375 0.6171234203125 0.9203718796875 0.6171234203125 0.9203718796875 0.6298994140625
0 0.9263144656249999 0.5870400609375 0.928721409375 0.5870400609375 0.928721409375 0.579614696875 0.9263144656249999 0.579614696875 0.9263144656249999 0.5870400609375
0 0.9262653453125 0.6005804296875 0.928181075 0.6005804296875 0.928181075 0.590272278125 0.9262653453125 0.590272278125 0.9262653453125 0.6005804296875
0 0.9356966312499999 0.5827595578125 0.9376614828125 0.5827595578125 0.9376614828125 0.573412334375 0.9356966312499999 0.573412334375 0.9356966312499999 0.5827595578125
0 0.9414929437499999 0.5827595578125 0.944341978125 0.5827595578125 0.944341978125 0.5732376203125 0.9414929437499999 0.5732376203125 0.9414929437499999 0.5827595578125
0 0.94561913125 0.5861664890625 0.9475839828125 0.5861664890625 0.9475839828125 0.573936478125 0.94561913125 0.573936478125 0.94561913125 0.5861664890625
0 0.9377106046874999 0.5968240703125 0.9400684265624999 0.5968240703125 0.9400684265624999 0.58651591875 0.9377106046874999 0.58651591875 0.9377106046874999 0.5968240703125
0 0.9480751953125001 0.5743732640625 0.950875109375 0.5743732640625 0.950875109375 0.55960989375 0.9480751953125001 0.55960989375 0.9480751953125001 0.5743732640625
0 0.7549041578125 0.6061436718750001 0.7572988203125 0.6061436718750001 0.7572988203125 0.593913659375 0.7549041578125 0.593913659375 0.7549041578125 0.6061436718750001
0 0.758342646875 0.6072356375 0.7601232953125 0.6072356375 0.7601232953125 0.5943504468749999 0.758342646875 0.5943504468749999 0.758342646875 0.6072356375
0 0.7605531062499999 0.5986091109375 0.763193375 0.5986091109375 0.763193375 0.5902009781249999 0.7605531062499999 0.5902009781249999 0.7605531062499999 0.5986091109375
0 0.8740999140625 0.7075515078125 0.8779375140625 0.7075515078125 0.8779375140625 0.6901483109375001 0.8740999140625 0.6901483109375001 0.8740999140625 0.7075515078125
0 0.7782558421875 0.728708334375 0.7826690828125 0.728708334375 0.7826690828125 0.7084046046875001 0.7782558421875 0.7084046046875001 0.7782558421875 0.728708334375
0 0.7618501 0.6449341234375 0.76539988125 0.6449341234375 0.76539988125 0.634014471875 0.7618501 0.634014471875 0.7618501 0.6449341234375
0 0.8598048531250001 0.6945844203125 0.8632586921875 0.6945844203125 0.8632586921875 0.6805936140625001 0.8598048531250001 0.6805936140625001 0.8598048531250001 0.6945844203125
0 0.847499634375 0.522069153125 0.8836037812499999 0.522069153125 0.8836037812499999 0.5121322703125 0.847499634375 0.5121322703125 0.847499634375 0.522069153125
0 0.8554204421874999 0.538994615625 0.8875334828125 0.538994615625 0.8875334828125 0.5306956796875 0.8554204421874999 0.5306956796875 0.8554204421874999 0.538994615625
0 0.72595153125 0.5564127953125 0.7278703312499999 0.5564127953125 0.7278703312499999 0.54992925 0.72595153125 0.54992925 0.72595153125 0.5564127953125
0 0.960267065625 0.6454050453125 0.9641046671875 0.6454050453125 0.9641046671875 0.6330351265624999 0.960267065625 0.6330351265624999 0.960267065625 0.6454050453125
0 0.9638648171875002 0.6281298140625 0.9672227171875001 0.6281298140625 0.9672227171875001 0.6157598953125 0.9638648171875002 0.6157598953125 0.9638648171875002 0.6281298140625
0 0.9715400171875 0.6082952890625 0.9740584421874999 0.6082952890625 0.9740584421874999 0.595072271875 0.9715400171875 0.595072271875 0.9715400171875 0.6082952890625
0 0.9689016671874999 0.627063440625 0.9716599421875 0.627063440625 0.9716599421875 0.6132006015625 0.9689016671874999 0.6132006015625 0.9689016671874999 0.627063440625
0 0.9714200921875001 0.6319687546875 0.9752576937499999 0.6319687546875 0.9752576937499999 0.6195988359375 0.9714200921875001 0.6195988359375 0.9714200921875001 0.6319687546875
0 0.9677024171875 0.6594811609375 0.9714200921875001 0.6594811609375 0.9714200921875001 0.6409262828125 0.9677024171875 0.6409262828125 0.9677024171875 0.6594811609375
0 0.9703407671875001 0.6454050453125 0.9742982921875001 0.6454050453125 0.9742982921875001 0.633888225 0.9703407671875001 0.633888225 0.9703407671875001 0.6454050453125
0 0.97609716875 0.6542093140625 0.9787355187500001 0.6542093140625 0.9787355187500001 0.64113955625 0.97609716875 0.64113955625 0.97609716875 0.6542093140625
0 0.9626655671875 0.577157215625 0.9651839921875001 0.577157215625 0.9651839921875001 0.5684129625 0.9626655671875 0.5684129625 0.9626655671875 0.577157215625
0 0.9293264125 0.6170395421875 0.9325478046875 0.6170395421875 0.9325478046875 0.6053094453125001 0.9293264125 0.6053094453125001 0.9293264125 0.6170395421875
0 0.8699091890624999 0.689357925 0.8728073453124999 0.689357925 0.8728073453124999 0.672760053125 0.8699091890624999 0.672760053125 0.8699091890624999 0.689357925
0 0.83523840625 0.567400221875 0.8705566109374999 0.567400221875 0.8705566109374999 0.5603242875000001 0.83523840625 0.5603242875000001 0.83523840625 0.567400221875
0 0.6785307890625 0.5498620125 0.6847937546875 0.5498620125 0.6847937546875 0.541344684375 0.6785307890625 0.541344684375 0.6785307890625 0.5498620125
0 0.8994918859375 0.5936635812500001 0.9017637453125001 0.5936635812500001 0.9017637453125001 0.5851462515625 0.8994918859375 0.5851462515625 0.8994918859375 0.5936635812500001
0 0.9317891312499998 0.5863474140625 0.9339995890624999 0.5863474140625 0.9339995890624999 0.57914044375 0.9317891312499998 0.57914044375 0.9317891312499998 0.5863474140625
0 0.9292102640625 0.5863474140625 0.93129791875 0.5863474140625 0.93129791875 0.57892205 0.9292102640625 0.57892205 0.9292102640625 0.5863474140625
0 0.9282892390625002 0.5372089765625 0.9353504234375001 0.5372089765625 0.9353504234375001 0.5309847750000001 0.9282892390625002 0.5309847750000001 0.9282892390625002 0.5372089765625
0 0.7689491312500001 0.58119414375 0.7714051953125 0.58119414375 0.7714051953125 0.5735940656249999 0.7689491312500001 0.5735940656249999 0.7689491312500001 0.58119414375
0 0.7716999234374999 0.5783987125 0.7734682890625 0.5783987125 0.7734682890625 0.569575634375 0.7716999234374999 0.569575634375 0.7716999234374999 0.5783987125
0 0.745763884375 0.546600684375 0.780885603125 0.546600684375 0.780885603125 0.540922465625 0.745763884375 0.540922465625 0.745763884375 0.546600684375
0 0.7876106859374999 0.81280379375 0.7922877625 0.81280379375 0.7922877625 0.7859312109375 0.7876106859374999 0.7859312109375 0.7876106859374999 0.81280379375
0 0.7945663374999999 0.808751578125 0.7973246125 0.808751578125 0.7973246125 0.7865710328125 0.7945663374999999 0.7865710328125 0.7945663374999999 0.808751578125
0 0.7880903859374999 0.7859312109375 0.7922877625 0.7859312109375 0.7922877625 0.7716418218750001 0.7880903859374999 0.7716418218750001 0.7880903859374999 0.7859312109375
0 0.917249990625 0.682465628125 0.9201281921875001 0.682465628125 0.9201281921875001 0.6683895124999999 0.917249990625 0.6683895124999999 0.917249990625 0.682465628125
0 0.8918258874999999 0.649408084375 0.8941718 0.649408084375 0.8941718 0.63575851875 0.8918258874999999 0.63575851875 0.8918258874999999 0.649408084375
0 0.8469462953125 0.7358415078125 0.849862871875 0.7358415078125 0.849862871875 0.71823356875 0.8469462953125 0.71823356875 0.8469462953125 0.7358415078125
0 0.8444134796875 0.7171416031250001 0.8473300546874999 0.7171416031250001 0.8473300546874999 0.704584003125 0.8444134796875 0.704584003125 0.8444134796875 0.7171416031250001
0 0.6234166296874999 0.6993607296875 0.6262411046875 0.6993607296875 0.6262411046875 0.6880042921875 0.6234166296874999 0.6880042921875 0.6234166296874999 0.6993607296875
0 0.633854903125 0.6960848343749999 0.636531315625 0.6960848343749999 0.636531315625 0.6825444640624999 0.633854903125 0.6825444640624999 0.633854903125 0.6960848343749999
0 0.6261183015625 0.6976135859375 0.6285129640625 0.6976135859375 0.6285129640625 0.68516518125 0.6261183015625 0.68516518125 0.6261183015625 0.6976135859375
0 0.629065578125 0.6960848343749999 0.6318286515625 0.6960848343749999 0.6318286515625 0.6875675046875 0.629065578125 0.6875675046875 0.629065578125 0.6960848343749999
0 0.6901167546875 0.684392478125 0.6937026078125 0.684392478125 0.6937026078125 0.6747831828124999 0.6901167546875 0.6747831828124999 0.6901167546875 0.684392478125
0 0.990185240625 0.5753215203125001 0.9919505375 0.5753215203125001 0.9919505375 0.5682237453125 0.990185240625 0.5682237453125 0.990185240625 0.5753215203125001
0 0.9679271578125 0.6073980000000001 0.9703832218749999 0.6073980000000001 0.9703832218749999 0.5977068078125 0.9679271578125 0.5977068078125 0.9679271578125 0.6073980000000001
0 0.9585634125 0.5847397203125 0.9610962296875 0.5847397203125 0.9610962296875 0.576413484375 0.9585634125 0.576413484375 0.9585634125 0.5847397203125
