0 0.5518203125000001 0.0166965609375 0.55165096875 0.03125 0.5578125 0.03125 0.5578125 0.0168709171875 0.5518203125000001 0.0166965609375
0 0.5402730328125 0 0.5402730328125 0.0296875 0.55 0.0296875 0.55 0 0.5402730328125 0
0 0.583013028125 0.03735925 0.5953125 0.03743080625 0.5953125 0.0037855078124999996 0.5824256875 0.003710534375 0.583013028125 0.03735925
0 0.5768938703125001 0.4296875 0.578125 0.359156159375 0.578125 0.309375 0.5546713765625 0.309375 0.553125 0.39796681875 0.553125 0.4296875 0.5768938703125001 0.4296875
0 0.6085502203125001 0.4296875 0.6107505671875 0.3036296703125 0.57907789375 0.30289248125 0.578125 0.357483753125 0.578125 0.4296875 0.6085502203125001 0.4296875
0 0.5627915171875 0.2296875 0.5647279375 0.340625 0.5875 0.340625 0.5875 0.2296875 0.5627915171875 0.2296875
0 0.50625 0.240625 0.49839499218750005 0.240625 0.47746959999999994 0.2412338671875 0.4800499578125 0.3890625 0.50625 0.3890625 0.50625 0.240625
0 0.5171875 0.2390698328125 0.4939788421875 0.2387997765625 0.49375 0.25191014218749996 0.49375 0.3578125 0.515217290625 0.3578125 0.5171875 0.24493922031249998 0.5171875 0.2390698328125
0 0.5087772328125 0.2023087796875 0.50938194375 0.30625 0.528125 0.30625 0.528125 0.2020836484375 0.5087772328125 0.2023087796875
0 0.5221073359374999 0.1799697703125 0.5227783796875001 0.2953125 0.540625 0.2953125 0.540625 0.1799697703125 0.5221073359374999 0.1799697703125
0 0.4571035109375 0.21957582812499998 0.4571035109375 0.33125 0.4796875 0.33125 0.4796875 0.2202329546875 0.4571035109375 0.21957582812499998
0 0.4257276359375 0.183894921875 0.4250248859375 0.3046875 0.4453125 0.3046875 0.4453125 0.183894921875 0.4257276359375 0.183894921875
0 0.4546875 0.1746926703125 0.44057962812499996 0.174774746875 0.4390625 0.226915059375 0.4390625 0.2859375 0.45196637187500005 0.2859375 0.4546875 0.192418390625 0.4546875 0.1746926703125
0 0.478125 0.2154542796875 0.47756036875 0.166930021875 0.4553571734375 0.16680084687500002 0.45657982343750003 0.271875 0.478125 0.271875 0.478125 0.2154542796875
0 0.3535978703125 0.0671875 0.355871075 0.1453125 0.3640625 0.1453125 0.3640625 0.0671875 0.3535978703125 0.0671875
0 0.3375 0.052081390625 0.3375 0.128125 0.3528598203125 0.128125 0.353125 0.0825444390625 0.353125 0.05171771562500001 0.3375 0.052081390625
0 0.3211306921875 0.06694236718749999 0.3211306921875 0.14375 0.3359375 0.14375 0.3359375 0.067287 0.3211306921875 0.06694236718749999
0 0.337199778125 0.0953125 0.3363675015625 0.095322184375 0.3374946703125 0.14375 0.3421875 0.14375 0.3421875 0.10244953906250001 0.342021384375 0.0953125 0.337199778125 0.0953125
0 0.31956810625 0.028521275000000002 0.3208430453125 0.1015625 0.33125 0.1015625 0.33125 0.028317367187499998 0.31956810625 0.028521275000000002
0 0.23504106875000003 0.0275350125 0.23504106875000003 0.0953125 0.2484375 0.0953125 0.2484375 0.0273011765625 0.23504106875000003 0.0275350125
0 0.2609375 0.022592470312499998 0.2484375 0.0229561828125 0.2484375 0.0410810859375 0.2493841140625 0.0953125 0.2609375 0.0953125 0.2609375 0.022592470312499998
0 0.240625 0 0.240625 0.0328125 0.253125 0.0328125 0.253125 0 0.240625 0
0 0.2328125 0.065625 0.2328125 0.00170985 0.2197830796875 0.0014824203125 0.21875 0.045867740625 0.21875 0.065625 0.2328125 0.065625
0 0.2234375 0 0.2234375 0.0203125 0.2328125 0.0203125 0.2328125 0 0.2234375 0
0 0.172774665625 0 0.1729107453125 0.023390075 0.1828125 0.023390075 0.1828125 0 0.172774665625 0
0 0.1274740296875 0 0.127910440625 0.01875 0.1421875 0.01875 0.1421875 0 0.1274740296875 0
0 0.485759746875 0 0.4855415703125 0.01875 0.4921875 0.01875 0.4921875 0 0.485759746875 0
0 0.6290806718749999 0.033833678125 0.6307298125 0.1046875 0.6390625 0.1046875 0.6390625 0.03389175 0.6290806718749999 0.033833678125
0 0.6578125 0.0350980109375 0.65 0.035007103125 0.65 0.0579736671875 0.6504890203125 0.1 0.6578125 0.1 0.6578125 0.0350980109375
0 0.636977184375 0.029380023437500003 0.637369859375 0.096875 0.6453125 0.096875 0.6453125 0.02952551875 0.636977184375 0.029380023437500003
0 0.6042427796875 0.0399546578125 0.6042427796875 0.103125 0.6125 0.103125 0.6125 0.0398585765625 0.6042427796875 0.0399546578125
0 0.615036446875 0.029378607812500002 0.6169549265625001 0.0953125 0.621875 0.0953125 0.621875 0.0295377765625 0.615036446875 0.029378607812500002
0 0.63125 0.0340675046875 0.621875 0.0339038640625 0.621875 0.05535401250000001 0.6223035953125 0.0921875 0.63125 0.0921875 0.63125 0.0340675046875
0 0.579527503125 0.0453125 0.5791185390625 0.04532201875 0.5791185390625 0.1046875 0.5828278078125 0.1046875 0.59214958125 0.1044705328125 0.59214958125 0.0453125 0.579527503125 0.0453125
0 0.6015625 0.03233125625 0.5921875 0.032276715625 0.5921875 0.0859375 0.6015625 0.0859375 0.6015625 0.03233125625
0 0.5737251703124999 0.0246763453125 0.57358693125 0.0484375 0.578125 0.0484375 0.578125 0.0245483234375 0.5737251703124999 0.0246763453125
0 0.5765625 0.0293492734375 0.5764487640625 0.0228333453125 0.5658791390625 0.022710357812500002 0.566464575 0.05625 0.5765625 0.05625 0.5765625 0.0293492734375
0 0.5640625 0.082411415625 0.575 0.0822205 0.575 0.04259400625 0.5640625 0.042784921875 0.5640625 0.082411415625
0 0.551325346875 0.036888790625 0.5502200937499999 0.084375 0.55875688125 0.084375 0.559375 0.05781805156249999 0.559375 0.0366545703125 0.551325346875 0.036888790625
0 0.5375538515625 0.034558603125 0.5366570296875001 0.0859375 0.548234296875 0.0859375 0.5484375 0.0742960109375 0.5484375 0.0342419203125 0.5375538515625 0.034558603125
0 0.5243722359375 0 0.5248086125 0.025 0.5375 0.025 0.5375 0 0.5243722359375 0
0 0.49017630624999997 0.016441398437499997 0.4909210234375 0.0484375 0.503125 0.0484375 0.503125 0.016742782812500002 0.49017630624999997 0.016441398437499997
0 0.5068238593750001 0.0170787515625 0.5075348703125 0.0578125 0.515625 0.0578125 0.515625 0.016873903125 0.5068238593750001 0.0170787515625
0 0.5038009421874999 0 0.503664575 0.0078125 0.5109375 0.0078125 0.5109375 0 0.5038009421874999 0
0 0.46596761249999996 0 0.465625 0.0196282578125 0.465625 0.034375 0.4748213640625 0.034375 0.475 0.024140971875 0.475 0 0.46596761249999996 0
0 0.45858173906250005 0 0.4592363046875 0.0375 0.4671875 0.0375 0.4671875 0.0312062921875 0.4666427921875 0 0.45858173906250005 0
0 0.450762084375 0 0.4511984953125 0.01875 0.45625 0.01875 0.45625 0 0.450762084375 0
0 0.4553865234375 0 0.45516831875 0.009375 0.4640625 0.009375 0.4640625 0 0.4553865234375 0
0 0.435112234375 0 0.43502329531250006 0.015287314062499998 0.447996421875 0.015287314062499998 0.4480853609375 0 0.435112234375 0
0 0.47444589375 0 0.4746277015625 0.03125 0.48125 0.03125 0.48125 0 0.47444589375 0
0 0.405319515625 0 0.40510132656250003 0.0125 0.4125 0.0125 0.4125 0 0.405319515625 0
0 0.2578125 1 0.2578125 0.9490131671875 0.1723738265625 0.9490131671875 0.1732638046875 1 0.2578125 1
0 0.5625 0.780783121875 0.55 0.78049218125 0.55 0.809375 0.5625 0.809375 0.5625 0.780783121875
0 0.4553972953125 0.7918839375 0.45616807968749995 0.825 0.46875 0.825 0.46875 0.7918839375 0.4553972953125 0.7918839375
0 0.4409759234375 0.7887083984375 0.44127094375000003 0.8140625 0.4546875 0.8140625 0.4546875 0.7884690625 0.4409759234375 0.7887083984375
0 0.4265625 0.75 0.4249767609375 0.75 0.4144891734375 0.7503051578125 0.4148419203125 0.8109375 0.4265625 0.8109375 0.4265625 0.75
0 0.4255579640625 0.7568873078125 0.42531623124999995 0.7984375 0.4324553203125 0.7984375 0.4326975375 0.75680423125 0.4255579640625 0.7568873078125
0 0.31875 0.775 0.31875 0.7406474421875 0.30841834375 0.7404671031250001 0.3078125 0.7612885859375 0.3078125 0.775 0.31875 0.775
0 0.040625 0.7076486328125 0.0359375 0.7075940890625001 0.0359375 0.7171875 0.040625 0.7171875 0.040625 0.7076486328125
0 0.049182501562499994 0.7295060390625 0.048990548437499996 0.7625 0.059375 0.7625 0.059375 0.72968395 0.049182501562499994 0.7295060390625
0 0.0350709796875 0.7260525359375001 0.035283025 0.7625 0.05 0.7625 0.05 0.7262262500000001 0.0350709796875 0.7260525359375001
0 0.0772621921875 0.693288275 0.07692955625 0.721875 0.0875 0.721875 0.0875 0.6932287125000001 0.0772621921875 0.693288275
0 0.0515625 0.6980482562500001 0.0453125 0.69797553125 0.0453125 0.7203125 0.0515625 0.7203125 0.0515625 0.6980482562500001
0 0.1005302578125 0.736661259375 0.1016912640625 0.7765625 0.1171875 0.7765625 0.1171875 0.736661259375 0.1005302578125 0.736661259375
0 0.0727650453125 0.74375 0.0718922921875 0.79375 0.086649184375 0.79375 0.0875 0.745006796875 0.0875 0.7439230609375 0.07758539375 0.74375 0.0727650453125 0.74375
0 0.08180577343749999 0.712456496875 0.08300656875 0.78125 0.103125 0.78125 0.103125 0.71295270625 0.08180577343749999 0.712456496875
0 0.1211780203125 0.7460565296875 0.12072735625 0.771875 0.1323966453125 0.771875 0.1328125 0.7480506953124999 0.1328125 0.7461242171875 0.1211780203125 0.7460565296875
0 0.1210819984375 0.714639778125 0.1210819984375 0.771875 0.1453125 0.771875 0.1453125 0.71407580625 0.1210819984375 0.714639778125
0 0.1420090796875 0.710186390625 0.1416865484375 0.765625 0.153125 0.765625 0.153125 0.710186390625 0.1420090796875 0.710186390625
0 0.145136446875 0.7410754796875001 0.144407925 0.7828125 0.1640625 0.7828125 0.1640625 0.7411855875000001 0.145136446875 0.7410754796875001
0 0.1638912125 0.7152159109375 0.1631749609375 0.75625 0.1734375 0.75625 0.1734375 0.71499371875 0.1638912125 0.7152159109375
0 0.17143321875 0.724178884375 0.17221605 0.7578125 0.1796875 0.7578125 0.1796875 0.7240348062499999 0.17143321875 0.724178884375
0 0.185127121875 0.7730377953125 0.196875 0.772695965625 0.196875 0.7144215046875 0.185127121875 0.714763334375 0.185127121875 0.7730377953125
0 0.215625 0.7230273640625 0.2155205 0.719435928125 0.20977620468749997 0.7194025078124999 0.21025732343749998 0.7359375 0.215625 0.7359375 0.215625 0.7230273640625
0 0.21905097968749998 0.7176535968750001 0.21950649375000003 0.74375 0.228125 0.74375 0.228125 0.717864796875 0.21905097968749998 0.7176535968750001
0 0.23361834843749998 0.7203125 0.23405475937500003 0.7390625 0.2421875 0.7390625 0.2421875 0.7203125 0.23361834843749998 0.7203125
0 0.2505617953125 0.72772745625 0.2515529734375 0.7703125 0.2578125 0.7703125 0.2578125 0.7278118250000001 0.2505617953125 0.72772745625
0 0.271875 0.7222550515625 0.2643630953125 0.72212393125 0.2640625 0.7393450343750001 0.2640625 0.7671875 0.2712283828125 0.7671875 0.271875 0.7301427953124999 0.271875 0.7222550515625
0 0.2765625 0.7259977515625 0.269047721875 0.726216409375 0.26875 0.7390077546875 0.26875 0.7734375 0.276102625 0.7734375 0.2765625 0.753679409375 0.2765625 0.7259977515625
0 0 0.7234375 0.0140625 0.7234375 0.0140625 0.7131636374999999 0.013752484374999999 0.6865209218749999 0 0.6865209218749999 0 0.7234375
0 0.31201690625 0.7287365953125 0.30679481875 0.7285846484375 0.3063643609375 0.7433784875 0.3115864484375 0.743530434375 0.31201690625 0.7287365953125
0 0.3026366421875 0.73092258125 0.3025055625 0.7421875 0.30625 0.7421875 0.30625 0.73092258125 0.3026366421875 0.73092258125
0 0.436719096875 0.75645414375 0.436719096875 0.775 0.4421875 0.775 0.4421875 0.756581421875 0.436719096875 0.75645414375
0 0.59375 0.828226196875 0.59363154375 0.818046065625 0.5880537515625 0.8180785171875 0.588188834375 0.8296875 0.59375 0.8296875 0.59375 0.828226196875
0 0.6305477359375 0.790625 0.63067500625 0.8015625 0.6359375 0.8015625 0.6359375 0.790625 0.6305477359375 0.790625
0 0.53196763125 0.7660372703125 0.531483903125 0.79375 0.5397120328125 0.79375 0.54019241875 0.7662287046875 0.53196763125 0.7660372703125
0 0.5646843359375 0.76325655 0.5647981093750001 0.7828125 0.571875 0.7828125 0.571875 0.7632147171874999 0.5646843359375 0.76325655
0 0.5548775828125 0.7664752937499999 0.555112365625 0.7765625 0.559375 0.7765625 0.559375 0.7665276265625 0.5548775828125 0.7664752937499999
0 0.5776192375 0.7715053015625 0.57765775 0.778125 0.58125 0.778125 0.58125 0.7714841781249999 0.5776192375 0.7715053015625
0 0.426025246875 0.7053988421875 0.4256053921875 0.7234375 0.4296875 0.7234375 0.4296875 0.705377534375 0.426025246875 0.7053988421875
0 0.4336799 0.7056446234375 0.43379250625 0.725 0.4375 0.725 0.4375 0.7055779421875 0.4336799 0.7056446234375
0 0.45893203125 0.7109375 0.45893203125 0.728125 0.4625 0.728125 0.4625 0.7109375 0.45893203125 0.7109375
0 0.4663951453125 0.716306034375 0.46660144687500005 0.728125 0.4703125 0.728125 0.4703125 0.7162376546875 0.4663951453125 0.716306034375
0 0.46918693281249996 0.71875 0.46918693281249996 0.7296875 0.4734375 0.7296875 0.4734375 0.71875 0.46918693281249996 0.71875
0 0.4911301328125 0.7086592390625001 0.49154683437499996 0.7265625 0.4953125 0.7265625 0.4953125 0.7086105734375 0.4911301328125 0.7086592390625001
0 0.4926146765625 0.7112026625000001 0.4922647484375 0.73125 0.4982713703125 0.73125 0.4984375 0.7217324359375 0.4984375 0.711270415625 0.4926146765625 0.7112026625000001
0 0.507141878125 0.71301445 0.507405634375 0.728125 0.509375 0.728125 0.509375 0.7130534296875 0.507141878125 0.71301445
0 0.5117118375 0.714790890625 0.512281678125 0.734375 0.5265625 0.734375 0.5265625 0.7152229999999999 0.5117118375 0.714790890625
0 0.561556365625 0.7477595078125 0.58125 0.7473011328125001 0.58125 0.71435975625 0.5607900609375001 0.7148359671875 0.561556365625 0.7477595078125
0 0.5340447515625 0.7264877656250001 0.5375 0.726427453125 0.5375 0.711295590625 0.533956725 0.7113574390625 0.5340447515625 0.7264877656250001
0 0.5341416921875 0.7085975453125 0.5341416921875 0.7265625 0.540625 0.7265625 0.540625 0.7087107109375 0.5341416921875 0.7085975453125
0 0.4734375 0.7953125 0.4734375 0.7667055515625 0.465875128125 0.76657355 0.465625 0.777320071875 0.465625 0.7953125 0.4734375 0.7953125
0 0.3330018328125 0.7583425140625 0.33284744375 0.7671875 0.3375 0.7671875 0.3375 0.7583425140625 0.3330018328125 0.7583425140625
0 0.353125 0.6803809234375 0.3492799109375 0.6803361812500001 0.3492297734375 0.6889539921875001 0.3491655109375 0.7 0.353125 0.7 0.353125 0.6803809234375
0 0.50373743125 0.7750102437499999 0.503919178125 0.80625 0.5140625 0.80625 0.5140625 0.7751303859374999 0.50373743125 0.7750102437499999
0 0.47690062031249997 0.7672312124999999 0.47665592187500005 0.78125 0.4828125 0.78125 0.4828125 0.7672312124999999 0.47690062031249997 0.7672312124999999
0 0.48866850156249997 0.7598379125 0.48866850156249997 0.7921875 0.4953125 0.7921875 0.4953125 0.7597219421875 0.48866850156249997 0.7598379125
0 0.5412937890625 0.7770405546875001 0.5413791328124999 0.784375 0.5453125 0.784375 0.5453125 0.7771107 0.5412937890625 0.7770405546875001
0 0.38125 0.703552725 0.37866999375 0.703507690625 0.37866999375 0.7100701640625 0.37866999375 0.7171875 0.38125 0.7171875 0.38125 0.703552725
0 0.404222090625 0.71875 0.404627103125 0.704830640625 0.40031888125000004 0.7049309156250001 0.4 0.7158901484375 0.4 0.71875 0.404222090625 0.71875
0 0.5179511078125 0.77259428125 0.51790075 0.78125 0.525 0.78125 0.525 0.7727173203125 0.5179511078125 0.77259428125
0 0.457144390625 0.778125 0.4570080234375 0.7859375 0.4609375 0.7859375 0.4609375 0.778125 0.457144390625 0.778125
0 0.47238033125 0.776644740625 0.471909465625 0.796875 0.47791730625 0.796875 0.478125 0.78795163125 0.478125 0.7767450140625 0.47238033125 0.776644740625
0 0.4950370765625 0.7569891578125001 0.49466815000000003 0.778125 0.5109375 0.778125 0.5109375 0.7569891578125001 0.4950370765625 0.7569891578125001
0 0.459375 0.7703125 0.459375 0.7631226343749999 0.45579368281250005 0.7632059906249999 0.45583079687500005 0.76533221875 0.45587406250000007 0.767810890625 0.45591772812500003 0.7703125 0.459375 0.7703125
0 0.28207554375 0.697719890625 0.2817944734375 0.721875 0.3015625 0.721875 0.3015625 0.6979466421875 0.28207554375 0.697719890625
0 0.17730534375 0.7165494906250001 0.17702147031249998 0.7328125 0.184375 0.7328125 0.184375 0.7165083609374999 0.17730534375 0.7165494906250001
0 0.4171875 0.69375 0.3875 0.69375 0.3875 0.7125 0.4171875 0.7125 0.4171875 0.69375
0 0.3034925359375 0.69774875 0.30354199375 0.70625 0.3109375 0.70625 0.3109375 0.6977054359375 0.3034925359375 0.69774875
0 0.1334324703125 0.707814115625 0.13373245 0.725 0.1390625 0.725 0.1390625 0.70797793125 0.1334324703125 0.707814115625
0 0.08691769375 0.7069426390625 0.0873318203125 0.778125 0.09375 0.778125 0.09375 0.7068233796875 0.08691769375 0.7069426390625
0 0.07276646875000001 0.7033728546875 0.0725511765625 0.721875 0.0765625 0.721875 0.0765625 0.7033949390625001 0.07276646875000001 0.7033728546875
0 0.13125 0.7203125 0.13125 0.7046875 0.13053844375 0.7046875 0.1265625 0.7047800421874999 0.1265625 0.7203125 0.13125 0.7203125
0 0.5358564421875001 0.7957101156249999 0.5357701625 0.803125 0.54375 0.803125 0.54375 0.7956182671875001 0.5358564421875001 0.7957101156249999
0 0.690625 1 0.690625 0.9641758234375001 0.6778336078125 0.9644735453125 0.6772134921874999 1 0.690625 1
0 0.9421416484374999 0.9198006718750001 0.9439751046874999 0.9828125 0.953125 0.9828125 0.953125 0.919864571875 0.9421416484374999 0.9198006718750001
0 0.9250742546874999 0.882154934375 0.9263948624999999 0.9578125 0.940625 0.9578125 0.940625 0.8825168812499999 0.9250742546874999 0.882154934375
0 0.9051465375 0.9171875 0.9062011953125 0.9625 0.9171875 0.9625 0.9171875 0.9171875 0.9051465375 0.9171875
0 0.8052511515624999 0.8440409203125 0.8063354078125 0.890625 0.815625 0.890625 0.815625 0.8441616328125001 0.8052511515624999 0.8440409203125
0 0.7857883140624999 0.8414033234375001 0.7850655125 0.8828125 0.79375 0.8828125 0.79375 0.8415422953124999 0.7857883140624999 0.8414033234375001
0 0.7986133703125 0.8650125875000001 0.7976899265624999 0.9046875 0.80625 0.9046875 0.80625 0.8647903843750001 0.7986133703125 0.8650125875000001
0 0.796875 0.88949035625 0.7875 0.88949035625 0.7875 0.93125 0.796875 0.93125 0.796875 0.88949035625
0 0.75625 0.87279470625 0.7477127671875 0.8725462984375 0.746875 0.9013384890625 0.746875 0.9125 0.7560270609375 0.9125 0.75625 0.904838075 0.75625 0.87279470625
0 0.751045471875 0.8371831984375 0.7503690765625001 0.8953125 0.765625 0.8953125 0.765625 0.8371831984375 0.751045471875 0.8371831984375
0 0.7431732234374999 0.8237620968750001 0.7431732234374999 0.88125 0.7546875 0.88125 0.7546875 0.8240300953125 0.7431732234374999 0.8237620968750001
0 0.7204118625 0.8391065765625001 0.720974971875 0.8875 0.7359375 0.8875 0.7359375 0.8390162515625 0.7204118625 0.8391065765625001
0 0.67482776875 0.8205886671875 0.6752790890625 0.859375 0.6828125 0.859375 0.6828125 0.8204028203125 0.67482776875 0.8205886671875
0 0.6740230406250001 0.859375 0.6749521640625 0.8061455609374999 0.6627779796875 0.8058622046874999 0.6625 0.8217876468749999 0.6625 0.859375 0.6740230406250001 0.859375
0 0.659375 0.846875 0.665625 0.846875 0.665625 0.79880030625 0.659375 0.79883666875 0.659375 0.846875
0 0.8796875 0.9215482906249999 0.871935671875 0.921458090625 0.871875 0.92493398125 0.871875 0.953125 0.8792621640625 0.953125 0.8796875 0.9287575515625001 0.8796875 0.9215482906249999
0 0.8756678265625 0.89637540625 0.8762220171875 0.928125 0.88125 0.928125 0.88125 0.89647284375 0.8756678265625 0.89637540625
0 0.8798059484374999 0.8901402890625001 0.8808202625 0.925 0.8859375 0.925 0.8859375 0.8903186984375001 0.8798059484374999 0.8901402890625001
