0 0.1015625 0.15005651874999998 0.0859375 0.1504201953125 0.0859375 0.16159998281250001 0.0859843359375 0.165625 0.1015625 0.165625 0.1015625 0.15005651874999998
0 0.0900775828125 0.1667280828125 0.0896550390625 0.18125 0.0984375 0.18125 0.0984375 0.16648483281249998 0.0900775828125 0.1667280828125
0 0.263844440625 0.1505065671875 0.2635805484375 0.165625 0.271875 0.165625 0.271875 0.150459846875 0.263844440625 0.1505065671875
0 0.27686008125 0.1798037328125 0.27694121875 0.19375 0.285794946875 0.19375 0.28571440937500003 0.17990676249999998 0.27686008125 0.1798037328125
0 0.3252759375 0.21695302343749998 0.334375 0.2167941984375 0.334375 0.200642215625 0.3254639203125 0.20079775937500002 0.3252759375 0.21695302343749998
0 0.46900260312500003 0.0390625 0.4765625 0.0390625 0.4765625 0.0250755421875 0.4700704328125 0.025 0.468838971875 0.025 0.46900260312500003 0.0390625
0 0.474910440625 0.034859296875 0.474910440625 0.046875 0.4828125 0.046875 0.4828125 0.0349972265625 0.474910440625 0.034859296875
0 0.536207040625 0.17460141093749998 0.7869082703125001 0.17460141093749998 0.7869082703125001 0.089620534375 0.536207040625 0.089620534375 0.536207040625 0.17460141093749998
0 0.5296875 0.1370331953125 0.536207040625 0.1370331953125 0.536207040625 0.12701645625 0.5296875 0.12701645625 0.5296875 0.1370331953125
0 0.5296875 0.23132324999999998 0.5509234140625 0.23132324999999998 0.5509234140625 0.1910058765625 0.5296875 0.1910058765625 0.5296875 0.23132324999999998
0 0.592654640625 0.17107697500000002 0.540367265625 0.17107697500000002 0.540367265625 0.2094130375 0.592654640625 0.2094130375 0.592654640625 0.17107697500000002
0 0.5431898734375 0.43482157499999996 0.5495905703124999 0.43482157499999996 0.5495905703124999 0.40437068906249996 0.5431898734375 0.40437068906249996 0.5431898734375 0.43482157499999996
0 0.5517541859375 0.4354626453125 0.5590563875 0.4354626453125 0.5590563875 0.403088546875 0.5517541859375 0.403088546875 0.5517541859375 0.4354626453125
0 0.5848394734375 0.4367447875 0.5927727296875 0.4367447875 0.5927727296875 0.40437068906249996 0.5848394734375 0.40437068906249996 0.5848394734375 0.4367447875
0 0.57023506875 0.426647915625 0.5770865171875 0.426647915625 0.5770865171875 0.398601046875 0.57023506875 0.398601046875 0.57023506875 0.426647915625
0 0.5622116609375001 0.4027680109375 0.5684320546875 0.4027680109375 0.5684320546875 0.377125159375 0.5622116609375001 0.377125159375 0.5622116609375001 0.4027680109375
0 0.568882809375 0.40036399375 0.5783486265625 0.40036399375 0.5783486265625 0.37215685781249996 0.568882809375 0.37215685781249996 0.568882809375 0.40036399375
0 0.562932865625 0.35340552187499996 0.5695138640625 0.35340552187499996 0.5695138640625 0.3296858859375 0.562932865625 0.3296858859375 0.562932865625 0.35340552187499996
0 0.5903582703125 0.37320781406250003 0.599260646875 0.37320781406250003 0.599260646875 0.3563796921875 0.5903582703125 0.3563796921875 0.5903582703125 0.37320781406250003
0 0.6127832453125001 0.3956453078125 0.6205587390625 0.3956453078125 0.6205587390625 0.36920111875 0.6127832453125001 0.36920111875 0.6127832453125001 0.3956453078125
0 0.614811634375 0.4301028890625 0.621798309375 0.4301028890625 0.621798309375 0.4002530078125 0.614811634375 0.4002530078125 0.614811634375 0.4301028890625
0 0.59362623125 0.3543763453125 0.5997114 0.3543763453125 0.5997114 0.3313378453125 0.59362623125 0.3313378453125 0.59362623125 0.3543763453125
0 0.60219054375 0.36018605312499996 0.608839153125 0.36018605312499996 0.608839153125 0.3391509015625 0.60219054375 0.3391509015625 0.60219054375 0.36018605312499996
0 0.5589858453125001 0.3085140796875 0.5667331671875 0.3085140796875 0.5667331671875 0.2912978109375 0.5589858453125001 0.2912978109375 0.5589858453125001 0.3085140796875
0 0.6595919968749999 0.4219359921875 0.6674531328125 0.4219359921875 0.6674531328125 0.3891131421875 0.6595919968749999 0.3891131421875 0.6595919968749999 0.4219359921875
0 0.6571083468750001 0.3867171390625 0.6621567828125 0.3867171390625 0.6621567828125 0.3655617859375 0.6571083468750001 0.3655617859375 0.6571083468750001 0.3867171390625
0 0.64980614375 0.382550175 0.6558462374999999 0.382550175 0.6558462374999999 0.3581894671875 0.64980614375 0.3581894671875 0.64980614375 0.382550175
0 0.6464705703125 0.3662028578125 0.6517894578125001 0.3662028578125 0.6517894578125001 0.3413613453125 0.6464705703125 0.3413613453125 0.6464705703125 0.3662028578125
0 0.6690082328125 0.37613946249999997 0.6748680234375 0.37613946249999997 0.6748680234375 0.35434303906250003 0.6690082328125 0.35434303906250003 0.6690082328125 0.37613946249999997
0 0.6252851671874999 0.3735751765625 0.6315055625 0.3735751765625 0.6315055625 0.34809259375 0.6252851671874999 0.34809259375 0.6252851671874999 0.3735751765625
0 0.6176223625 0.35434303906250003 0.6242033593749999 0.35434303906250003 0.6242033593749999 0.3295015265625 0.6176223625 0.3295015265625 0.6176223625 0.35434303906250003
0 0.6261866734375 0.3537019671875 0.633759328125 0.3537019671875 0.633759328125 0.333508221875 0.6261866734375 0.333508221875 0.6261866734375 0.3537019671875
0 0.59930945625 0.31519791875 0.6052819359375 0.31519791875 0.6052819359375 0.2939624328125 0.59930945625 0.2939624328125 0.59930945625 0.31519791875
0 0.5950273 0.318202940625 0.600661715625 0.318202940625 0.600661715625 0.29416276875 0.5950273 0.29416276875 0.5950273 0.318202940625
0 0.578124053125 0.274329625 0.5848853515625 0.274329625 0.5848853515625 0.251691796875 0.578124053125 0.251691796875 0.578124053125 0.274329625
0 0.6012251562500001 0.2857487078125 0.6069722609375 0.2857487078125 0.6069722609375 0.2627102078125 0.6012251562500001 0.2627102078125 0.6012251562500001 0.2857487078125
0 0.61159248125 0.2953647765625 0.61508581875 0.2953647765625 0.61508581875 0.2827436859375 0.61159248125 0.2827436859375 0.61159248125 0.2953647765625
0 0.6148604421874999 0.2859490421875 0.6192552859375 0.2859490421875 0.6192552859375 0.2673179078125 0.6148604421874999 0.2673179078125 0.6148604421874999 0.2859490421875
0 0.6127193640625 0.26130786562499997 0.6183537796875 0.26130786562499997 0.6183537796875 0.2526934703125 0.6127193640625 0.2526934703125 0.6127193640625 0.26130786562499997
0 0.6104655984375 0.25609916093749996 0.6156492609375 0.25609916093749996 0.6156492609375 0.2450807484375 0.6104655984375 0.2450807484375 0.6104655984375 0.25609916093749996
0 0.654445028125 0.25383788125 0.6615443921875 0.25383788125 0.6615443921875 0.24101645781249997 0.654445028125 0.24101645781249997 0.654445028125 0.25383788125
0 0.606552496875 0.215974609375 0.6125249765625 0.215974609375 0.6125249765625 0.2037541890625 0.606552496875 0.2037541890625 0.606552496875 0.215974609375
0 0.622945125 0.310460628125 0.6281738625 0.310460628125 0.6281738625 0.289946346875 0.622945125 0.289946346875 0.622945125 0.310460628125
0 0.63259124375 0.292029828125 0.6281738625 0.292029828125 0.6281738625 0.3094990203125 0.63259124375 0.3094990203125 0.63259124375 0.292029828125
0 0.632050340625 0.2699128703125 0.636557871875 0.2699128703125 0.636557871875 0.2521231421875 0.632050340625 0.2521231421875 0.632050340625 0.2699128703125
0 0.6418767609375 0.25372581875 0.6371889265624999 0.25372581875 0.6371889265624999 0.269432065625 0.6418767609375 0.269432065625 0.6418767609375 0.25372581875
0 0.6260474203124999 0.22893911406249998 0.6282260375 0.22893911406249998 0.6282260375 0.21791063593749999 0.6260474203124999 0.21791063593749999 0.6260474203124999 0.22893911406249998
0 0.6314755 0.2171885328125 0.628742996875 0.2171885328125 0.628742996875 0.2284139484375 0.6314755 0.2284139484375 0.6314755 0.2171885328125
0 0.62981384375 0.20701345 0.6345403328125 0.20701345 0.6345403328125 0.1988733828125 0.62981384375 0.1988733828125 0.62981384375 0.20701345
0 0.6416342234375 0.2047650859375 0.6444405765625 0.2047650859375 0.6444405765625 0.198856971875 0.6416342234375 0.198856971875 0.6416342234375 0.2047650859375
0 0.6428527703125 0.199907303125 0.646508415625 0.199907303125 0.646508415625 0.1890757625 0.6428527703125 0.1890757625 0.6428527703125 0.199907303125
0 0.6493147703125001 0.202861359375 0.6529334890625 0.202861359375 0.6529334890625 0.1945900015625 0.6493147703125001 0.1945900015625 0.6493147703125001 0.202861359375
0 0.6606005578125 0.22414567187499998 0.663923871875 0.22414567187499998 0.663923871875 0.20963797187500002 0.6606005578125 0.20963797187500002 0.6606005578125 0.22414567187499998
0 0.66676715 0.23162928124999999 0.6703858687500001 0.23162928124999999 0.6703858687500001 0.21790932968750001 0.66676715 0.21790932968750001 0.66676715 0.23162928124999999
0 0.6748908046875 0.18580858281249998 0.672158303125 0.18580858281249998 0.6710874578125 0.18580858281249998 0.6710874578125 0.1942112328125 0.6748908046875 0.1942112328125 0.6748908046875 0.18580858281249998
0 0.6790634109375 0.1940799421875 0.682645203125 0.1940799421875 0.682645203125 0.1821980703125 0.6790634109375 0.1821980703125 0.6790634109375 0.1940799421875
0 0.6747953921875001 0.2814489625 0.678949015625 0.2814489625 0.678949015625 0.26285496249999996 0.6747953921875001 0.26285496249999996 0.6747953921875001 0.2814489625
0 0.6715927234375 0.3022312609375 0.6758964781250001 0.3022312609375 0.6758964781250001 0.2849717578125 0.6715927234375 0.2849717578125 0.6715927234375 0.3022312609375
0 0.6804004078125 0.283192428125 0.6762467828125 0.283192428125 0.6762467828125 0.3012526296875 0.6804004078125 0.3012526296875 0.6804004078125 0.283192428125
0 0.679299446875 0.3272308515625 0.6831027656249999 0.3272308515625 0.6831027656249999 0.3071244203125 0.679299446875 0.3071244203125 0.679299446875 0.3272308515625
0 0.675846434375 0.30765821875 0.6715426796875 0.30765821875 0.6715426796875 0.3272308515625 0.675846434375 0.3272308515625 0.675846434375 0.30765821875
0 0.6677894046875 0.3274977515625 0.6708420671875001 0.3274977515625 0.6708420671875001 0.311750678125 0.6677894046875 0.311750678125 0.6677894046875 0.3274977515625
0 0.6847680703125001 0.3582355140625 0.6888341171875 0.3582355140625 0.6888341171875 0.33232401718750004 0.6847680703125001 0.33232401718750004 0.6847680703125001 0.3582355140625
0 0.695214684375 0.3377732171875 0.6898975453125 0.3377732171875 0.6898975453125 0.36223900625 0.695214684375 0.36223900625 0.695214684375 0.3377732171875
0 0.7065996171875 0.358346721875 0.71172909375 0.358346721875 0.71172909375 0.33621630156250004 0.7065996171875 0.33621630156250004 0.7065996171875 0.358346721875
0 0.721174834375 0.36146055 0.7272426296875001 0.36146055 0.7272426296875001 0.3375508 0.721174834375 0.3375508 0.721174834375 0.36146055
0 0.73393596875 0.3354378453125 0.7273677375000001 0.3354378453125 0.7273677375000001 0.3601260515625 0.73393596875 0.3601260515625 0.73393596875 0.3354378453125
0 0.72634084375 0.392339975 0.73165798125 0.392339975 0.73165798125 0.3653720015625 0.72634084375 0.3653720015625 0.72634084375 0.392339975
0 0.7382262125000001 0.3652329921875 0.7330654609374999 0.3652329921875 0.7330654609374999 0.3894207609375 0.7382262125000001 0.3894207609375 0.7382262125000001 0.3652329921875
0 0.7774034609375 0.406558109375 0.7834243390625 0.406558109375 0.7834243390625 0.3773659734375 0.7774034609375 0.3773659734375 0.7774034609375 0.406558109375
0 0.7857701359375 0.38820876718749997 0.792494753125 0.38820876718749997 0.792494753125 0.359155640625 0.7857701359375 0.359155640625 0.7857701359375 0.38820876718749997
0 0.7788109390625 0.3697204125 0.783267953125 0.3697204125 0.783267953125 0.347200765625 0.7788109390625 0.347200765625 0.7788109390625 0.3697204125
0 0.7845972375000001 0.3674962515625 0.7903835359375 0.3674962515625 0.7903835359375 0.3448375921875 0.7845972375000001 0.3448375921875 0.7845972375000001 0.3674962515625
0 0.76606544375 0.36263089531250003 0.7755268234375 0.36263089531250003 0.7755268234375 0.335662921875 0.76606544375 0.335662921875 0.76606544375 0.36263089531250003
0 0.7561349046875 0.339138175 0.7623903625 0.339138175 0.7623903625 0.3191207109375 0.7561349046875 0.3191207109375 0.7561349046875 0.339138175
0 0.7761298734375 0.3373067109375 0.7830890703125 0.3373067109375 0.7830890703125 0.3177062765625 0.7761298734375 0.3177062765625 0.7761298734375 0.3373067109375
0 0.7895009140625 0.348288515625 0.7966946921875 0.348288515625 0.7966946921875 0.3227106421875 0.7895009140625 0.3227106421875 0.7895009140625 0.348288515625
0 0.7415278453124999 0.3151480828125 0.747432996875 0.3151480828125 0.747432996875 0.3024258703125 0.7415278453124999 0.3024258703125 0.7415278453124999 0.3151480828125
0 0.7356226921875 0.3171053453125 0.740326796875 0.3171053453125 0.740326796875 0.2993120421875 0.7356226921875 0.2993120421875 0.7356226921875 0.3171053453125
0 0.73492208125 0.32760339374999997 0.7399264484375 0.32760339374999997 0.7399264484375 0.30847559375 0.73492208125 0.30847559375 0.73492208125 0.32760339374999997
0 0.7311688078125 0.32448956562500003 0.7363733484375 0.32448956562500003 0.7363733484375 0.3069631625 0.7311688078125 0.3069631625 0.7311688078125 0.32448956562500003
0 0.7258641796875 0.309543190625 0.7305182390625 0.309543190625 0.7305182390625 0.2889029609375 0.7258641796875 0.2889029609375 0.7258641796875 0.309543190625
0 0.70639719375 0.3130128859375 0.7113014718749999 0.3130128859375 0.7113014718749999 0.29166092187500003 0.70639719375 0.29166092187500003 0.70639719375 0.3130128859375
0 0.6881142421875 0.2953505875 0.6940193953125 0.2953505875 0.6940193953125 0.27417655625 0.6881142421875 0.27417655625 0.6881142421875 0.2953505875
0 0.6951203546875 0.296151284375 0.699674328125 0.296151284375 0.699674328125 0.2754220875 0.6951203546875 0.2754220875 0.6951203546875 0.296151284375
0 0.7114345890625 0.2806711125 0.7166891734374999 0.2806711125 0.7166891734374999 0.26198814531250003 0.7114345890625 0.26198814531250003 0.7114345890625 0.2806711125
0 0.7076312703125 0.25060043125 0.6993740671875 0.25060043125 0.6993740671875 0.2895677625 0.7076312703125 0.2895677625 0.7076312703125 0.25060043125
0 0.740773775 0.287650234375 0.745856334375 0.287650234375 0.745856334375 0.2688838609375 0.740773775 0.2688838609375 0.740773775 0.287650234375
0 0.7639971624999999 0.2720810953125 0.7684541765625 0.2720810953125 0.7684541765625 0.2552608640625 0.7639971624999999 0.2552608640625 0.7639971624999999 0.2720810953125
0 0.7598529218750001 0.2720810953125 0.7639971624999999 0.2720810953125 0.7639971624999999 0.253314721875 0.7598529218750001 0.253314721875 0.7598529218750001 0.2720810953125
0 0.7440578906249999 0.2698569328125 0.7481239375 0.2698569328125 0.7481239375 0.251785609375 0.7440578906249999 0.251785609375 0.7440578906249999 0.2698569328125
0 0.739366296875 0.2688838609375 0.7432759578125 0.2688838609375 0.7432759578125 0.25220264062500003 0.739366296875 0.25220264062500003 0.739366296875 0.2688838609375
0 0.7308432359375 0.26568662656250003 0.7344401250000001 0.26568662656250003 0.7344401250000001 0.2531757125 0.7308432359375 0.2531757125 0.7308432359375 0.26568662656250003
0 0.725447903125 0.266381678125 0.7292793718749999 0.266381678125 0.7292793718749999 0.24872738593750002 0.725447903125 0.24872738593750002 0.725447903125 0.266381678125
0 0.719036059375 0.2590141390625 0.7223983671875 0.2590141390625 0.7223983671875 0.2434449984375 0.719036059375 0.2434449984375 0.719036059375 0.2590141390625
0 0.7149700125 0.25414878281250003 0.718019546875 0.25414878281250003 0.718019546875 0.2423329171875 0.7149700125 0.2423329171875 0.7149700125 0.25414878281250003
0 0.7590709890625 0.23260220625 0.7637625828125 0.23260220625 0.7637625828125 0.2188401984375 0.7590709890625 0.2188401984375 0.7590709890625 0.23260220625
0 0.692525625 0.2485119203125 0.69484014375 0.2485119203125 0.69484014375 0.235722984375 0.692525625 0.235722984375 0.692525625 0.2485119203125
0 0.7027220203125 0.24673259062500003 0.7056620859375 0.24673259062500003 0.7056620859375 0.23449969375 0.7027220203125 0.23449969375 0.7027220203125 0.24673259062500003
0 0.7001572828125 0.24673259062500003 0.7027220203125 0.24673259062500003 0.7027220203125 0.2330539890625 0.7001572828125 0.2330539890625 0.7001572828125 0.24673259062500003
0 0.6969044453125 0.248178296875 0.6995317375 0.248178296875 0.6995317375 0.23527815156249998 0.6969044453125 0.23527815156249998 0.6969044453125 0.248178296875
0 0.695403134375 0.24962400156250003 0.6978427640625 0.24962400156250003 0.6978427640625 0.233165196875 0.695403134375 0.233165196875 0.695403134375 0.24962400156250003
0 0.7048352625 0.2237851828125 0.710340065625 0.2237851828125 0.710340065625 0.20874984218749998 0.7048352625 0.20874984218749998 0.7048352625 0.2237851828125
0 0.7040846078125 0.1988745609375 0.7081881875 0.1988745609375 0.7081881875 0.189444109375 0.7040846078125 0.189444109375 0.7040846078125 0.1988745609375
0 0.7201986671875 0.22360725 0.72355159375 0.22360725 0.72355159375 0.211329871875 0.7201986671875 0.211329871875 0.7201986671875 0.22360725
0 0.7324593640625 0.2203154890625 0.7361125515625 0.2203154890625 0.7361125515625 0.2072374125 0.7324593640625 0.2072374125 0.7324593640625 0.2203154890625
0 0.7450703671875 0.21355403437499998 0.749774471875 0.21355403437499998 0.749774471875 0.20100975625 0.7450703671875 0.20100975625 0.7450703671875 0.21355403437499998
0 0.7165806671875 0.2047254984375 0.7216350765625 0.2047254984375 0.7216350765625 0.18853359218750002 0.7165806671875 0.18853359218750002 0.7165806671875 0.2047254984375
0 0.7251881765625 0.208106225 0.727940578125 0.208106225 0.727940578125 0.198586809375 0.7251881765625 0.198586809375 0.7251881765625 0.208106225
0 0.72258590625 0.198053009375 0.724337434375 0.198053009375 0.724337434375 0.188711525 0.72258590625 0.188711525 0.72258590625 0.198053009375
0 0.7255384828125 0.19520608125 0.7275402296875 0.19520608125 0.7275402296875 0.18791082812499998 0.7255384828125 0.18791082812499998 0.7255384828125 0.19520608125
0 0.7308431109375 0.1853307984375 0.728340928125 0.1853307984375 0.728340928125 0.19520608125 0.7308431109375 0.19520608125 0.7308431109375 0.1853307984375
0 0.7350968218749999 0.1918253546875 0.7371486125000001 0.1918253546875 0.7371486125000001 0.18470803281249998 0.7350968218749999 0.18470803281249998 0.7350968218749999 0.1918253546875
0 0.7374488749999999 0.1905798234375 0.7411020625 0.1905798234375 0.7411020625 0.1794590078125 0.7374488749999999 0.1794590078125 0.7374488749999999 0.1905798234375
0 0.7462065156250001 0.1919143203125 0.749959790625 0.1919143203125 0.749959790625 0.1799928078125 0.7462065156250001 0.1799928078125 0.7462065156250001 0.1919143203125
0 0.753362759375 0.1823059375 0.749959790625 0.1823059375 0.749959790625 0.19253708593750002 0.753362759375 0.19253708593750002 0.753362759375 0.1823059375
0 0.7554374656249999 0.1898868265625 0.758502640625 0.1898868265625 0.758502640625 0.17998930156249998 0.7554374656249999 0.17998930156249998 0.7554374656249999 0.1898868265625
0 0.7646329890625 0.1915549484375 0.7676981640625 0.1915549484375 0.7676981640625 0.1835479625 0.7646329890625 0.1835479625 0.7646329890625 0.1915549484375
0 0.7708258921875 0.1996731421875 0.7770187953125001 0.1996731421875 0.7770187953125001 0.188107496875 0.7708258921875 0.188107496875 0.7708258921875 0.1996731421875
0 0.7729527484375 0.1859945421875 0.7763306953125 0.1859945421875 0.7763306953125 0.176430640625 0.7729527484375 0.176430640625 0.7729527484375 0.1859945421875
0 0.7788954328125 0.1815462171875 0.7813350609375 0.1815462171875 0.7813350609375 0.1755409765625 0.7788954328125 0.1755409765625 0.7788954328125 0.1815462171875
0 0.8173919703125 0.3132764796875 0.8146635609375 0.3132764796875 0.8114758343750001 0.3132764796875 0.8114758343750001 0.33606456093750003 0.8173919703125 0.33606456093750003 0.8173919703125 0.3132764796875
0 0.7995027015625 0.3355637234375 0.8052779765625001 0.3355637234375 0.8052779765625001 0.30876894843749997 0.7995027015625 0.30876894843749997 0.7995027015625 0.3355637234375
0 0.8000661421874999 0.3137773171875 0.8052779765625001 0.3137773171875 0.8052779765625001 0.289486725 0.8000661421874999 0.289486725 0.8000661421874999 0.3137773171875
0 0.81006723125 0.2937438390625 0.8052779765625001 0.2937438390625 0.8052779765625001 0.3150294078125 0.81006723125 0.3150294078125 0.81006723125 0.2937438390625
0 0.8091824015625001 0.3120901984375 0.8139135078124999 0.3120901984375 0.8139135078124999 0.29506334375 0.8091824015625001 0.29506334375 0.8091824015625001 0.3120901984375
0 0.8137981140624999 0.3088079125 0.817663775 0.3088079125 0.817663775 0.2886013453125 0.8137981140624999 0.2886013453125 0.8137981140624999 0.3088079125
0 0.8209524703125 0.29731991562500004 0.8167983281250001 0.29731991562500004 0.8167983281250001 0.3120901984375 0.8209524703125 0.3120901984375 0.8209524703125 0.29731991562500004
0 0.8125433328125 0.2840262515625 0.8185437609375 0.2840262515625 0.8185437609375 0.263819684375 0.8125433328125 0.263819684375 0.8125433328125 0.2840262515625
0 0.8482083640625 0.32479904375 0.852870234375 0.32479904375 0.852870234375 0.305105334375 0.8482083640625 0.305105334375 0.8482083640625 0.32479904375
0 0.8422540937499999 0.32512727343750003 0.847700634375 0.32512727343750003 0.847700634375 0.3014127640625 0.8422540937499999 0.3014127640625 0.8422540937499999 0.32512727343750003
0 0.8624451265624999 0.35728195937499996 0.86992763125 0.35728195937499996 0.86992763125 0.3290748234375 0.8624451265624999 0.3290748234375 0.8624451265624999 0.35728195937499996
0 0.88218811875 0.38132213125000003 0.8875971578125 0.38132213125000003 0.8875971578125 0.35151231875 0.88218811875 0.35151231875 0.88218811875 0.38132213125000003
0 0.892194840625 0.3553587453125 0.8875971578125 0.3553587453125 0.8875971578125 0.37827704375 0.892194840625 0.37827704375 0.892194840625 0.3553587453125
0 0.8576969265625 0.31941931874999996 0.8616779781249999 0.31941931874999996 0.8616779781249999 0.2999307515625 0.8576969265625 0.2999307515625 0.8576969265625 0.31941931874999996
0 0.86687065625 0.2999307515625 0.8616779781249999 0.2999307515625 0.8616779781249999 0.31900903281250004 0.86687065625 0.31900903281250004 0.86687065625 0.2999307515625
0 0.870043959375 0.300956465625 0.8662359953125 0.300956465625 0.8662359953125 0.3198296046875 0.870043959375 0.3198296046875 0.870043959375 0.300956465625
0 0.8708517078125 0.32198360312499996 0.8787561171875 0.32198360312499996 0.8787561171875 0.30618760625 0.8708517078125 0.30618760625 0.8708517078125 0.32198360312499996
0 0.882506384375 0.33152274375 0.88879529375 0.33152274375 0.88879529375 0.3092647484375 0.882506384375 0.3092647484375 0.882506384375 0.33152274375
0 0.8926799640624999 0.3336941296875 0.896003278125 0.3336941296875 0.896003278125 0.31613390468749997 0.8926799640624999 0.31613390468749997 0.8926799640624999 0.3336941296875
0 0.8966494781250001 0.3326273859375 0.89941890625 0.3326273859375 0.89941890625 0.318349446875 0.8966494781250001 0.318349446875 0.8966494781250001 0.3326273859375
0 0.9006189906250001 0.3126054484375 0.8966494781250001 0.3126054484375 0.8966494781250001 0.3286065875 0.9006189906250001 0.3286065875 0.9006189906250001 0.3126054484375
0 0.9010805625 0.327129559375 0.90468081875 0.327129559375 0.90468081875 0.3098975640625 0.9010805625 0.3098975640625 0.9010805625 0.327129559375
0 0.9106350890625 0.309487278125 0.9057885906250001 0.309487278125 0.9057885906250001 0.327786015625 0.9106350890625 0.327786015625 0.9106350890625 0.309487278125
0 0.9037454453125001 0.352059628125 0.9103264421875 0.352059628125 0.9103264421875 0.328500259375 0.9037454453125001 0.328500259375 0.9037454453125001 0.352059628125
0 0.9159397265625 0.31982970625 0.9106350890625 0.31982970625 0.9106350890625 0.336175484375 0.9159397265625 0.336175484375 0.9159397265625 0.31982970625
0 0.919669221875 0.3332214296875 0.9243587874999999 0.3332214296875 0.9243587874999999 0.310901890625 0.919669221875 0.310901890625 0.919669221875 0.3332214296875
0 0.941269875 0.40233578750000004 0.948662228125 0.40233578750000004 0.948662228125 0.37044249218749997 0.941269875 0.37044249218749997 0.941269875 0.40233578750000004
0 0.9778710374999999 0.38390498906250003 0.98400128125 0.38390498906250003 0.98400128125 0.35842240468750003 0.9778710374999999 0.35842240468750003 0.9778710374999999 0.38390498906250003
0 0.92991089375 0.3651536546875 0.935590384375 0.3651536546875 0.935590384375 0.3390299984375 0.92991089375 0.3390299984375 0.92991089375 0.3651536546875
0 0.9457774062500001 0.3420750875 0.939106259375 0.3420750875 0.939106259375 0.363550975 0.9457774062500001 0.363550975 0.9457774062500001 0.3420750875
0 0.931353303125 0.3439983015625 0.9381146015624999 0.3439983015625 0.9381146015624999 0.3262085734375 0.931353303125 0.3262085734375 0.931353303125 0.3439983015625
0 0.9492932828124999 0.34864606875000004 0.9551530750000001 0.34864606875000004 0.9551530750000001 0.3262085734375 0.9492932828124999 0.3262085734375 0.9492932828124999 0.34864606875000004
0 0.9430728875 0.3472036578125 0.9483917765625 0.3472036578125 0.9483917765625 0.32556750156250003 0.9430728875 0.32556750156250003 0.9430728875 0.3472036578125
0 0.9593000046875 0.35040901562500004 0.965159796875 0.35040901562500004 0.965159796875 0.3252469671875 0.9593000046875 0.3252469671875 0.9593000046875 0.35040901562500004
0 0.9776755203124999 0.3475389390625 0.9827712671875 0.3475389390625 0.9827712671875 0.3296833078125 0.9776755203124999 0.3296833078125 0.9776755203124999 0.3475389390625
0 0.9736506171875 0.34707941875000003 0.9776755203124999 0.34707941875000003 0.9776755203124999 0.328436040625 0.9736506171875 0.328436040625 0.9736506171875 0.34707941875000003
0 0.9679271328125001 0.3482610421875 0.972875178125 0.3482610421875 0.972875178125 0.325613275 0.9679271328125001 0.325613275 0.9679271328125001 0.3482610421875
0 0.9691826062499999 0.3325060734375 0.9750537937499999 0.3325060734375 0.9750537937499999 0.3160946484375 0.9691826062499999 0.3160946484375 0.9691826062499999 0.3325060734375
0 0.9518177375000001 0.3195246453125 0.9581394171875001 0.3195246453125 0.9581394171875001 0.2966799421875 0.9518177375000001 0.2966799421875 0.9518177375000001 0.3195246453125
0 0.9484205718750001 0.31500822031250003 0.9531175218750001 0.31500822031250003 0.9531175218750001 0.2963648421875 0.9484205718750001 0.2963648421875 0.9484205718750001 0.31500822031250003
0 0.9172243578125 0.29283116875 0.9212861859375 0.29283116875 0.9212861859375 0.273662625 0.9172243578125 0.273662625 0.9172243578125 0.29283116875
0 0.9251264593750002 0.2745816640625 0.9202153390625 0.2745816640625 0.9202153390625 0.291649546875 0.9251264593750002 0.291649546875 0.9251264593750002 0.2745816640625
0 0.8408855031249999 0.2908030890625 0.8544372375 0.2908030890625 0.8544372375 0.250627921875 0.8408855031249999 0.250627921875 0.8408855031249999 0.2908030890625
0 0.8599391671875001 0.2688774265625 0.86422255 0.2688774265625 0.86422255 0.24911806875 0.8599391671875001 0.24911806875 0.8599391671875001 0.2688774265625
0 0.8688382625 0.2522034171875 0.8645179546874999 0.2522034171875 0.8645179546874999 0.2688117796875 0.8688382625 0.2688117796875 0.8688382625 0.2522034171875
0 0.8017898421874999 0.2544529453125 0.8058885953124999 0.2544529453125 0.8058885953124999 0.23364325937500002 0.8017898421874999 0.23364325937500002 0.8017898421874999 0.2544529453125
0 0.8057408921875 0.2459190046875 0.809211909375 0.2459190046875 0.809211909375 0.23134565937499998 0.8057408921875 0.23134565937499998 0.8057408921875 0.2459190046875
0 0.812202890625 0.2299671 0.8086210968750001 0.2299671 0.8086210968750001 0.2457877125 0.812202890625 0.2457877125 0.812202890625 0.2299671
0 0.8250530359375 0.246378525 0.8284502015624999 0.246378525 0.8284502015624999 0.2354813390625 0.8250530359375 0.2354813390625 0.8250530359375 0.246378525
0 0.831145778125 0.2325272828125 0.8283763499999999 0.2325272828125 0.8283763499999999 0.2485448328125 0.831145778125 0.2485448328125 0.831145778125 0.2325272828125
0 0.8018633484375 0.18280959218749998 0.804233415625 0.18280959218749998 0.804233415625 0.1766602265625 0.8018633484375 0.1766602265625 0.8018633484375 0.18280959218749998
0 0.805866840625 0.1829804078125 0.8086852999999999 0.1829804078125 0.8086852999999999 0.1733577890625 0.805866840625 0.1733577890625 0.805866840625 0.1829804078125
0 0.8105108921875 0.1893575265625 0.813297325 0.1893575265625 0.813297325 0.1792794 0.8105108921875 0.1792794 0.8105108921875 0.1893575265625
0 0.8145143859375 0.190097728125 0.8193826328125 0.190097728125 0.8193826328125 0.178710015625 0.8145143859375 0.178710015625 0.8145143859375 0.190097728125
0 0.82726719375 0.18666635 0.8297093249999999 0.18666635 0.8297093249999999 0.176844446875 0.82726719375 0.176844446875 0.82726719375 0.18666635
0 0.8314708625 0.18958445 0.8345935859375 0.18958445 0.8345935859375 0.17976254687499998 0.8314708625 0.17976254687499998 0.8314708625 0.18958445
0 0.8372759265624999 0.1874492546875 0.8395579187500001 0.1874492546875 0.8395579187500001 0.179050815625 0.8372759265624999 0.179050815625 0.8372759265624999 0.1874492546875
0 0.847965253125 0.191719646875 0.850607559375 0.191719646875 0.850607559375 0.18218243750000002 0.847965253125 0.18218243750000002 0.847965253125 0.191719646875
0 0.8532898984375 0.18218243750000002 0.850607559375 0.18218243750000002 0.850607559375 0.19186199375 0.8532898984375 0.19186199375 0.8532898984375 0.18218243750000002
0 0.8503673484375 0.18139953125 0.8545710171875001 0.18139953125 0.8545710171875001 0.17463807656250002 0.8503673484375 0.17463807656250002 0.8503673484375 0.18139953125
0 0.8550914703125001 0.1925025515625 0.8579739859375 0.1925025515625 0.8579739859375 0.18396176718749999 0.8550914703125001 0.18396176718749999 0.8550914703125001 0.1925025515625
0 0.850586096875 0.2394941671875 0.8541632734375 0.2394941671875 0.8541632734375 0.22359559999999998 0.850586096875 0.22359559999999998 0.850586096875 0.2394941671875
0 0.8635677890625001 0.22790359843750002 0.8663949140625 0.22790359843750002 0.8663949140625 0.2156976 0.8635677890625001 0.2156976 0.8635677890625001 0.22790359843750002
0 0.8704336640625 0.214569315625 0.8665103078125 0.214569315625 0.8665103078125 0.22872416874999998 0.8704336640625 0.22872416874999998 0.8704336640625 0.214569315625
0 0.8964366281249999 0.2650931609375 0.901268703125 0.2650931609375 0.901268703125 0.24547638125 0.8964366281249999 0.24547638125 0.8964366281249999 0.2650931609375
0 0.9129522281250001 0.262657090625 0.9219672937500001 0.262657090625 0.9219672937500001 0.23842459531250002 0.9129522281250001 0.23842459531250002 0.9129522281250001 0.262657090625
0 0.9340656625000001 0.258130990625 0.9388660046874999 0.258130990625 0.9388660046874999 0.2401604796875 0.9340656625000001 0.2401604796875 0.9340656625000001 0.258130990625
0 0.9423277890625 0.24155545156249997 0.946112675 0.24155545156249997 0.946112675 0.22473374062499998 0.9423277890625 0.22473374062499998 0.9423277890625 0.24155545156249997
0 0.9270036218750001 0.24212985156250003 0.9300038359375 0.24212985156250003 0.9300038359375 0.229903340625 0.9270036218750001 0.229903340625 0.9270036218750001 0.24212985156250003
0 0.9307885062499999 0.2408169375 0.934573390625 0.2408169375 0.934573390625 0.22744162656250003 0.9307885062499999 0.22744162656250003 0.9307885062499999 0.2408169375
0 0.9326347921875 0.237534653125 0.9367889328124999 0.237534653125 0.9367889328124999 0.22358494062499998 0.9326347921875 0.22358494062499998 0.9326347921875 0.237534653125
0 0.8676408875 0.20040297499999998 0.877389275 0.20040297499999998 0.877389275 0.182494828125 0.8676408875 0.182494828125 0.8676408875 0.20040297499999998
0 0.8718651890625001 0.182494828125 0.8757350031250001 0.182494828125 0.8757350031250001 0.17508999375 0.8718651890625001 0.17508999375 0.8718651890625001 0.182494828125
0 0.8801660874999999 0.192210390625 0.8843903875000001 0.192210390625 0.8843903875000001 0.18301999375 0.8801660874999999 0.18301999375 0.8801660874999999 0.192210390625
0 0.8799443828125 0.2034009953125 0.88452316875 0.2034009953125 0.88452316875 0.197519140625 0.8799443828125 0.197519140625 0.8799443828125 0.2034009953125
0 0.8887474703125001 0.21800059843750003 0.893651203125 0.21800059843750003 0.893651203125 0.205239075 0.8887474703125001 0.205239075 0.8887474703125001 0.21800059843750003
0 0.8930899328125002 0.2100180828125 0.9177267640625001 0.2100180828125 0.9177267640625001 0.186910796875 0.8930899328125002 0.186910796875 0.8930899328125002 0.2100180828125
0 0.9242178046875 0.2027945109375 0.9280950046875001 0.2027945109375 0.9280950046875001 0.19130651406250002 0.9242178046875 0.19130651406250002 0.9242178046875 0.2027945109375
0 0.9305413328124998 0.1977890265625 0.9350185734375 0.1977890265625 0.9350185734375 0.18703954218750002 0.9305413328124998 0.18703954218750002 0.9305413328124998 0.1977890265625
0 0.9444346296875 0.2013995390625 0.9484502984375001 0.2013995390625 0.9484502984375001 0.1911424 0.9444346296875 0.1911424 0.9444346296875 0.2013995390625
0 0.9378341593750001 0.2068973671875 0.9433730140625001 0.2068973671875 0.9433730140625001 0.1933579421875 0.9378341593750001 0.1933579421875 0.9378341593750001 0.2068973671875
0 0.9568351906250001 0.2092267390625 0.9616355328124999 0.2092267390625 0.9616355328124999 0.19732845625 0.9568351906250001 0.19732845625 0.9568351906250001 0.2092267390625
0 0.9646357453124998 0.21767862343750002 0.9781136281249999 0.21767862343750002 0.9781136281249999 0.1957693703125 0.9646357453124998 0.1957693703125 0.9646357453124998 0.21767862343750002
0 0.9800341453125 0.2345987171875 0.9849821890625 0.2345987171875 0.9849821890625 0.2210100578125 0.9800341453125 0.2210100578125 0.9800341453125 0.2345987171875
0 0.997426153125 0.20177586875000003 0.9863484406249998 0.20177586875000003 0.9863484406249998 0.23604292187499998 0.997426153125 0.23604292187499998 0.997426153125 0.20177586875000003
0 0.9793113312500001 0.28281863125 0.9848646109375 0.28281863125 0.9848646109375 0.2621761359375 0.9793113312500001 0.2621761359375 0.9793113312500001 0.28281863125
0 0.9918603015624999 0.2955118421875 0.9974857015625 0.2955118421875 0.9974857015625 0.2775618453125 0.9918603015624999 0.2775618453125 0.9918603015624999 0.2955118421875
