0 0.24793239687500002 0.432617084375 0.2580943515625 0.432617084375 0.2580943515625 0.4176183546875 0.24793239687500002 0.4176183546875 0.24793239687500002 0.432617084375
0 0.4712218234375 0.77542291875 0.4745820625 0.77542291875 0.4745820625 0.7670859140624999 0.4712218234375 0.7670859140624999 0.4712218234375 0.77542291875
0 0.46420593906249996 0.7562543734375 0.467935434375 0.7562543734375 0.467935434375 0.749230284375 0.46420593906249996 0.749230284375 0.46420593906249996 0.7562543734375
0 0.504738746875 0.47470765156250005 0.5117777109375 0.47470765156250005 0.5117777109375 0.45747565625000003 0.504738746875 0.45747565625000003 0.504738746875 0.47470765156250005
0 0.5251055828125 0.43521766093750003 0.5289712421874999 0.43521766093750003 0.5289712421874999 0.42803766249999997 0.5251055828125 0.42803766249999997 0.5251055828125 0.43521766093750003
0 0.46972713125 0.1876530546875 0.48536263437500005 0.1876530546875 0.48536263437500005 0.15635074531249998 0.46972713125 0.15635074531249998 0.46972713125 0.1876530546875
0 0.5490315296875 0.20718569375 0.5619906859375 0.20718569375 0.5619906859375 0.1618599515625 0.5490315296875 0.1618599515625 0.5490315296875 0.20718569375
0 0.5027292437499999 0.039502153125 0.5108067421875 0.039502153125 0.5108067421875 0.014628587500000002 0.5027292437499999 0.014628587500000002 0.5027292437499999 0.039502153125
0 0.5868088218749999 0.48607615156249995 0.5922178609375 0.48607615156249995 0.5922178609375 0.46915187031250005 0.5868088218749999 0.46915187031250005 0.5868088218749999 0.48607615156249995
0 0.5995020328125 0.4723572265625 0.5932275484375 0.4723572265625 0.5932275484375 0.49082007968749997 0.5995020328125 0.49082007968749997 0.5995020328125 0.4723572265625
0 0.584227015625 0.6602335828125 0.593206865625 0.6602335828125 0.593206865625 0.6386349890624999 0.584227015625 0.6386349890624999 0.584227015625 0.6602335828125
0 0.525891240625 0.8931008640625 0.5196708453125 0.8931008640625 0.5196708453125 0.9102495218750001 0.525891240625 0.9102495218750001 0.525891240625 0.8931008640625
0 0.529947496875 0.8785830203125 0.539769734375 0.8785830203125 0.539769734375 0.8588236640625 0.529947496875 0.8588236640625 0.529947496875 0.8785830203125
0 0.5686624499999999 0.7997859609375 0.5795526484375 0.7997859609375 0.5795526484375 0.7695273968749999 0.5686624499999999 0.7695273968749999 0.5686624499999999 0.7997859609375
0 0.6125940359375 0.4177364984375 0.61890458125 0.4177364984375 0.61890458125 0.4041137328125 0.6125940359375 0.4041137328125 0.6125940359375 0.4177364984375
0 0.6751948671875 0.24939533749999998 0.6842099328125 0.24939533749999998 0.6842099328125 0.23236688125 0.6751948671875 0.23236688125 0.6751948671875 0.24939533749999998
0 0.6712507765625 0.23612315781249998 0.6787163765625001 0.23612315781249998 0.6787163765625001 0.21884428437499998 0.6712507765625 0.21884428437499998 0.6712507765625 0.23612315781249998
0 0.6603187562499999 0.0371434609375 0.669342625 0.0371434609375 0.669342625 0.0199271921875 0.6603187562499999 0.0199271921875 0.6603187562499999 0.0371434609375
0 0.6822953 0.613650459375 0.688017753125 0.613650459375 0.688017753125 0.5964341890625 0.6822953 0.5964341890625 0.6822953 0.613650459375
0 0.691434146875 0.5598453906249999 0.7068499078125 0.5598453906249999 0.7068499078125 0.530836915625 0.691434146875 0.530836915625 0.691434146875 0.5598453906249999
0 0.6908030921874999 0.5197784359375001 0.69981815625 0.5197784359375001 0.69981815625 0.5042324578125 0.6908030921874999 0.5042324578125 0.6908030921874999 0.5197784359375001
0 0.682612065625 0.455311040625 0.6888324609375001 0.455311040625 0.6888324609375001 0.44216907968749997 0.682612065625 0.44216907968749997 0.682612065625 0.455311040625
0 0.70208464375 0.414525871875 0.7132407875 0.414525871875 0.7132407875 0.3984990890625 0.70208464375 0.3984990890625 0.70208464375 0.414525871875
0 0.6992674359375 0.43275633593749996 0.7078317484375 0.43275633593749996 0.7078317484375 0.414525871875 0.6992674359375 0.414525871875 0.6992674359375 0.43275633593749996
0 0.7292425265625 0.397497415625 0.734651565625 0.397497415625 0.734651565625 0.3808696296875 0.7292425265625 0.3808696296875 0.7292425265625 0.397497415625
0 0.7408494234375 0.3838746515625 0.7330739296875 0.3838746515625 0.7330739296875 0.40470946874999997 0.7408494234375 0.40470946874999997 0.7408494234375 0.3838746515625
0 0.7228258125 0.2697272609375 0.73078791875 0.2697272609375 0.73078791875 0.25588012187500003 0.7228258125 0.25588012187500003 0.7228258125 0.2697272609375
0 0.72432591875 0.2624446921875 0.733845828125 0.2624446921875 0.733845828125 0.24634098125 0.72432591875 0.24634098125 0.72432591875 0.2624446921875
0 0.73111388125 0.21487790156250003 0.74680009375 0.21487790156250003 0.74680009375 0.19468415625 0.73111388125 0.19468415625 0.73111388125 0.21487790156250003
0 0.7383259328125 0.19051719375 0.746259190625 0.19051719375 0.746259190625 0.1751314828125 0.7383259328125 0.1751314828125 0.7383259328125 0.19051719375
0 0.74148120625 0.1587841640625 0.7473409984375 0.1587841640625 0.7473409984375 0.14484086406250002 0.74148120625 0.14484086406250002 0.74148120625 0.1587841640625
0 0.73976834375 0.13346185 0.7486932578125 0.13346185 0.7486932578125 0.11519131875 0.73976834375 0.11519131875 0.73976834375 0.13346185
0 0.741841809375 0.11070381874999999 0.752299284375 0.11070381874999999 0.752299284375 0.0946770375 0.741841809375 0.0946770375 0.741841809375 0.11070381874999999
0 0.727057103125 0.1034917671875 0.732285840625 0.1034917671875 0.732285840625 0.08874712812499999 0.727057103125 0.08874712812499999 0.727057103125 0.1034917671875
0 0.77808236875 0.1611881828125 0.7883595437500001 0.1611881828125 0.7883595437500001 0.146283275 0.77808236875 0.146283275 0.77808236875 0.1611881828125
0 0.772630215625 0.2059374171875 0.7807296890625001 0.2059374171875 0.7807296890625001 0.191851378125 0.772630215625 0.191851378125 0.772630215625 0.2059374171875
0 0.771886484375 0.057873973437500004 0.782848803125 0.057873973437500004 0.782848803125 0.0417702640625 0.771886484375 0.0417702640625 0.771886484375 0.057873973437500004
0 0.7742520374999999 0.0307951234375 0.7825603203125 0.0307951234375 0.7825603203125 0.01664026875 0.7742520374999999 0.01664026875 0.7742520374999999 0.0307951234375
0 0.7550968265625 0.0224868390625 0.762020396875 0.0224868390625 0.762020396875 0.0124348421875 0.7550968265625 0.0124348421875 0.7550968265625 0.0224868390625
0 0.7540582921875 0.03592369375 0.759193271875 0.03592369375 0.759193271875 0.025871696875 0.7540582921875 0.025871696875 0.7540582921875 0.03592369375
0 0.7598279328124999 0.0553096890625 0.7676746453125001 0.0553096890625 0.7676746453125001 0.0409496921875 0.7598279328124999 0.0409496921875 0.7598279328124999 0.0553096890625
0 0.7534813265625 0.07233654218749999 0.7621357890625 0.07233654218749999 0.7621357890625 0.052232546874999994 0.7534813265625 0.052232546874999994 0.7534813265625 0.07233654218749999
0 0.8542727328125 0.6675069375 0.8713520546875 0.6675069375 0.8713520546875 0.63996090625 0.8542727328125 0.63996090625 0.8542727328125 0.6675069375
0 0.7921758171875 0.9520064609375 0.7985916578125 0.9520064609375 0.7985916578125 0.938302921875 0.7921758171875 0.938302921875 0.7921758171875 0.9520064609375
0 0.8078692421874999 0.9605404015625 0.8131773109375 0.9605404015625 0.8131773109375 0.94503160625 0.8078692421874999 0.94503160625 0.8078692421874999 0.9605404015625
0 0.95626970625 0.6805184890625 0.9732856406250001 0.6805184890625 0.9732856406250001 0.653072625 0.95626970625 0.653072625 0.95626970625 0.6805184890625
0 0.870706303125 0.4311862609375 0.8800030874999999 0.4311862609375 0.8800030874999999 0.41741324375 0.870706303125 0.41741324375 0.870706303125 0.4311862609375
0 0.8653536078125 0.4587322921875 0.8763407171875001 0.4587322921875 0.8763407171875001 0.4386988140625 0.8653536078125 0.4386988140625 0.8653536078125 0.4587322921875
0 0.8887929703124999 0.3451624140625 0.896962871875 0.3451624140625 0.896962871875 0.33264149062500004 0.8887929703124999 0.33264149062500004 0.8887929703124999 0.3451624140625
0 0.8990757781250001 0.327132284375 0.9062596578125 0.327132284375 0.9062596578125 0.316113871875 0.8990757781250001 0.316113871875 0.8990757781250001 0.327132284375
0 0.8923144796875 0.3038433671875 0.8999209406249999 0.3038433671875 0.8999209406249999 0.293826628125 0.8923144796875 0.293826628125 0.8923144796875 0.3038433671875
0 0.8918918984375 0.3223743328125 0.8978080343749999 0.3223743328125 0.8978080343749999 0.3121071765625 0.8918918984375 0.3121071765625 0.8918918984375 0.3223743328125
0 0.8859757625 0.3373994421875 0.8906241546875 0.3373994421875 0.8906241546875 0.32763312187500004 0.8859757625 0.32763312187500004 0.8859757625 0.3373994421875
0 0.9005125546875 0.3141230453125 0.8965684640625 0.3141230453125 0.8965684640625 0.32674413593749996 0.9005125546875 0.32674413593749996 0.9005125546875 0.3141230453125
0 0.8580009234375 0.48026243125 0.86611448125 0.48026243125 0.86611448125 0.44692672343749995 0.8580009234375 0.44692672343749995 0.8580009234375 0.48026243125
0 0.8607955921875 0.44238313125 0.868079765625 0.44238313125 0.868079765625 0.4299463484375 0.8607955921875 0.4299463484375 0.8607955921875 0.44238313125
0 0.8665652343750001 0.4077652828125 0.8744263703125 0.4077652828125 0.8744263703125 0.3935335 0.8665652343750001 0.3935335 0.8665652343750001 0.4077652828125
0 0.8830281265625001 0.2609008234375 0.89231725 0.2609008234375 0.89231725 0.22192368906249998 0.8830281265625001 0.22192368906249998 0.8830281265625001 0.2609008234375
0 0.9624195421874999 0.7111132296875 0.9729779875 0.7111132296875 0.9729779875 0.696342946875 0.9624195421874999 0.696342946875 0.9624195421874999 0.7111132296875
0 0.9666942171875 0.5435238328125 0.9997254140624999 0.5435238328125 0.9997254140624999 0.44197814375 0.9666942171875 0.44197814375 0.9666942171875 0.5435238328125
