0 0.3828125 0.7796875 0.3828125 0.7265625 0.3420735546875 0.7265625 0.3420735546875 0.7796875 0.3828125 0.7796875
0 0.253681115625 0.7796875 0.2546875 0.6931990296875 0.2546875 0.6487982546875 0.23078073593749998 0.6492155484375 0.2296875 0.743168028125 0.2296875 0.7796875 0.253681115625 0.7796875
0 0.185541359375 0.6276255640625 0.18875333125 0.765625 0.2203125 0.765625 0.2203125 0.6284348718749999 0.185541359375 0.6276255640625
0 0.2984375 0.6087900703125 0.2723587703125 0.6084866171875001 0.271875 0.65006174375 0.271875 0.7484375 0.29703610468749997 0.7484375 0.2984375 0.6280018296875001 0.2984375 0.6087900703125
0 0.0850577734375 0.5684576671875 0.08567761874999999 0.675 0.1203125 0.675 0.1203125 0.5686627734374999 0.0850577734375 0.5684576671875
0 0 0.5296875 0.01151955 0.5296875 0.0125 0.473517571875 0.0125 0.446875 0 0.446875 0 0.5296875
0 0.028544559375 0.5022913250000001 0.031073326562499996 0.6109375 0.0421875 0.6109375 0.0421875 0.5022913250000001 0.028544559375 0.5022913250000001
0 0.0469784828125 0.49432279531249995 0.0478412375 0.54375 0.065625 0.54375 0.065625 0.4938887921875 0.0469784828125 0.49432279531249995
0 0.0494791671875 0.5293499671874999 0.0517418125 0.6265625 0.0640625 0.6265625 0.0640625 0.5290105359374999 0.0494791671875 0.5293499671874999
0 0.063104703125 0.5164034390625 0.06378195 0.6328125 0.078125 0.6328125 0.078125 0.5160538375 0.063104703125 0.5164034390625
0 0.3890625 0.3846091359375 0.2203125 0.3836273765625 0.2203125 0.406843296875 0.2242627578125 0.5765625 0.3890625 0.5765625 0.3890625 0.3846091359375
0 0.1859375 0.2711976515625 0.18125 0.2713340453125 0.18125 0.271633984375 0.1816905828125 0.296875 0.1859375 0.296875 0.1859375 0.2711976515625
0 0.18550126718749999 0.2726603546875 0.1851058734375 0.2953125 0.190625 0.2953125 0.190625 0.27277961093749997 0.18550126718749999 0.2726603546875
0 0.153585690625 0.2848643703125 0.15340957187499998 0.3 0.1640625 0.3 0.1640625 0.2848643703125 0.153585690625 0.2848643703125
0 0.145132903125 0.274038428125 0.1445286421875 0.3 0.1515625 0.3 0.1515625 0.2739261984375 0.145132903125 0.274038428125
0 0.13865900625 0.2613524984375 0.1380867828125 0.2859375 0.146875 0.2859375 0.146875 0.261591559375 0.13865900625 0.2613524984375
0 0.10819812656250001 0.2635402515625 0.10819812656250001 0.296875 0.1140625 0.296875 0.1140625 0.2635402515625 0.10819812656250001 0.2635402515625
0 0.11435325468749999 0.30126535468750004 0.11875 0.3013421 0.11875 0.2695785328125 0.1139835765625 0.269495334375 0.11435325468749999 0.30126535468750004
0 0.09231518125 0.2802900734375 0.09265361562499999 0.309375 0.096875 0.309375 0.096875 0.2801839421875 0.09231518125 0.2802900734375
0 0.093373234375 0.2703125 0.093373234375 0.296875 0.0984375 0.296875 0.0984375 0.2703125 0.093373234375 0.2703125
0 0.060100567187499995 0.224418459375 0.05984495468749999 0.2390625 0.0625 0.2390625 0.0625 0.224488275 0.060100567187499995 0.224418459375
0 0.068435428125 0.22388535156249997 0.068618525 0.234375 0.0703125 0.234375 0.0703125 0.22390719374999998 0.068435428125 0.22388535156249997
0 0.0721636359375 0.224600421875 0.0720475671875 0.23125 0.075 0.23125 0.075 0.22464993125000002 0.0721636359375 0.224600421875
0 0.0811831671875 0.214664815625 0.0811139484375 0.2265625 0.084375 0.2265625 0.084375 0.21470195468750003 0.0811831671875 0.214664815625
0 0.0894389828125 0.22039362499999998 0.0892226640625 0.2296875 0.0921875 0.2296875 0.0921875 0.22044160000000002 0.0894389828125 0.22039362499999998
0 0.0968168390625 0.21803867187499998 0.09702016875 0.2296875 0.0984375 0.2296875 0.0984375 0.21807639375 0.0968168390625 0.21803867187499998
0 0.1441086390625 0.21447714218749997 0.14417895 0.2265625 0.1484375 0.2265625 0.1484375 0.21450232656249998 0.1441086390625 0.21447714218749997
0 0.1716095125 0.213830428125 0.1714068171875 0.23125 0.175 0.23125 0.175 0.213889609375 0.1716095125 0.213830428125
0 0.22288296875000002 0.21203995312499999 0.22301559218749997 0.2234375 0.2265625 0.2234375 0.2265625 0.2121255953125 0.22288296875000002 0.21203995312499999
0 0.2671875 0.20577849218750002 0.2671689046875 0.204180421875 0.262744115625 0.2041546796875 0.26289576718749996 0.2171875 0.2671875 0.2171875 0.2671875 0.20577849218750002
0 0.295929584375 0.20076604531250003 0.29627543125 0.215625 0.2985730765625 0.215625 0.3 0.21560009375 0.3 0.20069499687499998 0.295929584375 0.20076604531250003
0 0.3803663625 0.199676853125 0.3801698078125 0.2109375 0.384375 0.2109375 0.384375 0.199723496875 0.3803663625 0.199676853125
0 0 0.2390625 0.0015625 0.2390625 0.0015625 0.2291581890625 0 0.2291854609375 0 0.2390625
0 0.0023069765624999998 0.2370786453125 0.0046875 0.237120196875 0.0046875 0.22724309062499998 0.0021920234375 0.2271995328125 0.0023069765624999998 0.2370786453125
0 0.0057492796875 0.2268614671875 0.0059622484375 0.2390625 0.0078125 0.2390625 0.0078125 0.2268734703125 0.0057492796875 0.2268614671875
0 0.0032103781249999998 0.21053121406250003 0.0032103781249999998 0.2203125 0.00625 0.2203125 0.00625 0.210619659375 0.0032103781249999998 0.21053121406250003
0 0.08364930781249999 0.269971021875 0.0841664015625 0.2921875 0.0875 0.2921875 0.0875 0.2700382359375 0.08364930781249999 0.269971021875
0 0.0756649453125 0.27273479375 0.07505346562500001 0.29375 0.0815944609375 0.29375 0.082205940625 0.27273479375 0.0756649453125 0.27273479375
0 0.067297775 0.26962294375 0.067750234375 0.2890625 0.0734375 0.2890625 0.0734375 0.26958722343749997 0.067297775 0.26962294375
0 0.06875 0.2723095078125 0.061062503125 0.27244369375 0.0609375 0.2767397796875 0.0609375 0.2984375 0.0679975390625 0.2984375 0.06875 0.272577065625 0.06875 0.2723095078125
0 0.0609375 0.26883185468750004 0.0531708125 0.2690126265625 0.053125 0.2709809140625 0.053125 0.2921875 0.0605148078125 0.2921875 0.0609375 0.2740269421875 0.0609375 0.26883185468750004
0 0.04375 0.292187171875 0.05 0.292187171875 0.05 0.2617180765625 0.04375 0.2617180765625 0.04375 0.292187171875
0 0.0216448546875 0.2667048546875 0.0223863234375 0.2921875 0.0265625 0.2921875 0.0265625 0.2666476328125 0.0216448546875 0.2667048546875
0 0.007782064062500001 0.2640625 0.007927509374999999 0.2890625 0.0140625 0.2890625 0.0140625 0.2640625 0.007782064062500001 0.2640625
0 0.028404975 0.331029109375 0.0359375 0.3309852859375 0.0359375 0.3003138984375 0.028940399999999998 0.30035460625 0.028404975 0.331029109375
0 0.0234813140625 0.30300104375000003 0.0234813140625 0.3296875 0.0296875 0.3296875 0.0296875 0.3031093734375 0.0234813140625 0.30300104375000003
0 0.0041844984375 0.33628568593749997 0.00595840625 0.4125 0.08125 0.4125 0.08125 0.3371824234375 0.0041844984375 0.33628568593749997
0 0.0032127515625 0.259375 0.0034582124999999997 0.2734375 0.0078125 0.2734375 0.0078125 0.259375 0.0032127515625 0.259375
0 0.0052780953125 0.2709469515625 0.0051454312500000005 0.29375 0.009375 0.29375 0.009375 0.27082774375 0.0052780953125 0.2709469515625
0 0.0024428828125 0.287383575 0.00228766875 0.3140625 0.0077545703125 0.3140625 0.0078125 0.3041051984375 0.0078125 0.2875085546875 0.0024428828125 0.287383575
0 0 0.3125 0.003125 0.3125 0.003125 0.2878149625 0 0.287869509375 0 0.3125
0 0 0.2875 0.0015625 0.2875 0.0015625 0.2734375 0.000038140625 0.2734375 0 0.27343794374999997 0 0.2875
0 0 0.2859375 0.0015625 0.2859375 0.0015625 0.27760010468749996 0 0.2775637359375 0 0.2859375
0 0.012985871874999999 0.27167350625000003 0.0132427546875 0.29375 0.01875 0.29375 0.01875 0.2715057875 0.012985871874999999 0.27167350625000003
0 0.013355612499999999 0.2659242484375 0.01317728125 0.28125 0.01875 0.28125 0.01875 0.26601840781249997 0.013355612499999999 0.2659242484375
0 0.0329854015625 0.27176041562500003 0.0337161625 0.296875 0.0390625 0.296875 0.0390625 0.2719018609375 0.0329854015625 0.27176041562500003
0 0.038392959375 0.2630150203125 0.038696049999999996 0.2890625 0.04375 0.2890625 0.04375 0.26313970625 0.038392959375 0.2630150203125
0 0.0338892859375 0.2640625 0.0342438421875 0.284375 0.0375 0.284375 0.0375 0.2640625 0.0338892859375 0.2640625
0 0.0921875 0.284702553125 0.0890625 0.284684371875 0.0890625 0.315625 0.0921875 0.315625 0.0921875 0.284702553125
0 0.017781425 0.2253932296875 0.0180995796875 0.2390625 0.021875 0.2390625 0.021875 0.22529795 0.017781425 0.2253932296875
0 0.0140625 0.22740703281250002 0.0109375 0.22737067031249997 0.0109375 0.2375 0.0140625 0.2375 0.0140625 0.22740703281250002
0 0.096875 0.2626544890625 0.096875 0.2890625 0.10099719843749999 0.2890625 0.1015625 0.264774803125 0.1015625 0.2626817625 0.096875 0.2626544890625
0 0.09962415625 0.26782475625 0.09937703125 0.2890625 0.1046875 0.2890625 0.1046875 0.26794260625 0.09962415625 0.26782475625
0 0.11837982031250001 0.3 0.1234375 0.3 0.1234375 0.27502843125 0.1218087078125 0.275 0.11837982031250001 0.275 0.11837982031250001 0.3
0 0.12733082499999998 0.2748399953125 0.1270380609375 0.3 0.134375 0.3 0.134375 0.27500395 0.12733082499999998 0.2748399953125
0 0.1321965140625 0.2721451734375 0.13204355 0.2984375 0.1375 0.2984375 0.1375 0.27211431875000003 0.1321965140625 0.2721451734375
0 0.3890625 0.2120015578125 0.3795705609375 0.2120567796875 0.3797990828125 0.221875 0.3890625 0.221875 0.3890625 0.2120015578125
0 0.263424359375 0.216870384375 0.263649946875 0.2265625 0.2671875 0.2265625 0.2671875 0.21678279531250003 0.263424359375 0.216870384375
0 0.2265625 0.225384834375 0.22279250625000002 0.22531902812500001 0.2230041671875 0.23744507656249997 0.2261507140625 0.2375 0.2265625 0.2375 0.2265625 0.225384834375
0 0.1437045328125 0.227192178125 0.1434282484375 0.2390625 0.146875 0.2390625 0.146875 0.2272475171875 0.1437045328125 0.227192178125
0 0.1 0.240625 0.1 0.23340959687499999 0.09073886875 0.2331940421875 0.090625 0.23710746249999998 0.090625 0.240625 0.1 0.240625
0 0.08185246406249999 0.22745060781249998 0.081735528125 0.2375 0.084375 0.2375 0.084375 0.22745060781249998 0.08185246406249999 0.22745060781249998
0 0.060213843749999996 0.24797539999999998 0.0703125 0.24774035 0.0703125 0.23962723281249998 0.060308273437500004 0.239860084375 0.060213843749999996 0.24797539999999998
0 0.041755426562499996 0.22647028281249998 0.041755426562499996 0.2359375 0.04375 0.2359375 0.04375 0.22651670781250002 0.041755426562499996 0.22647028281249998
0 0.036892820312500005 0.22249882968749998 0.0367364484375 0.2359375 0.040625 0.2359375 0.040625 0.2225205421875 0.036892820312500005 0.22249882968749998
0 0.0420817328125 0.2484375 0.0417634828125 0.2375 0.038312078124999996 0.2375 0.0386303265625 0.2484375 0.0420817328125 0.2484375
0 0.0033754796875 0.239328509375 0.0035072046875 0.246875 0.0140625 0.246875 0.0140625 0.239577253125 0.0033754796875 0.239328509375
0 0.588039490625 0.2300023484375 0.588119471875 0.24375 0.5953125 0.24375 0.5953125 0.22987539687499997 0.588039490625 0.2300023484375
0 0.9209487421875 0.2989363875 0.9209487421875 0.3109375 0.9276899765625 0.3109375 0.9276899765625 0.29881871875 0.9209487421875 0.2989363875
0 0.8947333515625001 0.303125 0.8947333515625001 0.3171875 0.9 0.3171875 0.9 0.303125 0.8947333515625001 0.303125
0 0.7918603671875 0.4005211328125 0.7817073765625 0.4006392734375 0.7817073765625 0.41656544375 0.7918603671875 0.416447303125 0.7918603671875 0.4005211328125
0 0.39404975468750003 0.710108896875 0.39461455624999997 0.734375 0.4046875 0.734375 0.4046875 0.7103564921875 0.39404975468750003 0.710108896875
0 0.61875 0.74941374375 0.6109375 0.7493228375000001 0.6109375 0.778125 0.61875 0.778125 0.61875 0.74941374375
0 0.6671875 0.7075681203124999 0.6565262640625 0.7077542140624999 0.65625 0.7235813656250001 0.65625 0.7296875 0.6668720406249999 0.7296875 0.6671875 0.71161486875 0.6671875 0.7075681203124999
0 0.692655521875 0.9258324468750001 0.6929415703125 0.975 0.7203125 0.975 0.7203125 0.9253496921875 0.692655521875 0.9258324468750001
0 0.6921875 0.9259612921875 0.6680271609374999 0.92582073125 0.6671875 0.9618959468749999 0.6671875 0.975 0.6915937765625 0.975 0.6921875 0.94949124375 0.6921875 0.9259612921875
