0 0.516717353125 0.25078876562499997 0.516376565625 0.2703125 0.534375 0.2703125 0.534375 0.2503777796875 0.516717353125 0.25078876562499997
0 0.37507416718750003 0.3125 0.3890625 0.3125 0.3890625 0.29391646250000003 0.38191060781249997 0.29375 0.374855990625 0.29375 0.37507416718750003 0.3125
0 0.08088821093750001 0.0182290140625 0.08088821093750001 0.034375 0.0875 0.034375 0.0875 0.018190546874999998 0.08088821093750001 0.0182290140625
0 0.025 0.0515625 0.0192286703125 0.0515625 0.0149259078125 0.0516125671875 0.014781039062500001 0.0640625 0.025 0.0640625 0.025 0.0515625
0 0.3640625 0.6119343125000001 0.3640625 0.640476796875 0.37310215156250004 0.6402137703124999 0.3734375 0.62580584375 0.3734375 0.6116615281250001 0.3640625 0.6119343125000001
0 0.9828125 0.6375 0.9828125 0.6289191984375 0.9812917328124999 0.6289634484375 0.98125 0.6307564609374999 0.98125 0.6375 0.9828125 0.6375
0 0.9776299953125 0.628507921875 0.9773912171875001 0.6421875 0.9796875 0.6421875 0.9796875 0.6284600328125001 0.9776299953125 0.628507921875
0 0.9691206453125 0.6384116093750001 0.9703125 0.63843935 0.9703125 0.631983671875 0.96904550625 0.6319541828125 0.9691206453125 0.6384116093750001
0 0.9636259046875001 0.6281524546874999 0.9636259046875001 0.6421875 0.9671875 0.6421875 0.9671875 0.6281317328125 0.9636259046875001 0.6281524546874999
0 0.955274146875 0.6298027906250001 0.95514821875 0.640625 0.95625 0.640625 0.95625 0.6297914359375 0.955274146875 0.6298027906250001
0 0.9472887968749999 0.6411588531250001 0.947497665625 0.653125 0.95 0.653125 0.95 0.6411588531250001 0.9472887968749999 0.6411588531250001
0 0.9509386531249999 0.6484092859375 0.953125 0.64842200625 0.953125 0.63486003125 0.9511753531250001 0.6348486890625 0.9509386531249999 0.6484092859375
0 0.9435252140625 0.630299915625 0.943350528125 0.6453125 0.946875 0.6453125 0.946875 0.6302219484375 0.9435252140625 0.630299915625
0 0.9386880046874999 0.6334536984375 0.9385681968749999 0.64375 0.940625 0.64375 0.940625 0.63346496875 0.9386880046874999 0.6334536984375
0 0.9353950453125 0.6304840234375 0.9351634875 0.64375 0.9375 0.64375 0.9375 0.63044728125 0.9353950453125 0.6304840234375
0 0.9291306453124999 0.6287196109375 0.9289193875 0.646875 0.9325484921875 0.646875 0.932760978125 0.6286139796875 0.9291306453124999 0.6287196109375
0 0.9251754546875001 0.6284718093749999 0.9251754546875001 0.646875 0.9280797234375001 0.646875 0.9280797234375001 0.62848870625 0.9251754546875001 0.6284718093749999
0 0.92055309375 0.6323137593749999 0.9208134359375 0.6546875 0.9234375 0.6546875 0.9234375 0.6322801953124999 0.92055309375 0.6323137593749999
0 0.9136182156249999 0.6282308390625 0.9133746015625 0.6421875 0.915625 0.6421875 0.915625 0.6282658671875 0.9136182156249999 0.6282308390625
0 0.9115200421875 0.6466594000000001 0.9125 0.6466594000000001 0.9125 0.6318073171874999 0.9111743562499999 0.6318073171874999 0.9115200421875 0.6466594000000001
0 0.9048978406250001 0.6421875 0.9053342515624999 0.6609375 0.909375 0.6609375 0.909375 0.6421875 0.9048978406250001 0.6421875
0 0.8850854671875 0.62982223125 0.884995346875 0.6453125 0.8875 0.6453125 0.8875 0.629864378125 0.8850854671875 0.62982223125
0 0.8886187046874999 0.629865453125 0.8884036234374999 0.6421875 0.890625 0.6421875 0.890625 0.6298421078125 0.8886187046874999 0.629865453125
0 0.8714948171875001 0.6325156921875 0.8716619015625 0.646875 0.8734375 0.646875 0.8734375 0.632549603125 0.8714948171875001 0.6325156921875
0 0.8678813703125 0.6484375 0.86875 0.6484375 0.86875 0.63282903125 0.86803975 0.6328125 0.8679722734374999 0.6328125 0.8678813703125 0.6484375
0 0.864512271875 0.6269035984375 0.8650134796875001 0.6484375 0.8671875 0.6484375 0.8671875 0.62695029375 0.864512271875 0.6269035984375
0 0.8620070859375 0.634628565625 0.862167765625 0.6484375 0.8640625 0.6484375 0.8640625 0.634640525 0.8620070859375 0.634628565625
0 0.8523813015625 0.645029525 0.8525845890625 0.6625 0.8546875 0.6625 0.8546875 0.6450026890625 0.8523813015625 0.645029525
0 0.8485958328125001 0.6440502875 0.8488105140625001 0.6625 0.8515625 0.6625 0.8515625 0.6439639671874999 0.8485958328125001 0.6440502875
0 0.8332954640625001 0.662287040625 0.8368047859375001 0.662287040625 0.8368047859375001 0.643560503125 0.8332954640625001 0.643560503125 0.8332954640625001 0.662287040625
0 0.8383779312499999 0.6493721875 0.84055613125 0.6493721875 0.84055613125 0.636457334375 0.8383779312499999 0.636457334375 0.8383779312499999 0.6493721875
0 0.8411611875 0.65109416875 0.8429763546875 0.65109416875 0.8429763546875 0.6338743640625 0.8411611875 0.6338743640625 0.8411611875 0.65109416875
0 0.8531412890624999 0.6396860484375 0.854593421875 0.6396860484375 0.854593421875 0.6269864421875 0.8531412890624999 0.6269864421875 0.8531412890624999 0.6396860484375
0 0.8510840999999999 0.6409775328125 0.8525362328125 0.6409775328125 0.8525362328125 0.62677119375 0.8510840999999999 0.62677119375 0.8510840999999999 0.6409775328125
0 0.848542865625 0.6392555515625 0.8510840999999999 0.6392555515625 0.8510840999999999 0.625910203125 0.848542865625 0.625910203125 0.848542865625 0.6392555515625
0 0.8290600749999999 0.6418385234375 0.832085353125 0.6418385234375 0.832085353125 0.6252644609375 0.8290600749999999 0.6252644609375 0.8290600749999999 0.6418385234375
0 0.825429740625 0.6556143671875001 0.8283340078125001 0.6556143671875001 0.8283340078125001 0.6392555515625 0.825429740625 0.6392555515625 0.825429740625 0.6556143671875001
0 0.8227674953124999 0.6478654546875 0.825429740625 0.6478654546875 0.825429740625 0.63559634375 0.8227674953124999 0.63559634375 0.8227674953124999 0.6478654546875
0 0.8253087296875 0.6349506015624999 0.8274869296875 0.6349506015624999 0.8274869296875 0.6254797078125 0.8253087296875 0.6254797078125 0.8253087296875 0.6349506015624999
0 0.800622459375 0.6683139734375001 0.8038897593750001 0.6683139734375001 0.8038897593750001 0.6474349593750001 0.800622459375 0.6474349593750001 0.800622459375 0.6683139734375001
0 0.796750103125 0.66530050625 0.800622459375 0.66530050625 0.800622459375 0.6474349593750001 0.796750103125 0.6474349593750001 0.796750103125 0.66530050625
0 0.7821077562500001 0.66594625 0.785738090625 0.66594625 0.785738090625 0.6465739703125 0.7821077562500001 0.6465739703125 0.7821077562500001 0.66594625
0 0.7770252890625 0.6672377359375 0.7802925890625 0.6672377359375 0.7802925890625 0.6467892171875 0.7770252890625 0.6467892171875 0.7770252890625 0.6672377359375
0 0.7830758453125 0.6371030765625 0.785254046875 0.6371030765625 0.785254046875 0.623972975 0.7830758453125 0.623972975 0.7830758453125 0.6371030765625
0 0.7873112359375 0.6409775328125 0.789610446875 0.6409775328125 0.789610446875 0.6295694125 0.7873112359375 0.6295694125 0.7873112359375 0.6409775328125
0 0.789610446875 0.6394708 0.7916676359375 0.6394708 0.7916676359375 0.6250492140625 0.789610446875 0.6250492140625 0.789610446875 0.6394708
0 0.79432988125 0.6558296140625 0.798081225 0.6558296140625 0.798081225 0.6381793140625 0.79432988125 0.6381793140625 0.79432988125 0.6558296140625
0 0.7991703250000001 0.636887828125 0.8015905484375001 0.636887828125 0.8015905484375001 0.6246187187500001 0.7991703250000001 0.6246187187500001 0.7991703250000001 0.636887828125
0 0.8015905484375001 0.636887828125 0.8035267265625 0.636887828125 0.8035267265625 0.6241882234375 0.8015905484375001 0.6241882234375 0.8015905484375001 0.636887828125
0 0.8023166156249999 0.6474349593750001 0.804978859375 0.6474349593750001 0.804978859375 0.6343048578125 0.8023166156249999 0.6343048578125 0.8023166156249999 0.6474349593750001
0 0.8145387390625001 0.6487264453125 0.8172009843750001 0.6487264453125 0.8172009843750001 0.6351658484375 0.8145387390625001 0.6351658484375 0.8145387390625001 0.6487264453125
0 0.8201052515624999 0.6381793140625 0.82179940625 0.6381793140625 0.82179940625 0.6244034703125 0.8201052515624999 0.6244034703125 0.8201052515624999 0.6381793140625
0 0.81248155 0.6351658484375 0.815506828125 0.6351658484375 0.815506828125 0.6250492140625 0.81248155 0.6250492140625 0.81248155 0.6351658484375
0 0.8173219953124999 0.6390403046875 0.819379184375 0.6390403046875 0.819379184375 0.6265559453125 0.8173219953124999 0.6265559453125 0.8173219953124999 0.6390403046875
0 0.8110294171875001 0.6480807015625001 0.81357065 0.6480807015625001 0.81357065 0.636887828125 0.8110294171875001 0.636887828125 0.8110294171875001 0.6480807015625001
0 0.772547878125 0.64442149375 0.7749680999999999 0.64442149375 0.7749680999999999 0.6315066406250001 0.772547878125 0.6315066406250001 0.772547878125 0.64442149375
0 0.7702486671875001 0.655183871875 0.773636978125 0.655183871875 0.773636978125 0.6383945625 0.7702486671875001 0.6383945625 0.7702486671875001 0.655183871875
0 0.7632300203125 0.662287040625 0.7651661984375 0.662287040625 0.7651661984375 0.649156940625 0.7632300203125 0.649156940625 0.7632300203125 0.662287040625
0 0.7533071078125 0.6343048578125 0.75560631875 0.6343048578125 0.75560631875 0.622681490625 0.7533071078125 0.622681490625 0.7533071078125 0.6343048578125
0 0.7591156421875 0.662287040625 0.7632300203125 0.662287040625 0.7632300203125 0.6454977312500001 0.7591156421875 0.6454977312500001 0.7591156421875 0.662287040625
0 0.757058453125 0.642484265625 0.76673934375 0.642484265625 0.76673934375 0.6228967375 0.757058453125 0.6228967375 0.757058453125 0.642484265625
0 0.7495557640625 0.66530050625 0.7571794640625 0.66530050625 0.7571794640625 0.6394708 0.7495557640625 0.6394708 0.7495557640625 0.66530050625
0 0.7495557640625 0.6394708 0.7519759859375 0.6394708 0.7519759859375 0.62784743125 0.7495557640625 0.62784743125 0.7495557640625 0.6394708
0 0.7459254296875 0.6373183250000001 0.7478616078125 0.6373183250000001 0.7478616078125 0.627632184375 0.7459254296875 0.627632184375 0.7459254296875 0.6373183250000001
0 0.7412059953125001 0.6360268390625 0.74350520625 0.6360268390625 0.74350520625 0.622681490625 0.7412059953125001 0.622681490625 0.7412059953125001 0.6360268390625
0 0.7379386953125 0.635811590625 0.74023790625 0.635811590625 0.74023790625 0.6241882234375 0.7379386953125 0.6241882234375 0.7379386953125 0.635811590625
0 0.7360025171875 0.6405470375 0.7373336390625 0.6405470375 0.7373336390625 0.6252644609375 0.7360025171875 0.6252644609375 0.7360025171875 0.6405470375
0 0.733340271875 0.63774881875 0.7360025171875 0.63774881875 0.7360025171875 0.6241882234375 0.733340271875 0.6241882234375 0.733340271875 0.63774881875
0 0.726805671875 0.6732646671875 0.7299519609375 0.6732646671875 0.7299519609375 0.6534618921875 0.726805671875 0.6534618921875 0.726805671875 0.6732646671875
0 0.731767128125 0.6534618921875 0.73358229375 0.6534618921875 0.73358229375 0.641408028125 0.731767128125 0.641408028125 0.731767128125 0.6534618921875
0 0.7289838718749999 0.6588430796875 0.7312830828125 0.6588430796875 0.7312830828125 0.6439909984375 0.7289838718749999 0.6439909984375 0.7289838718749999 0.6588430796875
0 0.7275317375 0.6392555515625 0.7318881390625 0.6392555515625 0.7318881390625 0.621605253125 0.7275317375 0.621605253125 0.7275317375 0.6392555515625
0 0.7232963484375 0.6571211 0.726805671875 0.6571211 0.726805671875 0.6401165421874999 0.7232963484375 0.6401165421874999 0.7232963484375 0.6571211
0 0.7163987140625 0.6670224875 0.7207551140625 0.6670224875 0.7207551140625 0.6450672359375 0.7163987140625 0.6450672359375 0.7163987140625 0.6670224875
0 0.7232963484375 0.6401165421874999 0.7232963484375 0.6183765390625 0.7033295125000001 0.6183765390625 0.7033295125000001 0.6401165421874999 0.7087750140625 0.6401165421874999 0.7232963484375 0.6401165421874999
0 0.71603568125 0.6426995124999999 0.70829096875 0.6426995124999999 0.70829096875 0.6665919921875 0.71603568125 0.6665919921875 0.71603568125 0.6426995124999999
0 0.7033295125000001 0.6584125843749999 0.706959846875 0.6584125843749999 0.706959846875 0.6418385234375 0.7033295125000001 0.6418385234375 0.7033295125000001 0.6584125843749999
0 0.6982470453125 0.63667258125 0.7012723234375 0.63667258125 0.7012723234375 0.6254797078125 0.6982470453125 0.6254797078125 0.6982470453125 0.63667258125
0 0.69497974375 0.661210803125 0.6993361453125 0.661210803125 0.6993361453125 0.642484265625 0.69497974375 0.642484265625 0.69497974375 0.661210803125
0 0.69292255625 0.6332286203124999 0.6954637890625001 0.6332286203124999 0.6954637890625001 0.6205290140624999 0.69292255625 0.6205290140624999 0.69292255625 0.6332286203124999
0 0.688687165625 0.6362420875 0.69183345625 0.6362420875 0.69183345625 0.621605253125 0.688687165625 0.621605253125 0.688687165625 0.6362420875
0 0.6805794203125 0.6403317890625 0.6836046984374999 0.6403317890625 0.6836046984374999 0.6250492140625 0.6805794203125 0.6250492140625 0.6805794203125 0.6403317890625
0 0.672229653125 0.6403317890625 0.6750129078125 0.6403317890625 0.6750129078125 0.628493175 0.672229653125 0.628493175 0.672229653125 0.6403317890625
0 0.6656950515625 0.6299999062499999 0.6682362859375 0.6299999062499999 0.6682362859375 0.61902228125 0.6656950515625 0.61902228125 0.6656950515625 0.6299999062499999
0 0.676828075 0.672834171875 0.6923174999999999 0.672834171875 0.6923174999999999 0.6433452562499999 0.676828075 0.6433452562499999 0.676828075 0.672834171875
0 0.65698225 0.673910409375 0.67186661875 0.673910409375 0.67186661875 0.644206246875 0.65698225 0.644206246875 0.65698225 0.673910409375
0 0.6497215828125 0.6646547640625 0.6529888828125 0.6646547640625 0.6529888828125 0.6448519890625001 0.6497215828125 0.6448519890625001 0.6497215828125 0.6646547640625
0 0.6543200062500001 0.630860896875 0.65637719375 0.630860896875 0.65637719375 0.6203137671875 0.6543200062500001 0.6203137671875 0.6543200062500001 0.630860896875
0 0.6522628171875 0.628708421875 0.6543200062500001 0.628708421875 0.6543200062500001 0.6222509953124999 0.6522628171875 0.6222509953124999 0.6522628171875 0.628708421875
0 0.648511471875 0.636887828125 0.6516577609375 0.636887828125 0.6516577609375 0.62569495625 0.648511471875 0.62569495625 0.648511471875 0.636887828125
0 0.64657529375 0.6351658484375 0.648511471875 0.6351658484375 0.648511471875 0.6265559453125 0.64657529375 0.6265559453125 0.64657529375 0.6351658484375
0 0.64439709375 0.6244034703125 0.6471803484375 0.6244034703125 0.6471803484375 0.6170850531250001 0.64439709375 0.6170850531250001 0.64439709375 0.6244034703125
0 0.6422188921875 0.6340896109375 0.6453651828125 0.6340896109375 0.6453651828125 0.623757728125 0.6422188921875 0.623757728125 0.6422188921875 0.6340896109375
0 0.644034059375 0.6655157546874999 0.64657529375 0.6655157546874999 0.64657529375 0.6461434734375 0.644034059375 0.6461434734375 0.644034059375 0.6655157546874999
0 0.6480274265625 0.6676682296875001 0.65044765 0.6676682296875001 0.65044765 0.65217040625 0.6480274265625 0.65217040625 0.6480274265625 0.6676682296875001
0 0.637378446875 0.6538923859375 0.6428239484375 0.6538923859375 0.6428239484375 0.6362420875 0.637378446875 0.6362420875 0.637378446875 0.6538923859375
0 0.62334115625 0.66982070625 0.63447418125 0.66982070625 0.63447418125 0.642484265625 0.62334115625 0.642484265625 0.62334115625 0.66982070625
0 0.61789565625 0.6629327843749999 0.6221310453125 0.6629327843749999 0.6221310453125 0.64377575 0.61789565625 0.64377575 0.61789565625 0.6629327843749999
0 0.6130552109375 0.672188428125 0.615959478125 0.672188428125 0.615959478125 0.6500179312500001 0.6130552109375 0.6500179312500001 0.6130552109375 0.672188428125
0 0.6189847562499999 0.6500179312500001 0.615959478125 0.6500179312500001 0.615959478125 0.6724036765625 0.6189847562499999 0.6724036765625 0.6189847562499999 0.6500179312500001
0 0.630238790625 0.6310761453125 0.632538003125 0.6310761453125 0.632538003125 0.6233272328125 0.630238790625 0.6233272328125 0.630238790625 0.6310761453125
0 0.6246722796874999 0.62569495625 0.6273345234375001 0.62569495625 0.6273345234375001 0.61579356875 0.6246722796874999 0.61579356875 0.6246722796874999 0.62569495625
0 0.6215259890625 0.6272016890625001 0.623704190625 0.6272016890625001 0.623704190625 0.6213900046875 0.6215259890625 0.6213900046875 0.6215259890625 0.6272016890625001
0 0.6158384671875 0.6295694125 0.61789565625 0.6295694125 0.61789565625 0.6196680234375 0.6158384671875 0.6196680234375 0.6158384671875 0.6295694125
0 0.619226778125 0.630860896875 0.6212839671875 0.630860896875 0.6212839671875 0.6205290140624999 0.619226778125 0.6205290140624999 0.619226778125 0.630860896875
0 0.6041003875000001 0.6741256578125 0.6078517328124999 0.6741256578125 0.6078517328124999 0.6500179312500001 0.6041003875000001 0.6500179312500001 0.6041003875000001 0.6741256578125
0 0.60022803125 0.67197318125 0.6025272421875 0.67197318125 0.6025272421875 0.649587434375 0.60022803125 0.649587434375 0.60022803125 0.67197318125
0 0.6037373546875 0.64829595 0.6063995984375 0.64829595 0.6063995984375 0.636887828125 0.6037373546875 0.636887828125 0.6037373546875 0.64829595
0 0.6072466765625 0.6310761453125 0.6091828546875 0.6310761453125 0.6091828546875 0.620959509375 0.6072466765625 0.620959509375 0.6072466765625 0.6310761453125
0 0.6019221875 0.63064565 0.6044634203125 0.63064565 0.6044634203125 0.6194527765625001 0.6019221875 0.6194527765625001 0.6019221875 0.63064565
0 0.6 0.6459282265625 0.6025272421875 0.6459282265625 0.6025272421875 0.636887828125 0.6 0.636887828125 0.6 0.6459282265625
0 0.8064153828125 0.663254021875 0.810375965625 0.663254021875 0.810375965625 0.641437696875 0.8064153828125 0.641437696875 0.8064153828125 0.663254021875
0 0.8352842015625 0.6423460125 0.8383779312499999 0.6423460125 0.8383779312499999 0.6283835625 0.8352842015625 0.6283835625 0.8352842015625 0.6423460125
0 0.8443603249999999 0.6497635625 0.8462409640624999 0.6497635625 0.8462409640624999 0.6324559437499999 0.8443603249999999 0.6324559437499999 0.8443603249999999 0.6497635625
0 0.84656803125 0.64685471875 0.8486638781250001 0.64685471875 0.8486638781250001 0.6314378484375001 0.84656803125 0.6314378484375001 0.84656803125 0.64685471875
0 0.875431740625 0.6513634265625 0.8807465875 0.6513634265625 0.8807465875 0.6282381203125 0.875431740625 0.6282381203125 0.875431740625 0.6513634265625
0 0.8909281203124999 0.6449918390625 0.9050550625 0.6449918390625 0.9050550625 0.6286495546875 0.8909281203124999 0.6286495546875 0.8909281203124999 0.6449918390625
0 0.9559389109375 0.6635371359375 0.9841885921875001 0.6635371359375 0.9841885921875001 0.6447273921875001 0.9559389109375 0.6447273921875001 0.9559389109375 0.6635371359375
0 0.747512546875 0.6920204625 0.8630794187499999 0.6920204625 0.8630794187499999 0.66783650625 0.747512546875 0.66783650625 0.747512546875 0.6920204625
0 0.6 0.7004008765625 0.7370605421875001 0.7004008765625 0.7370605421875001 0.674369534375 0.6 0.674369534375 0.6 0.7004008765625
0 0.860208028125 0.6763995296875001 0.9036768828125 0.6763995296875001 0.9036768828125 0.649158721875 0.860208028125 0.649158721875 0.860208028125 0.6763995296875001
0 0.9040636171875001 0.6786008078125001 0.9117209421875 0.6786008078125001 0.9117209421875 0.6615409078125 0.9040636171875001 0.6615409078125 0.9040636171875001 0.6786008078125001
0 0.9248822593749999 0.6694448703125 0.9412673874999999 0.6694448703125 0.9412673874999999 0.64743209375 0.9248822593749999 0.64743209375 0.9248822593749999 0.6694448703125
0 0.919684559375 0.6743757312499999 0.92448624375 0.6743757312499999 0.92448624375 0.6564133062499999 0.919684559375 0.6564133062499999 0.919684559375 0.6743757312499999
0 0.9555998890625 0.65432288125 0.947893003125 0.65432288125 0.947893003125 0.6704794015625 0.9555998890625 0.6704794015625 0.9555998890625 0.65432288125
