0 0.0407297578125 0.2539408265625 0.041069732812499996 0.265625 0.04375 0.265625 0.04375 0.2540111234375 0.0407297578125 0.2539408265625
0 0.0409642671875 0.2787842140625 0.0411269421875 0.284375 0.0421875 0.284375 0.0421875 0.2787770984375 0.0409642671875 0.2787842140625
0 0.0697422734375 0.2692998640625 0.0699535953125 0.2765625 0.071875 0.2765625 0.071875 0.269337090625 0.0697422734375 0.2692998640625
0 0.0620442328125 0.2691996203125 0.062129909375 0.2765625 0.0640625 0.2765625 0.0640625 0.26916439062499997 0.0620442328125 0.2691996203125
0 0.15552962343750001 0.112757059375 0.15563423125 0.11875 0.1578125 0.11875 0.1578125 0.1127836234375 0.15552962343750001 0.112757059375
0 0.135233190625 0.11869714375 0.13514166875 0.1265625 0.1375 0.1265625 0.1375 0.11869714375 0.135233190625 0.11869714375
0 0.13706033281250002 0.1125 0.13730579375000002 0.1265625 0.1390625 0.1265625 0.1390625 0.1125 0.13706033281250002 0.1125
0 0.9711906875 0.0587864921875 0.9710713203125 0.065625 0.9765625 0.065625 0.9765625 0.0588802578125 0.9711906875 0.0587864921875
0 0.9836938328125001 0.0649920765625 0.9836282375 0.06875 0.9859375 0.06875 0.9859375 0.06504429843750001 0.9836938328125001 0.0649920765625
0 0.815625 0.0578125 0.809375 0.0578125 0.809375 0.0628447109375 0.8095922906249999 0.0703125 0.815625 0.0703125 0.815625 0.0578125
0 0.848916559375 0.0868483046875 0.8490719140625 0.0921875 0.859375 0.0921875 0.859375 0.0870308578125 0.848916559375 0.0868483046875
0 0.8254753812500001 0.056510685937500006 0.8255814359375 0.065625 0.8296875 0.065625 0.8296875 0.056437162500000006 0.8254753812500001 0.056510685937500006
0 0.826545475 0.0692519625 0.8266458078125 0.075 0.8328125 0.075 0.8328125 0.0693248859375 0.826545475 0.0692519625
0 0.819183115625 0.10244669531249999 0.8189934109375001 0.11875 0.821875 0.11875 0.821875 0.10244669531249999 0.819183115625 0.10244669531249999
0 0.8394494531250001 0.09917454375 0.8397959734375 0.1140625 0.8421875 0.1140625 0.8421875 0.09925421250000001 0.8394494531250001 0.09917454375
0 0.3969527046875 0.9671875 0.3969981546875 0.975 0.4 0.975 0.4 0.9671875 0.3969527046875 0.9671875
0 0.4412354984375 0.976075065625 0.44375 0.9760604359375 0.44375 0.96773053125 0.441477915625 0.96774375 0.4412354984375 0.976075065625
0 0.26201801874999997 0.9662426734375 0.2621744640625 0.9796875 0.2640625 0.9796875 0.2640625 0.9661950875 0.26201801874999997 0.9662426734375
0 0.3268263671875 0.9471564953125 0.327045496875 0.9546875 0.328125 0.9546875 0.328125 0.9471867218749999 0.3268263671875 0.9471564953125
0 0.021210632812499998 0.9386010546874999 0.021361453125 0.9515625 0.028125 0.9515625 0.028125 0.9385608281250001 0.021210632812499998 0.9386010546874999
0 0.13125 0.97094113125 0.084375 0.9714865703125 0.084375 0.996875 0.13125 0.996875 0.13125 0.97094113125
0 0.004694512499999999 0.8859375 0.0049126875 0.9046875 0.0171875 0.9046875 0.0171875 0.8859375 0.004694512499999999 0.8859375
0 0.036097528125 0.945856290625 0.036176178125 0.959375 0.0453125 0.959375 0.0453125 0.945802678125 0.036097528125 0.945856290625
0 0.13908651875 0.997295771875 0.14450719843749998 0.997295771875 0.14450719843749998 0.9786129875 0.13908651875 0.9786129875 0.13908651875 0.997295771875
0 0.242757021875 0.9855436984375 0.25580053281250004 0.9855436984375 0.25580053281250004 0.9668609125 0.242757021875 0.9668609125 0.242757021875 0.9855436984375
0 0.19543682499999998 1 0.19543682499999998 0.9902800375 0.1837798484375 0.9902800375 0.1837798484375 1 0.19543682499999998 1
0 0.159022646875 0.9693462078125 0.1652397015625 0.9693462078125 0.1652397015625 0.9574968703125 0.159022646875 0.9574968703125 0.159022646875 0.9693462078125
0 0.22463477968749998 0.971123609375 0.23484851406249999 0.971123609375 0.23484851406249999 0.9596692484375 0.22463477968749998 0.9596692484375 0.22463477968749998 0.971123609375
0 1 0.8932670390624999 0.998892996875 0.8932605984374999 0.9991345562500001 0.9015625 1 0.9015625 1 0.8932670390624999
0 0.9984375 0.89994765 0.9983329484375 0.89395794375 0.9960457296874999 0.8939180203125 0.996179165625 0.9015625 0.9984375 0.9015625 0.9984375 0.89994765
0 0.9830595765624999 0.91875 0.9953125 0.91875 0.9953125 0.900023125 0.9913376046875001 0.9 0.9829504921875 0.9 0.9830595765624999 0.91875
0 0.9905574390624998 0.8925383468750001 0.9906260812500001 0.8984375 0.9921875 0.8984375 0.9921875 0.8925288625000001 0.9905574390624998 0.8925383468750001
0 0.9730935953125 0.8920453328125 0.9729274718750001 0.9015625 0.9796875 0.9015625 0.9796875 0.8919686062500001 0.9730935953125 0.8920453328125
0 0.9648712859374999 0.9143372421875 0.9650317203124998 0.928125 0.972914259375 0.928125 0.9727548921875 0.9144289765625 0.9648712859374999 0.9143372421875
0 0.960379425 0.8956523624999999 0.9604774421875 0.9125 0.9703125 0.9125 0.9703125 0.8955945734374999 0.960379425 0.8956523624999999
0 0.9606115515625 0.9295452937500001 0.9638431609375001 0.9295452937500001 0.9638431609375001 0.91452321875 0.9606115515625 0.91452321875 0.9606115515625 0.9295452937500001
0 0.9484454937500001 0.9292077187500001 0.951201865625 0.9292077187500001 0.951201865625 0.9123289828125 0.9484454937500001 0.9123289828125 0.9484454937500001 0.9292077187500001
0 0.9446436015625 0.9197556265625 0.9484454937500001 0.9197556265625 0.9484454937500001 0.9032144671874999 0.9446436015625 0.9032144671874999 0.9446436015625 0.9197556265625
0 0.95509880625 0.9040584031249999 0.9578551796875001 0.9040584031249999 0.9578551796875001 0.891568140625 0.95509880625 0.891568140625 0.95509880625 0.9040584031249999
0 0.9525325296875 0.9015265937500001 0.95509880625 0.9015265937500001 0.95509880625 0.8898802671875 0.9525325296875 0.8898802671875 0.9525325296875 0.9015265937500001
0 0.9428377015624999 0.90085144375 0.9454039796875 0.90085144375 0.9454039796875 0.8890363296875 0.9428377015624999 0.8890363296875 0.9428377015624999 0.90085144375
0 0.9471148312500001 0.8996699328125001 0.9498712031250001 0.8996699328125001 0.9498712031250001 0.8870108812499999 0.9471148312500001 0.8870108812499999 0.9471148312500001 0.8996699328125001
0 0.93998628125 0.9022017421875 0.9423624640625 0.9022017421875 0.9423624640625 0.8898802671875 0.93998628125 0.8898802671875 0.93998628125 0.9022017421875
0 0.9365645781249998 0.9131729203125 0.9388457140625001 0.9131729203125 0.9388457140625001 0.9018641687500001 0.9365645781249998 0.9018641687500001 0.9365645781249998 0.9131729203125
0 0.9336181109374999 0.9135104953125 0.935233915625 0.9135104953125 0.935233915625 0.9043959781249999 0.9336181109374999 0.9043959781249999 0.9336181109374999 0.9135104953125
0 0.9250638515624999 0.9273510578125 0.9286756484375001 0.9273510578125 0.9286756484375001 0.90878445 0.9250638515624999 0.90878445 0.9250638515624999 0.9273510578125
0 0.92934098125 0.8991635703125 0.9308617375000001 0.8991635703125 0.9308617375000001 0.8883611796875 0.92934098125 0.8883611796875 0.92934098125 0.8991635703125
0 0.9276301281249999 0.9005138687500001 0.929436028125 0.9005138687500001 0.929436028125 0.8897114796875 0.9276301281249999 0.8897114796875 0.9276301281249999 0.9005138687500001
0 0.919646153125 0.8988259953125001 0.9219272890625 0.8988259953125001 0.9219272890625 0.88852996875 0.919646153125 0.88852996875 0.919646153125 0.8988259953125001
0 0.9145135968750001 0.9000075078125 0.91622445 0.9000075078125 0.91622445 0.8893739046875 0.9145135968750001 0.8893739046875 0.9145135968750001 0.9000075078125
0 0.917079875 0.9104723234375001 0.9207867203125 0.9104723234375001 0.9207867203125 0.897813271875 0.917079875 0.897813271875 0.917079875 0.9104723234375001
0 0.9202164374999999 0.9325834640625 0.9225926203124999 0.9325834640625 0.9225926203124999 0.9160423062499999 0.9202164374999999 0.9160423062499999 0.9202164374999999 0.9325834640625
0 0.9175551125 0.9302204421875 0.9193610109375001 0.9302204421875 0.9193610109375001 0.917561390625 0.9175551125 0.917561390625 0.9175551125 0.9302204421875
0 0.913848265625 0.9302204421875 0.9159393062500001 0.9302204421875 0.9159393062500001 0.9160423062499999 0.913848265625 0.9160423062499999 0.913848265625 0.9302204421875
0 0.9097612312500001 0.9168862421874999 0.9127076984375 0.9168862421874999 0.9127076984375 0.9054087015625001 0.9097612312500001 0.9054087015625001 0.9097612312500001 0.9168862421874999
0 0.9073850468749999 0.9168862421874999 0.9097612312500001 0.9168862421874999 0.9097612312500001 0.9059150640624999 0.9073850468749999 0.9059150640624999 0.9073850468749999 0.9168862421874999
0 0.8982605031249999 0.9314019531250001 0.9013970656249999 0.9314019531250001 0.9013970656249999 0.9168862421874999 0.8982605031249999 0.9168862421874999 0.8982605031249999 0.9314019531250001
0 0.8953140359375 0.9303892296875 0.8982605031249999 0.9303892296875 0.8982605031249999 0.9162110921875 0.8953140359375 0.9162110921875 0.8953140359375 0.9303892296875
0 0.9000664031250001 0.9060838515625 0.9023475390625 0.9060838515625 0.9023475390625 0.8959566109375 0.9000664031250001 0.8959566109375 0.9000664031250001 0.9060838515625
0 0.896264509375 0.9052399156250001 0.8987357406250001 0.9052399156250001 0.8987357406250001 0.895112675 0.896264509375 0.895112675 0.896264509375 0.9052399156250001
0 0.8860944453125 0.9205995640625 0.8888508187499999 0.9205995640625 0.8888508187499999 0.9054087015625001 0.8860944453125 0.9054087015625001 0.8860944453125 0.9205995640625
0 0.8794411328124999 0.9300516546875001 0.8823876 0.9300516546875001 0.8823876 0.9136792828125 0.8794411328124999 0.9136792828125 0.8794411328124999 0.9300516546875001
0 0.8937932796875 0.9077717249999999 0.8953140359375 0.9077717249999999 0.8953140359375 0.8966317609375001 0.8937932796875 0.8966317609375001 0.8937932796875 0.9077717249999999
0 0.8892310078125 0.9005138687500001 0.8908468124999999 0.9005138687500001 0.8908468124999999 0.8878548187499999 0.8892310078125 0.8878548187499999 0.8892310078125 0.9005138687500001
0 0.8856192093749999 0.8964629734375 0.8881854875 0.8964629734375 0.8881854875 0.884479071875 0.8856192093749999 0.884479071875 0.8856192093749999 0.8964629734375
0 0.881817315625 0.9037208281249999 0.8848588296875001 0.9037208281249999 0.8848588296875001 0.8934248015625 0.881817315625 0.8934248015625 0.881817315625 0.9037208281249999
0 0.8736432453124999 0.92937650625 0.8765897125000001 0.92937650625 0.8765897125000001 0.9133417078124999 0.8736432453124999 0.9133417078124999 0.8736432453124999 0.92937650625
0 0.8673701218750001 0.9275198453125 0.871837346875 0.9275198453125 0.871837346875 0.9140168578125 0.8673701218750001 0.9140168578125 0.8673701218750001 0.9275198453125
0 0.8673701218750001 0.9197556265625 0.8697463046875 0.9197556265625 0.8697463046875 0.9060838515625 0.8673701218750001 0.9060838515625 0.8673701218750001 0.9197556265625
0 0.8566297734375 0.9238065234375 0.8603366187500001 0.9238065234375 0.8603366187500001 0.9082780875 0.8566297734375 0.9082780875 0.8566297734375 0.9238065234375
0 0.8598613828125 0.9028768921874999 0.8624276609375 0.9028768921874999 0.8624276609375 0.8905554171875 0.8598613828125 0.8905554171875 0.8598613828125 0.9028768921874999
0 0.8630929921874999 0.8966317609375001 0.8653741281249999 0.8966317609375001 0.8653741281249999 0.8886987546875 0.8630929921874999 0.8886987546875 0.8630929921874999 0.8966317609375001
0 0.876684759375 0.90203295625 0.8795361796875 0.90203295625 0.8795361796875 0.8905554171875 0.876684759375 0.8905554171875 0.876684759375 0.90203295625
0 0.874403625 0.8959566109375 0.876684759375 0.8959566109375 0.876684759375 0.8870108812499999 0.874403625 0.8870108812499999 0.874403625 0.8959566109375
0 0.870696778125 0.8949438875 0.8735481984375 0.8949438875 0.8735481984375 0.88751724375 0.870696778125 0.88751724375 0.870696778125 0.8949438875
0 0.8667998375 0.9023705312500001 0.869366115625 0.9023705312500001 0.869366115625 0.8920745015625 0.8667998375 0.8920745015625 0.8667998375 0.9023705312500001
0 0.8538734015625 0.8944375250000001 0.8555842531250001 0.8944375250000001 0.8555842531250001 0.88684209375 0.8538734015625 0.88684209375 0.8538734015625 0.8944375250000001
0 0.8520675015625001 0.8959566109375 0.8543486375 0.8959566109375 0.8543486375 0.88802360625 0.8520675015625001 0.88802360625 0.8520675015625001 0.8959566109375
0 0.8543486375 0.9043959781249999 0.8586257671874999 0.9043959781249999 0.8586257671874999 0.8959566109375 0.8543486375 0.8959566109375 0.8543486375 0.9043959781249999
0 0.8472200875 0.9216122875 0.8472200875 0.9096283859375 0.8396163015625 0.9096283859375 0.8396163015625 0.911822621875 0.8396163015625 0.9216122875 0.8472200875 0.9216122875
0 0.8456042828125 0.9398413203124999 0.848930940625 0.9398413203124999 0.848930940625 0.9243128859375 0.8456042828125 0.9243128859375 0.8456042828125 0.9398413203124999
0 0.8451290468749999 0.9040584031249999 0.8486457968749999 0.9040584031249999 0.8486457968749999 0.89545025 0.8451290468749999 0.89545025 0.8451290468749999 0.9040584031249999
0 0.8460795203125 0.8937623765625 0.849121034375 0.8937623765625 0.849121034375 0.8843102843749999 0.8460795203125 0.8843102843749999 0.8460795203125 0.8937623765625
0 0.8405667749999999 0.9040584031249999 0.8443686687499999 0.9040584031249999 0.8443686687499999 0.8932560125 0.8405667749999999 0.8932560125 0.8405667749999999 0.9040584031249999
0 0.8428479109375001 0.8932560125 0.8443686687499999 0.8932560125 0.8443686687499999 0.8851542203125 0.8428479109375001 0.8851542203125 0.8428479109375001 0.8932560125
0 0.8400915390625 0.8932560125 0.8428479109375001 0.8932560125 0.8428479109375001 0.8843102843749999 0.8400915390625 0.8843102843749999 0.8400915390625 0.8932560125
0 0.8335332718749999 0.8971381234375 0.8362896453124999 0.8971381234375 0.8362896453124999 0.890386628125 0.8335332718749999 0.890386628125 0.8335332718749999 0.8971381234375
0 0.8278304328124999 0.9003450828125 0.8312521374999999 0.9003450828125 0.8312521374999999 0.8859981578125 0.8278304328124999 0.8859981578125 0.8278304328124999 0.9003450828125
0 0.8261195812500001 0.9295452937500001 0.8297313796875001 0.9295452937500001 0.8297313796875001 0.9131729203125 0.8261195812500001 0.9131729203125 0.8261195812500001 0.9295452937500001
0 0.8317273734375 0.9292077187500001 0.8357193609374999 0.9292077187500001 0.8357193609374999 0.9136792828125 0.8317273734375 0.9136792828125 0.8317273734375 0.9292077187500001
0 0.834673840625 0.9332586140625001 0.838475734375 0.9332586140625001 0.838475734375 0.9121601968749999 0.834673840625 0.9121601968749999 0.834673840625 0.9332586140625001
0 0.8308719468750001 0.9224562234375 0.834673840625 0.9224562234375 0.834673840625 0.9074341499999999 0.8308719468750001 0.9074341499999999 0.8308719468750001 0.9224562234375
0 0.815569328125 0.9334274015625 0.819086078125 0.9334274015625 0.819086078125 0.9155359421875 0.815569328125 0.9155359421875 0.815569328125 0.9334274015625
0 0.8150940906249999 0.9204307765624999 0.818420746875 0.9204307765624999 0.818420746875 0.9070965765625001 0.8150940906249999 0.9070965765625001 0.8150940906249999 0.9204307765624999
0 0.81766036875 0.9096283859375 0.8213672140625 0.9096283859375 0.8213672140625 0.8964629734375 0.81766036875 0.8964629734375 0.81766036875 0.9096283859375
0 0.820226646875 0.8962941859375 0.8231731140624999 0.8962941859375 0.8231731140624999 0.884985434375 0.820226646875 0.884985434375 0.820226646875 0.8962941859375
0 0.8166148484375 0.8934248015625 0.8191811250000001 0.8934248015625 0.8191811250000001 0.883803921875 0.8166148484375 0.883803921875 0.8166148484375 0.8934248015625
0 0.8130030500000001 0.8949438875 0.8108169609375 0.8949438875 0.8108169609375 0.9070965765625001 0.8130030500000001 0.9070965765625001 0.8130030500000001 0.8949438875
0 0.810436771875 0.92937650625 0.8129080015625 0.92937650625 0.8129080015625 0.9135104953125 0.810436771875 0.9135104953125 0.810436771875 0.92937650625
0 0.8076809015624999 0.9317504234375 0.810437275 0.9317504234375 0.810437275 0.9143653265625 0.8076809015624999 0.9143653265625 0.8076809015624999 0.9317504234375
0 0.804734434375 0.891241459375 0.807015571875 0.891241459375 0.807015571875 0.88178936875 0.804734434375 0.88178936875 0.804734434375 0.891241459375
0 0.804734434375 0.9332695093750001 0.8069205234375 0.9332695093750001 0.8069205234375 0.918416221875 0.804734434375 0.918416221875 0.804734434375 0.9332695093750001
0 0.801217684375 0.9302313359374998 0.8039740562500001 0.9302313359374998 0.8039740562500001 0.9150404765625 0.801217684375 0.9150404765625 0.801217684375 0.9302313359374998
0 0.7988415 0.9288810375000001 0.801217684375 0.9288810375000001 0.801217684375 0.9145341124999999 0.7988415 0.9145341124999999 0.7988415 0.9288810375000001
0 0.79152285625 0.8930981203125 0.79465941875 0.8930981203125 0.79465941875 0.8843211796875 0.79152285625 0.8843211796875 0.79152285625 0.8930981203125
0 0.785439828125 0.8866842015625 0.7877209625 0.8866842015625 0.7877209625 0.8799327078125 0.785439828125 0.8799327078125 0.785439828125 0.8866842015625
0 0.7853447796874999 0.9008623390625001 0.7872457265625 0.9008623390625001 0.7872457265625 0.8897223734375 0.7853447796874999 0.8897223734375 0.7853447796874999 0.9008623390625001
0 0.7872457265625 0.899680828125 0.79019219375 0.899680828125 0.79019219375 0.8900599484375 0.7872457265625 0.8900599484375 0.7872457265625 0.899680828125
0 0.7945643703125 0.9297249750000001 0.7973207437500001 0.9297249750000001 0.7973207437500001 0.9140277515624999 0.7945643703125 0.9140277515624999 0.7945643703125 0.9297249750000001
0 0.790952571875 0.9385019171875 0.79418418125 0.9385019171875 0.79418418125 0.9162219875 0.790952571875 0.9162219875 0.790952571875 0.9385019171875
0 0.7847744953125 0.9371516171875001 0.789051625 0.9371516171875001 0.789051625 0.9152092625 0.7847744953125 0.9152092625 0.7847744953125 0.9371516171875001
0 0.781162696875 0.9297249750000001 0.7833487859374999 0.9297249750000001 0.7833487859374999 0.9138589640625 0.781162696875 0.9138589640625 0.781162696875 0.9297249750000001
0 0.778976609375 0.9319192093750001 0.7814478390625 0.9319192093750001 0.7814478390625 0.9147029015625 0.778976609375 0.9147029015625 0.778976609375 0.9319192093750001
0 0.7746994796875001 0.8995120390625001 0.7774558515625 0.8995120390625001 0.7774558515625 0.8888784375000001 0.7746994796875001 0.8888784375000001 0.7746994796875001 0.8995120390625001
0 0.7604423796875001 0.8942796312500001 0.7629136093750001 0.8942796312500001 0.7629136093750001 0.884827540625 0.7604423796875001 0.884827540625 0.7604423796875001 0.8942796312500001
0 0.7650046515625 0.8866842015625 0.7676659765625 0.8866842015625 0.7676659765625 0.8779072593749999 0.7650046515625 0.8779072593749999 0.7650046515625 0.8866842015625
0 0.76861645 0.8946172062500001 0.7708025390625 0.8946172062500001 0.7708025390625 0.8888784375000001 0.76861645 0.8888784375000001 0.76861645 0.8946172062500001
0 0.7578761015625 0.891747821875 0.7604423796875001 0.891747821875 0.7604423796875001 0.884658753125 0.7578761015625 0.884658753125 0.7578761015625 0.891747821875
0 0.770042159375 0.9271931640625001 0.7767905203125001 0.9271931640625001 0.7767905203125001 0.9072762578125 0.770042159375 0.9072762578125 0.770042159375 0.9271931640625001
0 0.7597770484374999 0.9386707046874999 0.763578940625 0.9386707046874999 0.763578940625 0.919935309375 0.7597770484374999 0.919935309375 0.7597770484374999 0.9386707046874999
0 0.7539791609375 0.9332695093750001 0.7576860062499999 0.9332695093750001 0.7576860062499999 0.9179098609375 0.7539791609375 0.9179098609375 0.7539791609375 0.9332695093750001
0 0.75949190625 0.919935309375 0.763578940625 0.919935309375 0.763578940625 0.9133526015625 0.75949190625 0.9133526015625 0.75949190625 0.919935309375
0 0.7442843328125 0.9133526015625 0.74789613125 0.9133526015625 0.74789613125 0.9003559765624999 0.7442843328125 0.9003559765624999 0.7442843328125 0.9133526015625
0 0.7501772671875 0.9292186125 0.7539791609375 0.9292186125 0.7539791609375 0.9114959421875 0.7501772671875 0.9114959421875 0.7501772671875 0.9292186125
0 0.7477060375000001 0.9369828312500001 0.7511277406250001 0.9369828312500001 0.7511277406250001 0.9212856078125 0.7477060375000001 0.9212856078125 0.7477060375000001 0.9369828312500001
0 0.7290767609375 0.9128462390625 0.7330687484375 0.9128462390625 0.7330687484375 0.8995120390625001 0.7290767609375 0.8995120390625001 0.7290767609375 0.9128462390625
0 0.7337340796875 0.9358013187499999 0.744474428125 0.9358013187499999 0.744474428125 0.911327153125 0.7337340796875 0.911327153125 0.7337340796875 0.9358013187499999
0 0.7258451515625 0.926180440625 0.728886665625 0.926180440625 0.728886665625 0.9111583671875 0.7258451515625 0.9111583671875 0.7258451515625 0.926180440625
0 0.72346896875 0.9295561875 0.7259401984375 0.9295561875 0.7259401984375 0.918416221875 0.72346896875 0.918416221875 0.72346896875 0.9295561875
0 0.7185265078125 0.9305689109374999 0.7225184953125 0.9305689109374999 0.7225184953125 0.9133526015625 0.7185265078125 0.9133526015625 0.7185265078125 0.9305689109374999
0 0.7135840453125001 0.9428903875 0.717576034375 0.9428903875 0.717576034375 0.9236486296875001 0.7135840453125001 0.9236486296875001 0.7135840453125001 0.9428903875
0 0.7094970109375 0.9319192093750001 0.7121583359375 0.9319192093750001 0.7121583359375 0.916390775 0.7094970109375 0.916390775 0.7094970109375 0.9319192093750001
0 0.7056951171875 0.9386707046874999 0.7093069171874999 0.9386707046874999 0.7093069171874999 0.918922584375 0.7056951171875 0.918922584375 0.7056951171875 0.9386707046874999
0 0.6977111421875 0.9324255718749999 0.7005625625 0.9324255718749999 0.7005625625 0.9179098609375 0.6977111421875 0.9179098609375 0.6977111421875 0.9324255718749999
0 0.6993269468750001 0.92179196875 0.702653603125 0.92179196875 0.702653603125 0.9015374875 0.6993269468750001 0.9015374875 0.6993269468750001 0.92179196875
0 0.7017981765625001 0.918416221875 0.7055050234375 0.918416221875 0.7055050234375 0.9030565734374999 0.7017981765625001 0.9030565734374999 0.7017981765625001 0.918416221875
0 0.692863728125 0.9211168203125 0.6977111421875 0.9211168203125 0.6977111421875 0.9060947468749999 0.692863728125 0.9060947468749999 0.692863728125 0.9211168203125
0 0.6921983968750001 0.9415400890625 0.6964755265625 0.9415400890625 0.6964755265625 0.9236486296875001 0.6921983968750001 0.9236486296875001 0.6921983968750001 0.9415400890625
0 0.6690068484375 0.9422152390624999 0.67451959375 0.9422152390624999 0.67451959375 0.9216231828125 0.6690068484375 0.9216231828125 0.6690068484375 0.9422152390624999
0 0.672428553125 0.9054195968750001 0.668816753125 0.9054195968750001 0.668816753125 0.9197665203125001 0.672428553125 0.9197665203125001 0.672428553125 0.9054195968750001
0 0.6697672265625 0.9054195968750001 0.672428553125 0.9054195968750001 0.672428553125 0.8969802296875 0.6697672265625 0.8969802296875 0.6697672265625 0.9054195968750001
0 0.683739184375 0.9155468375 0.6880163140625 0.9155468375 0.6880163140625 0.9039005109375001 0.683739184375 0.9039005109375001 0.683739184375 0.9155468375
0 0.679081865625 0.90980806875 0.6819332859375 0.90980806875 0.6819332859375 0.89529235625 0.679081865625 0.89529235625 0.679081865625 0.90980806875
0 0.6819332859375 0.9069386828124999 0.68516489375 0.9069386828124999 0.68516489375 0.8951235687500001 0.6819332859375 0.8951235687500001 0.6819332859375 0.9069386828124999
0 0.71187319375 0.919597734375 0.71500975625 0.919597734375 0.71500975625 0.9069386828124999 0.71187319375 0.9069386828124999 0.71187319375 0.919597734375
0 0.7128236671874999 0.9008623390625001 0.7149147078125 0.9008623390625001 0.7149147078125 0.8897223734375 0.7128236671874999 0.8897223734375 0.7128236671874999 0.9008623390625001
0 0.7187166015625 0.8927605468750001 0.7187166015625 0.8915790343750001 0.7164354656249999 0.8915790343750001 0.7164354656249999 0.9017062750000001 0.7187166015625 0.9017062750000001 0.7187166015625 0.8927605468750001
0 0.7187166015625 0.9017062750000001 0.7210927859374999 0.9017062750000001 0.7210927859374999 0.8925917578125 0.7187166015625 0.8925917578125 0.7187166015625 0.9017062750000001
0 0.7550074812500001 0.89183775 0.75719356875 0.89183775 0.75719356875 0.883060809375 0.7550074812500001 0.883060809375 0.7550074812500001 0.89183775
0 0.75434215 0.883060809375 0.7560530015625 0.883060809375 0.7560530015625 0.8773220390625 0.75434215 0.8773220390625 0.75434215 0.883060809375
0 0.7519659671875 0.88457989375 0.7532966296875 0.88457989375 0.7532966296875 0.8791786984375 0.7519659671875 0.8791786984375 0.7519659671875 0.88457989375
0 0.7461680796875 0.8916689625 0.7488294046874999 0.8916689625 0.7488294046874999 0.8842423203124999 0.7461680796875 0.8842423203124999 0.7461680796875 0.8916689625
0 0.7422711390625001 0.8930192609375001 0.744457228125 0.8930192609375001 0.744457228125 0.8832295953125 0.7422711390625001 0.8832295953125 0.7422711390625001 0.8930192609375001
0 0.739324671875 0.8832295953125 0.7422711390625001 0.8832295953125 0.7422711390625001 0.8769844640625 0.739324671875 0.8769844640625 0.739324671875 0.8832295953125
0 0.736188109375 0.8832295953125 0.739324671875 0.8832295953125 0.739324671875 0.8758029531249999 0.736188109375 0.8758029531249999 0.736188109375 0.8832295953125
0 0.73409706875 0.882216871875 0.736188109375 0.882216871875 0.736188109375 0.8751278031249999 0.73409706875 0.8751278031249999 0.73409706875 0.882216871875
0 0.730295175 0.8828920203124999 0.733051546875 0.8828920203124999 0.733051546875 0.8768156765625001 0.730295175 0.8768156765625001 0.730295175 0.8828920203124999
0 0.7264932828124999 0.8835671703125 0.7285843234375 0.8835671703125 0.7285843234375 0.8759717390624999 0.7264932828124999 0.8759717390624999 0.7264932828124999 0.8835671703125
0 0.7220260578125 0.8833983828124999 0.724402240625 0.8833983828124999 0.724402240625 0.8756341640624999 0.7220260578125 0.8756341640624999 0.7220260578125 0.8833983828124999
0 0.7120460875 0.8835671703125 0.7147074140624999 0.8835671703125 0.7147074140624999 0.8761405281249999 0.7120460875 0.8761405281249999 0.7120460875 0.8835671703125
0 0.7103352359375 0.8835671703125 0.7120460875 0.8835671703125 0.7120460875 0.8793474874999999 0.7103352359375 0.8793474874999999 0.7103352359375 0.8835671703125
0 0.7062482015625 0.8823856593749999 0.7083392421875001 0.8823856593749999 0.7083392421875001 0.8751278031249999 0.7062482015625 0.8751278031249999 0.7062482015625 0.8823856593749999
0 0.70092555 0.8823856593749999 0.703491828125 0.8823856593749999 0.703491828125 0.8739462906250001 0.70092555 0.8739462906250001 0.70092555 0.8823856593749999
0 0.6971236578125 0.8832295953125 0.6993097453124999 0.8832295953125 0.6993097453124999 0.8768156765625001 0.6971236578125 0.8768156765625001 0.6971236578125 0.8832295953125
0 0.6966484203125 0.895044709375 0.698834509375 0.895044709375 0.698834509375 0.8866053421875 0.6966484203125 0.8866053421875 0.6966484203125 0.895044709375
0 0.70738876875 0.88626776875 0.7052977281249999 0.88626776875 0.7052977281249999 0.8933568359375 0.70738876875 0.8933568359375 0.70738876875 0.88626776875
0 0.7194597796875 0.8925917578125 0.7210927859374999 0.8925917578125 0.7210927859374999 0.8859301937499999 0.7194597796875 0.8859301937499999 0.7194597796875 0.8925917578125
0 0.7222161515625001 0.8915001765625 0.7246873828125 0.8915001765625 0.7246873828125 0.8864365546874999 0.7222161515625001 0.8864365546874999 0.7222161515625001 0.8915001765625
0 0.7030165921875 0.8933568359375 0.7052977281249999 0.8933568359375 0.7052977281249999 0.888124428125 0.7030165921875 0.888124428125 0.7030165921875 0.8933568359375
0 0.6938920484375 0.8823856593749999 0.6959830890625 0.8823856593749999 0.6959830890625 0.8769844640625 0.6938920484375 0.8769844640625 0.6938920484375 0.8823856593749999
0 0.690792953125 0.883715315625 0.69288399375 0.883715315625 0.69288399375 0.8773013953125 0.690792953125 0.8773013953125 0.690792953125 0.883715315625
0 0.688321721875 0.8833777406250001 0.68974743125 0.8833777406250001 0.68974743125 0.876457459375 0.688321721875 0.876457459375 0.688321721875 0.8833777406250001
0 0.6855653484374999 0.882871378125 0.6875613421875 0.882871378125 0.6875613421875 0.8752759484375 0.6855653484374999 0.8752759484375 0.6855653484374999 0.882871378125
0 0.665605409375 0.9132531015625001 0.668816753125 0.9132531015625001 0.668816753125 0.9005940499999999 0.665605409375 0.9005940499999999 0.665605409375 0.9132531015625001
0 0.6834743078125001 0.882871378125 0.6855653484374999 0.882871378125 0.6855653484374999 0.8784829078125 0.6834743078125001 0.8784829078125 0.6834743078125001 0.882871378125
0 0.6614233281249999 0.9394151390625 0.6644648421875 0.9394151390625 0.6644648421875 0.9225364046875001 0.6614233281249999 0.9225364046875001 0.6614233281249999 0.9394151390625
0 0.6580966703125 0.9394151390625 0.6614233281249999 0.9394151390625 0.6614233281249999 0.9215236796875 0.6580966703125 0.9215236796875 0.6580966703125 0.9394151390625
0 0.6527740203125 0.9436348234375 0.6573362921875 0.9436348234375 0.6573362921875 0.9221988296875001 0.6527740203125 0.9221988296875001 0.6527740203125 0.9436348234375
0 0.64345938125 0.9358706046874999 0.64973250625 0.9358706046874999 0.64973250625 0.9184855093750001 0.64345938125 0.9184855093750001 0.64345938125 0.9358706046874999
0 0.6527740203125 0.9041385828124999 0.6557204875 0.9041385828124999 0.6557204875 0.8929986187499999 0.6527740203125 0.8929986187499999 0.6527740203125 0.9041385828124999
0 0.6571164953124999 0.91186060625 0.66253419375 0.91186060625 0.66253419375 0.89734489375 0.6571164953124999 0.89734489375 0.6571164953124999 0.91186060625
0 0.6783120499999999 0.8846858421875 0.6800229015625 0.8846858421875 0.6800229015625 0.879284646875 0.6783120499999999 0.879284646875 0.6783120499999999 0.8846858421875
0 0.6708983578125001 0.8855297796875 0.67317949375 0.8855297796875 0.67317949375 0.8781031359375 0.6708983578125001 0.8781031359375 0.6708983578125001 0.8855297796875
0 0.6644351390625001 0.8835043312499999 0.66652618125 0.8835043312499999 0.66652618125 0.8770904125 0.6644351390625001 0.8770904125 0.6644351390625001 0.8835043312499999
0 0.64295444375 0.9029148765624999 0.645045484375 0.9029148765624999 0.645045484375 0.8916061234375 0.64295444375 0.8916061234375 0.64295444375 0.9029148765624999
0 0.64067330625 0.9029148765624999 0.64295444375 0.9029148765624999 0.64295444375 0.8894118875 0.64067330625 0.8894118875 0.64067330625 0.9029148765624999
0 0.6365862718749999 0.89650095625 0.639247596875 0.89650095625 0.639247596875 0.8887367390625001 0.6365862718749999 0.8887367390625001 0.6365862718749999 0.89650095625
0 0.627461728125 0.8946442953125 0.6295527703125 0.8946442953125 0.6295527703125 0.887217653125 0.627461728125 0.887217653125 0.627461728125 0.8946442953125
0 0.6519297203125001 0.8811400062500001 0.653374853125 0.8811400062500001 0.653374853125 0.8758746625 0.6519297203125001 0.8758746625 0.6519297203125001 0.8811400062500001
0 0.6492138656249999 0.8807417875000001 0.6511074875 0.8807417875000001 0.6511074875 0.8751667171874999 0.6492138656249999 0.8751667171874999 0.6492138656249999 0.8807417875000001
0 0.663351653125 0.8917600734375 0.665181428125 0.8917600734375 0.665181428125 0.88678233125 0.663351653125 0.88678233125 0.663351653125 0.8917600734375
0 0.6690745671875 0.8920366156250001 0.6718386953125 0.8920366156250001 0.6718386953125 0.8863675203125 0.6690745671875 0.8863675203125 0.6690745671875 0.8920366156250001
0 0.4979840125 0.87723330625 0.501429478125 0.87723330625 0.501429478125 0.8675280328125 0.4979840125 0.8675280328125 0.4979840125 0.87723330625
0 0.52756749375 0.8759674000000001 0.5303001046875 0.8759674000000001 0.5303001046875 0.869004921875 0.52756749375 0.869004921875 0.52756749375 0.8759674000000001
0 0.4890625 0.8960951171874999 0.511884684375 0.8960951171874999 0.511884684375 0.8894703875 0.4890625 0.8894703875 0.4890625 0.8960951171874999
0 0.511647065625 0.8960951171874999 0.489667371875 0.8960951171874999 0.489667371875 0.906349121875 0.511647065625 0.906349121875 0.511647065625 0.8960951171874999
0 0.4890625 0.9332848531250001 0.49301749843750003 0.9332848531250001 0.49301749843750003 0.9174188421875 0.4890625 0.9174188421875 0.4890625 0.9332848531250001
0 0.5022370890625 0.922988825 0.505753840625 0.922988825 0.505753840625 0.9086419015625001 0.5022370890625 0.9086419015625001 0.5022370890625 0.922988825
0 0.49558377656249997 0.9282212328125 0.498625290625 0.9282212328125 0.498625290625 0.9142118828125 0.49558377656249997 0.9142118828125 0.49558377656249997 0.9282212328125
0 0.5016668046875 0.919950653125 0.4978649125 0.919950653125 0.4978649125 0.9371669624999999 0.5016668046875 0.9371669624999999 0.5016668046875 0.919950653125
0 0.500051 0.9228200390625 0.5016668046875 0.9228200390625 0.5016668046875 0.9152246078124999 0.500051 0.9152246078124999 0.500051 0.9228200390625
0 0.52343264375 0.9184315671875 0.525903875 0.9184315671875 0.525903875 0.9067852406250001 0.52343264375 0.9067852406250001 0.52343264375 0.9184315671875
0 0.5058488875 0.8875434828125 0.507749834375 0.8875434828125 0.507749834375 0.8787665406249999 0.5058488875 0.8787665406249999 0.5058488875 0.8875434828125
0 0.51783483125 0.8851277140625001 0.51941641875 0.8851277140625001 0.51941641875 0.8774580171874999 0.51783483125 0.8774580171874999 0.51783483125 0.8851277140625001
0 0.51509746875 0.8852357390625001 0.516861546875 0.8852357390625001 0.516861546875 0.8782141843750001 0.51509746875 0.8782141843750001 0.51509746875 0.8852357390625001
0 0.5091361 0.8884764546875001 0.5144891656249999 0.8884764546875001 0.5144891656249999 0.8799425671875 0.5091361 0.8799425671875 0.5091361 0.8884764546875001
0 0.525925259375 0.8930660296875 0.525925259375 0.88955669375 0.5123601046874999 0.88955669375 0.5123601046874999 0.9039238718749999 0.525925259375 0.9039238718749999 0.525925259375 0.8930660296875
0 0.52975756875 0.888044359375 0.52975756875 0.8792944234375 0.5237961999999999 0.8792944234375 0.5237961999999999 0.888044359375 0.5264987703124999 0.888044359375 0.52975756875 0.888044359375
0 0.5957051078125 0.8880551562499999 0.5957051078125 0.8672204687499999 0.556349571875 0.8672204687499999 0.556349571875 0.8880551562499999 0.590445328125 0.8880551562499999 0.5957051078125 0.8880551562499999
0 0.5957051078125 0.8804069796875 0.6184273593749999 0.8804069796875 0.6184273593749999 0.8648468953125 0.5957051078125 0.8648468953125 0.5957051078125 0.8804069796875
0 0.541349915625 0.888044359375 0.5264987703124999 0.888044359375 0.5264987703124999 0.89886809375 0.541349915625 0.89886809375 0.541349915625 0.888044359375
0 0.5444686562500001 0.8938572203125 0.5557555265625 0.8938572203125 0.5557555265625 0.8804069796875 0.5444686562500001 0.8804069796875 0.5444686562500001 0.8938572203125
0 0.6184273593749999 0.87354999375 0.64011003125 0.87354999375 0.64011003125 0.8648468953125 0.6184273593749999 0.8648468953125 0.6184273593749999 0.87354999375
0 0.641446634375 0.8698577703125 0.6604561 0.8698577703125 0.6604561 0.85904483125 0.641446634375 0.85904483125 0.641446634375 0.8698577703125
0 0.6616441921874999 0.8695940390625001 0.6983265203125001 0.8695940390625001 0.6983265203125001 0.8577261796875 0.6616441921874999 0.8577261796875 0.6616441921874999 0.8695940390625001
0 0.6983265203125001 0.8706489609375 0.743325490625 0.8706489609375 0.743325490625 0.8577261796875 0.6983265203125001 0.8577261796875 0.6983265203125001 0.8706489609375
0 0.515452984375 0.9470841234374999 0.5199202078125 0.9470841234374999 0.5199202078125 0.9254793421875 0.515452984375 0.9254793421875 0.515452984375 0.9470841234374999
0 0.52201125 0.9479280593749999 0.5258131421875001 0.9479280593749999 0.5258131421875001 0.9276735781250001 0.52201125 0.9276735781250001 0.52201125 0.9479280593749999
0 0.527048759375 0.9290238765625001 0.531706078125 0.9290238765625001 0.531706078125 0.9163648265625 0.527048759375 0.9163648265625 0.527048759375 0.9290238765625001
0 0.5394999578124999 0.9425268640625 0.5492898328125 0.9425268640625 0.5492898328125 0.9231163203125 0.5394999578124999 0.9231163203125 0.5394999578124999 0.9425268640625
0 0.544347371875 0.906406371875 0.546818603125 0.906406371875 0.546818603125 0.89695428125 0.544347371875 0.89695428125 0.544347371875 0.906406371875
0 0.5476740296875 0.92379146875 0.5519511578125 0.92379146875 0.5519511578125 0.9094445453125001 0.5476740296875 0.9094445453125001 0.5476740296875 0.92379146875
0 0.5536620109375 0.92497298125 0.5569886671875001 0.92497298125 0.5569886671875001 0.9114699937499999 0.5536620109375 0.9114699937499999 0.5536620109375 0.92497298125
0 0.5574639046875001 0.920415721875 0.5600301812499999 0.920415721875 0.5600301812499999 0.9052248609374999 0.5574639046875001 0.9052248609374999 0.5574639046875001 0.920415721875
0 0.5614558921875 0.9229475328125 0.563832075 0.9229475328125 0.563832075 0.906406371875 0.5614558921875 0.906406371875 0.5614558921875 0.9229475328125
0 0.5645924531250001 0.9197405734374999 0.5676339671874999 0.9197405734374999 0.5676339671874999 0.9065751609374999 0.5645924531250001 0.9065751609374999 0.5645924531250001 0.9197405734374999
0 0.5744773750000001 0.9101196937499999 0.5744773750000001 0.8993173046875 0.57162595625 0.8993173046875 0.57162595625 0.9101196937499999 0.57248138125 0.9101196937499999 0.5744773750000001 0.9101196937499999
0 0.5744773750000001 0.9086006093750001 0.5772337484375 0.9086006093750001 0.5772337484375 0.8993173046875 0.5744773750000001 0.8993173046875 0.5744773750000001 0.9086006093750001
0 0.5747625171874999 0.9101196937499999 0.57248138125 0.9101196937499999 0.57248138125 0.9239602578125 0.5747625171874999 0.9239602578125 0.5747625171874999 0.9101196937499999
0 0.56982005625 0.9221035953125 0.57248138125 0.9221035953125 0.57248138125 0.9109636312500001 0.56982005625 0.9109636312500001 0.56982005625 0.9221035953125
0 0.576188228125 0.9229475328125 0.5793247890625001 0.9229475328125 0.5793247890625001 0.91113241875 0.576188228125 0.91113241875 0.576188228125 0.9229475328125
0 0.5680141578125 0.9460713984375 0.57162595625 0.9460713984375 0.57162595625 0.92480419375 0.5680141578125 0.92480419375 0.5680141578125 0.9460713984375
0 0.5642122640625 0.95282289375 0.567253778125 0.95282289375 0.567253778125 0.9300366015625 0.5642122640625 0.9300366015625 0.5642122640625 0.95282289375
0 0.5580341875 0.9426956515625001 0.56269150625 0.9426956515625001 0.56269150625 0.9232851078125 0.5580341875 0.9232851078125 0.5580341875 0.9426956515625001
0 0.5928215109374999 0.8880551562499999 0.5908255171875 0.8880551562499999 0.5908255171875 0.89712306875 0.5928215109374999 0.89712306875 0.5928215109374999 0.8880551562499999
0 0.5957051078125 0.8961103453125 0.5982392078125 0.8961103453125 0.5982392078125 0.8880551562499999 0.5957051078125 0.8880551562499999 0.5957051078125 0.8961103453125
0 0.6063182312500001 0.9040433499999999 0.608409271875 0.9040433499999999 0.608409271875 0.8918906609375 0.6063182312500001 0.8918906609375 0.6063182312500001 0.9040433499999999
0 0.608409271875 0.9040433499999999 0.612211165625 0.9040433499999999 0.612211165625 0.8913842984375 0.608409271875 0.8913842984375 0.608409271875 0.9040433499999999
0 0.5888295218749999 0.914170590625 0.5918710375 0.914170590625 0.5918710375 0.9040433499999999 0.5888295218749999 0.9040433499999999 0.5888295218749999 0.914170590625
0 0.586833528125 0.9224411703125 0.590635421875 0.9224411703125 0.590635421875 0.91113241875 0.586833528125 0.91113241875 0.586833528125 0.9224411703125
0 0.596623403125 0.9118075687499999 0.6003302500000001 0.9118075687499999 0.6003302500000001 0.8991485171875 0.596623403125 0.8991485171875 0.596623403125 0.9118075687499999
0 0.6012807234374999 0.9170399765624999 0.603561859375 0.9170399765624999 0.603561859375 0.9020179015625001 0.6012807234374999 0.9020179015625001 0.6012807234374999 0.9170399765624999
0 0.5934868421875 0.9293614515625 0.5961481671875 0.9293614515625 0.5961481671875 0.91737755 0.5934868421875 0.91737755 0.5934868421875 0.9293614515625
0 0.5967184515625 0.927336003125 0.5989995859375 0.927336003125 0.5989995859375 0.9156896765625 0.5967184515625 0.9156896765625 0.5967184515625 0.927336003125
0 0.5998550125 0.9383071812499999 0.60232624375 0.9383071812499999 0.60232624375 0.920922084375 0.5998550125 0.920922084375 0.5998550125 0.9383071812499999
0 0.6040370953125 0.9448898874999999 0.6065083265625 0.9448898874999999 0.6065083265625 0.92463540625 0.6040370953125 0.92463540625 0.6040370953125 0.9448898874999999
0 0.6071736578125 0.9411765656250001 0.6096448875 0.9411765656250001 0.6096448875 0.92514176875 0.6071736578125 0.92514176875 0.6071736578125 0.9411765656250001
0 0.6126864015625 0.9411765656250001 0.6168684843750001 0.9411765656250001 0.6168684843750001 0.920753296875 0.6126864015625 0.920753296875 0.6126864015625 0.9411765656250001
0 0.6269435015625 0.947759271875 0.631790915625 0.947759271875 0.631790915625 0.92463540625 0.6269435015625 0.92463540625 0.6269435015625 0.947759271875
0 0.619339715625 0.9442147390625 0.62276141875 0.9442147390625 0.62276141875 0.9219348093749999 0.619339715625 0.9219348093749999 0.619339715625 0.9442147390625
0 0.62855930625 0.92463540625 0.631790915625 0.92463540625 0.631790915625 0.9145081656249999 0.62855930625 0.9145081656249999 0.62855930625 0.92463540625
0 0.623521796875 0.92463540625 0.62770388125 0.92463540625 0.62770388125 0.9133266531249999 0.623521796875 0.9133266531249999 0.623521796875 0.92463540625
0 0.620765425 0.927504790625 0.6237118921875 0.927504790625 0.6237118921875 0.9170399765624999 0.620765425 0.9170399765624999 0.620765425 0.927504790625
0 0.6247574140625 0.9113012062500001 0.6308404421875 0.9113012062500001 0.6308404421875 0.9008363906250001 0.6247574140625 0.9008363906250001 0.6247574140625 0.9113012062500001
