0 0.29440862343749996 0.31875 0.2952087109375 0.353125 0.3046875 0.353125 0.3046875 0.31875 0.29440862343749996 0.31875
0 0.3609375 0.3640625 0.3609375 0.33125 0.35760130156250003 0.33125 0.3484375 0.3314099546875 0.3484375 0.3430336515625 0.34892695156250003 0.3640625 0.3609375 0.3640625
0 0.54375 0.4296875 0.54375 0.3596879125 0.5213231015625001 0.360079375 0.5217280703125 0.4296875 0.54375 0.4296875
0 0.578946540625 0.4296875 0.5796875 0.387237959375 0.5796875 0.3650570046875 0.556498490625 0.3651919140625 0.55625 0.37942793125 0.55625 0.4296875 0.578946540625 0.4296875
0 0.6390625 0.4296875 0.6390625 0.322031734375 0.5939785515625 0.322818678125 0.59375 0.34246034999999997 0.59375 0.4296875 0.6390625 0.4296875
0 0.490625 0.4296875 0.490625 0.329148771875 0.47027413906250004 0.3286751015625 0.47262522812499996 0.4296875 0.490625 0.4296875
0 0.5171875 0.4296875 0.5171875 0.3692298734375 0.491622065625 0.36967611875 0.49266956874999995 0.4296875 0.5171875 0.4296875
0 0.94029931875 0.4296875 0.940625 0.3737077203125 0.940625 0.35105628437499997 0.9225244984375 0.35084566562499997 0.922065809375 0.4296875 0.94029931875 0.4296875
0 0.9203125 0.4296875 0.9203125 0.39252082499999996 0.9131660640625 0.3926455671875 0.9138126328125 0.4296875 0.9203125 0.4296875
0 0.9125 0.4296875 0.9125 0.364662878125 0.8981779078125001 0.3647462 0.8978000906249999 0.4296875 0.9125 0.4296875
0 0.9120801000000001 0.3298513046875 0.9113547515625001 0.3921875 0.9203125 0.3921875 0.9203125 0.32970760781249997 0.9120801000000001 0.3298513046875
0 0.7578125 0.4296875 0.7578125 0.403771059375 0.748117278125 0.40354540156249996 0.7487257421875 0.4296875 0.7578125 0.4296875
0 0.746875 0.4296875 0.746875 0.40247010312500003 0.7373718 0.4026359828125 0.7378439859375 0.4296875 0.746875 0.4296875
0 0.799811021875 0.30487206875 0.7993303078125 0.3875 0.8109375 0.3875 0.8109375 0.30506628281250003 0.799811021875 0.30487206875
0 0.783524809375 0.312909334375 0.78309994375 0.3859375 0.7931577671875 0.3859375 0.7935839953125 0.3126752046875 0.783524809375 0.312909334375
0 0.751324903125 0.3763794921875 0.7626414875 0.3763794921875 0.7626414875 0.31708656562500004 0.751324903125 0.31708656562500004 0.751324903125 0.3763794921875
0 0.7406370171875001 0.3842106328125 0.74818140625 0.3842106328125 0.74818140625 0.310374159375 0.7406370171875001 0.310374159375 0.7406370171875001 0.3842106328125
0 0.7293204328125 0.3886855703125 0.736864821875 0.3886855703125 0.736864821875 0.31820530156250004 0.7293204328125 0.31820530156250004 0.7293204328125 0.3886855703125
0 0.7117168578124999 0.356242271875 0.7224047421875001 0.356242271875 0.7224047421875001 0.30478048750000003 0.7117168578124999 0.30478048750000003 0.7117168578124999 0.356242271875
0 0.6727375109375 0.310374159375 0.68468279375 0.310374159375 0.68468279375 0.2544374390625 0.6727375109375 0.2544374390625 0.6727375109375 0.310374159375
0 0.646960846875 0.3416987234375 0.65764873125 0.3416987234375 0.65764873125 0.31149289375 0.646960846875 0.31149289375 0.646960846875 0.3416987234375
0 0.6390625 0.349529865625 0.64444605 0.349529865625 0.64444605 0.301424284375 0.6390625 0.301424284375 0.6390625 0.349529865625
0 0.6457034484374999 0.31149289375 0.6538765359375 0.31149289375 0.6538765359375 0.279049596875 0.6457034484374999 0.279049596875 0.6457034484374999 0.31149289375
0 0.6390625 0.30254301875 0.6457034484374999 0.30254301875 0.6457034484374999 0.23989389062500002 0.6390625 0.23989389062500002 0.6390625 0.30254301875
0 0.794451365625 0.1585535296875 0.7991896437499999 0.1585535296875 0.7991896437499999 0.1303263390625 0.794451365625 0.1303263390625 0.794451365625 0.1585535296875
0 0.7777643828125 0.152688140625 0.7814726015625 0.152688140625 0.7814726015625 0.132892446875 0.7777643828125 0.132892446875 0.7777643828125 0.152688140625
0 0.7738501515625 0.15562083437500002 0.777146346875 0.15562083437500002 0.777146346875 0.13252586093750002 0.7738501515625 0.13252586093750002 0.7738501515625 0.15562083437500002
0 0.7610774 0.1585535296875 0.7658156796875 0.1585535296875 0.7658156796875 0.13509196875 0.7610774 0.13509196875 0.7610774 0.1585535296875
0 0.7563391203125 0.1585535296875 0.7610774 0.1585535296875 0.7610774 0.1380246640625 0.7563391203125 0.1380246640625 0.7563391203125 0.1585535296875
0 0.7501587562500001 0.1570871828125 0.7540729875000001 0.1570871828125 0.7540729875000001 0.13435879374999998 0.7501587562500001 0.13435879374999998 0.7501587562500001 0.1570871828125
0 0.7470685749999999 0.1570871828125 0.7501587562500001 0.1570871828125 0.7501587562500001 0.13509196875 0.7470685749999999 0.13509196875 0.7470685749999999 0.1570871828125
0 0.7452144656249999 0.1570871828125 0.7470685749999999 0.1570871828125 0.7470685749999999 0.1339922078125 0.7452144656249999 0.1339922078125 0.7452144656249999 0.1570871828125
0 0.7415062484374999 0.1570871828125 0.7452144656249999 0.1570871828125 0.7452144656249999 0.13509196875 0.7415062484374999 0.13509196875 0.7415062484374999 0.1570871828125
0 0.73656195625 0.15342131406249998 0.7415062484374999 0.15342131406249998 0.7415062484374999 0.1321592734375 0.73656195625 0.1321592734375 0.73656195625 0.15342131406249998
0 0.7252312890625 0.1435234671875 0.72955754375 0.1435234671875 0.72955754375 0.12262801406249998 0.7252312890625 0.12262801406249998 0.7252312890625 0.1435234671875
0 0.7048360890625001 0.16588526718750002 0.7093683546875 0.16588526718750002 0.7093683546875 0.1460895765625 0.7048360890625001 0.1460895765625 0.7048360890625001 0.16588526718750002
0 0.7116344890625 0.1515883796875 0.71596074375 0.1515883796875 0.71596074375 0.1314261 0.7116344890625 0.1314261 0.7116344890625 0.1515883796875
0 0.7099863921875 0.1420571203125 0.713488596875 0.1420571203125 0.713488596875 0.1244609484375 0.7099863921875 0.1244609484375 0.7099863921875 0.1420571203125
0 0.7491286968749999 0.092934475 0.7518068546875 0.092934475 0.7518068546875 0.0830366296875 0.7491286968749999 0.0830366296875 0.7491286968749999 0.092934475
0 0.7474806 0.09036836718749999 0.7491286968749999 0.09036836718749999 0.7491286968749999 0.0812036953125 0.7474806 0.0812036953125 0.7474806 0.09036836718749999
0 0.9481364156250001 0.07790441249999999 0.9497845125 0.07790441249999999 0.9497845125 0.0702060875 0.9481364156250001 0.0702060875 0.9481364156250001 0.07790441249999999
0 0.9396899187500001 0.0808371078125 0.9417500390625 0.0808371078125 0.9417500390625 0.0727721953125 0.9396899187500001 0.0727721953125 0.9396899187500001 0.0808371078125
0 0.9374237859375001 0.0808371078125 0.9396899187500001 0.0808371078125 0.9396899187500001 0.0702060875 0.9374237859375001 0.0702060875 0.9374237859375001 0.0808371078125
0 0.9178526328124998 0.08157028125 0.920118765625 0.08157028125 0.920118765625 0.070572675 0.9178526328124998 0.070572675 0.9178526328124998 0.08157028125
0 0.8548129203125001 0.08193686875 0.857491078125 0.08193686875 0.857491078125 0.0713058484375 0.8548129203125001 0.0713058484375 0.8548129203125001 0.08193686875
0 0.8216449671875001 0.0826700421875 0.8251471734375 0.0826700421875 0.8251471734375 0.07167243437500001 0.8216449671875001 0.07167243437500001 0.8216449671875001 0.0826700421875
0 0.8216449671875001 0.091101540625 0.8249411609375 0.091101540625 0.8249411609375 0.0826700421875 0.8216449671875001 0.0826700421875 0.8216449671875001 0.091101540625
0 0.7093683546875 0.0922013015625 0.7116344890625 0.0922013015625 0.7116344890625 0.083769803125 0.7093683546875 0.083769803125 0.7093683546875 0.0922013015625
0 0.707102221875 0.0922013015625 0.7093683546875 0.0922013015625 0.7093683546875 0.083769803125 0.707102221875 0.083769803125 0.707102221875 0.0922013015625
0 0.6762004015625 0.09073495468750001 0.679290584375 0.09073495468750001 0.679290584375 0.0823034546875 0.6762004015625 0.0823034546875 0.6762004015625 0.09073495468750001
0 0.6700200374999999 0.0977001046875 0.6733162328125 0.0977001046875 0.6733162328125 0.09000178125 0.6700200374999999 0.09000178125 0.6700200374999999 0.0977001046875
0 0.6638396734375 0.098433278125 0.66651783125 0.098433278125 0.66651783125 0.0922013015625 0.6638396734375 0.0922013015625 0.6638396734375 0.098433278125
0 0.6683719406249999 0.095133996875 0.6700200374999999 0.095133996875 0.6700200374999999 0.08853543281250001 0.6683719406249999 0.08853543281250001 0.6683719406249999 0.095133996875
0 0.647152690625 0.0977001046875 0.6500368609375 0.0977001046875 0.6500368609375 0.0896351921875 0.647152690625 0.0896351921875 0.647152690625 0.0977001046875
0 0.644062509375 0.0977001046875 0.647152690625 0.0977001046875 0.647152690625 0.0881688453125 0.644062509375 0.0881688453125 0.644062509375 0.0977001046875
0 0.6483887640625 0.1413239453125 0.6516849578125 0.1413239453125 0.6516849578125 0.12409436250000001 0.6483887640625 0.12409436250000001 0.6483887640625 0.1413239453125
0 0.6691959890625 0.1413239453125 0.6724921828125 0.1413239453125 0.6724921828125 0.12592729687499998 0.6691959890625 0.12592729687499998 0.6691959890625 0.1413239453125
0 0.664663721875 0.1460895765625 0.667959915625 0.1460895765625 0.667959915625 0.1299597515625 0.664663721875 0.1299597515625 0.664663721875 0.1460895765625
0 0.6834108265625 0.1317926859375 0.6834108265625 0.1244609484375 0.68052665625 0.1244609484375 0.68052665625 0.14535640156250001 0.6834108265625 0.14535640156250001 0.6834108265625 0.1317926859375
0 0.6885611296875 0.1317926859375 0.6834108265625 0.1317926859375 0.6834108265625 0.1475559234375 0.6885611296875 0.1475559234375 0.6885611296875 0.1317926859375
0 0.69494750625 0.1464561625 0.6974196515625 0.1464561625 0.6974196515625 0.12372777500000001 0.69494750625 0.12372777500000001 0.69494750625 0.1464561625
0 0.7019519187500001 0.1266604703125 0.6974196515625 0.1266604703125 0.6974196515625 0.1475559234375 0.7019519187500001 0.1475559234375 0.7019519187500001 0.1266604703125
0 0.6895911906250001 0.1475559234375 0.6865010078125 0.1475559234375 0.6865010078125 0.1680847890625 0.6895911906250001 0.1680847890625 0.6895911906250001 0.1475559234375
0 0.6834108265625 0.171384071875 0.686294996875 0.171384071875 0.686294996875 0.1475559234375 0.6834108265625 0.1475559234375 0.6834108265625 0.171384071875
0 0.6591013953125 0.15818694375 0.6632216375 0.15818694375 0.6632216375 0.1420571203125 0.6591013953125 0.1420571203125 0.6591013953125 0.15818694375
0 0.6555991890625 0.1570871828125 0.6574532984375 0.1570871828125 0.6574532984375 0.1420571203125 0.6555991890625 0.1420571203125 0.6555991890625 0.1570871828125
0 0.647976740625 0.159653290625 0.651272934375 0.159653290625 0.651272934375 0.144623228125 0.647976740625 0.144623228125 0.647976740625 0.159653290625
0 0.6434444734375 0.15818694375 0.6465346546874999 0.15818694375 0.6465346546874999 0.14572298749999998 0.6434444734375 0.14572298749999998 0.6434444734375 0.15818694375
0 0.6415903640625 0.14279029375000002 0.64571060625 0.14279029375000002 0.64571060625 0.12702705625 0.6415903640625 0.12702705625 0.6415903640625 0.14279029375000002
0 0.8404967140625 0.40497201250000003 0.859005615625 0.40497201250000003 0.859005615625 0.3305090484375 0.8404967140625 0.3305090484375 0.8404967140625 0.40497201250000003
0 0.7869831749999999 0.2945611171875 0.883953728125 0.2945611171875 0.883953728125 0.1971864734375 0.7869831749999999 0.1971864734375 0.7869831749999999 0.2945611171875
0 0.7061073171875 0.2616255765625 0.7869831749999999 0.2616255765625 0.7869831749999999 0.1785707328125 0.7061073171875 0.1785707328125 0.7061073171875 0.2616255765625
0 1 0.250009096875 0.9963384296875001 0.250009096875 0.9963384296875001 0.33121659375 1 0.33121659375 1 0.250009096875
0 0.9547949234375 0.3217484546875 0.9709621015625001 0.3217484546875 0.9709621015625001 0.25874891718750004 0.9547949234375 0.25874891718750004 0.9547949234375 0.3217484546875
0 0.9130189375000001 0.302228171875 0.9130189375000001 0.226529675 0.9035887671874999 0.226529675 0.9035887671874999 0.267776059375 0.9035887671874999 0.302228171875 0.9130189375000001 0.302228171875
0 0.9315587984375 0.230111440625 0.9315587984375 0.22789269218750002 0.9250624578125001 0.22789269218750002 0.9250624578125001 0.2599620046875 0.9315587984375 0.2599620046875 0.9315587984375 0.230111440625
0 0.951176175 0.22894613125 0.9315587984375 0.22894613125 0.9315587984375 0.31022645781249997 0.951176175 0.31022645781249997 0.951176175 0.22894613125
0 0.9557602859375001 0.260409484375 0.9865393171875001 0.260409484375 0.9865393171875001 0.23506400468750002 0.9557602859375001 0.23506400468750002 0.9557602859375001 0.260409484375
0 0.9850658515624999 0.25545691875 0.9696763374999999 0.25545691875 0.9696763374999999 0.322753534375 0.9850658515624999 0.322753534375 0.9850658515624999 0.25545691875
0 0.984574696875 0.2921641640625 0.9986544671875001 0.2921641640625 0.9986544671875001 0.24438648125 0.984574696875 0.24438648125 0.984574696875 0.2921641640625
0 0.8853875296875 0.263530328125 0.9035887671874999 0.263530328125 0.9035887671874999 0.231274565625 0.8853875296875 0.231274565625 0.8853875296875 0.263530328125
0 0.65024406875 0.0977001046875 0.644062509375 0.0977001046875 0.644062509375 0.10986010625 0.65024406875 0.10986010625 0.65024406875 0.0977001046875
0 0.7400857625 0.0916861328125 0.7421872625 0.0916861328125 0.7421872625 0.081845346875 0.7400857625 0.081845346875 0.7400857625 0.0916861328125
0 0.6642676125 0.10799688125 0.666859921875 0.10799688125 0.666859921875 0.0996937171875 0.6642676125 0.0996937171875 0.6642676125 0.10799688125
0 0.6701435140625 0.10845816875 0.672735825 0.10845816875 0.672735825 0.09953995624999999 0.6701435140625 0.09953995624999999 0.6701435140625 0.10845816875
0 0.6769699296875 0.100923815625 0.6800807015625 0.100923815625 0.6800807015625 0.092620653125 0.6769699296875 0.092620653125 0.6769699296875 0.100923815625
0 0.706695084375 0.1021539140625 0.7118797046875 0.1021539140625 0.7118797046875 0.093235703125 0.706695084375 0.093235703125 0.706695084375 0.1021539140625
0 0.0085961875 0.8993180703124999 0.00893936875 0.9140625 0.01875 0.9140625 0.01875 0.899199921875 0.0085961875 0.8993180703124999
0 0.1101278921875 0.8262573453125001 0.1104259375 0.8390625 0.115625 0.8390625 0.115625 0.8261613921875 0.1101278921875 0.8262573453125001
0 0.0519508859375 0.8129874140625001 0.052066225 0.8328125 0.05625 0.8328125 0.05625 0.812912371875 0.0519508859375 0.8129874140625001
0 0.060728025 0.8139550609375 0.0625 0.8139447515625001 0.0625 0.8081638859375 0.06082894062500001 0.8081736078125001 0.060728025 0.8139550609375
0 0.036384659375 0.8382408015625 0.036211465625 0.853125 0.04375 0.853125 0.04375 0.8382408015625 0.036384659375 0.8382408015625
0 0.032263996875 0.8377761609375 0.0319960828125 0.853125 0.0359375 0.853125 0.0359375 0.8378830484375002 0.032263996875 0.8377761609375
0 0.131677659375 0.7204563765625001 0.131660315625 0.7234375 0.1328125 0.7234375 0.1328125 0.7204695812499999 0.131677659375 0.7204563765625001
0 0.1272434421875 0.7193773765625 0.1273143125 0.7234375 0.128125 0.7234375 0.128125 0.7193619890624999 0.1272434421875 0.7193773765625
0 0.124349934375 0.7186944109375 0.1243314296875 0.721875 0.1265625 0.721875 0.1265625 0.7186815390625 0.124349934375 0.7186944109375
0 0.11688955000000001 0.7184754578125 0.11605498750000001 0.718490025 0.11470112343750001 0.7185136562500001 0.11466201093749999 0.721875 0.1168499921875 0.721875 0.11688955000000001 0.7184754578125
0 0.1741471203125 0.7234375 0.1742198546875 0.7265625 0.175 0.7265625 0.175 0.7234375 0.1741471203125 0.7234375
0 0.140625 0.7169378375 0.14016978125 0.7169457828125 0.139634809375 0.7169551203125 0.1396661390625 0.71875 0.140625 0.71875 0.140625 0.7169378375
0 0.103125 0.71875 0.1023594609375 0.71875 0.10234524062499999 0.72119421875 0.1023321890625 0.7234375 0.103125 0.7234375 0.103125 0.71875
0 0.10625 0.725 0.10625 0.7186114874999999 0.10609930000000001 0.7186149953125 0.10609545000000001 0.7192766890625 0.10607405781250001 0.722953759375 0.106062153125 0.725 0.10625 0.725
0 0.10808131875 0.7165233093750001 0.10808131875 0.7231013171875 0.10978178593750001 0.7231013171875 0.10978178593750001 0.7165233093750001 0.1086709625 0.7165233093750001 0.10808131875 0.7165233093750001
0 0.112718871875 0.7188075953124999 0.112718871875 0.7218275875 0.114327509375 0.7218275875 0.114327509375 0.7150679984374999 0.113235228125 0.7150679984374999 0.112718871875 0.7150679984374999 0.112718871875 0.7188075953124999
0 0.0247592078125 0.8507050828124999 0.031289 0.8507050828124999 0.031289 0.8246035484375 0.0247592078125 0.8246035484375 0.0247592078125 0.8507050828124999
0 0.02400213125 0.800606975 0.0202167453125 0.800606975 0.0202167453125 0.82418255625 0.02400213125 0.82418255625 0.02400213125 0.800606975
0 0.0175196578125 0.82418255625 0.020547965625 0.82418255625 0.020547965625 0.80170155625 0.0175196578125 0.80170155625 0.0175196578125 0.82418255625
0 0.0146806171875 0.8034697234374999 0.0108479140625 0.8034697234374999 0.0108479140625 0.825361334375 0.0146806171875 0.825361334375 0.0146806171875 0.8034697234374999
0 0.0160528203125 0.8034697234374999 0.0136396359375 0.8034697234374999 0.0136396359375 0.8214882031249999 0.0160528203125 0.8214882031249999 0.0160528203125 0.8034697234374999
0 0.0061634984375 0.822919578125 0.0114630390625 0.822919578125 0.0114630390625 0.795891859375 0.0061634984375 0.795891859375 0.0061634984375 0.822919578125
0 0.6840513015624999 0.575952715625 0.6849019484375 0.6125 0.7015625 0.6125 0.7015625 0.5757489546875 0.6840513015624999 0.575952715625
