0 0.7397437546875001 0.9795491328124999 0.8049338374999999 0.9795491328124999 0.8049338374999999 0.7936139703125 0.7397437546875001 0.7936139703125 0.7397437546875001 0.9795491328124999
0 0.8402609406250001 0.9493796921875 0.9380305515625 0.9493796921875 0.9380305515625 0.8094391109375 0.8402609406250001 0.8094391109375 0.8402609406250001 0.9493796921875
0 0.94205676875 0.6498878765625 0.9084809921874999 0.6498878765625 0.9084809921874999 0.7114242390625 0.94205676875 0.7114242390625 0.94205676875 0.6498878765625
0 0.8610616875 0.72918433125 0.8958201171875 0.72918433125 0.8958201171875 0.59739395625 0.8610616875 0.59739395625 0.8610616875 0.72918433125
0 0.8282589609375 0.6983356390625 0.8704421375000001 0.6983356390625 0.8704421375000001 0.6527166828125 0.8282589609375 0.6527166828125 0.8282589609375 0.6983356390625
0 0.8782880234375 0.672900609375 0.8918567906250001 0.672900609375 0.8918567906250001 0.6356505984374999 0.8782880234375 0.6356505984374999 0.8782880234375 0.672900609375
0 0.7210952125000001 0.6167015499999999 0.7210952125000001 0.6956732140625 0.7395561203125001 0.6956732140625 0.7395561203125001 0.6167015499999999 0.7313640921875 0.6167015499999999 0.7210952125000001 0.6167015499999999
0 0.748786575 0.6983397890624999 0.748786575 0.62501241875 0.748786575 0.6167015499999999 0.732979421875 0.6167015499999999 0.732979421875 0.6983397890624999 0.748786575 0.6983397890624999
0 0.64791681875 0.8066959484374999 0.684550184375 0.8066959484374999 0.684550184375 0.6176415015625001 0.64791681875 0.6176415015625001 0.64791681875 0.8066959484374999
0 0.68821160625 0.6626343578125 0.7176336796875 0.6626343578125 0.7176336796875 0.5777654578125 0.68821160625 0.5777654578125 0.68821160625 0.6626343578125
0 0.6308728171875 0.594880259375 0.619478975 0.594880259375 0.619478975 0.64539135625 0.6308728171875 0.64539135625 0.6308728171875 0.594880259375
0 0.6082068234375 0.58334379375 0.5904039453125 0.58334379375 0.5904039453125 0.6600519140625 0.6082068234375 0.6600519140625 0.6082068234375 0.58334379375
0 0.5834705296875 0.6101978984375 0.5925567578125001 0.6101978984375 0.5925567578125001 0.5781477109375001 0.5834705296875 0.5781477109375001 0.5834705296875 0.6101978984375
0 0.5726085203125 0.6669563796875 0.5899606921875 0.6669563796875 0.5899606921875 0.5744114609375 0.5726085203125 0.5744114609375 0.5726085203125 0.6669563796875
0 0.5645499015625 0.64386046875 0.5726085203125 0.64386046875 0.5726085203125 0.6197382140625 0.5645499015625 0.6197382140625 0.5645499015625 0.64386046875
0 0.50176144375 0.7358641515625 0.5227102484375 0.7358641515625 0.5227102484375 0.628153084375 0.50176144375 0.628153084375 0.50176144375 0.7358641515625
0 0.5098741484375 0.715864834375 0.5309311218749999 0.715864834375 0.5309311218749999 0.6204834734375 0.5098741484375 0.6204834734375 0.5098741484375 0.715864834375
0 0.45925087500000006 0.6720201765625 0.4768464296875 0.6720201765625 0.4768464296875 0.6250987015625 0.45925087500000006 0.6250987015625 0.45925087500000006 0.6720201765625
0 0.49314395 0.633047146875 0.4805963015625 0.633047146875 0.4805963015625 0.650995253125 0.49314395 0.650995253125 0.49314395 0.633047146875
0 0.43267726250000005 0.78650345 0.471257678125 0.78650345 0.471257678125 0.62123024375 0.43267726250000005 0.62123024375 0.43267726250000005 0.78650345
0 0.391565290625 0.7706571359375001 0.4146414265625 0.7706571359375001 0.4146414265625 0.6298927078125 0.391565290625 0.6298927078125 0.391565290625 0.7706571359375001
0 0.3513876875 0.7039336515625 0.3753832625 0.7039336515625 0.3753832625 0.666112025 0.3513876875 0.666112025 0.3513876875 0.7039336515625
0 0.375009178125 0.64365285625 0.3955613609375 0.64365285625 0.3955613609375 0.59173155 0.375009178125 0.59173155 0.375009178125 0.64365285625
0 0.42305801875000004 0.6548210640625001 0.435057609375 0.6548210640625001 0.435057609375 0.62753994375 0.42305801875000004 0.62753994375 0.42305801875000004 0.6548210640625001
0 0.4379421265625 0.6509237609375 0.44567263125 0.6509237609375 0.44567263125 0.6318474890625 0.4379421265625 0.6318474890625 0.4379421265625 0.6509237609375
0 0.29212396875 0.65626061875 0.3032005140625 0.65626061875 0.3032005140625 0.6367741031249999 0.29212396875 0.6367741031249999 0.29212396875 0.65626061875
0 0.24083294687499998 0.6600204359374999 0.25568820937500003 0.6600204359374999 0.25568820937500003 0.6348930875 0.24083294687499998 0.6348930875 0.24083294687499998 0.6600204359374999
0 0.2152316625 0.65989786875 0.2280677625 0.65989786875 0.2280677625 0.6401549531249999 0.2152316625 0.6401549531249999 0.2152316625 0.65989786875
0 0.11156564843750001 0.6301636984375001 0.12339216718749998 0.6301636984375001 0.12339216718749998 0.6114463890625 0.11156564843750001 0.6114463890625 0.11156564843750001 0.6301636984375001
0 0.0231217921875 0.6167198875000001 0.0114034421875 0.6167198875000001 0.0114034421875 0.6567826234374999 0.0231217921875 0.6567826234374999 0.0231217921875 0.6167198875000001
0 0.0039241203124999995 0.6602754921875 0.0124334453125 0.6602754921875 0.0124334453125 0.6413017812499999 0.0039241203124999995 0.6413017812499999 0.0039241203124999995 0.6602754921875
0 0.7853367421875 0.6402556234375 0.7910670078125001 0.6402556234375 0.7910670078125001 0.6270228437500001 0.7853367421875 0.6270228437500001 0.7853367421875 0.6402556234375
0 0.798225225 0.6050037390624999 0.8025635390625 0.6050037390624999 0.8025635390625 0.5941733390625 0.798225225 0.5941733390625 0.798225225 0.6050037390624999
0 0.8179783984375 0.5999167328125 0.8261011968749999 0.5999167328125 0.8261011968749999 0.58170196875 0.8179783984375 0.58170196875 0.8179783984375 0.5999167328125
0 0.8627032281250001 0.601310325 0.8576818609375 0.601310325 0.8576818609375 0.6350486609375 0.8627032281250001 0.6350486609375 0.8627032281250001 0.601310325
0 0.8497067484375 0.6350486609375 0.8576818609375 0.6350486609375 0.8576818609375 0.5961904984374999 0.8497067484375 0.5961904984374999 0.8497067484375 0.6350486609375
0 0.8431346640624999 0.63675526875 0.8498544359375 0.63675526875 0.8498544359375 0.59461516875 0.8431346640624999 0.59461516875 0.8431346640624999 0.63675526875
0 0.852291275 0.6045922640625 0.8570911109375 0.6045922640625 0.8570911109375 0.5925147265625 0.852291275 0.5925147265625 0.852291275 0.6045922640625
0 0.897768403125 0.5946325515625001 0.8896456046875001 0.5946325515625001 0.8896456046875001 0.6220367453125 0.897768403125 0.6220367453125 0.897768403125 0.5946325515625001
0 0.882007403125 0.6031922609375 0.888468721875 0.6031922609375 0.888468721875 0.5865774421875 0.882007403125 0.5865774421875 0.882007403125 0.6031922609375
0 0.9799036046875 0.6043577015625 0.969196278125 0.6043577015625 0.969196278125 0.6184700390625 0.9799036046875 0.6184700390625 0.9799036046875 0.6043577015625
0 0.9847034406249999 0.5920504281250001 0.976303728125 0.5920504281250001 0.976303728125 0.6158444875 0.9847034406249999 0.6158444875 0.9847034406249999 0.5920504281250001
0 0.9453817062500001 0.6112497734375 0.9510122828125 0.6112497734375 0.9510122828125 0.6007475671875 0.9453817062500001 0.6007475671875 0.9453817062500001 0.6112497734375
0 1 0.5942648546875 0.9950931578125 0.5942648546875 0.9950931578125 0.6197327031250001 1 0.6197327031250001 1 0.5942648546875
0 0.98844723125 0.6164507640625 0.9970869359375 0.6164507640625 0.9970869359375 0.5863882015625 0.98844723125 0.5863882015625 0.98844723125 0.6164507640625
0 0.17947288749999998 0.6039768640625 0.1687655609375 0.6039768640625 0.1687655609375 0.6258017609375 0.17947288749999998 0.6258017609375 0.17947288749999998 0.6039768640625
0 0.141812634375 0.6108689375 0.13415135625000002 0.6108689375 0.13415135625000002 0.62334030625 0.141812634375 0.62334030625 0.141812634375 0.6108689375
0 0.1293515203125 0.5975770828125 0.1242747703125 0.5975770828125 0.1242747703125 0.604305059375 0.1293515203125 0.604305059375 0.1293515203125 0.5975770828125
0 0.1590735828125 0.6003667312500001 0.1695963015625 0.6003667312500001 0.1695963015625 0.5892081375 0.1590735828125 0.5892081375 0.1590735828125 0.6003667312500001
0 0.067372896875 0.6262113625 0.07411112812500001 0.6262113625 0.07411112812500001 0.6157091578125 0.067372896875 0.6157091578125 0.067372896875 0.6262113625
0 0.0616500140625 0.6275241390625 0.06626524218749999 0.6275241390625 0.06626524218749999 0.6175142234375001 0.0616500140625 0.6175142234375001 0.0616500140625 0.6275241390625
0 0.06589602343749999 0.6063556296875 0.0703266421875 0.6063556296875 0.0703266421875 0.5999558484375 0.06589602343749999 0.5999558484375 0.06589602343749999 0.6063556296875
0 0.1017101859375 0.5992994609375 0.09257203593749999 0.5992994609375 0.09257203593749999 0.613575896875 0.1017101859375 0.613575896875 0.1017101859375 0.5992994609375
0 0.1035562765625 0.5897818359375 0.10927915937499999 0.5897818359375 0.10927915937499999 0.5789514375 0.1035562765625 0.5789514375 0.1035562765625 0.5897818359375
0 0.087222815625 0.5597504109375 0.0920669578125 0.5597504109375 0.0920669578125 0.5531340203124999 0.087222815625 0.5531340203124999 0.087222815625 0.5597504109375
0 0.0782434296875 0.5520838 0.07463985937499999 0.5520838 0.07463985937499999 0.5576499687500001 0.0782434296875 0.5576499687500001 0.0782434296875 0.5520838
0 0.0701501671875 0.5517687328124999 0.06583769843750001 0.5517687328124999 0.06583769843750001 0.5567047703125 0.0701501671875 0.5567047703125 0.0701501671875 0.5517687328124999
0 0.02099266875 0.61331741875 0.0249156125 0.61331741875 0.0249156125 0.6003947828125 0.02099266875 0.6003947828125 0.02099266875 0.61331741875
0 0.0275938859375 0.557356121875 0.0314706765625 0.557356121875 0.0314706765625 0.5516127281250001 0.0275938859375 0.5516127281250001 0.0275938859375 0.557356121875
0 0.141479546875 0.5560267078125001 0.14401976875 0.5560267078125001 0.14401976875 0.551720803125 0.141479546875 0.551720803125 0.141479546875 0.5560267078125001
0 0.26736894218749996 0.6050074375000001 0.2573262078125 0.6050074375000001 0.2573262078125 0.6248566062500001 0.26736894218749996 0.6248566062500001 0.26736894218749996 0.6050074375000001
0 0.2575625078125 0.6127790703125 0.26163867500000004 0.6127790703125 0.26163867500000004 0.6026969531249999 0.2575625078125 0.6026969531249999 0.2575625078125 0.6127790703125
0 0.2067739515625 0.5584167609375 0.20982000156249997 0.5584167609375 0.20982000156249997 0.55119649375 0.2067739515625 0.55119649375 0.2067739515625 0.5584167609375
0 0.2156351875 0.5572680828125 0.2185889328125 0.5572680828125 0.2185889328125 0.5523451734375 0.2156351875 0.5523451734375 0.2156351875 0.5572680828125
0 0.2501570859375 0.556447596875 0.25301852812500003 0.556447596875 0.25301852812500003 0.5516887859375 0.2501570859375 0.5516887859375 0.2501570859375 0.556447596875
0 0.2937198640625 0.5694777421875 0.28670471875 0.5694777421875 0.28670471875 0.577354396875 0.2937198640625 0.577354396875 0.2937198640625 0.5694777421875
0 0.3293727453125 0.6021329734374999 0.323243725 0.6021329734374999 0.323243725 0.6102721828125001 0.3293727453125 0.6102721828125001 0.3293727453125 0.6021329734374999
0 0.34843649375 0.60685470625 0.3439320328125 0.60685470625 0.3439320328125 0.6131560296874999 0.34843649375 0.6131560296874999 0.34843649375 0.60685470625
0 0.33160625 0.555988103125 0.3350030578125 0.555988103125 0.3350030578125 0.5516559421875 0.33160625 0.5516559421875 0.33160625 0.555988103125
0 0.3409105484375 0.5519184984375001 0.337809115625 0.5519184984375001 0.337809115625 0.5563819359375 0.3409105484375 0.5563819359375 0.3409105484375 0.5519184984375001
0 0.4308046421875 0.614171628125 0.435235259375 0.614171628125 0.435235259375 0.6063999953125 0.4308046421875 0.6063999953125 0.4308046421875 0.614171628125
0 0.44211457187500003 0.6045270515625 0.43568722187500003 0.6045270515625 0.43568722187500003 0.6241031625 0.44211457187500003 0.6241031625 0.44211457187500003 0.6045270515625
0 0.44893329218750005 0.6134377125 0.4569637875 0.6134377125 0.4569637875 0.60096634375 0.44893329218750005 0.60096634375 0.44893329218750005 0.6134377125
0 0.484345759375 0.6316090437499999 0.492439021875 0.6316090437499999 0.492439021875 0.6107096546874999 0.484345759375 0.6107096546874999 0.484345759375 0.6316090437499999
0 0.4897215765625 0.59726683125 0.48410945937500005 0.59726683125 0.48410945937500005 0.613230184375 0.4897215765625 0.613230184375 0.4897215765625 0.59726683125
0 0.552770878125 0.5933048859375 0.5454455890625 0.5933048859375 0.5454455890625 0.605592465625 0.552770878125 0.605592465625 0.552770878125 0.5933048859375
0 0.5564335218750001 0.59256973125 0.5520029046875 0.59256973125 0.5520029046875 0.60233678125 0.5564335218750001 0.60233678125 0.5564335218750001 0.59256973125
0 0.5599023125 0.6249067171875 0.5639477625 0.6249067171875 0.5639477625 0.6161688812499999 0.5599023125 0.6161688812499999 0.5599023125 0.6249067171875
0 0.5689805109375 0.59967998125 0.572146925 0.59967998125 0.572146925 0.5918663390625001 0.5689805109375 0.5918663390625001 0.5689805109375 0.59967998125
0 0.9084696328125 0.5950328015624999 0.899354559375 0.5950328015624999 0.899354559375 0.6143141937500001 0.9084696328125 0.6143141937500001 0.9084696328125 0.5950328015624999
0 0.8661213171875 0.5904079078125 0.8701088734375 0.5904079078125 0.8701088734375 0.5804308109375 0.8661213171875 0.5804308109375 0.8661213171875 0.5904079078125
0 0.8766013453125 0.5700434734375001 0.8726876328125 0.5700434734375001 0.8726876328125 0.57621351875 0.8766013453125 0.57621351875 0.8766013453125 0.5700434734375001
0 0.782221878125 0.5885828921875 0.778529696875 0.5885828921875 0.778529696875 0.5994132921875 0.782221878125 0.5994132921875 0.782221878125 0.5885828921875
0 0.77059150625 0.591700734375 0.7649609296875 0.591700734375 0.7649609296875 0.5999055828125 0.77059150625 0.5999055828125 0.77059150625 0.591700734375
0 0.757761175 0.5982646125 0.7483461109375 0.5982646125 0.7483461109375 0.614017921875 0.757761175 0.614017921875 0.757761175 0.5982646125
0 0.7690223296875 0.6315762968749999 0.7763143875 0.6315762968749999 0.7763143875 0.61894083125 0.7690223296875 0.61894083125 0.7690223296875 0.6315762968749999
0 0.7453029859375 0.6239725078125 0.7483578671875 0.6239725078125 0.7483578671875 0.6176812671875 0.7453029859375 0.6176812671875 0.7453029859375 0.6239725078125
0 0.7420443546875 0.5955718875 0.7453052890625 0.5955718875 0.7453052890625 0.5896906515625 0.7420443546875 0.5896906515625 0.7420443546875 0.5955718875
0 0.7386889 0.59691616875 0.7415244953125 0.59691616875 0.7415244953125 0.590530828125 0.7386889 0.590530828125 0.7386889 0.59691616875
0 0.7329704484375 0.6009490171875 0.7361841234375001 0.6009490171875 0.7361841234375001 0.5938075171875 0.7329704484375 0.5938075171875 0.7329704484375 0.6009490171875
0 0.755117871875 0.563749296875 0.7581897671875 0.563749296875 0.7581897671875 0.55862421875 0.755117871875 0.55862421875 0.755117871875 0.563749296875
0 0.6788685515624999 0.6176185000000001 0.6864744453125 0.6176185000000001 0.6864744453125 0.60330924375 0.6788685515624999 0.60330924375 0.6788685515624999 0.6176185000000001
0 0.6669058828125001 0.6142052828125 0.6788685515624999 0.6142052828125 0.6788685515624999 0.5967453671875 0.6669058828125001 0.5967453671875 0.6669058828125001 0.6142052828125
0 0.65283088125 0.6001506859375 0.657076890625 0.6001506859375 0.657076890625 0.591781740625 0.65283088125 0.591781740625 0.65283088125 0.6001506859375
0 0.6491537890625 0.5989678703125 0.652255221875 0.5989678703125 0.652255221875 0.5908286609375 0.6491537890625 0.5908286609375 0.6491537890625 0.5989678703125
0 0.6554304984375 0.5678550859375 0.65838424375 0.5678550859375 0.65838424375 0.5628665374999999 0.6554304984375 0.5628665374999999 0.6554304984375 0.5678550859375
0 0.6468646375 0.569036584375 0.6503352875 0.569036584375 0.6503352875 0.5619475953124999 0.6468646375 0.5619475953124999 0.6468646375 0.569036584375
0 0.676402090625 0.571268303125 0.6787650875 0.571268303125 0.6787650875 0.5665423109375001 0.676402090625 0.5665423109375001 0.676402090625 0.571268303125
0 0.6100848484375 0.5724517609374999 0.614007421875 0.5724517609374999 0.614007421875 0.5652262421875001 0.6100848484375 0.5652262421875001 0.6100848484375 0.5724517609374999
0 0.59539630625 0.5636564640625 0.6010202375 0.5636564640625 0.6010202375 0.5565989828125 0.59539630625 0.5565989828125 0.59539630625 0.5636564640625
0 0.6198849562500001 0.59150514375 0.6231340765625 0.59150514375 0.6231340765625 0.5849412640625 0.6198849562500001 0.5849412640625 0.6198849562500001 0.59150514375
0 0.32887985 0.5873207078125 0.33176270625000004 0.5873207078125 0.33176270625000004 0.58177554375 0.32887985 0.58177554375 0.32887985 0.5873207078125
0 0.3247209765625 0.5866485671875 0.32831273125 0.5866485671875 0.32831273125 0.5788349265625 0.3247209765625 0.5788349265625 0.3247209765625 0.5866485671875
0 0.3735174625 0.556576325 0.3763530578125 0.556576325 0.3763530578125 0.5515352671875 0.3735174625 0.5515352671875 0.3735174625 0.556576325
0 0.5193197765625001 0.5556862890625001 0.5232427203125 0.5556862890625001 0.5232427203125 0.550558259375 0.5193197765625001 0.550558259375 0.5193197765625001 0.5556862890625001
0 0.5731074796875 0.55375051875 0.5770654984375 0.55375051875 0.5770654984375 0.542093071875 0.5731074796875 0.542093071875 0.5731074796875 0.55375051875
0 0.5589295015625 0.5574756515625 0.5620486578125 0.5574756515625 0.5620486578125 0.5500820984375 0.5589295015625 0.5500820984375 0.5589295015625 0.5574756515625
0 0.56275755625 0.5568875281250001 0.565215071875 0.5568875281250001 0.565215071875 0.5499980812499999 0.56275755625 0.5499980812499999 0.56275755625 0.5568875281250001
0 0.576699234375 0.5608363578125 0.576699234375 0.5530227171875 0.5725876203125 0.5530227171875 0.5725876203125 0.5599961812500001 0.5725876203125 0.5608363578125 0.576699234375 0.5608363578125
0 0.5691849062500001 0.5573076171875 0.5714061234375001 0.5573076171875 0.5714061234375001 0.5500820984375 0.5691849062500001 0.5500820984375 0.5691849062500001 0.5573076171875
0 0.57060610625 0.558818825 0.5722031140625 0.558818825 0.5722031140625 0.552323253125 0.57060610625 0.552323253125 0.57060610625 0.558818825
0 0.56610545 0.55946408125 0.5684525671875 0.55946408125 0.5684525671875 0.551677996875 0.56610545 0.551677996875 0.56610545 0.55946408125
0 0.52914060625 0.5644167625 0.5319466640625 0.5644167625 0.5319466640625 0.5591656609375 0.52914060625 0.5591656609375 0.52914060625 0.5644167625
0 0.5521798203125 0.5617912125 0.5539520671875 0.5617912125 0.5539520671875 0.5562775531249999 0.5521798203125 0.5562775531249999 0.5521798203125 0.5617912125
0 0.586664796875 0.5556211656250001 0.5900616046875 0.5556211656250001 0.5900616046875 0.55128900625 0.586664796875 0.55128900625 0.586664796875 0.5556211656250001
0 0.41681691093750006 0.5555988140625 0.4194752828125 0.5555988140625 0.4194752828125 0.5513979328125 0.41681691093750006 0.5513979328125 0.41681691093750006 0.5555988140625
0 0.42278347656250004 0.5550737046875 0.4252646234375 0.5550737046875 0.4252646234375 0.5511878875 0.42278347656250004 0.5511878875 0.42278347656250004 0.5550737046875
0 0.1636384046875 0.6218619375000001 0.16984127031250001 0.6218619375000001 0.16984127031250001 0.6045332984375 0.1636384046875 0.6045332984375 0.1636384046875 0.6218619375000001
0 0.4733414921875 0.5561969265625 0.47592601874999996 0.5561969265625 0.47592601874999996 0.5517663078124999 0.4733414921875 0.5517663078124999 0.4733414921875 0.5561969265625
0 0.4981714140625 0.55521234375 0.5003867234375 0.55521234375 0.5003867234375 0.5514381140625 0.4981714140625 0.5514381140625 0.4981714140625 0.55521234375
0 0.44952692031249997 0.555048246875 0.4510037921875 0.555048246875 0.4510037921875 0.5509458234375 0.44952692031249997 0.5509458234375 0.44952692031249997 0.555048246875
0 0.9668834390625 0.614217584375 0.9622312890625 0.614217584375 0.9622312890625 0.622488071875 0.9668834390625 0.622488071875 0.9668834390625 0.614217584375
0 0.969763340625 0.5848114078125 0.961862071875 0.5848114078125 0.961862071875 0.5946572265625 0.969763340625 0.5946572265625 0.969763340625 0.5848114078125
0 0.987663153125 0.5866722265625001 0.9822873359375001 0.5866722265625001 0.9822873359375001 0.595809146875 0.987663153125 0.595809146875 0.987663153125 0.5866722265625001
0 0.9792154406250001 0.5968593671875 0.982937159375 0.5968593671875 0.982937159375 0.58877266875 0.9792154406250001 0.58877266875 0.9792154406250001 0.5968593671875
0 0.9811058375 0.5773252640625001 0.98535923125 0.5773252640625001 0.98535923125 0.5715490515625 0.9811058375 0.5715490515625 0.9811058375 0.5773252640625001
0 0 0.0613437359375 0.1066467078125 0.0613437359375 0.1066467078125 0.0000170359375 0 0.0000170359375 0 0.0613437359375
