0 0.841635640625 0.5038763109375 0.848909178125 0.5038763109375 0.848909178125 0.45821493437500005 0.841635640625 0.45821493437500005 0.841635640625 0.5038763109375
0 0.6705161234375 0.49365361406249997 0.680086565625 0.49365361406249997 0.680086565625 0.45889644687500003 0.6705161234375 0.45889644687500003 0.6705161234375 0.49365361406249997
0 0.728704415625 0.42345776874999996 0.7486109375 0.42345776874999996 0.7486109375 0.371662775 0.728704415625 0.371662775 0.728704415625 0.42345776874999996
0 0.5131780421875 0.442540134375 0.5307876578124999 0.442540134375 0.5307876578124999 0.4111905328125 0.5131780421875 0.4111905328125 0.5131780421875 0.442540134375
0 0.45958356250000004 0.41255356093750006 0.47068527656250003 0.41255356093750006 0.47068527656250003 0.37575185312500003 0.45958356250000004 0.37575185312500003 0.45958356250000004 0.41255356093750006
0 0.528107934375 0.3689367234375 0.5376783765625 0.3689367234375 0.5376783765625 0.35258041093750003 0.528107934375 0.35258041093750003 0.528107934375 0.3689367234375
0 0.49709969843749996 0.30896357343749997 0.5051388718750001 0.30896357343749997 0.5051388718750001 0.283747590625 0.49709969843749996 0.283747590625 0.49709969843749996 0.30896357343749997
0 0.6372109828125 0.28647364375 0.6463986078125 0.28647364375 0.6463986078125 0.252397990625 0.6372109828125 0.252397990625 0.6372109828125 0.28647364375
0 0.627856028125 0.267386365625 0.6360097390625 0.267386365625 0.6360097390625 0.2455011828125 0.627856028125 0.2455011828125 0.627856028125 0.267386365625
0 0.6214585015624999 0.255327184375 0.6298630968750001 0.255327184375 0.6298630968750001 0.23768504687499997 0.6214585015624999 0.23768504687499997 0.6214585015624999 0.255327184375
0 0.60929065625 0.232548728125 0.62083129375 0.232548728125 0.62083129375 0.19793440625 0.60929065625 0.19793440625 0.60929065625 0.232548728125
0 0.69107865 0.20083754374999999 0.6999850109375 0.20083754374999999 0.6999850109375 0.1682330859375 0.69107865 0.1682330859375 0.69107865 0.20083754374999999
0 0.7033719375 0.1997209515625 0.70876593125 0.1997209515625 0.70876593125 0.1756025859375 0.7033719375 0.1756025859375 0.7033719375 0.1997209515625
0 0.7176722921875001 0.191458178125 0.7259514453125 0.191458178125 0.7259514453125 0.15796044843749998 0.7176722921875001 0.15796044843749998 0.7176722921875001 0.191458178125
0 0.88292306875 0.3286923640625 0.8924879984375 0.3286923640625 0.8924879984375 0.2809581 0.88292306875 0.2809581 0.88292306875 0.3286923640625
0 0.9632057625 0.312501796875 0.9729274953125 0.312501796875 0.9729274953125 0.2865410546875 0.9632057625 0.2865410546875 0.9632057625 0.312501796875
0 0.964146575 0.4406306125 0.9732410999999999 0.4406306125 0.9732410999999999 0.4141115765625 0.964146575 0.4141115765625 0.964146575 0.4406306125
0 0.9558360624999999 0.195818034375 0.9624217515625 0.195818034375 0.9624217515625 0.1801857609375 0.9558360624999999 0.1801857609375 0.9558360624999999 0.195818034375
0 0.876938846875 0.1809160125 0.8812548453125 0.1809160125 0.8812548453125 0.16939065 0.876938846875 0.16939065 0.876938846875 0.1809160125
0 0.8655322828124999 0.1950940375 0.8737532296874999 0.1950940375 0.8737532296874999 0.16939065 0.8655322828124999 0.16939065 0.8655322828124999 0.1950940375
0 0.7415958296875 0.049737534374999996 0.733598921875 0.049737534374999996 0.733598921875 0.0740233890625 0.7415958296875 0.0740233890625 0.7415958296875 0.049737534374999996
0 0.604201534375 0.134039709375 0.6108810531250001 0.134039709375 0.6108810531250001 0.1032825390625 0.604201534375 0.1032825390625 0.604201534375 0.134039709375
0 0.636186159375 0.0775562828125 0.6427372265625 0.0775562828125 0.6427372265625 0.0669227625 0.636186159375 0.0669227625 0.636186159375 0.0775562828125
0 0.5862824359375 0.11688887031249999 0.59437493125 0.11688887031249999 0.59437493125 0.088189803125 0.5862824359375 0.088189803125 0.5862824359375 0.11688887031249999
0 0.5691982796875 0.1311812359375 0.57420791875 0.1311812359375 0.57420791875 0.10556931875 0.5691982796875 0.10556931875 0.5691982796875 0.1311812359375
0 0.5752997640624999 0.1376985546875 0.579217559375 0.1376985546875 0.579217559375 0.12534995 0.5752997640624999 0.12534995 0.5752997640624999 0.1376985546875
0 0.546719125 0.1373555359375 0.5527563843750001 0.1373555359375 0.5527563843750001 0.111514940625 0.546719125 0.111514940625 0.546719125 0.1373555359375
0 0.4495928453125 0.2405721734375 0.4551122796875 0.2405721734375 0.4551122796875 0.2278877 0.4495928453125 0.2278877 0.4495928453125 0.2405721734375
0 0.43976707656249997 0.1987553921875 0.4462539171875 0.1987553921875 0.4462539171875 0.18674980624999998 0.43976707656249997 0.18674980624999998 0.43976707656249997 0.1987553921875
0 0.4366842203125 0.1836626546875 0.4404735640625 0.1836626546875 0.4404735640625 0.17325781406250002 0.4366842203125 0.17325781406250002 0.4366842203125 0.1836626546875
0 0.455212753125 0.1356368546875 0.459126534375 0.1356368546875 0.459126534375 0.12259507343750001 0.455212753125 0.12259507343750001 0.455212753125 0.1356368546875
0 0.4455788296875 0.1388526390625 0.451399325 0.1388526390625 0.451399325 0.11902198125 0.4455788296875 0.11902198125 0.4455788296875 0.1388526390625
0 0.534391559375 0.1300985640625 0.541617003125 0.1300985640625 0.541617003125 0.10383634374999999 0.534391559375 0.10383634374999999 0.534391559375 0.1300985640625
0 0.521144915625 0.1274187453125 0.5292735390625001 0.1274187453125 0.5292735390625001 0.09829805312499999 0.521144915625 0.09829805312499999 0.521144915625 0.1274187453125
0 0.5121131125 0.1122331078125 0.5175321937499999 0.1122331078125 0.5175321937499999 0.0927597609375 0.5121131125 0.0927597609375 0.5121131125 0.1122331078125
0 0.50278025 0.1113398359375 0.51080851875 0.1113398359375 0.51080851875 0.0907945609375 0.50278025 0.0907945609375 0.50278025 0.1113398359375
0 0.618622853125 0.13302596718749998 0.6230384 0.13302596718749998 0.6230384 0.12059160937499999 0.618622853125 0.12059160937499999 0.618622853125 0.13302596718749998
0 0.612039671875 0.1325971953125 0.616936915625 0.1325971953125 0.616936915625 0.11859067812499999 0.612039671875 0.11859067812499999 0.612039671875 0.1325971953125
0 0.6276145140625 0.078429134375 0.6341976953125 0.078429134375 0.6341976953125 0.0661376984375 0.6276145140625 0.0661376984375 0.6276145140625 0.078429134375
0 0.5159452 0.027644653125 0.5071141046875 0.027644653125 0.5071141046875 0.046939345312500005 0.5159452 0.046939345312500005 0.5159452 0.027644653125
0 0.4556617296875 0.038383650000000005 0.45952557499999996 0.038383650000000005 0.45952557499999996 0.01372303125 0.4556617296875 0.01372303125 0.4556617296875 0.038383650000000005
0 0.45155125468749996 0.033261265625 0.45475742500000005 0.033261265625 0.45475742500000005 0.014088915625 0.45155125468749996 0.014088915625 0.45155125468749996 0.033261265625
0 0.4296875 0.029748773437499997 0.43235534218750005 0.029748773437499997 0.43235534218750005 0.011820431250000001 0.4296875 0.011820431250000001 0.4296875 0.029748773437499997
0 0.4532919125 0.328197659375 0.4651469125 0.328197659375 0.4651469125 0.3174107 0.4532919125 0.3174107 0.4532919125 0.328197659375
0 0.7112040281249999 0.093698540625 0.7177901390625 0.093698540625 0.7177901390625 0.07869059687499999 0.7112040281249999 0.07869059687499999 0.7112040281249999 0.093698540625
0 1 0.3046934359375 0.99567408125 0.3046934359375 0.99567408125 0.3391354953125 1 0.3391354953125 1 0.3046934359375
0 0.8680681765625 0.2585264234375 0.8952358859375 0.2585264234375 0.8952358859375 0.224817175 0.8680681765625 0.224817175 0.8680681765625 0.2585264234375
0 0.8926541312499999 0.16396348125 0.884856175 0.16396348125 0.884856175 0.18760099218749998 0.8926541312499999 0.18760099218749998 0.8926541312499999 0.16396348125
0 0.88843901875 0.1752194375 0.8812548453125 0.1752194375 0.8812548453125 0.190977778125 0.88843901875 0.190977778125 0.88843901875 0.1752194375
0 0.8852406390625 0.3671977125 0.8938025828124999 0.3671977125 0.8938025828124999 0.3408165609375 0.8852406390625 0.3408165609375 0.8852406390625 0.3671977125
0 0.5516219062500001 0.4505418484375 0.562159684375 0.4505418484375 0.562159684375 0.4231523515625 0.5516219062500001 0.4231523515625 0.5516219062500001 0.4505418484375
0 0.539398084375 0.4505418484375 0.5577338171874999 0.4505418484375 0.5577338171874999 0.4272795359375 0.539398084375 0.4272795359375 0.539398084375 0.4505418484375
0 0.4883952390625 0.5514702687499999 0.49619319375000004 0.5514702687499999 0.49619319375000004 0.5207039859375 0.4883952390625 0.5207039859375 0.4883952390625 0.5514702687499999
0 0.3687455703125 0.9713421531249999 0.4079382015625 0.9713421531249999 0.4079382015625 0.929671803125 0.3687455703125 0.929671803125 0.3687455703125 0.9713421531249999
0 0.3837555140625 0.8909779062500001 0.41043985781250003 0.8909779062500001 0.41043985781250003 0.8403781968749999 0.3837555140625 0.8403781968749999 0.3837555140625 0.8909779062500001
0 0.295363621875 0.8522840125 0.3370579109375 0.8522840125 0.3370579109375 0.7957313953125 0.295363621875 0.7957313953125 0.295363621875 0.8522840125
0 0.25867264843750004 0.892466134375 0.2886925359375 0.892466134375 0.2886925359375 0.8463311046875 0.25867264843750004 0.8463311046875 0.25867264843750004 0.892466134375
0 0.2453304765625 0.9698539265624999 0.262842078125 0.9698539265624999 0.262842078125 0.931160028125 0.2453304765625 0.931160028125 0.2453304765625 0.9698539265624999
0 0.233656075 0.9475305234375 0.25533710468750004 0.9475305234375 0.25533710468750004 0.9103248546875001 0.233656075 0.9103248546875001 0.233656075 0.9475305234375
0 0.2011345296875 0.96538924375 0.22698498906250003 0.96538924375 0.22698498906250003 0.91181308125 0.2011345296875 0.91181308125 0.2011345296875 0.96538924375
0 0.186958471875 1 0.186958471875 0.9911415218750002 0.186958471875 0.9534834312499999 0.1652774421875 0.9534834312499999 0.1652774421875 1 0.186958471875 1
0 0.173053628125 0.6986309 0.23535409999999998 0.6986309 0.23535409999999998 0.641574428125 0.173053628125 0.641574428125 0.173053628125 0.6986309
0 0.18589626875 0.7395945187499999 0.20666309218749998 0.7395945187499999 0.20666309218749998 0.70399518125 0.18589626875 0.70399518125 0.18589626875 0.7395945187499999
0 0.2430050359375 0.7376438703125 0.2648648515625 0.7376438703125 0.2648648515625 0.7064334921875 0.2430050359375 0.7064334921875 0.2430050359375 0.7376438703125
0 0.19606606875000002 0.7581256796875 0.1831637921875 0.7581256796875 0.1831637921875 0.7893360578124999 0.2062194953125 0.7893360578124999 0.20860996874999999 0.7893360578124999 0.2170465046875 0.7893360578124999 0.2170465046875 0.7581256796875 0.19606606875000002 0.7581256796875
0 0.0453262359375 0.7300187734375 0.0653394953125 0.7300187734375 0.0653394953125 0.68388374375 0.0453262359375 0.68388374375 0.0453262359375 0.7300187734375
0 0.097432378125 0.9927998796875 0.124588146875 0.9927998796875 0.124588146875 0.9579872828125 0.097432378125 0.9579872828125 0.097432378125 0.9927998796875
0 0.0871055359375 1 0.0871055359375 0.9818782828125 0.0645394765625 0.9818782828125 0.0645394765625 1 0.0871055359375 1
0 0.052300256249999996 0.9900694812499999 0.07563126875000001 0.9900694812499999 0.07563126875000001 0.96071768125 0.052300256249999996 0.96071768125 0.052300256249999996 0.9900694812499999
0 0.0217022078125 0.9818782828125 0.0477105484375 0.9818782828125 0.0477105484375 0.9463830812499999 0.0217022078125 0.9463830812499999 0.0217022078125 0.9818782828125
0 0.0041083296875000005 0.9818782828125 0.0217022078125 0.9818782828125 0.0217022078125 0.9511612828124999 0.0041083296875000005 0.9511612828124999 0.0041083296875000005 0.9818782828125
0 0.2114785359375 0.8637025484375 0.2396861109375 0.8637025484375 0.2396861109375 0.8133607968749998 0.2114785359375 0.8133607968749998 0.2114785359375 0.8637025484375
0 0.209216575 0.8133607968749998 0.226057740625 0.8133607968749998 0.226057740625 0.7979422265625 0.209216575 0.7979422265625 0.209216575 0.8133607968749998
0 0.3135047640625 0.7925648375 0.367290396875 0.7925648375 0.367290396875 0.735237103125 0.3135047640625 0.735237103125 0.3135047640625 0.7925648375
0 0.11938644062499999 0.842354109375 0.1478426265625 0.842354109375 0.1478426265625 0.8188726703124999 0.11938644062499999 0.8188726703124999 0.11938644062499999 0.842354109375
0 0.15579811875 0.89586995 0.1766047921875 0.89586995 0.1766047921875 0.8707502703125 0.15579811875 0.8707502703125 0.15579811875 0.89586995
0 0.128259875 0.902422909375 0.15090243125 0.902422909375 0.15090243125 0.8773032296875 0.128259875 0.8773032296875 0.128259875 0.902422909375
0 0.09551996406249999 0.9084297890624999 0.12856585625 0.9084297890624999 0.12856585625 0.8789414687499999 0.09551996406249999 0.8789414687499999 0.09551996406249999 0.9084297890624999
0 0.07899701718749999 0.8330707484375001 0.10072163125 0.8330707484375001 0.10072163125 0.8183265890625 0.07899701718749999 0.8183265890625 0.07899701718749999 0.8330707484375001
0 0.07165348593750001 0.864197309375 0.0982737875 0.864197309375 0.0982737875 0.8450845093750001 0.07165348593750001 0.8450845093750001 0.07165348593750001 0.864197309375
0 0.07348936874999999 0.9029689906249999 0.07348936874999999 0.8811257890625 0.0456451453125 0.8811257890625 0.0456451453125 0.9029689906249999 0.051764754687500004 0.9029689906249999 0.07348936874999999 0.9029689906249999
0 0.0487049484375 0.93081906875 0.0878704515625 0.93081906875 0.0878704515625 0.9117062703125001 0.0487049484375 0.9117062703125001 0.0487049484375 0.93081906875
0 0 0.93737203125 0.029428178125 0.93737203125 0.029428178125 0.9220817890624999 0 0.9220817890624999 0 0.93737203125
