0 0.0877613671875 0.3089952078125 0.0883112265625 0.35625 0.1 0.35625 0.1 0.30892400625 0.0877613671875 0.3089952078125
0 0.07090355625 0.30907731250000003 0.0717833078125 0.346875 0.084375 0.346875 0.084375 0.3089205578125 0.07090355625 0.30907731250000003
0 0.0643814671875 0.3376542859375 0.0649978375 0.390625 0.08125 0.390625 0.08125 0.3371634609375 0.0643814671875 0.3376542859375
0 0.022864062499999997 0.3404690328125 0.022864062499999997 0.3921875 0.034375 0.3921875 0.034375 0.3402011125 0.022864062499999997 0.3404690328125
0 0.090528621875 0.351244565625 0.0900158453125 0.3953125 0.1015625 0.3953125 0.1015625 0.3513087578125 0.090528621875 0.351244565625
0 0 0.3640625 0.0156187875 0.3640625 0.015625 0.3629945296875 0.015625 0.32364778437499997 0 0.323829596875 0 0.3640625
0 0.7466326875 0.8036289296875001 0.7650824828125 0.8036289296875001 0.7650824828125 0.7469904765625 0.7466326875 0.7469904765625 0.7466326875 0.8036289296875001
0 0.6674038906249999 0.714021834375 0.6737071734375 0.714021834375 0.6737071734375 0.7032991765625 0.6674038906249999 0.7032991765625 0.6674038906249999 0.714021834375
0 0.6610105625 0.7106610015625 0.664162203125 0.7106610015625 0.664162203125 0.69897810625 0.6610105625 0.69897810625 0.6610105625 0.7106610015625
0 0.45646862343750005 0.95731956875 0.4667267640625 0.95731956875 0.4667267640625 0.9445163953125 0.45646862343750005 0.9445163953125 0.45646862343750005 0.95731956875
0 0.8948276734375 0.7771747046874999 0.906646328125 0.7771747046874999 0.906646328125 0.7459169578125 0.8948276734375 0.7459169578125 0.8948276734375 0.7771747046874999
