0 0.13612569531250002 0.5633792859375 0.14357846093749999 0.5633792859375 0.14357846093749999 0.5515622875 0.13612569531250002 0.5515622875 0.13612569531250002 0.5633792859375
0 0.1774180484375 0.5082332921875 0.1826551265625 0.5082332921875 0.1826551265625 0.4989229296875 0.1774180484375 0.4989229296875 0.1774180484375 0.5082332921875
0 0.318013475 0.3374239484375 0.325466240625 0.3374239484375 0.325466240625 0.32560695 0.318013475 0.32560695 0.318013475 0.3374239484375
0 0.45055185625 0.23572614218750002 0.4582060484375 0.23572614218750002 0.4582060484375 0.219612053125 0.45055185625 0.219612053125 0.45055185625 0.23572614218750002
0 0.4185251046875 0.2761904109375 0.4241650359375 0.2761904109375 0.4241650359375 0.26258295781249996 0.4185251046875 0.26258295781249996 0.4185251046875 0.2761904109375
0 0.4243664625 0.27869704687499997 0.43121495000000004 0.27869704687499997 0.43121495000000004 0.2679543203125 0.4243664625 0.2679543203125 0.4243664625 0.27869704687499997
0 0.42376218281250005 0.293378771875 0.43061067187499996 0.293378771875 0.43061067187499996 0.2812036828125 0.42376218281250005 0.2812036828125 0.42376218281250005 0.293378771875
0 0.4406819765625 0.32560695 0.444911925 0.32560695 0.444911925 0.31558040625 0.4406819765625 0.31558040625 0.4406819765625 0.32560695
0 0.437459159375 0.3456600390625 0.4439047953125 0.3456600390625 0.4439047953125 0.334559221875 0.437459159375 0.334559221875 0.437459159375 0.3456600390625
0 0.4858194734375 0.3455150828125 0.490769721875 0.3455150828125 0.490769721875 0.33656796875 0.4858194734375 0.33656796875 0.4858194734375 0.3455150828125
0 0.7043993703125 0.3193179234375 0.7122372625 0.3193179234375 0.7122372625 0.30593391875 0.7043993703125 0.30593391875 0.7043993703125 0.3193179234375
0 0.71883759375 0.25936491875 0.7266754859375 0.25936491875 0.7266754859375 0.24469751718750002 0.71883759375 0.24469751718750002 0.71883759375 0.25936491875
0 0.8828451828125001 0.2981908984375 0.8960587359375 0.2981908984375 0.8960587359375 0.28701846249999996 0.8828451828125001 0.28701846249999996 0.8828451828125001 0.2981908984375
0 0.882039478125 0.2838672625 0.8944473265624999 0.2838672625 0.8944473265624999 0.27068951874999997 0.882039478125 0.27068951874999997 0.882039478125 0.2838672625
0 0.9638990515625 0.22829156093749997 0.97308408125 0.22829156093749997 0.97308408125 0.21654618124999997 0.9638990515625 0.21654618124999997 0.9638990515625 0.22829156093749997
0 0.9800131406249999 0.243188140625 0.98790904375 0.243188140625 0.98790904375 0.2297239234375 0.9800131406249999 0.2297239234375 0.9800131406249999 0.243188140625
0 0.9398890578125 0.1692781859375 0.9518134843749999 0.1692781859375 0.9518134843749999 0.1495115703125 0.9398890578125 0.1495115703125 0.9398890578125 0.1692781859375
0 0.9511689203125 0.0916440859375 0.959548246875 0.0916440859375 0.959548246875 0.077033978125 0.9511689203125 0.077033978125 0.9511689203125 0.0916440859375
0 0.2896452625 0.3761248625 0.29522660156249997 0.3761248625 0.29522660156249997 0.3650749390625 0.2896452625 0.3650749390625 0.2896452625 0.3761248625
0 0.29522660156249997 0.3751073984375 0.3002572078125 0.3751073984375 0.3002572078125 0.3656781296875 0.29522660156249997 0.3656781296875 0.29522660156249997 0.3751073984375
0 0.142541634375 0.551111471875 0.14761557812499998 0.551111471875 0.14761557812499998 0.5404073281249999 0.142541634375 0.5404073281249999 0.142541634375 0.551111471875
0 0.14761557812499998 0.551111471875 0.15404257500000001 0.551111471875 0.15404257500000001 0.5437147890625 0.14761557812499998 0.5437147890625 0.14761557812499998 0.551111471875
0 0.1753854890625 0.493927553125 0.17987762031250001 0.493927553125 0.17987762031250001 0.48459450156250006 0.1753854890625 0.48459450156250006 0.1753854890625 0.493927553125
0 0.18664288125 0.47540577500000003 0.1908914640625 0.47540577500000003 0.1908914640625 0.46645759218749994 0.18664288125 0.46645759218749994 0.18664288125 0.47540577500000003
0 0.17987762031250001 0.492484296875 0.18685936875 0.492484296875 0.18685936875 0.48132312187500004 0.17987762031250001 0.48132312187500004 0.17987762031250001 0.492484296875
0 0.1908914640625 0.4747803640625 0.195031803125 0.4747803640625 0.195031803125 0.46804517343749996 0.1908914640625 0.46804517343749996 0.1908914640625 0.4747803640625
0 0.30339160781249996 0.2428208375 0.3086522734375 0.2428208375 0.3086522734375 0.2295428875 0.30339160781249996 0.2295428875 0.30339160781249996 0.2428208375
0 0.2982473046875 0.2378578421875 0.30339160781249996 0.2378578421875 0.30339160781249996 0.2301989671875 0.2982473046875 0.2301989671875 0.2982473046875 0.2378578421875
0 0.41219679062500003 0.22158201875 0.41801491406249996 0.22158201875 0.41801491406249996 0.20907380625 0.41219679062500003 0.20907380625 0.41219679062500003 0.22158201875
0 0.44388677187500003 0.3468377921875 0.45227569375 0.3468377921875 0.45227569375 0.33139495937499996 0.44388677187500003 0.33139495937499996 0.44388677187500003 0.3468377921875
0 0.46776169375 0.3438259609375 0.473255084375 0.3438259609375 0.473255084375 0.3268917640625 0.46776169375 0.3268917640625 0.46776169375 0.3438259609375
0 0.477205996875 0.3446919140625 0.48148164062500004 0.3446919140625 0.48148164062500004 0.329970709375 0.477205996875 0.329970709375 0.477205996875 0.3446919140625
0 0.4728221078125 0.3446919140625 0.47777427812499995 0.3446919140625 0.47777427812499995 0.3293452984375 0.4728221078125 0.3293452984375 0.4728221078125 0.3446919140625
0 0.9797785796875 0.26541604375 0.9986902546875 0.26541604375 0.9986902546875 0.2453023171875 0.9797785796875 0.2453023171875 0.9797785796875 0.26541604375
