0 0.3625 0.022357949999999998 0.3546875 0.02226704375 0.3546875 0.0421875 0.3625 0.0421875 0.3625 0.022357949999999998
0 0.626426878125 0.1991040375 0.6270411453125 0.3046875 0.6515625 0.3046875 0.6515625 0.199396515625 0.626426878125 0.1991040375
0 0.7156398046875 0.221165484375 0.7368983078125 0.221165484375 0.7368983078125 0.15097867812500002 0.7156398046875 0.15097867812500002 0.7156398046875 0.221165484375
0 0.6682035484375 0.19111088125 0.6881052984375 0.19111088125 0.6881052984375 0.1385866765625 0.6682035484375 0.1385866765625 0.6682035484375 0.19111088125
0 0.652610425 0.1604717625 0.6655363046875 0.1604717625 0.6655363046875 0.138221925 0.652610425 0.138221925 0.652610425 0.1604717625
0 0.6718966562500001 0.3647325609375 0.7332432875 0.3647325609375 0.7332432875 0.2082541984375 0.6718966562500001 0.2082541984375 0.6718966562500001 0.3647325609375
0 0.744269653125 0.22385409687500002 0.7706630656250001 0.22385409687500002 0.7706630656250001 0.15568935 0.744269653125 0.15568935 0.744269653125 0.22385409687500002
0 0.7604516218749999 0.2799210796875 0.8027992625 0.2799210796875 0.8027992625 0.1815840953125 0.7604516218749999 0.1815840953125 0.7604516218749999 0.2799210796875
0 0.6918461875 0.141890153125 0.678820184375 0.141890153125 0.678820184375 0.16261970625 0.6918461875 0.16261970625 0.6918461875 0.141890153125
0 0.7432358703124999 0.15097867812500002 0.7307140999999999 0.15097867812500002 0.7307140999999999 0.19749977968750002 0.7432358703124999 0.19749977968750002 0.7432358703124999 0.15097867812500002
0 0.8621408265625 0.35841870625 0.9047782734375 0.35841870625 0.9047782734375 0.22448654218750003 0.8621408265625 0.22448654218750003 0.8621408265625 0.35841870625
0 0.9209660781250001 0.1909428453125 0.8891643124999999 0.1909428453125 0.8891643124999999 0.3164173359375 0.9209660781250001 0.3164173359375 0.9209660781250001 0.1909428453125
0 1 0.1899989734375 0.9869796703125001 0.1899989734375 0.9869796703125001 0.226229003125 1 0.226229003125 1 0.1899989734375
0 0.4890625 0.19350275 0.4994383296875 0.19350275 0.4994383296875 0.1356094046875 0.4890625 0.1356094046875 0.4890625 0.19350275
0 0.6046039343749999 0.21599202968750003 0.628568103125 0.21599202968750003 0.628568103125 0.1512121765625 0.6046039343749999 0.1512121765625 0.6046039343749999 0.21599202968750003
0 0.5571680125 0.2247460640625 0.5878618437500001 0.2247460640625 0.5878618437500001 0.18331030312500002 0.5571680125 0.18331030312500002 0.5571680125 0.2247460640625
0 0.5911446078125 0.3236666515625 0.6454743328125 0.3236666515625 0.6454743328125 0.22066084843749997 0.5911446078125 0.22066084843749997 0.5911446078125 0.3236666515625
0 0.5345841796874999 1 0.5345841796874999 0.9831160000000001 0.526157090625 0.9831160000000001 0.526157090625 1 0.5345841796874999 1
0 0.5276783859374999 1 0.5276783859374999 0.9943018390624999 0.5223616437499999 0.9943018390624999 0.5223616437499999 1 0.5276783859374999 1
0 0.5189044593750001 1 0.5189044593750001 0.9782647843750001 0.5074586953125 0.9782647843750001 0.5074586953125 1 0.5189044593750001 1
0 0.5095817 1 0.5095817 0.9899156687499999 0.503304990625 0.9899156687499999 0.503304990625 1 0.5095817 1
0 0.5035992109375 1 0.5035992109375 0.9859860609375 0.49263804687499996 0.9859860609375 0.49263804687499996 1 0.5035992109375 1
0 0.85834871875 0.9738527156250001 0.8633100890625001 0.9738527156250001 0.8633100890625001 0.9635966546875 0.85834871875 0.9635966546875 0.85834871875 0.9738527156250001
0 0.82316338125 0.9598627437499999 0.82860935 0.9598627437499999 0.82860935 0.9501810234375 0.82316338125 0.9501810234375 0.82316338125 0.9598627437499999
0 0.7231432953125 1 0.7231432953125 0.9920467796875 0.718095390625 0.9920467796875 0.718095390625 1 0.7231432953125 1
0 0.680885121875 0.9984568156249999 0.6892502203124999 0.9984568156249999 0.6892502203124999 0.984354734375 0.680885121875 0.984354734375 0.680885121875 0.9984568156249999
0 0.63790581875 1 0.63790581875 0.993072384375 0.630982978125 0.993072384375 0.630982978125 1 0.63790581875 1
0 0.6578089859375 0.9533301515625 0.6631453421875 0.9533301515625 0.6631453421875 0.9433304921874999 0.6578089859375 0.9433304921874999 0.6578089859375 0.9533301515625
0 0.650020790625 0.9535865515624999 0.65492446875 0.9535865515624999 0.65492446875 0.9364076515624999 0.650020790625 0.9364076515624999 0.650020790625 0.9535865515624999
0 0.64309795 0.9535865515624999 0.650020790625 0.9535865515624999 0.650020790625 0.9364076515624999 0.64309795 0.9364076515624999 0.64309795 0.9535865515624999
0 0.63790581875 0.9553813640625 0.642521046875 0.9553813640625 0.642521046875 0.9423048859375001 0.63790581875 0.9423048859375001 0.63790581875 0.9553813640625
0 0.7104514203125 0.962304203125 0.715499325 0.962304203125 0.715499325 0.9502533328125 0.7104514203125 0.9502533328125 0.7104514203125 0.962304203125
0 0.6875195109375 0.9576889765625 0.6912693828125 0.9576889765625 0.6912693828125 0.9510225375000001 0.6875195109375 0.9510225375000001 0.6875195109375 0.9576889765625
0 0.64843430625 0.9861495437500001 0.6526168546875 0.9861495437500001 0.6526168546875 0.9794831046875 0.64843430625 0.9794831046875 0.64843430625 0.9861495437500001
0 0.6396365296875001 0.97127825625 0.6433864015624999 0.97127825625 0.6433864015624999 0.9620478015625 0.6396365296875001 0.9620478015625 0.6396365296875001 0.97127825625
0 0.6366077859375 0.9682014390625 0.6396365296875001 0.9682014390625 0.6396365296875001 0.961022196875 0.6366077859375 0.961022196875 0.6366077859375 0.9682014390625
0 0.6018225859374999 0.9687987890624999 0.6045917218750001 0.9687987890624999 0.6045917218750001 0.964039978125 0.6018225859374999 0.964039978125 0.6018225859374999 0.9687987890624999
0 0.596468921875 0.9674860140625 0.59969958125 0.9674860140625 0.59969958125 0.9610862328125 0.596468921875 0.9610862328125 0.596468921875 0.9674860140625
0 0.538996453125 0.9935533265625001 0.543179003125 0.9935533265625001 0.543179003125 0.9774000328125 0.538996453125 0.9774000328125 0.538996453125 0.9935533265625001
0 0.5355350328124999 0.986374084375 0.538996453125 0.986374084375 0.538996453125 0.9758616234374999 0.5355350328124999 0.9758616234374999 0.5355350328124999 0.986374084375
0 0.52241048125 0.9831160000000001 0.5277468375 0.9831160000000001 0.5277468375 0.9727848046875 0.52241048125 0.9727848046875 0.52241048125 0.9831160000000001
0 0.562216815625 0.98150245625 0.56913965625 0.98150245625 0.56913965625 0.9750924171875 0.562216815625 0.9750924171875 0.562216815625 0.98150245625
0 0.5630821703125 0.9730412062500001 0.567553171875 0.9730412062500001 0.567553171875 0.9638107515625001 0.5630821703125 0.9638107515625001 0.5630821703125 0.9730412062500001
0 0.54591929375 0.9743232140625 0.5534190390625 0.9743232140625 0.5534190390625 0.9663747671875 0.54591929375 0.9663747671875 0.54591929375 0.9743232140625
0 0.5444770359375 0.9663747671875 0.54591929375 0.9663747671875 0.54591929375 0.9594519265624999 0.5444770359375 0.9594519265624999 0.5444770359375 0.9663747671875
0 0.54159251875 0.9671439703125 0.5434674546875 0.9671439703125 0.5434674546875 0.9627851453125 0.54159251875 0.9627851453125 0.54159251875 0.9671439703125
0 0.5381310984375001 0.9697079859375 0.54159251875 0.9697079859375 0.54159251875 0.9653491609374999 0.5381310984375001 0.9653491609374999 0.5381310984375001 0.9697079859375
0 0.5005646453125 0.9560941406250001 0.503296859375 0.9560941406250001 0.503296859375 0.9516307031250001 0.5005646453125 0.9516307031250001 0.5005646453125 0.9560941406250001
0 0.4925156890625 0.9491364296875 0.49495252812499996 0.9491364296875 0.49495252812499996 0.9454606578125 0.4925156890625 0.9454606578125 0.4925156890625 0.9491364296875
0 0.553192821875 0.9616126640625 0.555603078125 0.9616126640625 0.555603078125 0.9566556234375 0.553192821875 0.9566556234375 0.553192821875 0.9616126640625
0 0.8334188749999999 0.9587954203125 0.8363135453125 0.9587954203125 0.8363135453125 0.9530192078124999 0.8334188749999999 0.9530192078124999 0.8334188749999999 0.9587954203125
0 0.75017215625 0.9641731421875 0.753922028125 0.9641731421875 0.753922028125 0.9546862875000001 0.75017215625 0.9546862875000001 0.75017215625 0.9641731421875
0 0.731384425 0.9918441359375001 0.736071765625 0.9918441359375001 0.736071765625 0.9841520906250001 0.731384425 0.9841520906250001 0.731384425 0.9918441359375001
0 0.7150953875 0.9920467796875 0.72028751875 0.9920467796875 0.72028751875 0.9825710890625 0.7150953875 0.9825710890625 0.7150953875 0.9920467796875
0 0.70874945 0.9905195359375 0.7136531296874999 0.9905195359375 0.7136531296874999 0.981801884375 0.70874945 0.981801884375 0.70874945 0.9905195359375
