0 0.5625 0.5015625 0.5625 0.44889382031249997 0.546876940625 0.44898471406249996 0.546875 0.44931828124999995 0.546875 0.5015625 0.5625 0.5015625
0 0.5078125 0.46927133281250005 0.484375 0.46886222968749997 0.484375 0.49375 0.5078125 0.49375 0.5078125 0.46927133281250005
0 0.5220114484375 0.435381071875 0.5222179171875 0.453125 0.53125 0.453125 0.53125 0.435166040625 0.5220114484375 0.435381071875
0 0.5530703234375001 0.43214256874999996 0.55351839375 0.4578125 0.5578125 0.4578125 0.5578125 0.43219774843750003 0.5530703234375001 0.43214256874999996
0 0.490083765625 0.3921875 0.49043832031249995 0.4125 0.49375 0.4125 0.49375 0.3921875 0.490083765625 0.3921875
0 0.48764161406250006 0.4198722265625 0.4878649140625 0.4390625 0.4921875 0.4390625 0.4921875 0.4197399546875 0.48764161406250006 0.4198722265625
0 0.494705171875 0.4195333828125 0.495046053125 0.4390625 0.5 0.4390625 0.5 0.41937932031249997 0.494705171875 0.4195333828125
0 0.5019236578124999 0.4202787203125 0.5020329390625 0.4390625 0.5046875 0.4390625 0.5046875 0.4203430484375 0.5019236578124999 0.4202787203125
0 0.515625 0.427588875 0.50657973125 0.42774676093749997 0.50625 0.446637084375 0.50625 0.459375 0.5153638625 0.459375 0.515625 0.44441440312499997 0.515625 0.427588875
0 0.49115439531250005 0.4432530671875 0.49098498125 0.4578125 0.5046875 0.4578125 0.5046875 0.4434892890625 0.49115439531250005 0.4432530671875
0 0.46488156875 0.39999497968750003 0.4647451125 0.4078125 0.4671875 0.4078125 0.4671875 0.39999497968750003 0.46488156875 0.39999497968750003
0 0.4808909 0.39375 0.4808909 0.4125 0.4875 0.4125 0.4875 0.39375 0.4808909 0.39375
0 0.47079716562499996 0.375655128125 0.4706176875 0.3859375 0.4765625 0.3859375 0.4765625 0.37568867031250003 0.47079716562499996 0.375655128125
0 0.5299007484375 0.3695513765625 0.5299778984375 0.3828125 0.53125 0.3828125 0.53125 0.3695513765625 0.5299007484375 0.3695513765625
0 0.5239749765624999 0.368956584375 0.5238137484375 0.3828125 0.5265625 0.3828125 0.5265625 0.3690168109375 0.5239749765624999 0.368956584375
0 0.5176933703125 0.3693111078125 0.5173063875 0.3859375 0.521875 0.3859375 0.521875 0.36926245 0.5176933703125 0.3693111078125
0 0.492458575 0.3621058265625 0.49204935625 0.3796875 0.503125 0.3796875 0.503125 0.3619196421875 0.492458575 0.3621058265625
0 0.4449366265625 0.40908770156249996 0.44442079375 0.43125 0.45 0.43125 0.45 0.40917608281250006 0.4449366265625 0.40908770156249996
0 0.4525545828125 0.4130196640625 0.45225145468749994 0.4234375 0.45625 0.4234375 0.45625 0.4130841671875 0.4525545828125 0.4130196640625
0 0.4570453484375 0.4078125 0.4576885953125 0.38570556875 0.454836978125 0.38563919687500003 0.4546875 0.39077641875 0.4546875 0.4078125 0.4570453484375 0.4078125
0 0.4585734578125 0.3974214921875 0.45869436874999997 0.4078125 0.4625 0.4078125 0.4625 0.39751288281249997 0.4585734578125 0.3974214921875
0 0.628125 0.43125 0.628125 0.41335696562499996 0.622041934375 0.41349855 0.621875 0.4206707328125 0.621875 0.43125 0.628125 0.43125
0 0.7461474031249999 0.4069959609375 0.7456967734375 0.4328125 0.753125 0.4328125 0.753125 0.4070365546875 0.7461474031249999 0.4069959609375
0 0.0102818 0.457823275 0.01006369375 0.4953125 0.01875 0.4953125 0.01875 0.4577247375 0.0102818 0.457823275
0 0.01121476875 0.4476748125 0.0112555671875 0.4546875 0.0171875 0.4546875 0.0171875 0.447535796875 0.01121476875 0.4476748125
0 0.023251435937500002 0.45756726406250003 0.023028965625 0.4703125 0.0265625 0.4703125 0.0265625 0.45762505937500003 0.023251435937500002 0.45756726406250003
0 0.037732546875 0.47270066093749996 0.03934523125 0.528125 0.046875 0.528125 0.046875 0.47270066093749996 0.037732546875 0.47270066093749996
0 0.121618225 0.52299523125 0.12102605 0.5484375 0.1328125 0.5484375 0.1328125 0.5228649734374999 0.121618225 0.52299523125
0 0.102516378125 0.52416559375 0.1028897140625 0.55625 0.1171875 0.55625 0.1171875 0.52416559375 0.102516378125 0.52416559375
0 0.2046875 0.559375 0.2046875 0.54314005 0.204602303125 0.5402120218750001 0.19132445625 0.5399029765625001 0.191891034375 0.559375 0.2046875 0.559375
0 0.21875 0.559375 0.21875 0.5338552390625 0.208390684375 0.5335538140625 0.208991678125 0.559375 0.21875 0.559375
0 0.1676893390625 0.4785373796875 0.168879871875 0.5296875 0.178125 0.5296875 0.178125 0.478658809375 0.1676893390625 0.4785373796875
0 0.166418775 0.4597479265625 0.16790823906250002 0.5109375 0.175 0.5109375 0.175 0.4597479265625 0.166418775 0.4597479265625
0 0.17791976874999998 0.46350587499999996 0.1782048078125 0.5125 0.184375 0.5125 0.184375 0.463318046875 0.17791976874999998 0.46350587499999996
0 0.1880544328125 0.46173333593750004 0.1880544328125 0.5203125 0.1953125 0.5203125 0.1953125 0.461860025 0.1880544328125 0.46173333593750004
0 0.140392175 0.4360654421875 0.1410172328125 0.471875 0.146875 0.471875 0.146875 0.43621633125 0.140392175 0.4360654421875
0 0.10712474999999999 0.4466798953125 0.1066304203125 0.475 0.1109375 0.475 0.1109375 0.44670207656249994 0.10712474999999999 0.4466798953125
0 0.12089640937499999 0.47871957031249995 0.1207180609375 0.509375 0.136848615625 0.509375 0.13702587187499998 0.47890725468750006 0.12089640937499999 0.47871957031249995
0 0.030066809374999996 0.4434042265625 0.029928442187499998 0.4671875 0.0390625 0.4671875 0.0390625 0.443561246875 0.030066809374999996 0.4434042265625
0 0.0226054859375 0.3969836953125 0.022784793749999997 0.4046875 0.025 0.4046875 0.025 0.3969836953125 0.0226054859375 0.3969836953125
0 0.0295039328125 0.4000397140625 0.0294587125 0.4078125 0.03125 0.4078125 0.03125 0.400049871875 0.0295039328125 0.4000397140625
0 0.0706156390625 0.42419343125 0.0705470140625 0.428125 0.0734375 0.428125 0.0734375 0.42425911093749996 0.0706156390625 0.42419343125
0 0.078125 0.44794301093750005 0.075 0.4478884640625 0.075 0.4578125 0.078125 0.4578125 0.078125 0.44794301093750005
0 0.09375 0.40579541875 0.0875 0.4056499484375 0.0875 0.415625 0.09375 0.415625 0.09375 0.40579541875
0 0.06330440937500001 0.42435512031249994 0.06347930625 0.434375 0.06875 0.434375 0.06875 0.42451357031250003 0.06330440937500001 0.42435512031249994
0 0.0950099328125 0.4395971671875 0.0948221453125 0.471875 0.1 0.471875 0.1 0.4397133125 0.0950099328125 0.4395971671875
0 0.086385846875 0.440233709375 0.0867949984375 0.4578125 0.0921875 0.4578125 0.0921875 0.4401662 0.086385846875 0.440233709375
0 0.0761533421875 0.4720962953125 0.07602083750000001 0.4796875 0.0796875 0.4796875 0.0796875 0.47203460625 0.0761533421875 0.4720962953125
0 0.1203125 0.4359375 0.115625 0.4359375 0.115625 0.4504322875 0.11565633281250001 0.453125 0.1203125 0.453125 0.1203125 0.4359375
0 0.10731394999999999 0.4234375 0.1074503171875 0.43125 0.1125 0.43125 0.1125 0.4234375 0.10731394999999999 0.4234375
0 0.1077206046875 0.43606247031249995 0.1077206046875 0.4421875 0.1109375 0.4421875 0.1109375 0.4360063203125 0.1077206046875 0.43606247031249995
0 0.09787139218749999 0.43389138125000004 0.1 0.43390376562500005 0.1 0.42553526406250003 0.0978227046875 0.42552259687499994 0.09787139218749999 0.43389138125000004
0 0.10544651875 0.44375 0.10562835625 0.4359375 0.10073726093749999 0.4359375 0.10055542343749999 0.44375 0.10544651875 0.44375
0 0.1734375 0.43176929687500004 0.165625 0.4315874578125 0.165625 0.4640421828125 0.166497884375 0.4640625 0.1731412953125 0.4640625 0.1734375 0.451336340625 0.1734375 0.43176929687500004
0 0.1587806359375 0.463499340625 0.15898137968749998 0.475 0.1640625 0.475 0.1640625 0.4633764046875 0.1587806359375 0.463499340625
0 0.1477866625 0.42879844375 0.148106090625 0.45625 0.1578125 0.45625 0.1578125 0.4289734453125 0.1477866625 0.42879844375
0 0.159853140625 0.4148348234375 0.159757528125 0.4203125 0.1640625 0.4203125 0.1640625 0.4148838046875 0.159853140625 0.4148348234375
0 0.1759521734375 0.4272500703125 0.17582780625 0.434375 0.1796875 0.434375 0.1796875 0.42727180000000003 0.1759521734375 0.4272500703125
0 0.19591835 0.4296875 0.1955546375 0.4421875 0.1984043234375 0.4421875 0.1984375 0.44104730468750003 0.1984375 0.4296875 0.19591835 0.4296875
0 0.21389941562499998 0.41956369374999997 0.208410053125 0.4196595109375 0.208410053125 0.4324569828125 0.21389941562499998 0.432361165625 0.21389941562499998 0.41956369374999997
0 0.22600532499999998 0.41850599062500005 0.22595845468750003 0.4265625 0.2296875 0.4265625 0.2296875 0.41850599062500005 0.22600532499999998 0.41850599062500005
0 0.2453732 0.4171875 0.24512773906250002 0.43125 0.2484375 0.43125 0.2484375 0.4171875 0.2453732 0.4171875
0 0.2507272328125 0.4165827109375 0.25115400625 0.43125 0.2546875 0.43125 0.2546875 0.41660575 0.2507272328125 0.4165827109375
0 0.2529205671875 0.43836219375 0.2529205671875 0.4765625 0.259375 0.4765625 0.259375 0.43836219375 0.2529205671875 0.43836219375
0 0.27034720624999997 0.4156368828125 0.27065615 0.4421875 0.2734375 0.4421875 0.2734375 0.415672840625 0.27034720624999997 0.4156368828125
0 0.26590457968750003 0.4171875 0.266541078125 0.4390625 0.26875 0.4390625 0.26875 0.4171875 0.26590457968750003 0.4171875
0 0.282312603125 0.4319549125 0.282878078125 0.45625 0.2875 0.45625 0.2875 0.4320756515625 0.282312603125 0.4319549125
0 0.2899609046875 0.42458768593749996 0.290295384375 0.44375 0.2921875 0.44375 0.2921875 0.424600640625 0.2899609046875 0.42458768593749996
0 0.29452280625 0.42859702187500004 0.29413374999999997 0.4453125 0.2984375 0.4453125 0.2984375 0.428665353125 0.29452280625 0.42859702187500004
0 0.20225859218750003 0.44810162968749995 0.2021384625 0.46875 0.2086261140625 0.46875 0.20874602343749998 0.44813937187499997 0.20225859218750003 0.44810162968749995
0 0.22012075156250002 0.44795133125 0.22063548593750001 0.4921875 0.228125 0.4921875 0.228125 0.44795133125 0.22012075156250002 0.44795133125
0 0.224298271875 0.43771675625000006 0.2242359 0.4484375 0.228125 0.4484375 0.228125 0.4376499609375 0.224298271875 0.43771675625000006
0 0.233818715625 0.4419089859375 0.23422524218750002 0.459375 0.2421875 0.459375 0.2421875 0.4419089859375 0.233818715625 0.4419089859375
0 0.199041940625 0.4286055046875 0.1992489625 0.4375 0.203125 0.4375 0.203125 0.42858175000000004 0.199041940625 0.4286055046875
0 0.3116717296875 0.398256896875 0.315625 0.3981648828125 0.315625 0.3861227671875 0.3114616203125 0.386219671875 0.3116717296875 0.398256896875
0 0.296875 0.3847969859375 0.29375 0.3847969859375 0.29375 0.3921875 0.296875 0.3921875 0.296875 0.3847969859375
0 0.328125 0.4044156421875 0.3296875 0.4044338234375 0.3296875 0.3897357375 0.328125 0.38971755625000004 0.328125 0.4044156421875
0 0.33227339375 0.3869226140625 0.3325289328125 0.4015625 0.3359375 0.4015625 0.3359375 0.38698657187499996 0.33227339375 0.3869226140625
0 0.3378326734375 0.3743679921875 0.338130928125 0.4 0.35 0.4 0.35 0.3745803734375 0.3378326734375 0.3743679921875
0 0.3328125 0.428125 0.32216515 0.428125 0.32200151718750003 0.4421875 0.3287785703125 0.4421875 0.3326932484375 0.442096384375 0.3328125 0.4318479375 0.3328125 0.428125
0 0.0734375 0.3703125 0.0734375 0.358593625 0.06407246718750001 0.3584301578125 0.0640625 0.3587727078125 0.0640625 0.3703125 0.0734375 0.3703125
0 0.092981690625 0.359531459375 0.09302623125000001 0.3671875 0.096875 0.3671875 0.096875 0.359531459375 0.092981690625 0.359531459375
0 0.11343813750000001 0.35912390312500003 0.11358945312499999 0.365625 0.1171875 0.365625 0.1171875 0.3590366359375 0.11343813750000001 0.35912390312500003
0 0.2703125 0.439833903125 0.2640625 0.4399793734375 0.2640625 0.478125 0.2703125 0.478125 0.2703125 0.439833903125
0 0.2120707671875 0.44175713281249995 0.21258339375 0.459375 0.2171875 0.459375 0.2171875 0.44166782031249996 0.2120707671875 0.44175713281249995
0 0.2594900859375 0.443486784375 0.2625 0.4434342453125 0.2625 0.43007462343749997 0.25972335 0.430123090625 0.2594900859375 0.443486784375
0 0.2002770359375 0.4729500921875 0.200379865625 0.490625 0.2078125 0.490625 0.2078125 0.473037775 0.2002770359375 0.4729500921875
0 0.1890625 0.509375 0.1890625 0.45565434062500004 0.1818453828125 0.45578031562500004 0.18125 0.481360384375 0.18125 0.509375 0.1890625 0.509375
0 0.5565676609375 0.44610903906250005 0.5566812 0.465625 0.565625 0.465625 0.565625 0.4463198515625 0.5565676609375 0.44610903906250005
0 0.759375 0.559375 0.7844051109375 0.559375 0.7859375 0.47158451562500003 0.7859375 0.40998592343749996 0.759375 0.40998592343749996 0.759375 0.559375
0 0.84375 0.559375 0.84375 0.356778825 0.7935848609375 0.356486971875 0.7935848609375 0.559375 0.84375 0.559375
0 0.8865997 0.559375 0.8890625 0.41828125 0.8890625 0.3542465921875 0.8383293 0.353951434375 0.8375 0.401462 0.8375 0.559375 0.8865997 0.559375
0 0.91875 0.559375 0.91875 0.40377469687499995 0.8902746484374999 0.40377469687499995 0.8911799046875 0.559375 0.91875 0.559375
0 0.97058535625 0.559375 0.971875 0.448543178125 0.971875 0.43508256406249995 0.934775815625 0.43421907187500003 0.934375 0.46866509843750004 0.934375 0.559375 0.97058535625 0.559375
0 1 0.559375 1 0.44705530781249997 0.9683024609374999 0.4474241421875 0.9671875 0.495327425 0.9671875 0.559375 1 0.559375
0 1 0.559375 1 0.353125 0.9752662296875 0.353125 0.975 0.3645632921875 0.975 0.559375 1 0.559375
0 0.92818421875 0.559375 0.9356801546875 0.30175635624999997 0.895735821875 0.3010591265625 0.8953125 0.3156077578125 0.8953125 0.559375 0.92818421875 0.559375
0 0.759375 0.559375 0.7953402328125 0.559375 0.8015625 0.345529534375 0.8015625 0.33327460625 0.759375 0.33229268125 0.759375 0.559375
0 0.9372778984375 0.3286132828125 0.9362227531249999 0.3890625 0.967099784375 0.3890625 0.9671875 0.384037278125 0.9671875 0.3287872921875 0.9372778984375 0.3286132828125
0 0.9870569828125 0.1347416984375 0.9868473124999999 0.14375 0.9921875 0.14375 0.9921875 0.1347416984375 0.9870569828125 0.1347416984375
0 0.9801172765625001 0.13392010625 0.9801172765625001 0.14375 0.9859375 0.14375 0.9859375 0.1339878296875 0.9801172765625001 0.13392010625
0 0.963642521875 0.12119170937499998 0.96398173125 0.140625 0.971875 0.140625 0.971875 0.12133540937500001 0.963642521875 0.12119170937499998
0 1 0.06764218281249999 0.998317475 0.0676226046875 0.9975572453125 0.09375 1 0.09375 1 0.06764218281249999
0 0.996875 0.0670487515625 0.990625 0.0670487515625 0.990625 0.07959809062499999 0.990771490625 0.0921875 0.996875 0.0921875 0.996875 0.0670487515625
0 0.970793253125 0.0640625 0.9704659718749999 0.0828125 0.9765625 0.0828125 0.9765625 0.0640625 0.970793253125 0.0640625
0 0.942794190625 0.08931580312500001 0.9428472593749999 0.0984375 0.946875 0.0984375 0.946875 0.0893632875 0.942794190625 0.08931580312500001
0 0.9330518046874999 0.084375 0.9332154375 0.0984375 0.9390625 0.0984375 0.9390625 0.084375 0.9330518046874999 0.084375
0 0.9625 0.046206637499999995 0.95625 0.046170275 0.95625 0.0734375 0.9625 0.0734375 0.9625 0.046206637499999995
0 0.9836216531249999 0.0318692140625 0.9838144421875 0.0484375 0.9890625 0.0484375 0.9890625 0.0319325234375 0.9836216531249999 0.0318692140625
0 0.899480603125 0.0850519203125 0.8991365859375 0.096875 0.9076423953124999 0.096875 0.9078125 0.09102889374999999 0.9078125 0.0850519203125 0.899480603125 0.0850519203125
0 0.8879392859375 0.080070103125 0.8877619250000001 0.0953125 0.89375 0.0953125 0.89375 0.080036296875 0.8879392859375 0.080070103125
0 0.880555021875 0.080511653125 0.8800688031250001 0.10140163124999999 0.8873889546875 0.1012738578125 0.8875 0.0965028890625 0.8875 0.080390428125 0.880555021875 0.080511653125
0 0.865625 0.11377333593750001 0.8609375 0.1136642328125 0.8609375 0.1234375 0.865625 0.1234375 0.865625 0.11377333593750001
0 0.8679021109375 0.1104243140625 0.8677870515624999 0.1203125 0.8765002421875 0.1203125 0.8765625 0.114962059375 0.8765625 0.11052508750000001 0.8679021109375 0.1104243140625
0 0.8650581171875 0.109375 0.8734375 0.109375 0.8734375 0.10001531562499999 0.8727794953125001 0.1 0.865003575 0.1 0.8650581171875 0.109375
0 0.8796875 0.103125 0.8796875 0.096875 0.8751147859374999 0.096875 0.875 0.100819953125 0.875 0.103125 0.8796875 0.103125
0 0.913735259375 0.048474890625 0.914061696875 0.0625 0.9203125 0.0625 0.9203125 0.048551424999999995 0.913735259375 0.048474890625
0 0.923698571875 0.043083046874999996 0.9241141390625 0.0609375 0.93125 0.0609375 0.93125 0.0429512359375 0.923698571875 0.043083046874999996
0 0.9146726125000001 0.0236769796875 0.91445860625 0.0359375 0.9203125 0.0359375 0.9203125 0.023775425 0.9146726125000001 0.0236769796875
0 0.8850007874999999 0.040168778125 0.885199665625 0.0515625 0.890625 0.0515625 0.890625 0.0400706078125 0.8850007874999999 0.040168778125
0 0.8765221796875 0.05178438125 0.88219271875 0.05178438125 0.88219271875 0.0399879578125 0.8765221796875 0.0399879578125 0.8765221796875 0.05178438125
0 0.8628677781249999 0.038657281249999995 0.8684352171875 0.038657281249999995 0.8684352171875 0.0244557609375 0.8628677781249999 0.0244557609375 0.8628677781249999 0.038657281249999995
0 0.8512063203125001 0.08359249375 0.8571861625 0.08359249375 0.8571861625 0.066733915625 0.8512063203125001 0.066733915625 0.8512063203125001 0.08359249375
0 0.8439924921875 0.0570043703125 0.8498176828125 0.0570043703125 0.8498176828125 0.038679828124999996 0.8439924921875 0.038679828124999996 0.8439924921875 0.0570043703125
0 0.8237140703125 0.0868017953125 0.830106315625 0.0868017953125 0.830106315625 0.056749545312500004 0.8237140703125 0.056749545312500004 0.8237140703125 0.0868017953125
0 0.8120153609375 0.084966478125 0.8163971406249999 0.084966478125 0.8163971406249999 0.065382121875 0.8120153609375 0.065382121875 0.8120153609375 0.084966478125
0 0.8211011109375 0.051867771875 0.8170415203125 0.051867771875 0.8170415203125 0.074200809375 0.8211011109375 0.074200809375 0.8211011109375 0.051867771875
0 0.8134974328125001 0.0723683546875 0.818136965625 0.0723683546875 0.818136965625 0.054158340625 0.8134974328125001 0.054158340625 0.8134974328125001 0.0723683546875
0 0.7902937296875 0.15702496562499998 0.803020225 0.15702496562499998 0.803020225 0.1313992390625 0.7902937296875 0.1313992390625 0.7902937296875 0.15702496562499998
0 0.784252671875 0.15702496562499998 0.7913408468750001 0.15702496562499998 0.7913408468750001 0.1458584484375 0.784252671875 0.1458584484375 0.784252671875 0.15702496562499998
0 0.7713937140625 0.075052165625 0.778240246875 0.075052165625 0.778240246875 0.0587676609375 0.7713937140625 0.0587676609375 0.7713937140625 0.075052165625
0 0.759375 0.0561359015625 0.7609287640625 0.0561359015625 0.7609287640625 0.0359789046875 0.759375 0.0359789046875 0.759375 0.0561359015625
0 0.896454928125 0.101049515625 0.89172888125 0.101049515625 0.89172888125 0.1119992640625 0.896454928125 0.1119992640625 0.896454928125 0.101049515625
0 0.939338221875 0.09536530625 0.934637021875 0.09536530625 0.934637021875 0.11133934062499999 0.939338221875 0.11133934062499999 0.939338221875 0.09536530625
0 0.92154915 0.062213184374999994 0.91658005 0.062213184374999994 0.91658005 0.09347006875 0.92154915 0.09347006875 0.92154915 0.062213184374999994
0 0.9287651468749999 0.0744241046875 0.9251787531250001 0.0744241046875 0.9251787531250001 0.090628534375 0.9287651468749999 0.090628534375 0.9287651468749999 0.0744241046875
0 0.9716110375 0.081108971875 0.9658728078125 0.081108971875 0.9658728078125 0.094441146875 0.9716110375 0.094441146875 0.9716110375 0.081108971875
0 1 0.00595994375 0.9981425328124999 0.00595994375 0.9981425328124999 0.0266594703125 1 0.0266594703125 1 0.00595994375
0 0.9537514609375 0.0526088765625 0.9480970859375001 0.0526088765625 0.9480970859375001 0.0791582703125 0.9537514609375 0.0791582703125 0.9537514609375 0.0526088765625
0 0.8170415203125 0.0529705484375 0.8170415203125 0.035153356250000004 0.8145131093750001 0.035153356250000004 0.8145131093750001 0.0529705484375 0.816448896875 0.0529705484375 0.8170415203125 0.0529705484375
0 0.8122662109375 0.046150865624999995 0.8145131093750001 0.046150865624999995 0.8145131093750001 0.0390854265625 0.8122662109375 0.0390854265625 0.8122662109375 0.046150865624999995
0 0.375 0.7609375 0.375 0.7171875 0.37088104375 0.7171875 0.365625 0.7173098359375001 0.365625 0.7470656265625 0.3657864140625 0.7609375 0.375 0.7609375
0 0.18258158124999999 0.7001187921875001 0.182797696875 0.7125 0.1890625 0.7125 0.1890625 0.70019420625 0.18258158124999999 0.7001187921875001
0 0.20239145 0.6371001109375001 0.20264389062500002 0.6515625 0.2109375 0.6515625 0.2109375 0.6369509375 0.20239145 0.6371001109375001
0 0.3351805671875 0.6312472812500001 0.3354351375 0.653125 0.3453125 0.653125 0.3453125 0.6309524718749999 0.3351805671875 0.6312472812500001
0 0.36758288281249996 0.5826528921875 0.371875 0.5825280046875 0.371875 0.56619318125 0.36729790156250003 0.5663263609375 0.36758288281249996 0.5826528921875
0 0.315625 0.574384440625 0.3234375 0.574566278125 0.3234375 0.5602824984375 0.315625 0.5601006609375 0.315625 0.574384440625
0 0.33080703906250003 0.5701375046875 0.3306676171875 0.578125 0.3375 0.578125 0.3375 0.570020678125 0.33080703906250003 0.5701375046875
0 0.61875 0.722071634375 0.6046875 0.722071634375 0.6046875 0.7390625 0.61875 0.7390625 0.61875 0.722071634375
0 0.750507715625 0.75947999375 0.750507715625 0.784375 0.7578125 0.784375 0.7578125 0.7595224921874999 0.750507715625 0.75947999375
0 0.2857747328125 0.559375 0.2857929140625 0.5625 0.2875 0.5625 0.2875 0.559375 0.2857747328125 0.559375
0 0.188329690625 0.643113546875 0.188236759375 0.6484375 0.1921875 0.6484375 0.1921875 0.6430237546875001 0.188329690625 0.643113546875
0 0.67569528125 0.739271228125 0.675766790625 0.7515625 0.6828125 0.7515625 0.6828125 0.7394368828125 0.67569528125 0.739271228125
0 0.307444315625 0.5984375 0.3073897734375 0.5890625 0.3023391 0.5890625 0.30239364062499996 0.5984375 0.307444315625 0.5984375
0 0.280213746875 0.5774116 0.284375 0.577338965625 0.284375 0.569489065625 0.28044227187500004 0.5695577109375 0.280213746875 0.5774116
