0 0.9477597390625 0 0.9480506406250001 0.025 0.9546875 0.025 0.9546875 0 0.9477597390625 0
0 0.9328125 0 0.9328125 0.0296875 0.9421875 0.0296875 0.9421875 0 0.9328125 0
0 0.9710155031250001 0.23768823437500003 0.983047528125 0.23768823437500003 0.983047528125 0.217333628125 0.9710155031250001 0.217333628125 0.9710155031250001 0.23768823437500003
0 0.5 0.782236965625 0.4772052765625 0.782236965625 0.4772052765625 0.8109375 0.5 0.8109375 0.5 0.782236965625
0 0.45707984531249995 0.7375932468749999 0.4574242046875 0.7671875 0.47172402656249995 0.7671875 0.471382571875 0.737842903125 0.45707984531249995 0.7375932468749999
0 0.409375 0.63125 0.3974907109375 0.63125 0.393362475 0.6313460859375001 0.39315395625 0.6671875 0.3994377984375 0.6671875 0.409375 0.6669562093750001 0.409375 0.63125
0 0.5 0.6063373515625 0.4801950578125 0.6066830484375 0.4796875 0.628489815625 0.4796875 0.6390625 0.5 0.6390625 0.5 0.6063373515625
0 1 0.904424 0.9800824484374999 0.9040763375 0.9808349953125 0.96875 1 0.96875 1 0.904424
0 0.9728158078125 0.8277217875 0.9724498484375002 0.890625 0.996875 0.890625 0.996875 0.827161803125 0.9728158078125 0.8277217875
0 0.8860452125 0.7659497109375 0.8862978531250001 0.809375 0.9140625 0.809375 0.9140625 0.7666018203125 0.8860452125 0.7659497109375
0 1 0.7288422953125 0.9909483937499999 0.7290529734375 0.9909483937499999 0.7828125 1 0.7828125 1 0.7288422953125
0 0.9645057296874999 0.6205239890625001 0.964243340625 0.665625 0.9765625 0.665625 0.9765625 0.62087480625 0.9645057296874999 0.6205239890625001
0 0.9589026234375 0.6781042656249999 0.9597395593750001 0.7140625 0.9671875 0.7140625 0.9671875 0.678152465625 0.9589026234375 0.6781042656249999
0 0.96850846875 0.7010058015625 0.9682870593749999 0.7390625 0.978125 0.7390625 0.978125 0.701173659375 0.96850846875 0.7010058015625
0 0.9369691390625 0.426698890625 0.9381472375000002 0.4671875 0.9453125 0.4671875 0.9453125 0.42665034999999996 0.9369691390625 0.426698890625
0 0.8914006046875 0.502687740625 0.8918446140625 0.528125 0.9015625 0.528125 0.9015625 0.5029242609375 0.8914006046875 0.502687740625
0 0.914984946875 0.359375 0.91485768125 0.38125 0.921875 0.38125 0.921875 0.359375 0.914984946875 0.359375
0 0.9078125 0.3890625 0.8984375 0.3890625 0.8984375 0.415625 0.9078125 0.415625 0.9078125 0.3890625
0 0.892793059375 0.359375 0.8929294156250001 0.3828125 0.903125 0.3828125 0.903125 0.359375 0.892793059375 0.359375
0 0.5976219515625 0.6799021890625 0.5976219515625 0.73125 0.6109375 0.73125 0.6109375 0.6801346140625 0.5976219515625 0.6799021890625
0 0.5730659859375 0.5853420140625 0.5719373765625 0.65 0.590625 0.65 0.590625 0.5850355203125 0.5730659859375 0.5853420140625
0 0.61009769375 0.75469793125 0.6114794203125 0.8140625 0.6203125 0.8140625 0.6203125 0.7549356828125 0.61009769375 0.75469793125
0 0.627426103125 0.8539013843750001 0.6267850890625 0.890625 0.65625 0.890625 0.65625 0.85423678125 0.627426103125 0.8539013843750001
0 0.6091792203125 0.5737190296875 0.6224747359375 0.5737190296875 0.6224747359375 0.54945014375 0.6091792203125 0.54945014375 0.6091792203125 0.5737190296875
0 0.600826909375 0.54945014375 0.6091792203125 0.54945014375 0.6091792203125 0.52821486875 0.600826909375 0.52821486875 0.600826909375 0.54945014375
0 0.5967359796875 0.5087997578125 0.604236015625 0.5087997578125 0.604236015625 0.48786784375 0.5967359796875 0.48786784375 0.5967359796875 0.5087997578125
