0 0.0737977609375 0.6203125 0.0747104421875 0.5811000203125001 0.0647707796875 0.5810421921875 0.0640625 0.6114727734375001 0.0640625 0.6203125 0.0737977609375 0.6203125
0 0.114117190625 0.4067619953125 0.114117190625 0.4265625 0.121875 0.4265625 0.121875 0.4067619953125 0.114117190625 0.4067619953125
0 0.1240863796875 0.38628624375 0.12387933124999999 0.421875 0.134375 0.421875 0.134375 0.38652571406249997 0.1240863796875 0.38628624375
0 0.138668221875 0.3855143171875 0.1388343109375 0.4140625 0.1453125 0.4140625 0.1453125 0.3854756625 0.138668221875 0.3855143171875
0 0.1324467328125 0.431874496875 0.1328030921875 0.4625 0.140625 0.4625 0.140625 0.43173174531249997 0.1324467328125 0.431874496875
0 0.11775976875000001 0.440625 0.11808703281249999 0.46875 0.128125 0.46875 0.128125 0.440625 0.11775976875000001 0.440625
0 0.1459663359375 0.4518177234375 0.146542278125 0.4765625 0.1515625 0.4765625 0.1515625 0.4519154046875 0.1459663359375 0.4518177234375
0 0.15874858125 0.4401625109375 0.158914896875 0.46875 0.1640625 0.46875 0.1640625 0.440131596875 0.15874858125 0.4401625109375
0 0.178125 0.4796875 0.178125 0.4403419390625 0.1691872515625 0.4401339109375 0.16875 0.465184046875 0.16875 0.4796875 0.178125 0.4796875
0 0.16521636875 0.4707194875 0.1649120234375 0.496875 0.1703125 0.496875 0.1703125 0.4708381015625 0.16521636875 0.4707194875
0 0.1535538015625 0.410111121875 0.1535538015625 0.440625 0.15625 0.440625 0.15625 0.4100326703125 0.1535538015625 0.410111121875
0 0.1777004828125 0.3829231328125 0.1781622015625 0.409375 0.1828125 0.409375 0.1828125 0.3829528734375 0.1777004828125 0.3829231328125
0 0.19010825781250001 0.3834190078125 0.19029562656250001 0.415625 0.196875 0.415625 0.196875 0.383261509375 0.19010825781250001 0.3834190078125
0 0.19707116875 0.3756636296875 0.1966970828125 0.4078125 0.203125 0.4078125 0.203125 0.3755931875 0.19707116875 0.3756636296875
0 0.1831697578125 0.41992350937499995 0.1839674796875 0.465625 0.1890625 0.465625 0.1890625 0.4200606640625 0.1831697578125 0.41992350937499995
0 0.19375 0.4785532375 0.19375 0.50625 0.20011778281249998 0.50625 0.2012088109375 0.459375 0.19419637812499999 0.459375 0.19375 0.4785532375
0 0.2355611421875 0.49168135625 0.23626390625 0.521875 0.2421875 0.521875 0.2421875 0.491527125 0.2355611421875 0.49168135625
0 0.2515625 0.47262172500000005 0.242750921875 0.47251919375 0.2421875 0.4967261265625 0.2421875 0.5166740703125 0.251370653125 0.5167809250000001 0.2515625 0.508538390625 0.2515625 0.47262172500000005
0 0.22273754375000002 0.4165864234375 0.2223851046875 0.446875 0.228125 0.446875 0.228125 0.41661776718750004 0.22273754375000002 0.4165864234375
0 0.2058184671875 0.4619330609375 0.2058184671875 0.478125 0.2109375 0.478125 0.2109375 0.4619330609375 0.2058184671875 0.4619330609375
0 0.21384470625000002 0.339408521875 0.21348510625 0.3703125 0.21875 0.3703125 0.21875 0.339379984375 0.21384470625000002 0.339408521875
0 0.231098734375 0.3539154046875 0.2307624859375 0.3828125 0.2421875 0.3828125 0.2421875 0.3539154046875 0.231098734375 0.3539154046875
0 0.269605653125 0.288669796875 0.269605653125 0.3078125 0.2734375 0.3078125 0.2734375 0.2886475046875 0.269605653125 0.288669796875
0 0.2829680203125 0.28191279687500004 0.2832512078125 0.30625 0.2890625 0.30625 0.2890625 0.2819837125 0.2829680203125 0.28191279687500004
0 0.5703125 0.5683873296875 0.56160486875 0.5681846562499999 0.5609375 0.5968575296874999 0.5609375 0.6078125 0.5697500625 0.6078125 0.5703125 0.5836479015625 0.5703125 0.5683873296875
0 0.5515625 0.566023609375 0.5444801640625 0.5658587671875 0.54375 0.597229578125 0.54375 0.6015625 0.5515466890625 0.6015625 0.5515625 0.6008831781249999 0.5515625 0.566023609375
0 0.5640625 0.586376046875 0.55678523125 0.5863337093750001 0.55625 0.6093294453125 0.55625 0.621875 0.563559946875 0.621875 0.5640625 0.6002832640625 0.5640625 0.586376046875
0 0.5546875 0.607504709375 0.5457851953125 0.60729750625 0.5453125 0.6343781875000001 0.5453125 0.64375 0.55450769375 0.64375 0.5546875 0.633448875 0.5546875 0.607504709375
0 0.5119773078125001 0.5933287828125 0.5127872 0.628125 0.51875 0.628125 0.51875 0.59328938125 0.5119773078125001 0.5933287828125
0 0.528125 0.5625 0.5153641 0.5625 0.5140625 0.6072330828125 0.5140625 0.6125 0.5273547515625 0.6125 0.528125 0.5860282734375 0.528125 0.5625
0 0.51875 0.6 0.51875 0.55028848125 0.508257053125 0.5505937953125 0.5078125 0.588798596875 0.5078125 0.6 0.51875 0.6
0 0.4884187328125 0.56378544375 0.4888946703125 0.6046875 0.5015625 0.6046875 0.5015625 0.563938384375 0.4884187328125 0.56378544375
0 0.449333103125 0.5485272421875 0.4500947328125 0.58125 0.45625 0.58125 0.45625 0.54844675625 0.449333103125 0.5485272421875
0 0.438833309375 0.5359375 0.438833309375 0.58125 0.4484375 0.58125 0.4484375 0.5359375 0.438833309375 0.5359375
0 0.42872481875 0.528307384375 0.42823604375 0.5703125 0.43970636875 0.5703125 0.440625 0.57030715625 0.440625 0.52823815 0.42872481875 0.528307384375
0 0.400138553125 0.576341303125 0.4125 0.576557071875 0.4125 0.5334507859375 0.39988774375 0.5332306390625 0.400138553125 0.576341303125
0 0.3698118328125 0.5389262859375 0.3692094375 0.5734375 0.3765625 0.5734375 0.3765625 0.5388084515625 0.3698118328125 0.5389262859375
0 0.35625 0.5228042078125 0.35625 0.559375 0.368428440625 0.559375 0.36875 0.548323725 0.36875 0.5228042078125 0.35625 0.5228042078125
0 0.3158459046875 0.5141998171875 0.31649807343749997 0.5515625 0.3234375 0.5515625 0.3234375 0.51411148125 0.3158459046875 0.5141998171875
0 0.2652067484375 0.313675834375 0.2656498734375 0.3390625 0.271875 0.3390625 0.271875 0.313675834375 0.2652067484375 0.313675834375
0 0.25061498437499996 0.3078125 0.2510786328125 0.334375 0.259375 0.334375 0.259375 0.3078125 0.25061498437499996 0.3078125
0 0.2950739578125 0.48317378125 0.2942075109375 0.5328125 0.303125 0.5328125 0.303125 0.48336117187500005 0.2950739578125 0.48317378125
0 0.2820870796875 0.4803529015625 0.28298078125 0.51875 0.290625 0.51875 0.290625 0.480253553125 0.2820870796875 0.4803529015625
0 0.26466195 0.4808090921875 0.26423865 0.5171875 0.2717221234375 0.5171875 0.271875 0.5040493515625 0.271875 0.480767128125 0.26466195 0.4808090921875
0 0.2291447640625 0.4123798703125 0.2291447640625 0.453125 0.2375 0.453125 0.2375 0.4123798703125 0.2291447640625 0.4123798703125
0 0.2015643640625 0.35204537187499996 0.201922371875 0.3828125 0.2140625 0.3828125 0.2140625 0.351827215625 0.2015643640625 0.35204537187499996
0 0.0140625 0.415625 0.0140625 0.38775364375 0.0095365875 0.387885334375 0.009375 0.3971426796875 0.009375 0.415625 0.0140625 0.415625
0 0.08125 0.409375 0.075064675 0.409375 0.07253945 0.40944847656250005 0.0730374171875 0.4265625 0.08125 0.4265625 0.08125 0.409375
0 0.071875 0.4170140046875 0.0718404140625 0.4110691734375 0.064343890625 0.41124365625000003 0.06444210312500001 0.428125 0.071875 0.428125 0.071875 0.4170140046875
0 0.106199140625 0.42577661562499997 0.106199140625 0.4546875 0.1125 0.4546875 0.1125 0.4257033 0.106199140625 0.42577661562499997
0 0.09494878749999999 0.4183962125 0.0940292109375 0.45 0.099929271875 0.45 0.1 0.44756923593750003 0.1 0.41833743593749995 0.09494878749999999 0.4183962125
0 0.09135217500000001 0.41297398281250003 0.0911031515625 0.434375 0.09375 0.434375 0.09375 0.4129042140625 0.09135217500000001 0.41297398281250003
0 0.0846964234375 0.457453984375 0.090625 0.4573849984375 0.090625 0.42414961250000005 0.08450307968750001 0.4242208484375 0.0846964234375 0.457453984375
0 0.0772292484375 0.43312673593750006 0.0772292484375 0.4625 0.08125 0.4625 0.08125 0.433150128125 0.0772292484375 0.43312673593750006
0 0.1322627984375 0.384506934375 0.1319188875 0.4140625 0.1375 0.4140625 0.1375 0.384506934375 0.1322627984375 0.384506934375
0 0.1288977328125 0.4692508046875 0.1293224875 0.4875 0.134375 0.4875 0.134375 0.4693782890625 0.1288977328125 0.4692508046875
0 0.1382482703125 0.4511468859375 0.1382482703125 0.4765625 0.1421875 0.4765625 0.1421875 0.4511239671875 0.1382482703125 0.4511468859375
0 0.142332415625 0.46076893124999996 0.1426070984375 0.484375 0.146875 0.484375 0.146875 0.46071607343750004 0.142332415625 0.46076893124999996
0 0.1708288546875 0.399422925 0.17066187187499998 0.428125 0.1745120890625 0.428125 0.1746788125 0.39946772343750003 0.1708288546875 0.399422925
0 0.1703125 0.396875 0.16734277343749998 0.396875 0.1654445078125 0.396908134375 0.16479066250000002 0.425 0.1703125 0.425 0.1703125 0.396875
0 0.1501767765625 0.392602234375 0.1495978109375 0.4125 0.1578125 0.4125 0.1578125 0.392602234375 0.1501767765625 0.392602234375
0 0.21021095625 0.42926822343750004 0.2097895796875 0.44375 0.21541106875 0.44375 0.215625 0.4363976421875 0.215625 0.42914221093749993 0.21021095625 0.42926822343750004
0 0.197912253125 0.41787719531249995 0.19798096406250001 0.4296875 0.2015625 0.4296875 0.2015625 0.41785595937500003 0.197912253125 0.41787719531249995
0 0.2032873953125 0.41989730625000005 0.203492221875 0.4375 0.2078125 0.4375 0.2078125 0.4197919828125 0.2032873953125 0.41989730625000005
0 0.29375 0.26840508750000003 0.2875 0.26858694375000003 0.2875 0.27126833906250003 0.28815415 0.29375 0.29375 0.29375 0.29375 0.26840508750000003
0 0.302911625 0.29755440625 0.302911625 0.321875 0.30625 0.321875 0.30625 0.2976321078125 0.302911625 0.29755440625
0 0.2960074390625 0.266165771875 0.2961315578125 0.2875 0.2984375 0.2875 0.2984375 0.266151634375 0.2960074390625 0.266165771875
0 0.2984642046875 0.2681694859375 0.2986709546875 0.2859375 0.3015625 0.2859375 0.3015625 0.2682055375 0.2984642046875 0.2681694859375
0 0.3057316765625 0.26147284531250004 0.3061314359375 0.284375 0.3109375 0.284375 0.3109375 0.26141227031250003 0.3057316765625 0.26147284531250004
0 0.311864603125 0.284375 0.311864603125 0.3109375 0.325 0.3109375 0.325 0.284375 0.311864603125 0.284375
0 0.3109375 0.28205164531250004 0.3078125 0.28205164531250004 0.3078125 0.296875 0.3109375 0.296875 0.3109375 0.28205164531250004
0 0.3116652875 0.2713305265625 0.3118170734375 0.284375 0.3203125 0.284375 0.3203125 0.2711292609375 0.3116652875 0.2713305265625
0 0.340625 0.266254 0.33125 0.2663630875 0.33125 0.279867053125 0.331391290625 0.2859375 0.340625 0.2859375 0.340625 0.266254
0 0.27569983593749997 0.2909925765625 0.275931915625 0.3109375 0.2812165578125 0.3109375 0.28098519375 0.2910540765625 0.27569983593749997 0.2909925765625
0 0.278125 0.316721475 0.2734375 0.316694203125 0.2734375 0.3390625 0.278125 0.3390625 0.278125 0.316721475
0 0.24600588124999997 0.330133121875 0.24640720625 0.353125 0.2515625 0.353125 0.2515625 0.3300684640625 0.24600588124999997 0.330133121875
0 0.24196947500000002 0.3206831921875 0.24246999218749998 0.3421875 0.246875 0.3421875 0.246875 0.3207688171875 0.24196947500000002 0.3206831921875
0 0.05993714375 0.4230151234375 0.0606379578125 0.453125 0.065625 0.453125 0.065625 0.4228827359375 0.05993714375 0.4230151234375
0 0.0664109453125 0.43336598281249994 0.06676813125 0.4640625 0.071875 0.4640625 0.071875 0.433302403125 0.0664109453125 0.43336598281249994
0 0.0296875 0.388774528125 0.0234375 0.38881089062499996 0.0234375 0.400333665625 0.023669975 0.4203125 0.0296875 0.4203125 0.0296875 0.388774528125
0 0.016265037500000003 0.394415315625 0.016771621875 0.4234375 0.0234375 0.4234375 0.0234375 0.39454051093750003 0.016265037500000003 0.394415315625
0 0.74375 0.659375 0.74375 0.6457674765625 0.733461909375 0.6460668296875001 0.7337716609375 0.659375 0.74375 0.659375
0 0.890690009375 0.38671586874999997 0.890690009375 0.396875 0.8921875 0.396875 0.8921875 0.3866722953125 0.890690009375 0.38671586874999997
0 0.8918932093749999 0.3878042953125 0.892024265625 0.3953125 0.89375 0.3953125 0.89375 0.387815096875 0.8918932093749999 0.3878042953125
0 0.8183776421875001 0.3785423875 0.8184388468750001 0.3890625 0.8203125 0.3890625 0.8203125 0.378497353125 0.8183776421875001 0.3785423875
0 0.821875 0.388869021875 0.8234375 0.3888508421875 0.8234375 0.3799638609375 0.821875 0.3799820421875 0.821875 0.388869021875
0 0.675 0.411181940625 0.6714452390625001 0.41109920312500003 0.671610496875 0.42056680625 0.671687878125 0.425 0.675 0.425 0.675 0.411181940625
0 0.6578125 0.3826067203125 0.65625 0.3826158109375 0.65625 0.3890625 0.6578125 0.3890625 0.6578125 0.3826067203125
0 0.736340665625 0.360071259375 0.7362760421875001 0.365625 0.7375 0.365625 0.7375 0.360071259375 0.736340665625 0.360071259375
0 0.7419202328125 0.3622049765625 0.7419202328125 0.365625 0.7421875 0.365625 0.7421875 0.362203421875 0.7419202328125 0.3622049765625
0 0.9241793234375001 0.3663424125 0.9242948421874999 0.3703125 0.9265625 0.3703125 0.9265625 0.36630081406250004 0.9241793234375001 0.3663424125
0 0.9046875 0.364537071875 0.903125 0.3645098 0.903125 0.3703125 0.9046875 0.3703125 0.9046875 0.364537071875
0 0.89375 0.3599986296875 0.8937443859374999 0.3597574265625 0.889625 0.35982933125 0.8897598953125 0.365625 0.89375 0.365625 0.89375 0.3599986296875
0 0.5900776796875 0.3710354421875 0.58987139375 0.378125 0.590625 0.378125 0.590625 0.3710322578125 0.5900776796875 0.3710354421875
0 0.9315527875 0.40945846875 0.9315527875 0.421875 0.934375 0.421875 0.934375 0.40945846875 0.9315527875 0.40945846875
0 0.690625 0.36951125625 0.6890625 0.369520346875 0.6890625 0.3765625 0.690625 0.3765625 0.690625 0.36951125625
0 0.6953326796875 0.37486256406249996 0.6953516609375 0.378125 0.696875 0.378125 0.696875 0.3748894859375 0.6953326796875 0.37486256406249996
