0 0.2850996796875 0.337736871875 0.28651377031249997 0.41875 0.328125 0.41875 0.328125 0.3369858625 0.2850996796875 0.337736871875
0 0.41102925 0.32563978125 0.410878434375 0.3515625 0.4140625 0.3515625 0.4140625 0.3256927265625 0.41102925 0.32563978125
0 0.48249562343749997 0.3039472875 0.4854928375 0.3039472875 0.4854928375 0.29070745625 0.48249562343749997 0.29070745625 0.48249562343749997 0.3039472875
0 0.4625293703125 0.3060458015625 0.465705728125 0.3060458015625 0.465705728125 0.2920230875 0.4625293703125 0.2920230875 0.4625293703125 0.3060458015625
0 0.4707187046875 0.3250923328125 0.47383090625 0.3250923328125 0.47383090625 0.309304921875 0.4707187046875 0.309304921875 0.4707187046875 0.3250923328125
0 0.485293334375 0.30414314062500003 0.488580634375 0.30414314062500003 0.488580634375 0.2890766046875 0.485293334375 0.2890766046875 0.485293334375 0.30414314062500003
0 0.46468832187500003 0.3069850609375 0.467947715625 0.3069850609375 0.467947715625 0.292215978125 0.46468832187500003 0.292215978125 0.46468832187500003 0.3069850609375
0 0.47671287968750004 0.32511090781249996 0.47671287968750004 0.31214485625 0.4739249890625 0.31214485625 0.4739249890625 0.32662143593750004 0.47671287968750004 0.32662143593750004 0.47671287968750004 0.32511090781249996
0 0.481927128125 0.3347271140625 0.48542939843750005 0.3347271140625 0.48542939843750005 0.310717315625 0.481927128125 0.310717315625 0.481927128125 0.3347271140625
0 0.45495755468750004 0.30540890625 0.4585906640625 0.30540890625 0.4585906640625 0.29065429531250003 0.45495755468750004 0.29065429531250003 0.45495755468750004 0.30540890625
0 0.9195189765624999 0.32530303125 0.9244608 0.32530303125 0.9244608 0.308200590625 0.9195189765624999 0.308200590625 0.9195189765624999 0.32530303125
0 0.9301997906249999 0.3261860921875 0.9351068828125001 0.3261860921875 0.9351068828125001 0.308663753125 0.9301997906249999 0.308663753125 0.9301997906249999 0.3261860921875
0 0.5836304546875001 0.30875215625 0.5866037265624999 0.30875215625 0.5866037265624999 0.29953637187500004 0.5836304546875001 0.29953637187500004 0.5836304546875001 0.30875215625
0 0.9688045265625 0.320845215625 0.9726834625 0.320845215625 0.9726834625 0.307303209375 0.9688045265625 0.307303209375 0.9688045265625 0.320845215625
0 0.5525409671875 0.34997300625 0.5586554421875001 0.34997300625 0.5586554421875001 0.3214773875 0.5525409671875 0.3214773875 0.5525409671875 0.34997300625
0 0.8469970703125 0.3444169328125 0.8516649109374999 0.3444169328125 0.8516649109374999 0.31768488437500003 0.8469970703125 0.31768488437500003 0.8469970703125 0.3444169328125
0 0.9779917515625 0.3283576390625 0.984955996875 0.3283576390625 0.984955996875 0.3070103296875 0.9779917515625 0.3070103296875 0.9779917515625 0.3283576390625
0 0.7342025 0.3238082703125 0.7372712859374999 0.3238082703125 0.7372712859374999 0.3075666578125 0.7342025 0.3075666578125 0.7342025 0.3238082703125
0 0.811063296875 0.322853003125 0.8154188796875002 0.322853003125 0.8154188796875002 0.3076826921875 0.811063296875 0.3076826921875 0.811063296875 0.322853003125
0 0.5846470609375001 0.3479208296875 0.5885628374999999 0.3479208296875 0.5885628374999999 0.320355434375 0.5846470609375001 0.320355434375 0.5846470609375001 0.3479208296875
0 0.598124365625 0.3200534078125 0.6016025265625 0.3200534078125 0.6016025265625 0.305011090625 0.598124365625 0.305011090625 0.598124365625 0.3200534078125
0 0.5724369109375 0.3173035265625 0.5758601078125001 0.3173035265625 0.5758601078125001 0.3009608015625 0.5724369109375 0.3009608015625 0.5724369109375 0.3173035265625
0 0.767485375 0.3186485484375 0.7708665874999999 0.3186485484375 0.7708665874999999 0.30411235937500003 0.767485375 0.30411235937500003 0.767485375 0.3186485484375
0 0.5448320765625 0.3486911171875 0.5487030875000001 0.3486911171875 0.5487030875000001 0.321875840625 0.5448320765625 0.321875840625 0.5448320765625 0.3486911171875
0 0.5086484703125 0.3472317484375 0.5126276843750001 0.3472317484375 0.5126276843750001 0.3200406609375 0.5086484703125 0.3200406609375 0.5086484703125 0.3472317484375
0 0.7418078687499999 0.318097359375 0.7445245234375 0.318097359375 0.7445245234375 0.30386589375 0.7418078687499999 0.30386589375 0.7418078687499999 0.318097359375
0 0.8368884171875 0.3189760703125 0.8409263484375 0.3189760703125 0.8409263484375 0.3061582 0.8368884171875 0.3061582 0.8368884171875 0.3189760703125
0 0.558494678125 0.3189576234375 0.56191635625 0.3189576234375 0.56191635625 0.30432650781250004 0.558494678125 0.30432650781250004 0.558494678125 0.3189576234375
0 0.9452420906250001 0.32535371875 0.9491625875 0.32535371875 0.9491625875 0.3074654328125 0.9452420906250001 0.3074654328125 0.9452420906250001 0.32535371875
0 0.6168737078125 0.318659571875 0.619831890625 0.318659571875 0.619831890625 0.3016963359375 0.6168737078125 0.3016963359375 0.6168737078125 0.318659571875
0 0.5321948484375 0.31463815 0.5353667375 0.31463815 0.5353667375 0.298074003125 0.5321948484375 0.298074003125 0.5321948484375 0.31463815
0 0.594564684375 0.3523087625 0.5991065765625001 0.3523087625 0.5991065765625001 0.322537853125 0.594564684375 0.322537853125 0.594564684375 0.3523087625
0 0.7532728671875001 0.31680902187500004 0.7563829625 0.31680902187500004 0.7563829625 0.30361410625 0.7532728671875001 0.30361410625 0.7532728671875001 0.31680902187500004
0 0.6280978546875 0.31887866875 0.63166588125 0.31887866875 0.63166588125 0.3061414046875 0.6280978546875 0.3061414046875 0.6280978546875 0.31887866875
0 0.55949518125 0.352890621875 0.562877490625 0.352890621875 0.562877490625 0.32462234687499997 0.55949518125 0.32462234687499997 0.55949518125 0.352890621875
0 0.605282003125 0.3081670734375 0.6079900578125 0.3081670734375 0.6079900578125 0.3005606984375 0.605282003125 0.3005606984375 0.605282003125 0.3081670734375
0 0.62210789375 0.31204156875 0.6255177703125 0.31204156875 0.6255177703125 0.301058765625 0.62210789375 0.301058765625 0.62210789375 0.31204156875
0 0.8300059453124999 0.3201485609375 0.834146640625 0.3201485609375 0.834146640625 0.3057511234375 0.8300059453124999 0.3057511234375 0.8300059453124999 0.3201485609375
0 0.7578481421875 0.31504500156250004 0.7607353421875 0.31504500156250004 0.7607353421875 0.3033372359375 0.7578481421875 0.3033372359375 0.7578481421875 0.31504500156250004
0 0.5232921453125 0.31703036875 0.526512171875 0.31703036875 0.526512171875 0.299410440625 0.5232921453125 0.299410440625 0.5232921453125 0.31703036875
0 0.99071758125 0.344859625 0.9958538921875 0.344859625 0.9958538921875 0.3100145125 0.99071758125 0.3100145125 0.99071758125 0.344859625
0 0.592217190625 0.34382757656249996 0.59577038125 0.34382757656249996 0.59577038125 0.3177321234375 0.592217190625 0.3177321234375 0.592217190625 0.34382757656249996
0 0.9513414749999999 0.34240929531250003 0.9568180312500001 0.34240929531250003 0.9568180312500001 0.31317480625 0.9513414749999999 0.31317480625 0.9513414749999999 0.34240929531250003
0 0.9414304281250001 0.3264341 0.9414304281250001 0.309947515625 0.9358325593749999 0.309947515625 0.9358325593749999 0.3399825109375 0.9414304281250001 0.3399825109375 0.9414304281250001 0.3264341
0 0.8339778671874999 0.3329916609375 0.8376618953125 0.3329916609375 0.8376618953125 0.3176755859375 0.8339778671874999 0.3176755859375 0.8339778671874999 0.3329916609375
0 0.7499235203125 0.3161888484375 0.7527817203125 0.3161888484375 0.7527817203125 0.3039696328125 0.7499235203125 0.3039696328125 0.7499235203125 0.3161888484375
0 0.6553342875 0.34843055624999997 0.6603824171875 0.34843055624999997 0.6603824171875 0.3221458484375 0.6553342875 0.3221458484375 0.6553342875 0.34843055624999997
0 0.9542446078125 0.32579881093749996 0.958370296875 0.32579881093749996 0.958370296875 0.3077171078125 0.9542446078125 0.3077171078125 0.9542446078125 0.32579881093749996
0 0.5644628875000001 0.3540522390625 0.569163690625 0.3540522390625 0.569163690625 0.32478205781249997 0.5644628875000001 0.32478205781249997 0.5644628875000001 0.3540522390625
0 0.8265159828125 0.317813403125 0.82966814375 0.317813403125 0.82966814375 0.30558488906250003 0.8265159828125 0.30558488906250003 0.8265159828125 0.317813403125
0 0.5569876828125 0.35204827656250004 0.5605549515625 0.35204827656250004 0.5605549515625 0.324850140625 0.5569876828125 0.324850140625 0.5569876828125 0.35204827656250004
0 0.49085916718749995 0.339986784375 0.49508475625 0.339986784375 0.49508475625 0.320975009375 0.49085916718749995 0.320975009375 0.49085916718749995 0.339986784375
0 0.7474775625 0.34455954843750003 0.7512093046875 0.34455954843750003 0.7512093046875 0.322247375 0.7474775625 0.322247375 0.7474775625 0.34455954843750003
0 0.499056425 0.3453426578125 0.50320786875 0.3453426578125 0.50320786875 0.3188453015625 0.499056425 0.3188453015625 0.499056425 0.3453426578125
0 0.503721315625 0.3478077578125 0.5070873109375 0.3478077578125 0.5070873109375 0.32631423593750003 0.503721315625 0.32631423593750003 0.503721315625 0.3478077578125
0 0.8291840781250001 0.33321525625000004 0.8328453453125 0.33321525625000004 0.8328453453125 0.318321928125 0.8291840781250001 0.318321928125 0.8291840781250001 0.33321525625000004
0 0.59276524375 0.31227408749999996 0.5953935484375 0.31227408749999996 0.5953935484375 0.30258434375 0.59276524375 0.30258434375 0.59276524375 0.31227408749999996
0 0.6537873328125 0.3163948234375 0.6570845796875 0.3163948234375 0.6570845796875 0.3028137890625 0.6537873328125 0.3028137890625 0.6537873328125 0.3163948234375
0 0.5965745453125 0.317526746875 0.600377946875 0.317526746875 0.600377946875 0.3047402953125 0.5965745453125 0.3047402953125 0.5965745453125 0.317526746875
0 0.838062921875 0.3316227953125 0.8415071937499998 0.3316227953125 0.8415071937499998 0.3155114625 0.838062921875 0.3155114625 0.838062921875 0.3316227953125
0 0.9057958890624999 0.3365301515625 0.9103861015625 0.3365301515625 0.9103861015625 0.3102375984375 0.9057958890624999 0.3102375984375 0.9057958890624999 0.3365301515625
0 0.911152228125 0.3370806046875 0.914897840625 0.3370806046875 0.914897840625 0.315262684375 0.911152228125 0.315262684375 0.911152228125 0.3370806046875
0 0.900723265625 0.325191796875 0.9046157656249999 0.325191796875 0.9046157656249999 0.3084690796875 0.900723265625 0.3084690796875 0.900723265625 0.325191796875
0 0.8969042093749999 0.325191796875 0.900723265625 0.325191796875 0.900723265625 0.3078158484375 0.8969042093749999 0.3078158484375 0.8969042093749999 0.325191796875
0 0.8927913796875 0.322578871875 0.8969042093749999 0.322578871875 0.8969042093749999 0.3082077875 0.8927913796875 0.3082077875 0.8927913796875 0.322578871875
0 0.8890457671875 0.3295031234375 0.8933789265625001 0.3295031234375 0.8933789265625001 0.323493396875 0.8933789265625001 0.3224616375 0.8933789265625001 0.3084690796875 0.8890457671875 0.3084690796875 0.8890457671875 0.3295031234375
0 0.8731085499999999 0.33381444843749997 0.8902208609375 0.33381444843749997 0.8902208609375 0.30768520312500003 0.8731085499999999 0.30768520312500003 0.8731085499999999 0.33381444843749997
0 0.8690691640625001 0.34975328906250003 0.8728882203125 0.34975328906250003 0.8728882203125 0.3180062546875 0.8690691640625001 0.3180062546875 0.8690691640625001 0.34975328906250003
0 0.859815296875 0.3288498921875 0.8690691640625001 0.3288498921875 0.8690691640625001 0.3059868015625 0.859815296875 0.3059868015625 0.859815296875 0.3288498921875
0 0.8933789265625001 0.34409991875 0.89859925 0.34409991875 0.89859925 0.323493396875 0.8933789265625001 0.323493396875 0.8933789265625001 0.34409991875
0 0.8421396421875 0.33389318125 0.8469970703125 0.33389318125 0.8469970703125 0.3081722046875 0.8421396421875 0.3081722046875 0.8421396421875 0.33389318125
0 0.8218279531250001 0.3498156921875 0.8257296343749999 0.3498156921875 0.8257296343749999 0.322665771875 0.8218279531250001 0.322665771875 0.8218279531250001 0.3498156921875
0 0.8183852953125001 0.322665771875 0.8257296343749999 0.322665771875 0.8257296343749999 0.310213553125 0.8183852953125001 0.310213553125 0.8183852953125001 0.322665771875
0 0.8075036234375 0.34917394375 0.810992184375 0.34917394375 0.810992184375 0.3238612359375 0.8075036234375 0.3238612359375 0.8075036234375 0.34917394375
0 0.7895099921875001 0.34852071093750003 0.794100203125 0.34852071093750003 0.794100203125 0.3233713125 0.7895099921875001 0.3233713125 0.7895099921875001 0.34852071093750003
0 0.795293659375 0.34852071093750003 0.797864178125 0.34852071093750003 0.797864178125 0.32631085312499997 0.795293659375 0.32631085312499997 0.795293659375 0.34852071093750003
0 0.7985068078124999 0.349500559375 0.8044740828125001 0.349500559375 0.8044740828125001 0.3204317734375 0.7985068078124999 0.3204317734375 0.7985068078124999 0.349500559375
0 0.80171995625 0.3408452453125 0.80686099375 0.3408452453125 0.80686099375 0.3137361515625 0.80171995625 0.3137361515625 0.80171995625 0.3408452453125
0 0.7989658281249999 0.3155325375 0.80171995625 0.3155325375 0.80171995625 0.30344776093750003 0.7989658281249999 0.30344776093750003 0.7989658281249999 0.3155325375
0 0.795293659375 0.3204317734375 0.7985068078124999 0.3204317734375 0.7985068078124999 0.30491753125 0.795293659375 0.30491753125 0.795293659375 0.3204317734375
0 0.790428034375 0.32614754375 0.794100203125 0.32614754375 0.794100203125 0.3090002265625 0.790428034375 0.3090002265625 0.790428034375 0.32614754375
0 0.78225745625 0.3209216953125 0.7862050390624999 0.3209216953125 0.7862050390624999 0.3042643015625 0.78225745625 0.3042643015625 0.78225745625 0.3209216953125
0 0.778677090625 0.3209216953125 0.78225745625 0.3209216953125 0.78225745625 0.3032844546875 0.778677090625 0.3032844546875 0.778677090625 0.3209216953125
0 0.7615266578125001 0.333652703125 0.7646847250000001 0.333652703125 0.7646847250000001 0.3130105984375 0.7615266578125001 0.3130105984375 0.7615266578125001 0.333652703125
0 0.7184153875 0.3400543671875 0.72348298125 0.3400543671875 0.72348298125 0.3181058015625 0.7184153875 0.3181058015625 0.7184153875 0.3400543671875
0 0.7282568015625 0.347501203125 0.7336916125 0.347501203125 0.7336916125 0.32163325 0.7282568015625 0.32163325 0.7282568015625 0.347501203125
0 0.7122461421875 0.321502603125 0.716212084375 0.321502603125 0.716212084375 0.306347640625 0.7122461421875 0.306347640625 0.7122461421875 0.321502603125
0 0.7102631703125001 0.324115528125 0.712686803125 0.324115528125 0.712686803125 0.3055637625 0.7102631703125001 0.3055637625 0.7102631703125001 0.324115528125
0 0.7059300109375 0.32124131093749997 0.708720859375 0.32124131093749997 0.708720859375 0.303996009375 0.7059300109375 0.303996009375 0.7059300109375 0.32124131093749997
0 0.7019640671875 0.33913984375 0.7065910000000001 0.33913984375 0.7065910000000001 0.3148396453125 0.7019640671875 0.3148396453125 0.7019640671875 0.33913984375
0 0.6988060015625 0.3196735546875 0.7012296328125001 0.3196735546875 0.7012296328125001 0.301775021875 0.6988060015625 0.301775021875 0.6988060015625 0.3196735546875
0 0.6955010484375 0.320457434375 0.6971902468750001 0.320457434375 0.6971902468750001 0.30451859375 0.6955010484375 0.30451859375 0.6955010484375 0.320457434375
0 0.691975765625 0.3356123953125 0.6945462843750001 0.3356123953125 0.6945462843750001 0.3160154625 0.691975765625 0.3160154625 0.691975765625 0.3356123953125
0 0.6877894921875 0.3502447734375 0.691314775 0.3502447734375 0.691314775 0.32293971093749996 0.6877894921875 0.32293971093749996 0.6877894921875 0.3502447734375
0 0.6819140203125 0.36344004375 0.687055059375 0.36344004375 0.687055059375 0.3322155953125 0.6819140203125 0.3322155953125 0.6819140203125 0.36344004375
0 0.6788293984375 0.3486770203125 0.68375010625 0.3486770203125 0.68375010625 0.32293971093749996 0.6788293984375 0.32293971093749996 0.6788293984375 0.3486770203125
0 0.6711178421875 0.351943175 0.6758182203125 0.351943175 0.6758182203125 0.322155834375 0.6711178421875 0.322155834375 0.6711178421875 0.351943175
0 0.6628187390625 0.3394011359375 0.6667846828125 0.3394011359375 0.6667846828125 0.3194122625 0.6628187390625 0.3194122625 0.6628187390625 0.3394011359375
0 0.665095484375 0.31875903125 0.6775808609375 0.31875903125 0.6775808609375 0.3026895453125 0.665095484375 0.3026895453125 0.665095484375 0.31875903125
0 0.6551071828125 0.3235929421875 0.6628187390625 0.3235929421875 0.6628187390625 0.311312196875 0.6551071828125 0.311312196875 0.6551071828125 0.3235929421875
0 0.6492317109375 0.3218945421875 0.6526101078125001 0.3218945421875 0.6526101078125001 0.302428253125 0.6492317109375 0.302428253125 0.6492317109375 0.3218945421875
0 0.643135909375 0.325421990625 0.6489379375000001 0.325421990625 0.6489379375000001 0.30086049843749996 0.643135909375 0.30086049843749996 0.643135909375 0.325421990625
0 0.63358826875 0.31928161718750003 0.6410794937500001 0.31928161718750003 0.6410794937500001 0.3009911453125 0.63358826875 0.3009911453125 0.63358826875 0.31928161718750003
0 0.633514825 0.358344840625 0.638068315625 0.358344840625 0.638068315625 0.32594457499999996 0.633514825 0.32594457499999996 0.633514825 0.358344840625
0 0.6268314765625 0.34593344843749996 0.631752184375 0.34593344843749996 0.631752184375 0.3218945421875 0.6268314765625 0.3218945421875 0.6268314765625 0.34593344843749996
0 0.622718646875 0.354425453125 0.6281534578125 0.354425453125 0.6281534578125 0.32529134375 0.622718646875 0.32529134375 0.622718646875 0.354425453125
0 0.6113349203125 0.35311899062499996 0.616329071875 0.35311899062499996 0.616329071875 0.3230703578125 0.6113349203125 0.3230703578125 0.6113349203125 0.35311899062499996
0 0.607295534375 0.35625450000000003 0.61162869375 0.35625450000000003 0.61162869375 0.3200654953125 0.607295534375 0.3200654953125 0.607295534375 0.35625450000000003
0 0.604651571875 0.342275353125 0.607295534375 0.342275353125 0.607295534375 0.31823644687499997 0.604651571875 0.31823644687499997 0.604651571875 0.342275353125
0 0.6168737078125 0.35455610000000004 0.621543553125 0.35455610000000004 0.621543553125 0.318659571875 0.6168737078125 0.318659571875 0.6168737078125 0.35455610000000004
0 0.578505725 0.354425453125 0.583499875 0.354425453125 0.583499875 0.3245074671875 0.578505725 0.3245074671875 0.578505725 0.354425453125
0 0.567929875 0.3458028015625 0.577771290625 0.3458028015625 0.577771290625 0.31719127812500003 0.567929875 0.31719127812500003 0.567929875 0.3458028015625
0 0.5376711984375 0.35102865156249996 0.5435466703125 0.35102865156249996 0.5435466703125 0.319542909375 0.5376711984375 0.319542909375 0.5376711984375 0.35102865156249996
0 0.5137286515625 0.31157348906250004 0.516152284375 0.31157348906250004 0.516152284375 0.300076621875 0.5137286515625 0.300076621875 0.5137286515625 0.31157348906250004
0 0.50785318125 0.31314124374999996 0.511011246875 0.31314124374999996 0.511011246875 0.2989008046875 0.50785318125 0.2989008046875 0.50785318125 0.31314124374999996
0 0.50785318125 0.3109202578125 0.50785318125 0.296810465625 0.49661634218749995 0.296810465625 0.49661634218749995 0.3109202578125 0.5038872375000001 0.3109202578125 0.50785318125 0.3109202578125
0 0.5202651140625 0.3586061328125 0.525185821875 0.3586061328125 0.525185821875 0.32659780625 0.5202651140625 0.32659780625 0.5202651140625 0.3586061328125
0 0.51938379375 0.3579529015625 0.51938379375 0.3211106640625 0.5143896421875 0.3211106640625 0.5143896421875 0.3579529015625 0.5163947125 0.3579529015625 0.51938379375 0.3579529015625
0 0.47502014375 0.3659378546875 0.4793349421875 0.3659378546875 0.4793349421875 0.329846834375 0.47502014375 0.329846834375 0.47502014375 0.3659378546875
0 0.46767580468750003 0.3527099234375 0.472541428125 0.3527099234375 0.472541428125 0.32266129062500004 0.46767580468750003 0.32266129062500004 0.46767580468750003 0.3527099234375
0 0.45877079218750005 0.341278378125 0.462626571875 0.341278378125 0.462626571875 0.316618903125 0.45877079218750005 0.316618903125 0.45877079218750005 0.341278378125
0 0.45261990937499996 0.35760915781249997 0.4582199671875 0.35760915781249997 0.4582199671875 0.32821375625 0.45261990937499996 0.32821375625 0.45261990937499996 0.35760915781249997
0 0.44408211406250003 0.33686906875 0.4473870671875 0.33686906875 0.4473870671875 0.3122095921875 0.44408211406250003 0.3122095921875 0.44408211406250003 0.33686906875
0 0.42865900156250003 0.36054869843750004 0.43279019218750003 0.36054869843750004 0.43279019218750003 0.3314799109375 0.42865900156250003 0.3314799109375 0.42865900156250003 0.36054869843750004
0 0.43132132500000003 0.3427481484375 0.44316407187499995 0.3427481484375 0.44316407187499995 0.3184152890625 0.43132132500000003 0.3184152890625 0.43132132500000003 0.3427481484375
0 0.4147965625 0.34078845625 0.4195703828125 0.34078845625 0.4195703828125 0.3195584421875 0.4147965625 0.3195584421875 0.4147965625 0.34078845625
0 0.4212228578125 0.32821375625 0.426363896875 0.32821375625 0.426363896875 0.30649381875000004 0.4212228578125 0.30649381875000004 0.4212228578125 0.32821375625
0 0.43049508750000004 0.3053506640625 0.44986578125000004 0.3053506640625 0.44986578125000004 0.2950622734375 0.43049508750000004 0.2950622734375 0.43049508750000004 0.3053506640625
0 0.39845540625 0.364304778125 0.4045144875 0.364304778125 0.4045144875 0.33931868593750003 0.39845540625 0.33931868593750003 0.39845540625 0.364304778125
0 0.39267173906249997 0.36071200625 0.39762916875 0.36071200625 0.39762916875 0.3309899875 0.39267173906249997 0.3309899875 0.39267173906249997 0.36071200625
0 0.3897340046875 0.3713270125 0.395793084375 0.3713270125 0.395793084375 0.33735899062499997 0.3897340046875 0.33735899062499997 0.3897340046875 0.3713270125
0 0.39432421562500003 0.3285403703125 0.39918984062499996 0.3285403703125 0.39918984062499996 0.310086590625 0.39432421562500003 0.310086590625 0.39432421562500003 0.3285403703125
0 0.4226790453125 0.3050096578125 0.42455919687500004 0.3050096578125 0.42455919687500004 0.29664829843749996 0.4226790453125 0.29664829843749996 0.4226790453125 0.3050096578125
0 0.3956518765625 0.3042780390625 0.4173323671875 0.3042780390625 0.4173323671875 0.2954986125 0.3956518765625 0.2954986125 0.3956518765625 0.3042780390625
0 0.3890625 0.30302383593750004 0.393477953125 0.30302383593750004 0.393477953125 0.2951850609375 0.3890625 0.2951850609375 0.3890625 0.30302383593750004
0 0.4075203296875 0.31190777812500003 0.41421836718750005 0.31190777812500003 0.41421836718750005 0.30668192968749997 0.4075203296875 0.30668192968749997 0.4075203296875 0.31190777812500003
0 0.5352749859375 0.39192907187500003 0.6388237140624999 0.39192907187500003 0.6388237140624999 0.3496668015625 0.5352749859375 0.3496668015625 0.5352749859375 0.39192907187500003
0 0.654737046875 0.379569353125 0.660788596875 0.379569353125 0.660788596875 0.35126160624999997 0.654737046875 0.35126160624999997 0.654737046875 0.379569353125
0 0.6711178421875 0.3787719515625 0.6744606140625 0.3787719515625 0.6744606140625 0.351943175 0.6711178421875 0.351943175 0.6711178421875 0.3787719515625
0 0.690598078125 0.363621325 0.67983976875 0.363621325 0.67983976875 0.403092690625 0.690598078125 0.403092690625 0.690598078125 0.363621325
0 0.7031494406250001 0.3703992375 0.7065910000000001 0.3703992375 0.7065910000000001 0.33913984375 0.7031494406250001 0.33913984375 0.7031494406250001 0.3703992375
0 0.6955289703125 0.3502447734375 0.689029159375 0.3502447734375 0.689029159375 0.37438624374999996 0.6955289703125 0.37438624374999996 0.6955289703125 0.3502447734375
0 0.5131672203125 0.3883382734375 0.5260771906249999 0.3883382734375 0.5260771906249999 0.3586749453125 0.5131672203125 0.3586749453125 0.5131672203125 0.3883382734375
0 0.48053368125 0.3666489578125 0.47336147500000003 0.3666489578125 0.47336147500000003 0.4030104578125 0.48053368125 0.4030104578125 0.48053368125 0.3666489578125
0 0.46744440468750004 0.3819590640625 0.4712098125 0.3819590640625 0.4712098125 0.3551663796875 0.46744440468750004 0.3551663796875 0.46744440468750004 0.3819590640625
0 0.4597342828125 0.35760915781249997 0.45261990937499996 0.35760915781249997 0.45261990937499996 0.3896141171875 0.4597342828125 0.3896141171875 0.4597342828125 0.35760915781249997
0 0.43965210624999995 0.3612266296875 0.42620421875 0.3612266296875 0.42620421875 0.39726917031250003 0.43965210624999995 0.39726917031250003 0.43965210624999995 0.3612266296875
0 0.4032531578125 0.364304778125 0.4002049703125 0.364304778125 0.4002049703125 0.38738139375 0.4032531578125 0.38738139375 0.4032531578125 0.364304778125
0 0.3890625 0.409070709375 0.39751539375 0.409070709375 0.39751539375 0.37207128749999996 0.3890625 0.37207128749999996 0.3890625 0.409070709375
0 0 0.85 0.0122584234375 0.85 0.0125 0.8396209171875 0.0125 0.81636818125 0 0.81636818125 0 0.85
