0 0.0165744046875 0.026785295312500002 0.016223737499999998 0.046875 0.038971284375 0.046875 0.0390625 0.0416492171875 0.0390625 0.0273087125 0.0165744046875 0.026785295312500002
0 0.024707912500000002 0.06625611249999999 0.02479514375 0.08125 0.05 0.08125 0.05 0.0669920375 0.024707912500000002 0.06625611249999999
0 0.0842265890625 0.0610084984375 0.083873271875 0.08125 0.103125 0.08125 0.103125 0.0614483625 0.0842265890625 0.0610084984375
0 0.1681229890625 0.0609375 0.1683229828125 0.078125 0.190625 0.078125 0.190625 0.0609375 0.1681229890625 0.0609375
0 0.211081415625 0.0515625 0.2112450484375 0.065625 0.2328125 0.065625 0.2328125 0.0515625 0.211081415625 0.0515625
0 0.177527725 0.1736405515625 0.17776172031249998 0.19375 0.20625 0.19375 0.20625 0.1736405515625 0.177527725 0.1736405515625
0 0.41781036875 0.369742903125 0.41814759218750003 0.3890625 0.42329001718750003 0.3890625 0.4229517484375 0.369683078125 0.41781036875 0.369742903125
0 0.42466842812500005 0.3701636828125 0.42426492031249996 0.3875 0.428125 0.3875 0.428125 0.3701033484375 0.42466842812500005 0.3701636828125
0 0.8123753671875 0.36672631093749997 0.815625 0.366688496875 0.815625 0.3457471390625 0.812009909375 0.3457892046875 0.8123753671875 0.36672631093749997
0 0.1149126921875 0.8384347578125 0.11495270625000001 0.8453125 0.1171875 0.8453125 0.1171875 0.8384877046875001 0.1149126921875 0.8384347578125
0 0.0578125 0.8305375828125001 0.05625 0.8305375828125001 0.05625 0.8375 0.0578125 0.8375 0.0578125 0.8305375828125001
0 0.11215024062500001 0.84493665625 0.1140625 0.8448921484374999 0.1140625 0.838159534375 0.11226780624999999 0.83820130625 0.11215024062500001 0.84493665625
0 0.0796875 0.8515625 0.0796875 0.8440984546875001 0.076649540625 0.8440807796875 0.0765625 0.8515610312499999 0.0765625 0.8515625 0.0796875 0.8515625
0 0.072787471875 0.84375 0.0727511125 0.85 0.075 0.85 0.075 0.84375 0.072787471875 0.84375
0 0.0815552125 0.7961798468750001 0.08151076093750001 0.8 0.0828125 0.8 0.0828125 0.7961652171875 0.0815552125 0.7961798468750001
0 0.029535726562499996 0.8473162375000001 0.029230315624999996 0.8578125 0.03125 0.8578125 0.03125 0.8473262109374999 0.029535726562499996 0.8473162375000001
0 0.04435020625 0.8224532640625 0.0446276859375 0.834375 0.046875 0.834375 0.046875 0.8224238859374999 0.04435020625 0.8224532640625
0 0.1152994640625 0.8655426187499999 0.1153635765625 0.8765625 0.1171875 0.8765625 0.1171875 0.8654876828125001 0.1152994640625 0.8655426187499999
0 0.080687821875 0.796875 0.08071509375 0.8015625 0.0828125 0.8015625 0.0828125 0.796875 0.080687821875 0.796875
0 0.06947280312500001 0.8447253265625001 0.0693807328125 0.85 0.07165241875 0.85 0.071743565625 0.8447781796874999 0.06947280312500001 0.8447253265625001
0 0.0046875 0.8667635203125 0.003125 0.8667998875 0.003125 0.8765625 0.0046875 0.8765625 0.0046875 0.8667635203125
0 0.007061353125 0.82610576875 0.007061353125 0.8359375 0.009375 0.8359375 0.009375 0.8260923078125 0.007061353125 0.82610576875
0 0.09282193749999999 0.81367743125 0.0928514484375 0.81875 0.096875 0.81875 0.096875 0.8136302703125 0.09282193749999999 0.81367743125
0 0.0112549734375 0.8159957234374999 0.011307359375000001 0.825 0.0140625 0.825 0.0140625 0.8159957234374999 0.0112549734375 0.8159957234374999
0 0.0780316578125 0.8686269484375 0.0780316578125 0.878125 0.0796875 0.878125 0.0796875 0.86857876875 0.0780316578125 0.8686269484375
0 0.0776194625 0.8008250546875001 0.08032852812499999 0.8008250546875001 0.08032852812499999 0.7972709218749999 0.0776194625 0.7972709218749999 0.0776194625 0.8008250546875001
0 0.077380403125 0.822691496875 0.080145903125 0.822691496875 0.080145903125 0.81854724375 0.077380403125 0.81854724375 0.077380403125 0.822691496875
0 0.0444728671875 0.8172324859375 0.0469205359375 0.8172324859375 0.0469205359375 0.8102540203124999 0.0444728671875 0.8102540203124999 0.0444728671875 0.8172324859375
0 0.058687859375 0.8406206015625 0.0624946 0.8406206015625 0.0624946 0.8347278093749999 0.058687859375 0.8347278093749999 0.058687859375 0.8406206015625
0 0.0755646546875 0.8513004468750001 0.07843720625 0.8513004468750001 0.07843720625 0.843736634375 0.0755646546875 0.843736634375 0.0755646546875 0.8513004468750001
0 0.09737321875 0.823396753125 0.10128164218749999 0.823396753125 0.10128164218749999 0.8153830750000001 0.09737321875 0.8153830750000001 0.09737321875 0.823396753125
0 0.00911120625 0.858670640625 0.0119268765625 0.858670640625 0.0119268765625 0.8483840015624999 0.00911120625 0.8483840015624999 0.00911120625 0.858670640625
0 0.22226140625 0.8458713296875 0.22665312656249997 0.8458713296875 0.22665312656249997 0.8330646312500001 0.22226140625 0.8330646312500001 0.22226140625 0.8458713296875
0 0.0934479234375 0.8850414093750001 0.0959277734375 0.8850414093750001 0.0959277734375 0.8717046015625 0.0934479234375 0.8717046015625 0.0934479234375 0.8850414093750001
0 0.200781953125 0.8795855812500001 0.2032450890625 0.8795855812500001 0.2032450890625 0.8682220171874999 0.200781953125 0.8682220171874999 0.200781953125 0.8795855812500001
0 0.22971018906250001 0.90623276875 0.233602121875 0.90623276875 0.233602121875 0.8945016296875 0.22971018906250001 0.8945016296875 0.22971018906250001 0.90623276875
0 0.2464325421875 0.9649413718750001 0.248844359375 0.9649413718750001 0.248844359375 0.9543650140625001 0.2464325421875 0.9543650140625001 0.2464325421875 0.9649413718750001
0 0.1958106234375 0.8781012453125001 0.19915899374999999 0.8781012453125001 0.19915899374999999 0.868147740625 0.1958106234375 0.868147740625 0.1958106234375 0.8781012453125001
0 0.1885298 0.8196151875 0.19330696875 0.8196151875 0.19330696875 0.8006321171874999 0.1885298 0.8006321171874999 0.1885298 0.8196151875
0 0.2087333953125 0.89571170625 0.2116061390625 0.89571170625 0.2116061390625 0.8881855156250001 0.2087333953125 0.8881855156250001 0.2087333953125 0.89571170625
0 0.2436400734375 0.9082950078125 0.24655429375 0.9082950078125 0.24655429375 0.8942472609374998 0.2436400734375 0.8942472609374998 0.2436400734375 0.9082950078125
0 0.1758189578125 0.88058970625 0.178325809375 0.88058970625 0.178325809375 0.8737986640625 0.1758189578125 0.8737986640625 0.1758189578125 0.88058970625
0 0.22156707656250002 0.899996271875 0.22427710156249997 0.899996271875 0.22427710156249997 0.8876717171875 0.22156707656250002 0.8876717171875 0.22156707656250002 0.899996271875
0 0.19811736875 0.857521940625 0.203203803125 0.857521940625 0.203203803125 0.8495033765625 0.19811736875 0.8495033765625 0.19811736875 0.857521940625
0 0.22526868281249998 0.9044143874999999 0.2281629 0.9044143874999999 0.2281629 0.8925409468750001 0.22526868281249998 0.8925409468750001 0.22526868281249998 0.9044143874999999
0 0.23843387031250002 0.9208484734375 0.241757121875 0.9208484734375 0.241757121875 0.91148804375 0.23843387031250002 0.91148804375 0.23843387031250002 0.9208484734375
0 0.21761621562500003 0.9594958312500002 0.2209650328125 0.9594958312500002 0.2209650328125 0.9473927984374999 0.21761621562500003 0.9473927984374999 0.21761621562500003 0.9594958312500002
0 0.18457727968749998 0.9558105359375 0.1870081390625 0.9558105359375 0.1870081390625 0.9455453765625 0.18457727968749998 0.9455453765625 0.18457727968749998 0.9558105359375
0 0.1554450390625 0.949552159375 0.16011790312500002 0.949552159375 0.16011790312500002 0.9412579703125001 0.1554450390625 0.9412579703125001 0.1554450390625 0.949552159375
0 0.1163160078125 0.877090471875 0.11898059218749998 0.877090471875 0.11898059218749998 0.866312253125 0.1163160078125 0.866312253125 0.1163160078125 0.877090471875
0 0.19205871875 0.8960081875 0.1940873234375 0.8960081875 0.1940873234375 0.8824190562500001 0.19205871875 0.8824190562500001 0.19205871875 0.8960081875
0 0.2248926296875 0.84521159375 0.22789632499999998 0.84521159375 0.22789632499999998 0.833017746875 0.2248926296875 0.833017746875 0.2248926296875 0.84521159375
0 0.2271952203125 0.9057507390625 0.230510546875 0.9057507390625 0.230510546875 0.893785803125 0.2271952203125 0.893785803125 0.2271952203125 0.9057507390625
0 0.1518341859375 0.8568160015625 0.1550265484375 0.8568160015625 0.1550265484375 0.8511248421875 0.1518341859375 0.8511248421875 0.1518341859375 0.8568160015625
0 0.20558046718749998 0.895061459375 0.20851673750000002 0.895061459375 0.20851673750000002 0.889447703125 0.20558046718749998 0.889447703125 0.20558046718749998 0.895061459375
0 0.22650466093750002 0.8445137796874999 0.22869866718749998 0.8445137796874999 0.22869866718749998 0.8330249640625 0.22650466093750002 0.8330249640625 0.22650466093750002 0.8445137796874999
0 0.2337567875 0.865062453125 0.23701171875 0.865062453125 0.23701171875 0.8561607546874999 0.2337567875 0.8561607546874999 0.2337567875 0.865062453125
0 0.14028837968750002 0.8452583640625001 0.1446659109375 0.8452583640625001 0.1446659109375 0.8400501437500001 0.14028837968750002 0.8400501437500001 0.14028837968750002 0.8452583640625001
0 0.09996184531249999 0.826550690625 0.1034188 0.826550690625 0.1034188 0.8160103624999999 0.09996184531249999 0.8160103624999999 0.09996184531249999 0.826550690625
0 0.1472090640625 0.8579858421874998 0.149619984375 0.8579858421874998 0.149619984375 0.8524775609375 0.1472090640625 0.8524775609375 0.1472090640625 0.8579858421874998
0 0.183810984375 0.90303774375 0.1869327890625 0.90303774375 0.1869327890625 0.8894914625 0.183810984375 0.8894914625 0.183810984375 0.90303774375
0 0.22675838750000002 0.8632677703125001 0.23072771718750001 0.8632677703125001 0.23072771718750001 0.8539126828124999 0.22675838750000002 0.8539126828124999 0.22675838750000002 0.8632677703125001
0 0.20754477656249998 0.8947038875000001 0.2105501984375 0.8947038875000001 0.2105501984375 0.8889220281250001 0.20754477656249998 0.8889220281250001 0.20754477656249998 0.8947038875000001
0 0.15839984375 0.9274095812500001 0.1612732890625 0.9274095812500001 0.1612732890625 0.9164174578125 0.15839984375 0.9164174578125 0.15839984375 0.9274095812500001
0 0.1479972796875 0.8575909890624999 0.15076322656250002 0.8575909890624999 0.15076322656250002 0.8523531046875 0.1479972796875 0.8523531046875 0.1479972796875 0.8575909890624999
0 0.2349451515625 0.92057853125 0.2384090078125 0.92057853125 0.2384090078125 0.9120377015625 0.2349451515625 0.9120377015625 0.2349451515625 0.92057853125
0 0.1894808625 0.89921241875 0.1923514953125 0.89921241875 0.1923514953125 0.8858241249999999 0.1894808625 0.8858241249999999 0.1894808625 0.89921241875
0 0.109843596875 0.8450012093750001 0.1127152203125 0.8450012093750001 0.1127152203125 0.8397584375000001 0.109843596875 0.8397584375000001 0.109843596875 0.8450012093750001
0 0.15917412656250002 0.9323201265625001 0.16389179375000001 0.9323201265625001 0.16389179375000001 0.9188748890625 0.15917412656250002 0.9188748890625 0.15917412656250002 0.9323201265625001
0 0.161677271875 0.9094921249999999 0.16369878124999998 0.9094921249999999 0.16369878124999998 0.8992693625000001 0.161677271875 0.8992693625000001 0.161677271875 0.9094921249999999
0 0.210760465625 0.8624569796875001 0.2179019625 0.8624569796875001 0.2179019625 0.8542962265625 0.210760465625 0.8542962265625 0.210760465625 0.8624569796875001
0 0.15277157187499998 0.857013996875 0.1568104375 0.857013996875 0.1568104375 0.8512620296875 0.15277157187499998 0.8512620296875 0.15277157187499998 0.857013996875
0 0.23283001093750003 0.9141213640625001 0.23517625468749997 0.9141213640625001 0.23517625468749997 0.9039449734375001 0.23283001093750003 0.9039449734375001 0.23283001093750003 0.9141213640625001
0 0.149348809375 0.8571527171875001 0.15182766718750002 0.8571527171875001 0.15182766718750002 0.8524818812500001 0.149348809375 0.8524818812500001 0.149348809375 0.8571527171875001
0 0.249126334375 0.9190012218749999 0.25399483125 0.9190012218749999 0.25399483125 0.9099935921875 0.249126334375 0.9099935921875 0.249126334375 0.9190012218749999
0 0.0584224609375 0.9270424 0.0624983328125 0.9270424 0.0624983328125 0.92160600625 0.0584224609375 0.92160600625 0.0584224609375 0.9270424
0 0.0571487515625 0.92039791875 0.0592716015625 0.92039791875 0.0592716015625 0.9152635468749999 0.0571487515625 0.9152635468749999 0.0571487515625 0.92039791875
0 0.09323720625000001 0.9277974546875001 0.0968885078125 0.9277974546875001 0.0968885078125 0.9226630828125 0.09323720625000001 0.9226630828125 0.09323720625000001 0.9277974546875001
0 0.028417353125 0.8079661124999999 0.025428379687500002 0.8079661124999999 0.025428379687500002 0.81482805 0.028417353125 0.81482805 0.028417353125 0.8079661124999999
0 0.026352243749999997 0.8070962890625001 0.02358065 0.8070962890625001 0.02358065 0.8130884046875 0.026352243749999997 0.8130884046875 0.026352243749999997 0.8070962890625001
0 0.22916914375 0.9943092171875 0.233788465625 0.9943092171875 0.233788465625 0.9799088125000001 0.22916914375 0.9799088125000001 0.22916914375 0.9943092171875
0 0.25380045625 0.9486956953125001 0.258182834375 0.9486956953125001 0.258182834375 0.9411494968749998 0.25380045625 0.9411494968749998 0.25380045625 0.9486956953125001
0 0.2487920234375 0.9494997984375001 0.2527918140625 0.9494997984375001 0.2527918140625 0.942757703125 0.2487920234375 0.942757703125 0.2487920234375 0.9494997984375001
0 0.246600834375 0.9404072484375 0.2596436265625 0.9404072484375 0.2596436265625 0.9245726015625 0.246600834375 0.9245726015625 0.246600834375 0.9404072484375
0 0.176719384375 0.8415634843750001 0.172208753125 0.8415634843750001 0.172208753125 0.85016506875 0.176719384375 0.85016506875 0.176719384375 0.8415634843750001
0 0.1568291265625 0.8719106453125001 0.16182886406250002 0.8719106453125001 0.16182886406250002 0.8623425906249998 0.1568291265625 0.8623425906249998 0.1568291265625 0.8719106453125001
0 0.1637852828125 0.8723938812500001 0.1673177046875 0.8723938812500001 0.1673177046875 0.8593465343750001 0.1637852828125 0.8593465343750001 0.1637852828125 0.8723938812500001
0 0.1267322046875 0.83227933125 0.13379705 0.83227933125 0.13379705 0.8267704515624998 0.1267322046875 0.8267704515624998 0.1267322046875 0.83227933125
0 0.0086261625 0.7903527296874999 0.0057741375 0.7903527296874999 0.0057741375 0.799383425 0.0086261625 0.799383425 0.0086261625 0.7903527296874999
0 0.0156170984375 0.8224549984374999 0.0219472 0.8224549984374999 0.0219472 0.8092800796875 0.0156170984375 0.8092800796875 0.0156170984375 0.8224549984374999
0 0.015999687500000002 0.802414275 0.026468701562500002 0.802414275 0.026468701562500002 0.7927650374999999 0.015999687500000002 0.7927650374999999 0.015999687500000002 0.802414275
0 0.0448620953125 0.7845686015625001 0.051220456250000004 0.7845686015625001 0.051220456250000004 0.7753871359375 0.0448620953125 0.7753871359375 0.0448620953125 0.7845686015625001
0 0.1555712453125 0.8314314703125 0.1641475609375 0.8314314703125 0.1641475609375 0.8217667687500001 0.1555712453125 0.8217667687500001 0.1555712453125 0.8314314703125
0 0.26420811093749996 0.9506999109375001 0.268029240625 0.9506999109375001 0.268029240625 0.93771296875 0.26420811093749996 0.93771296875 0.26420811093749996 0.9506999109375001
0 0.2587736140625 0.9522100203124999 0.262170175 0.9522100203124999 0.262170175 0.936202859375 0.2587736140625 0.936202859375 0.2587736140625 0.9522100203124999
0 0.35415805312500004 0.876268971875 0.35741875156249997 0.876268971875 0.35741875156249997 0.8587517015625 0.35415805312500004 0.8587517015625 0.35415805312500004 0.876268971875
0 0.3458025140625 0.87554411875 0.34967459375 0.87554411875 0.34967459375 0.85778523125 0.3458025140625 0.85778523125 0.3458025140625 0.87554411875
0 0.8203125 0.4737482984375 0.8194468765625 0.47374326250000004 0.8194198421875001 0.476066665625 0.8194140734375001 0.4765625 0.8203125 0.4765625 0.8203125 0.4737482984375
0 0.83125 0.46825398281249997 0.8296875 0.46826307343749995 0.8296875 0.471875 0.83125 0.471875 0.83125 0.46825398281249997
0 0.8271874515625001 0.44722767656249995 0.8271622328125 0.4515625 0.82937355 0.4515625 0.8293989187499999 0.44720194375 0.8271874515625001 0.44722767656249995
0 0.8160168546875 0.44746544843749997 0.81592149375 0.4515625 0.8171875 0.4515625 0.8171875 0.44747907031249995 0.8160168546875 0.44746544843749997
0 0.80756744375 0.45454635625 0.80756744375 0.4578125 0.8078125 0.4578125 0.8078125 0.45454778124999995 0.80756744375 0.45454635625
0 0.8140625 0.4540057703125 0.8125 0.453969403125 0.8125 0.45625 0.8140625 0.45625 0.8140625 0.4540057703125
0 0.8115672374999999 0.4404268828125 0.8140625 0.4404849609375 0.8140625 0.43317339375 0.81160976875 0.43311630624999997 0.8115672374999999 0.4404268828125
0 0.7841587171875 0.42936334531250003 0.7840128921875 0.434375 0.7859375 0.434375 0.7859375 0.42936334531250003 0.7841587171875 0.42936334531250003
0 0.768990821875 0.43296650000000003 0.7689198875 0.4390625 0.7703125 0.4390625 0.7703125 0.43295112187499996 0.768990821875 0.43296650000000003
0 0.7546335765625 0.43804845625000005 0.754467678125 0.44375 0.75625 0.44375 0.75625 0.4380578609375 0.7546335765625 0.43804845625000005
0 0.7598469625 0.425033871875 0.7599011140625 0.4296875 0.7609375 0.4296875 0.7609375 0.42505925468749994 0.7598469625 0.425033871875
0 0.7619898515625 0.42220038281249994 0.76212775 0.428125 0.7640625 0.428125 0.7640625 0.42217626406250003 0.7619898515625 0.42220038281249994
0 0.7648609468750001 0.4223196515625 0.76488563125 0.4265625 0.766944028125 0.4265625 0.766919621875 0.4223675671875 0.7648609468750001 0.4223196515625
0 0.7765625 0.421875 0.7748145640625 0.421875 0.7742108625 0.42188905156249995 0.7741927640624999 0.425 0.7765625 0.425 0.7765625 0.421875
0 0.76151048125 0.444730284375 0.7614889125 0.4484375 0.7625 0.4484375 0.7625 0.44471877031249996 0.76151048125 0.444730284375
0 0.75785244375 0.44586340468749996 0.75785244375 0.448407828125 0.75785244375 0.44952455 0.759375 0.449497975 0.759375 0.44583682968750005 0.75785244375 0.44586340468749996
0 0.8109375 0.4681075578125 0.8096309453125 0.468145575 0.8096422000000001 0.47008025 0.8096526421875 0.471875 0.8109375 0.471875 0.8109375 0.4681075578125
0 0.8149579234375001 0.448187634375 0.815625 0.44818375312500003 0.815625 0.44461481562499994 0.8149786890625 0.44461857499999996 0.8149579234375001 0.448187634375
0 0.8164476953124999 0.4423796734375 0.8164738484375 0.446875 0.8171875 0.446875 0.8171875 0.44238828124999996 0.8164476953124999 0.4423796734375
0 0.8140625 0.4419330171875 0.8125 0.4419511984375 0.8125 0.4453125 0.8140625 0.4453125 0.8140625 0.4419330171875
0 0.8158935125 0.4376032203125 0.8158407671875001 0.440625 0.8171875 0.440625 0.8171875 0.43763333906249996 0.8158935125 0.4376032203125
0 0.7834679921875 0.409716659375 0.783493275 0.4140625 0.784375 0.4140625 0.784375 0.40974305156249996 0.7834679921875 0.409716659375
0 0.7808024703124999 0.409375 0.78072065 0.4140625 0.78125 0.4140625 0.78125 0.409375 0.7808024703124999 0.409375
0 0.747000025 0.41648206875 0.747094159375 0.421875 0.7484375 0.421875 0.7484375 0.41644861093749996 0.747000025 0.41648206875
0 0.749096625 0.420032278125 0.7491362484375 0.4234375 0.75 0.4234375 0.75 0.420042790625 0.749096625 0.420032278125
0 0.7382036640624999 0.43104503125000004 0.7390625 0.43104003437499994 0.7390625 0.4272307796875 0.7381593421874999 0.427236034375 0.7382036640624999 0.43104503125000004
0 0.7402327453125 0.4242446375 0.7403001890625001 0.4265625 0.7421875 0.4265625 0.7421875 0.42422189218749995 0.7402327453125 0.4242446375
0 0.732278846875 0.42375669218749995 0.7323296781249999 0.428125 0.7328125 0.428125 0.7328125 0.42375669218749995 0.732278846875 0.42375669218749995
0 0.7400098156249999 0.4106401296875 0.74004790625 0.4171875 0.7421875 0.4171875 0.7421875 0.4106274609375 0.7400098156249999 0.4106401296875
0 0.715625 0.4383355171875 0.7125 0.4382809703125 0.7125 0.440625 0.715625 0.440625 0.715625 0.4383355171875
0 0.7155541671875 0.4354159078125 0.7171875 0.43540640625 0.7171875 0.4257058359375 0.7155541671875 0.42571533749999996 0.7155541671875 0.4354159078125
0 0.772193003125 0.4304584921875 0.7722066984375 0.4328125 0.7734375 0.4328125 0.7734375 0.4304440109375 0.772193003125 0.4304584921875
0 0.8390625 0.44422108906249996 0.8375 0.44422108906249996 0.8375 0.446875 0.8390625 0.446875 0.8390625 0.44422108906249996
0 0.9885187 0.45743276875000005 0.9885187 0.4625 0.9890625 0.4625 0.9890625 0.4574169453125 0.9885187 0.45743276875000005
0 0.8533381921875 0.45472639531250003 0.8551629328124999 0.45472639531250003 0.8551629328124999 0.4510005203125 0.8533381921875 0.4510005203125 0.8533381921875 0.45472639531250003
0 0.8430099406250001 0.4364547390625 0.839852465625 0.4364547390625 0.839852465625 0.439762353125 0.8430099406250001 0.439762353125 0.8430099406250001 0.4364547390625
0 0.8349345718750001 0.4427712921875 0.8326162046875 0.4427712921875 0.8326162046875 0.44720195625 0.8349345718750001 0.44720195625 0.8349345718750001 0.4427712921875
0 0.7066557203125 0.44018940000000006 0.709121146875 0.44018940000000006 0.709121146875 0.435112596875 0.7066557203125 0.435112596875 0.7066557203125 0.44018940000000006
0 0.7898559234375 0.43195067343750004 0.7878905015625 0.43195067343750004 0.7878905015625 0.4351505984375 0.7898559234375 0.4351505984375 0.7898559234375 0.43195067343750004
