0 0.51875 0.51875 0.509375 0.51875 0.509375 0.534375 0.51875 0.534375 0.51875 0.51875
0 0.47450840312500003 0.41875 0.47450840312500003 0.42917771875 0.4833715234375 0.42917771875 0.4833715234375 0.41875 0.47450840312500003 0.41875
0 0.48425783593749994 0.4354838 0.4883939578125 0.4354838 0.4883939578125 0.426024678125 0.48425783593749994 0.426024678125 0.48425783593749994 0.4354838
0 0.37494602499999996 0.4323307578125 0.37937758593750004 0.4323307578125 0.37937758593750004 0.4218206234375 0.37494602499999996 0.4218206234375 0.37494602499999996 0.4323307578125
0 0.4086479890625 0.42825104999999997 0.41134629531250005 0.42825104999999997 0.41134629531250005 0.423451459375 0.4086479890625 0.423451459375 0.4086479890625 0.42825104999999997
0 0.382881184375 0.41875 0.382881184375 0.4258390875 0.3866523546875 0.4258390875 0.3866523546875 0.41875 0.382881184375 0.41875
0 0.4083690921875 0.41875 0.4083690921875 0.42098161406249995 0.41122997968749997 0.42098161406249995 0.41122997968749997 0.41875 0.4083690921875 0.41875
0 0.5295502109375 0.8289722765625 0.540891415625 0.8289722765625 0.540891415625 0.7970858046875 0.5295502109375 0.7970858046875 0.5295502109375 0.8289722765625
0 0.693158596875 0.9076168250000001 0.7025242359374999 0.9076168250000001 0.7025242359374999 0.8686762859375001 0.693158596875 0.8686762859375001 0.693158596875 0.9076168250000001
0 0.9240452828125001 0.9056945296875 0.93575233125 0.9056945296875 0.93575233125 0.86821165625 0.9240452828125001 0.86821165625 0.9240452828125001 0.9056945296875
0 0.848178396875 0.75803235 0.85622699375 0.75803235 0.85622699375 0.7252348359375 0.848178396875 0.7252348359375 0.848178396875 0.75803235
0 0.7985549781250001 0.6085133734375 0.8049985375 0.6085133734375 0.8049985375 0.5797265265625 0.7985549781250001 0.5797265265625 0.7985549781250001 0.6085133734375
