0 0.0515648046875 0.0494158203125 0.051686378125 0.0703125 0.05625 0.0703125 0.05625 0.0492794953125 0.0515648046875 0.0494158203125
0 0.1301410078125 0.227982934375 0.13041622343749998 0.24375 0.1359375 0.24375 0.1359375 0.22784801875 0.1301410078125 0.227982934375
0 0.16298233125 0.3390578078125 0.163064171875 0.353125 0.16859918437500002 0.353125 0.16851753125 0.3390900109375 0.16298233125 0.3390578078125
0 0.155959159375 0 0.1562137328125 0.0109375 0.159375 0.0109375 0.159375 0 0.155959159375 0
0 0.14367037968750002 0.0546875 0.1433794390625 0.0421875 0.13826183593750002 0.0421875 0.13855277500000002 0.0546875 0.14367037968750002 0.0546875
0 0.075 0.2703977171875 0.0729153484375 0.2703977171875 0.0707708421875 0.2703977171875 0.0707708421875 0.2828125 0.075 0.2828125 0.075 0.2703977171875
0 0.39199919843750003 0.11922411875000001 0.3914647203125 0.1421875 0.396875 0.1421875 0.396875 0.11913901093749998 0.39199919843750003 0.11922411875000001
0 0.3998565421875 0.1359774109375 0.400074253125 0.1546875 0.4046875 0.1546875 0.4046875 0.13606173593749998 0.3998565421875 0.1359774109375
0 0.41200950468749997 0.1211380125 0.4117784515625 0.134375 0.415625 0.134375 0.415625 0.121116978125 0.41200950468749997 0.1211380125
0 0.4796875 0.09658997968750001 0.47200156406250005 0.096455821875 0.471875 0.1073327421875 0.471875 0.1203125 0.47959299062499994 0.1203125 0.4796875 0.11219032343749999 0.4796875 0.09658997968750001
0 0.44954211875 0.0932916875 0.4492613828125 0.109375 0.4546875 0.109375 0.4546875 0.0931719265625 0.44954211875 0.0932916875
0 0.45681013125 0.09289644999999999 0.45652747812500005 0.1171875 0.4609375 0.1171875 0.4609375 0.09299251562500001 0.45681013125 0.09289644999999999
0 0.4614973 0.0900658734375 0.4614973 0.1125 0.4671875 0.1125 0.4671875 0.0899003046875 0.4614973 0.0900658734375
0 0.271038834375 0.23125 0.2704569515625 0.25625 0.278125 0.25625 0.278125 0.23125 0.271038834375 0.23125
0 0.3515625 0.2150749359375 0.342487809375 0.21486371875 0.3421875 0.2320684453125 0.3421875 0.234375 0.3514608078125 0.234375 0.3515625 0.22854902031250002 0.3515625 0.2150749359375
0 0.23717291875000002 0.1402079859375 0.237643846875 0.1671875 0.2421875 0.1671875 0.2421875 0.1401204546875 0.23717291875000002 0.1402079859375
0 0.23534057343749998 0.1449272734375 0.2390625 0.1449922390625 0.2390625 0.1209534546875 0.2350608 0.12088360625000001 0.23534057343749998 0.1449272734375
0 0.257976334375 0.143645784375 0.2625 0.14369842187499998 0.2625 0.11043637656250001 0.257782809375 0.11038148750000001 0.257976334375 0.143645784375
0 0.2828125 0.09575341875 0.275 0.09575341875 0.275 0.125 0.2828125 0.125 0.2828125 0.09575341875
0 0.271875 0.09015289843749999 0.265625 0.09015289843749999 0.265625 0.1084336515625 0.26566870468750003 0.1109375 0.271875 0.1109375 0.271875 0.09015289843749999
0 0.25585828125 0.0734375 0.25585828125 0.0921875 0.2609375 0.0921875 0.2609375 0.0734375 0.25585828125 0.0734375
0 0.2570742109375 0.040107848437499996 0.25648029375000003 0.065625 0.2648733484375 0.065625 0.2654661296875 0.040156671875 0.2570742109375 0.040107848437499996
0 0.30779795781249997 0.0840598453125 0.3125 0.0841419203125 0.3125 0.058298771875 0.30764759218750004 0.058214071874999995 0.30779795781249997 0.0840598453125
0 0.256656053125 0 0.2564378765625 0.01875 0.2625 0.01875 0.2625 0 0.256656053125 0
0 0.2428601703125 0 0.2429783453125 0.0203125 0.248265971875 0.0203125 0.24814779687500002 0 0.2428601703125 0
0 0.245938678125 0 0.2457568640625 0.015625 0.253125 0.015625 0.253125 0 0.245938678125 0
0 0.8657717968749999 0.0328125 0.8598619421875 0.032984459375000004 0.8606968421874999 0.17649154375 0.9 0.1753479375 0.9 0.0328125 0.8657717968749999 0.0328125
0 0.05625 0.8578125 0.0382114296875 0.8578125 0.0310882234375 0.8580197640625 0.0313960890625 0.9109375 0.0440584109375 0.9109375 0.05625 0.9105827609375 0.05625 0.8578125
0 0.052172050000000005 0.8921875 0.0703125 0.8921875 0.0703125 0.854915034375 0.0572770390625 0.8546875 0.052172050000000005 0.8546875 0.052172050000000005 0.8921875
0 0.07611832187499999 0.9176744734375 0.0763427484375 0.95625 0.090625 0.95625 0.090625 0.9177588703125 0.07611832187499999 0.9176744734375
0 0.09282510000000001 0.9088855359375 0.093164290625 0.9671875 0.1140625 0.9671875 0.1140625 0.9083912296874999 0.09282510000000001 0.9088855359375
0 0.2078125 1 0.2078125 0.9319297562500001 0.16875 0.9312479171875001 0.16875 1 0.2078125 1
0 0.1140625 1 0.1140625 0.9625 0.10150378125 0.9625 0.07372116875 0.9631466484375 0.0745789390625 1 0.1140625 1
0 0.182310878125 0.9028853984375 0.1984375 0.9026039062500001 0.1984375 0.8612867046874999 0.1815899046875 0.86158078125 0.182310878125 0.9028853984375
0 0.24826318593750002 0.799210875 0.24802661406249998 0.809375 0.25625 0.809375 0.25625 0.7989784828125 0.24826318593750002 0.799210875
0 0.49039104218749996 0.8786565078125002 0.49119393125000005 0.90625 0.5078125 0.90625 0.5078125 0.878555153125 0.49039104218749996 0.8786565078125002
0 0.76875 1 0.76875 0.99167193125 0.7583542234375 0.99161145 0.7583542234375 1 0.76875 1
0 0.8578125 1 0.8578125 0.9884660453125 0.8576736359374999 0.9824998718749999 0.8539598999999999 0.982586309375 0.8543652078124999 1 0.8578125 1
0 0.85 1 0.85 0.9820417750000001 0.84449628125 0.9821378421875 0.8448080656249999 1 0.85 1
0 0.840625 1 0.840625 0.9821832781250001 0.8329616718749999 0.982406259375 0.8325521734375 1 0.840625 1
0 0.8104294984375 1 0.8125 0.9999879546875 0.8125 0.987795446875 0.811991296875 0.9703125 0.798602046875 0.9703125 0.7926776109375 0.9703469671875 0.7935404281249999 1 0.8104294984375 1
0 0.5609375 1 0.5609375 0.9909543515625 0.560936559375 0.9908735140625 0.5407431265625 0.9905210359375001 0.540853425 1 0.5609375 1
