0 0.05 0.2802533546875 0.0234375 0.2807170046875 0.0234375 0.2822560125 0.025814345312499997 0.384375 0.05 0.384375 0.05 0.2802533546875
0 0.0504029671875 0.1756678203125 0.050827687499999996 0.2 0.059375 0.2 0.059375 0.17556342187500001 0.0504029671875 0.1756678203125
0 0.084375 0.18590898125 0.075 0.185690775 0.075 0.2140625 0.084375 0.2140625 0.084375 0.18590898125
0 0.1867647921875 0.1611649296875 0.18689073437499998 0.1828125 0.19375 0.1828125 0.19375 0.161043003125 0.1867647921875 0.1611649296875
0 0.6228604484375 0.6450091640625 0.62267155 0.653125 0.6296875 0.653125 0.6296875 0.645168065625 0.6228604484375 0.6450091640625
0 0.554342784375 0.5369424140625 0.5544583609375 0.546875 0.55625 0.546875 0.55625 0.5368980234375 0.554342784375 0.5369424140625
0 0.5570655359375001 0.5375 0.5570200843750001 0.5453125 0.559375 0.5453125 0.559375 0.5375 0.5570655359375001 0.5375
0 0.5308196421875 0.314508559375 0.5339538328125 0.314508559375 0.5339538328125 0.305753765625 0.5308196421875 0.305753765625 0.5308196421875 0.314508559375
0 0.5323405640625001 0.374317228125 0.5369075265625 0.374317228125 0.5369075265625 0.3564892859375 0.5323405640625001 0.3564892859375 0.5323405640625001 0.374317228125
0 0.5825387656250001 0.40412365625 0.5854043125 0.40412365625 0.5854043125 0.3888425625 0.5825387656250001 0.3888425625 0.5825387656250001 0.40412365625
0 0.5889146046875 0.3896066171875 0.5854043125 0.3896066171875 0.5854043125 0.40348694375000005 0.5889146046875 0.40348694375000005 0.5889146046875 0.3896066171875
0 0.591923428125 0.39062535625 0.5881265796874999 0.39062535625 0.5881265796874999 0.40285023124999997 0.591923428125 0.40285023124999997 0.591923428125 0.39062535625
0 0.5904906546875 0.40157680781250005 0.594144225 0.40157680781250005 0.594144225 0.3865503984375 0.5904906546875 0.3865503984375 0.5904906546875 0.40157680781250005
0 0.6317785765625 0.43128725 0.6352709609375 0.43128725 0.6352709609375 0.42109985468750005 0.6317785765625 0.42109985468750005 0.6317785765625 0.43128725
0 0.635987346875 0.43908697500000005 0.639927471875 0.43908697500000005 0.639927471875 0.4212590328125 0.635987346875 0.4212590328125 0.635987346875 0.43908697500000005
0 0.6435989531249999 0.40741054062500004 0.6470017875 0.40741054062500004 0.6470017875 0.398974103125 0.6435989531249999 0.398974103125 0.6435989531249999 0.40741054062500004
0 0.6500464296875 0.40963903437500004 0.6535388140625 0.40963903437500004 0.6535388140625 0.3978598578125 0.6500464296875 0.3978598578125 0.6500464296875 0.40963903437500004
0 0.6571207453125 0.3996108171875 0.6535388140625 0.3996108171875 0.6535388140625 0.40963903437500004 0.6571207453125 0.40963903437500004 0.6571207453125 0.3996108171875
0 0.6152294921875 0.3694329125 0.6199576421875 0.3694329125 0.6199576421875 0.36013691406250004 0.6152294921875 0.36013691406250004 0.6152294921875 0.3694329125
0 0.6129370562500001 0.36866885781250003 0.6152294921875 0.36866885781250003 0.6152294921875 0.3610283109375 0.6129370562500001 0.3610283109375 0.6129370562500001 0.36866885781250003
0 0.6105013421875001 0.36866885781250003 0.613581803125 0.36866885781250003 0.613581803125 0.3603915984375 0.6105013421875001 0.3603915984375 0.6105013421875001 0.36866885781250003
0 0.5887299125000001 0.296469171875 0.5903059609375 0.296469171875 0.5903059609375 0.2864091171875 0.5887299125000001 0.2864091171875 0.5887299125000001 0.296469171875
0 0.5920252890625 0.297615253125 0.5940311703125001 0.297615253125 0.5940311703125001 0.2871731734375 0.5920252890625 0.2871731734375 0.5920252890625 0.297615253125
0 0.5443785984375 0.2633339890625 0.5471008656249999 0.2633339890625 0.5471008656249999 0.2536559625 0.5443785984375 0.2536559625 0.5443785984375 0.2633339890625
0 0.5453099 0.23404522499999997 0.5469575890625 0.23404522499999997 0.5469575890625 0.22793278749999998 0.5453099 0.22793278749999998 0.5453099 0.23404522499999997
0 0.5516141 0.2526372234375 0.5542647296875 0.2526372234375 0.5542647296875 0.243341225 0.5516141 0.243341225 0.5516141 0.2526372234375
0 0.5540498140625 0.23289914375 0.555697503125 0.23289914375 0.555697503125 0.2280601296875 0.5540498140625 0.2280601296875 0.5540498140625 0.23289914375
0 0.6123393203124999 0.2988872609375 0.6140407375 0.2988872609375 0.6140407375 0.2914058921875 0.6123393203124999 0.2914058921875 0.6123393203124999 0.2988872609375
0 0.6142198343749999 0.2985689046875 0.616548090625 0.2985689046875 0.616548090625 0.289973290625 0.6142198343749999 0.289973290625 0.6142198343749999 0.2985689046875
0 0.6062500359375 0.293316028125 0.608667840625 0.293316028125 0.608667840625 0.281536853125 0.6062500359375 0.281536853125 0.6062500359375 0.293316028125
0 0.5876715625 0.252419703125 0.589820721875 0.252419703125 0.589820721875 0.24605258124999999 0.5876715625 0.24605258124999999 0.5876715625 0.252419703125
0 0.584895565625 0.25846847031250003 0.5881193031249999 0.25846847031250003 0.5881193031249999 0.2556032640625 0.584895565625 0.2556032640625 0.584895565625 0.25846847031250003
0 0.5881193031249999 0.2641988796875 0.5928653640625 0.2641988796875 0.5928653640625 0.26053778437499997 0.5881193031249999 0.26053778437499997 0.5881193031249999 0.2641988796875
0 0.58471646875 0.2739087421875 0.5867760796875 0.2739087421875 0.5867760796875 0.2654723046875 0.58471646875 0.2654723046875 0.58471646875 0.2739087421875
0 0.6014619999999999 0.27088435781250003 0.6086258640625 0.27088435781250003 0.6086258640625 0.26563148124999997 0.6014619999999999 0.26563148124999997 0.6014619999999999 0.27088435781250003
0 0.6446932171875 0.30518165937499997 0.6502523765625 0.30518165937499997 0.6502523765625 0.30181981874999997 0.6446932171875 0.30181981874999997 0.6446932171875 0.30518165937499997
0 0.6502523765625 0.286233103125 0.6532898546875 0.286233103125 0.6532898546875 0.281445028125 0.6502523765625 0.281445028125 0.6502523765625 0.286233103125
0 0.557321575 0.26069408437499997 0.561218715625 0.26069408437499997 0.561218715625 0.2579434875 0.557321575 0.2579434875 0.557321575 0.26069408437499997
0 0.5553730031249999 0.2560078828125 0.5581239265625 0.2560078828125 0.5581239265625 0.2535629078125 0.5553730031249999 0.2535629078125 0.5553730031249999 0.2560078828125
0 0.6064421421875 0.320017175 0.6091357546875 0.320017175 0.6091357546875 0.3134972421875 0.6064421421875 0.3134972421875 0.6064421421875 0.320017175
0 0.6148095359375 0.331936428125 0.6168727281249999 0.331936428125 0.6168727281249999 0.324703378125 0.6148095359375 0.324703378125 0.6148095359375 0.331936428125
0 0.6410114515625 0.3647608671875 0.6491827328124999 0.3647608671875 0.6491827328124999 0.3558071 0.6410114515625 0.3558071 0.6410114515625 0.3647608671875
0 0.647390015625 0.379539465625 0.6583212046875 0.379539465625 0.6583212046875 0.368658153125 0.647390015625 0.368658153125 0.647390015625 0.379539465625
0 0.7803734484375 0.6095222890625001 0.7888997765625 0.6095222890625001 0.7888997765625 0.5811531515625 0.7803734484375 0.5811531515625 0.7803734484375 0.6095222890625001
0 0.8300010468749999 0.64916135625 0.8455233343749999 0.64916135625 0.8455233343749999 0.630896296875 0.8300010468749999 0.630896296875 0.8300010468749999 0.64916135625
0 0.8999606546875001 0.5426799390625 0.9071752406249999 0.5426799390625 0.9071752406249999 0.52868968125 0.8999606546875001 0.52868968125 0.8999606546875001 0.5426799390625
0 0.698136365625 0.2588967109375 0.70093475 0.2588967109375 0.70093475 0.24919679687500002 0.698136365625 0.24919679687500002 0.698136365625 0.2588967109375
0 0.7041528921875 0.24919679687500002 0.70093475 0.24919679687500002 0.70093475 0.2591454265625 0.7041528921875 0.2591454265625 0.7041528921875 0.24919679687500002
0 0.7061117609374999 0.26660689843749996 0.7094698218750001 0.26660689843749996 0.7094698218750001 0.25665826875 0.7061117609374999 0.25665826875 0.7061117609374999 0.26660689843749996
0 0.7048524875 0.2685966234375 0.7069512765625 0.2685966234375 0.7069512765625 0.2611351515625 0.7048524875 0.2611351515625 0.7048524875 0.2685966234375
0 0.6891815359375 0.255414690625 0.6917000812499999 0.255414690625 0.6917000812499999 0.2496942296875 0.6891815359375 0.2496942296875 0.6891815359375 0.255414690625
0 0.6831650093749999 0.2606377203125 0.6869428281250001 0.2606377203125 0.6869428281250001 0.25317624843750003 0.6831650093749999 0.25317624843750003 0.6831650093749999 0.2606377203125
0 0.653515009375 0.24485998593749997 0.655950721875 0.24485998593749997 0.655950721875 0.237474125 0.653515009375 0.237474125 0.653515009375 0.24485998593749997
0 0.6841962140625 0.2701191984375 0.688673628125 0.2701191984375 0.688673628125 0.265144884375 0.6841962140625 0.265144884375 0.6841962140625 0.2701191984375
0 0.6687976499999999 0.3031654171875 0.671663196875 0.3031654171875 0.671663196875 0.2970529796875 0.6687976499999999 0.2970529796875 0.6687976499999999 0.3031654171875
0 0.6568928765625 0.315433634375 0.6594604046875 0.315433634375 0.6594604046875 0.3095656953125 0.6568928765625 0.3095656953125 0.6568928765625 0.315433634375
0 0.6480666796875 0.34082140625 0.6518444984375 0.34082140625 0.6518444984375 0.33360865 0.6480666796875 0.33360865 0.6480666796875 0.34082140625
0 0.5814833671875 0.3012809046875 0.5869458125 0.3012809046875 0.5869458125 0.2926852875 0.5814833671875 0.2926852875 0.5814833671875 0.3012809046875
0 0.5681413671875 0.264956328125 0.5803842984375 0.264956328125 0.5803842984375 0.2346440984375 0.5681413671875 0.2346440984375 0.5681413671875 0.264956328125
0 0.5598336640625 0.28361000625 0.5692344859375 0.28361000625 0.5692344859375 0.264956328125 0.5598336640625 0.264956328125 0.5598336640625 0.28361000625
0 0.618862084375 0.3263580203125 0.6374451046875 0.3263580203125 0.6374451046875 0.297211646875 0.618862084375 0.297211646875 0.618862084375 0.3263580203125
0 0.6227973125 0.3574474859375 0.6410114515625 0.3574474859375 0.6410114515625 0.3329645328125 0.6227973125 0.3329645328125 0.6227973125 0.3574474859375
0 0.5899341734375 0.28141539843749996 0.5979577 0.28141539843749996 0.5979577 0.2704639484375 0.5899341734375 0.2704639484375 0.5899341734375 0.28141539843749996
0 0.609974615625 0.216841834375 0.6134725953125 0.216841834375 0.6134725953125 0.20596052031249998 0.609974615625 0.20596052031249998 0.609974615625 0.216841834375
0 0.605427240625 0.19974262812500002 0.6085754234375 0.19974262812500002 0.6085754234375 0.19290294531250002 0.605427240625 0.19290294531250002 0.605427240625 0.19974262812500002
0 0.6529227296875 0.346712196875 0.6592190953125 0.346712196875 0.6592190953125 0.337261 0.6529227296875 0.337261 0.6529227296875 0.346712196875
0 0.6743303703125 0.337261 0.678807784375 0.337261 0.678807784375 0.320597046875 0.6743303703125 0.320597046875 0.6743303703125 0.337261
0 0.1647922625 0.9038553609375001 0.1661936 0.9640625 0.175 0.9640625 0.175 0.903677184375 0.1647922625 0.9038553609375001
0 0.1921875 0.9115838484375001 0.1828125 0.9116929359375 0.1828125 0.9247314796874999 0.183444478125 0.9609375 0.1921875 0.9609375 0.1921875 0.9115838484375001
0 0.20625 0.9625 0.20625 0.91054309375 0.19908231406250002 0.9103762640624999 0.1984375 0.9380801234374999 0.1984375 0.9625 0.20625 0.9625
0 0.773496184375 0.8021682953125 0.7731466078125 0.8171875 0.775 0.8171875 0.775 0.802203296875 0.773496184375 0.8021682953125
0 0.76588279375 0.794565409375 0.7659598640625 0.8078125 0.7671875 0.8078125 0.7671875 0.7945426359375001 0.76588279375 0.794565409375
0 0.760217696875 0.8032717171874999 0.7603978031249999 0.81875 0.7625 0.81875 0.7625 0.8032185953125 0.760217696875 0.8032717171874999
0 0.547770515625 0.73277435625 0.5505535953125 0.73277435625 0.5505535953125 0.716370778125 0.547770515625 0.716370778125 0.547770515625 0.73277435625
