0 0.7161545359375 0.43510790000000005 0.7225789328125 0.43510790000000005 0.7225789328125 0.4189607578125 0.7161545359375 0.4189607578125 0.7161545359375 0.43510790000000005
0 0.7496057015625001 0.4570312546875 0.7541840078125001 0.4570312546875 0.7541840078125001 0.4397026140625 0.7496057015625001 0.4397026140625 0.7496057015625001 0.4570312546875
0 0.76493804375 0.400010415625 0.7698412609374999 0.400010415625 0.7698412609374999 0.38110644531250004 0.76493804375 0.38110644531250004 0.76493804375 0.400010415625
0 0.7714953578125 0.4032660984375 0.7760441265625 0.4032660984375 0.7760441265625 0.3850972828125 0.7714953578125 0.3850972828125 0.7714953578125 0.4032660984375
0 0.7915302 0.38725080625 0.796218384375 0.38725080625 0.796218384375 0.3721276296875 0.7915302 0.3721276296875 0.7915302 0.38725080625
0 0.80011538125 0.3489927078125 0.8044632937499999 0.3489927078125 0.8044632937499999 0.33328140781250004 0.80011538125 0.33328140781250004 0.80011538125 0.3489927078125
0 0.784525796875 0.2940867609375 0.786643040625 0.2940867609375 0.786643040625 0.28165214843749997 0.784525796875 0.28165214843749997 0.784525796875 0.2940867609375
0 0.789970140625 0.28171936249999996 0.7869833125000001 0.28171936249999996 0.7869833125000001 0.29435561718750003 0.789970140625 0.29435561718750003 0.789970140625 0.28171936249999996
0 0.794044 0.29825486875 0.7969960453125 0.29825486875 0.7969960453125 0.285177690625 0.794044 0.285177690625 0.794044 0.29825486875
0 0.800190059375 0.285177690625 0.7969960453125 0.285177690625 0.7969960453125 0.2998464984375 0.800190059375 0.2998464984375 0.800190059375 0.285177690625
0 0.7759944375 0.2746401578125 0.7799385609375 0.2746401578125 0.7799385609375 0.25945514375 0.7759944375 0.25945514375 0.7759944375 0.2746401578125
0 0.782939 0.26074565625 0.7795514078125 0.26074565625 0.7795514078125 0.2756725671875 0.782939 0.2756725671875 0.782939 0.26074565625
0 0.77160005 0.1804012765625 0.774624684375 0.1804012765625 0.774624684375 0.171926921875 0.77160005 0.171926921875 0.77160005 0.1804012765625
0 0.7729129312499999 0.17095813124999998 0.7756351015625 0.17095813124999998 0.7756351015625 0.161010440625 0.7729129312499999 0.161010440625 0.7729129312499999 0.17095813124999998
0 0.763059228125 0.11664404375 0.7655394296875 0.11664404375 0.7655394296875 0.1043304171875 0.763059228125 0.1043304171875 0.763059228125 0.11664404375
0 0.7695319484375001 0.10594355625 0.76635608125 0.10594355625 0.76635608125 0.11771946874999999 0.7695319484375001 0.11771946874999999 0.7695319484375001 0.10594355625
0 0.7548886265625 0.10529146874999999 0.757251621875 0.10529146874999999 0.757251621875 0.0956294390625 0.7548886265625 0.0956294390625 0.7548886265625 0.10529146874999999
0 0.7588584593750001 0.0988221109375 0.757251621875 0.0988221109375 0.757251621875 0.10587959218750001 0.7588584593750001 0.10587959218750001 0.7588584593750001 0.0988221109375
0 0.767902615625 0.078303353125 0.7697552046875 0.078303353125 0.7697552046875 0.0717835859375 0.767902615625 0.0717835859375 0.767902615625 0.078303353125
0 0.7642352453125 0.07682464375 0.766919609375 0.07682464375 0.766919609375 0.06795238125 0.7642352453125 0.06795238125 0.7642352453125 0.07682464375
0 0.7724266015625 0.0708651984375 0.7740296578125 0.0708651984375 0.7740296578125 0.0637673875 0.7724266015625 0.0637673875 0.7724266015625 0.0708651984375
0 0.7760864109375001 0.0634447609375 0.7742111359375 0.0634447609375 0.7742111359375 0.0710265125 0.7760864109375001 0.0710265125 0.7760864109375001 0.0634447609375
0 0.7780452437500001 0.0634447609375 0.7760864109375001 0.0634447609375 0.7760864109375001 0.0709634125 0.7780452437500001 0.0709634125 0.7780452437500001 0.0634447609375
0 0.7785775796875 0.063048278125 0.7807069234374999 0.063048278125 0.7807069234374999 0.0571979609375 0.7785775796875 0.0571979609375 0.7785775796875 0.063048278125
0 0.7826668859375 0.056165551562500006 0.7809005 0.056165551562500006 0.7809005 0.0628331921875 0.7826668859375 0.0628331921875 0.7826668859375 0.056165551562500006
0 0.7847236390625 0.05715494375 0.7830298421874999 0.05715494375 0.7830298421874999 0.063220346875 0.7847236390625 0.063220346875 0.7847236390625 0.05715494375
0 0.7736378937499999 0.0634447609375 0.776313815625 0.0634447609375 0.776313815625 0.0570441359375 0.7736378937499999 0.0570441359375 0.7736378937499999 0.0634447609375
0 0.786757515625 0.0595538328125 0.789217003125 0.0595538328125 0.789217003125 0.051391978125 0.786757515625 0.051391978125 0.786757515625 0.0595538328125
