0 0.3952007796875 0.0228292140625 0.3952007796875 0.084375 0.41875 0.084375 0.41875 0.0232402671875 0.3952007796875 0.0228292140625
0 0.6207056453125 0.5890625 0.6207056453125 0.555517271875 0.6078914281250001 0.555517271875 0.6078914281250001 0.5890625 0.6207056453125 0.5890625
0 0.5872034140625 0.5873348375 0.606656321875 0.5873348375 0.606656321875 0.5502143453125 0.5872034140625 0.5502143453125 0.5872034140625 0.5873348375
0 0.9758916218749999 0.405393946875 0.98567365625 0.405393946875 0.98567365625 0.3702747328125 0.9758916218749999 0.3702747328125 0.9758916218749999 0.405393946875
0 0.9573156390625 0.4117390140625 0.969864309375 0.4117390140625 0.969864309375 0.36791377812500003 0.9573156390625 0.36791377812500003 0.9573156390625 0.4117390140625
0 0.9510907078125002 0.41380485 0.9582049140625 0.41380485 0.9582049140625 0.36511014375 0.9510907078125002 0.36511014375 0.9510907078125002 0.41380485
0 0.552221034375 0.095070240625 0.5403640234375 0.095070240625 0.5403640234375 0.1079374484375 0.552221034375 0.1079374484375 0.552221034375 0.095070240625
0 0.5294713828125001 0.105100928125 0.5353524593750001 0.105100928125 0.5353524593750001 0.0962237359375 0.5294713828125001 0.0962237359375 0.5294713828125001 0.105100928125
0 0.7106956078125 0.46453970624999996 0.7203788328125 0.46453970624999996 0.7203788328125 0.4223376265625 0.7106956078125 0.4223376265625 0.7106956078125 0.46453970624999996
0 0.411337053125 0.5890625 0.411337053125 0.6277402000000001 0.4236938671875 0.6277402000000001 0.4236938671875 0.5890625 0.411337053125 0.5890625
0 0.4313182828125 0.5890625 0.4313182828125 0.6187860765625001 0.441308896875 0.6187860765625001 0.441308896875 0.5890625 0.4313182828125 0.5890625
0 0.387675071875 0.660257809375 0.3942478453125 0.660257809375 0.3942478453125 0.6140733796875 0.387675071875 0.6140733796875 0.387675071875 0.660257809375
0 0.3924074671875 0.6579014609375 0.40476428125 0.6579014609375 0.40476428125 0.60606179375 0.3924074671875 0.60606179375 0.3924074671875 0.6579014609375
0 0.36273550781249997 0.73875366875 0.371674478125 0.73875366875 0.371674478125 0.6817300359375 0.36273550781249997 0.6817300359375 0.36273550781249997 0.73875366875
0 0.36904536875 0.7316846234375001 0.37693269687500003 0.7316846234375001 0.37693269687500003 0.6680632140625 0.36904536875 0.6680632140625 0.36904536875 0.7316846234375001
0 0.38823786562499996 0.6817300359375 0.371674478125 0.6817300359375 0.371674478125 0.752420490625 0.38823786562499996 0.752420490625 0.38823786562499996 0.6817300359375
0 0.378773071875 0.7363973203125 0.3853458453125 0.7363973203125 0.3853458453125 0.6666494046875 0.378773071875 0.6666494046875 0.378773071875 0.7363973203125
0 0.22422668906249998 0.6862169125 0.23146199687500002 0.6862169125 0.23146199687500002 0.6602782296874999 0.22422668906249998 0.6602782296874999 0.22422668906249998 0.6862169125
0 0.23903383125 0.6651040296875 0.2255727921875 0.6651040296875 0.2255727921875 0.6880265875 0.23903383125 0.6880265875 0.23903383125 0.6651040296875
0 0.2190105359375 0.68783529375 0.2190105359375 0.643991146875 0.2079051796875 0.643991146875 0.2079051796875 0.6979798046875001 0.2190105359375 0.6979798046875001 0.2190105359375 0.68783529375
0 0.2497702078125 0.68783529375 0.2190105359375 0.68783529375 0.2190105359375 0.7170540140625 0.2497702078125 0.7170540140625 0.2497702078125 0.68783529375
0 0.41497685000000006 0.7219434375 0.3853458453125 0.7219434375 0.3853458453125 0.776139453125 0.41497685000000006 0.776139453125 0.41497685000000006 0.7219434375
0 0.42496746406249997 0.6579014609375 0.39893928437500004 0.6579014609375 0.39893928437500004 0.682356784375 0.42496746406249997 0.682356784375 0.42496746406249997 0.6579014609375
0 0.426512065625 0.6446552078125001 0.455432265625 0.6446552078125001 0.455432265625 0.617792834375 0.426512065625 0.617792834375 0.426512065625 0.6446552078125001
0 0.3341399609375 0.6367866859375 0.37653434531249996 0.6367866859375 0.37653434531249996 0.5984960234375001 0.3341399609375 0.5984960234375001 0.3341399609375 0.6367866859375
