0 0.167237003125 0.9833695875 0.173092590625 0.9833695875 0.173092590625 0.9653887937500001 0.167237003125 0.9653887937500001 0.167237003125 0.9833695875
0 0.1600506 0.9739060125 0.167237003125 0.9739060125 0.167237003125 0.9545056828125 0.1600506 0.9545056828125 0.1600506 0.9739060125
0 0.2062298890625 0.8687842765625 0.21288396562499998 0.8687842765625 0.21288396562499998 0.8466040218750001 0.2062298890625 0.8466040218750001 0.2062298890625 0.8687842765625
0 0.19458525468750001 0.8576941484375 0.20123933125 0.8576941484375 0.20123933125 0.8384712609375 0.19458525468750001 0.8384712609375 0.19458525468750001 0.8576941484375
0 0.21662688437500002 0.839210603125 0.2232809609375 0.839210603125 0.2232809609375 0.8222057406250001 0.21662688437500002 0.8222057406250001 0.21662688437500002 0.839210603125
0 0.2349215171875 0.8342072046875 0.2399637109375 0.8342072046875 0.2399637109375 0.8160371390625001 0.2349215171875 0.8160371390625001 0.2349215171875 0.8342072046875
0 0.2286528453125 0.8298463890625 0.23274110937499998 0.8298463890625 0.23274110937499998 0.8211247578125 0.2286528453125 0.8211247578125 0.2286528453125 0.8298463890625
0 0.23505779375000002 0.8281505171875001 0.2311058046875 0.8281505171875001 0.2311058046875 0.8409906953125 0.23505779375000002 0.8409906953125 0.23505779375000002 0.8281505171875001
0 0.2503206484375 0.7697640406249999 0.25631676875 0.7697640406249999 0.25631676875 0.75425891875 0.2503206484375 0.75425891875 0.2503206484375 0.7697640406249999
0 0.25318243281249997 0.7624960140625 0.25781580000000004 0.7624960140625 0.25781580000000004 0.7494135671875 0.25318243281249997 0.7494135671875 0.25318243281249997 0.7624960140625
0 0.21366254218749997 0.7697640406249999 0.218568459375 0.7697640406249999 0.218568459375 0.7576506640625 0.21366254218749997 0.7576506640625 0.21366254218749997 0.7697640406249999
0 0.1430228640625 0.82514650625 0.148473884375 0.82514650625 0.148473884375 0.8109132890625 0.1430228640625 0.8109132890625 0.1430228640625 0.82514650625
0 0.143193209375 0.81787848125 0.148473884375 0.81787848125 0.148473884375 0.8027367609375 0.143193209375 0.8027367609375 0.143193209375 0.81787848125
0 0.134505646875 0.8127302953125 0.1404676984375 0.8127302953125 0.1404676984375 0.796074403125 0.134505646875 0.796074403125 0.134505646875 0.8127302953125
0 0.1253070515625 0.820603990625 0.1307580703125 0.820603990625 0.1307580703125 0.8045537671874999 0.1253070515625 0.8045537671874999 0.1253070515625 0.820603990625
0 0.12803256093749998 0.8290833546874999 0.132972546875 0.8290833546874999 0.132972546875 0.8136387984375 0.12803256093749998 0.8136387984375 0.12803256093749998 0.8290833546874999
0 0.134505646875 0.8127302953125 0.134505646875 0.8212096593749999 0.1360387453125 0.8212096593749999 0.141660109375 0.8212096593749999 0.141660109375 0.8127302953125 0.134505646875 0.8127302953125
0 0.1445559640625 0.8212096593749999 0.136379434375 0.8212096593749999 0.136379434375 0.8339287046875 0.1445559640625 0.8339287046875 0.1445559640625 0.8212096593749999
0 0.1362423078125 0.7513594953125 0.1424564703125 0.7513594953125 0.1424564703125 0.7333347906250001 0.1362423078125 0.7333347906250001 0.1362423078125 0.7513594953125
0 0.1216335765625 0.76550791875 0.1256673296875 0.76550791875 0.1256673296875 0.7498089828125 0.1216335765625 0.7498089828125 0.1216335765625 0.76550791875
0 0.1025550078125 0.73217190625 0.10495345625000001 0.73217190625 0.10495345625000001 0.7220935765625 0.1025550078125 0.7220935765625 0.1025550078125 0.73217190625
0 0.099720478125 0.7343038609375 0.10299108906250001 0.7343038609375 0.10299108906250001 0.7211245078124999 0.099720478125 0.7211245078124999 0.099720478125 0.7343038609375
0 0.097649090625 0.7439945625 0.1024459875 0.7439945625 0.1024459875 0.7331409765625 0.097649090625 0.7331409765625 0.097649090625 0.7439945625
0 0.0405794703125 0.9421729734375001 0.047529520312500004 0.9421729734375001 0.047529520312500004 0.925214246875 0.0405794703125 0.925214246875 0.0405794703125 0.9421729734375001
0 0.0258617171875 0.9409616359375 0.034038246875 0.9409616359375 0.034038246875 0.9273946546875 0.0258617171875 0.9273946546875 0.0258617171875 0.9409616359375
0 0.02259110625 0.9702760078124999 0.02981370625 0.9702760078124999 0.02981370625 0.9525904781250001 0.02259110625 0.9525904781250001 0.02259110625 0.9702760078124999
0 0.035673553125 0.9758481609375 0.040852021875 0.9758481609375 0.040852021875 0.9581626312499999 0.035673553125 0.9581626312499999 0.035673553125 0.9758481609375
0 0.001176690625 0.8716324562500001 0.001176690625 0.87977264375 0.001176690625 0.8836489249999999 0.0071728125 0.8836489249999999 0.0071728125 0.8716324562500001 0.001176690625 0.8716324562500001
0 0.0052104453125 0.8966344640624999 0.0008496296875 0.8966344640624999 0.0008496296875 0.9107828890624999 0.0052104453125 0.9107828890624999 0.0052104453125 0.8966344640624999
0 0.046646370312500005 0.8617432671874999 0.05144326875000001 0.8617432671874999 0.05144326875000001 0.8473235046875001 0.046646370312500005 0.8473235046875001 0.046646370312500005 0.8617432671874999
0 0.038796903125 0.8592624484375 0.0425472046875 0.8592624484375 0.0425472046875 0.8459280437500001 0.038796903125 0.8459280437500001 0.038796903125 0.8592624484375
0 0.050832753125 0.8356946625000001 0.056240165625000005 0.8356946625000001 0.056240165625000005 0.8290274609375 0.050832753125 0.8290274609375 0.050832753125 0.8356946625000001
0 0.1410363015625 0.8922290953124999 0.1506300953125 0.8922290953124999 0.1506300953125 0.8751734609374999 0.1410363015625 0.8751734609374999 0.1410363015625 0.8922290953124999
0 0.136864565625 0.943431040625 0.14772401875000002 0.943431040625 0.14772401875000002 0.9192042875 0.136864565625 0.9192042875 0.136864565625 0.943431040625
0 0.15643234374999998 0.942454003125 0.16256474062499998 0.942454003125 0.16256474062499998 0.9269488812500001 0.15643234374999998 0.9269488812500001 0.15643234374999998 0.942454003125
0 0.10879128281249999 0.9052643140625 0.1170423375 0.9052643140625 0.1170423375 0.895327559375 0.10879128281249999 0.895327559375 0.10879128281249999 0.9052643140625
0 0.0916520453125 0.66007384375 0.0974011671875 0.66007384375 0.0974011671875 0.646067753125 0.0916520453125 0.646067753125 0.0916520453125 0.66007384375
0 0.0126548484375 0.6593167578125 0.0192556921875 0.6593167578125 0.0192556921875 0.639253978125 0.0126548484375 0.639253978125 0.0126548484375 0.6593167578125
0 0.046510790625 0.6256264296875 0.052259912500000005 0.6256264296875 0.052259912500000005 0.6135130531249999 0.046510790625 0.6135130531249999 0.046510790625 0.6256264296875
0 0.0426780421875 0.6256264296875 0.048001303125 0.6256264296875 0.048001303125 0.6142701390624999 0.0426780421875 0.6142701390624999 0.0426780421875 0.6256264296875
0 0.048853025 0.6169199390625 0.05524093906250001 0.6169199390625 0.05524093906250001 0.6074563640624999 0.048853025 0.6074563640624999 0.048853025 0.6169199390625
0 0.06498250625 0.6088488625 0.075362865625 0.6088488625 0.075362865625 0.5880289953125 0.06498250625 0.5880289953125 0.06498250625 0.6088488625
0 0.023280703125 0.640773146875 0.026346901562500004 0.640773146875 0.026346901562500004 0.6289626046875 0.023280703125 0.6289626046875 0.023280703125 0.640773146875
0 0.0379303171875 0.6292654390625 0.0418482375 0.6292654390625 0.0418482375 0.6226030812500001 0.0379303171875 0.6226030812500001 0.0379303171875 0.6292654390625
0 0.0324792984375 0.6307796109375 0.0352048078125 0.6307796109375 0.0352048078125 0.624722921875 0.0324792984375 0.624722921875 0.0324792984375 0.6307796109375
0 0.18916331875 0.5764671234375001 0.193088053125 0.5764671234375001 0.193088053125 0.5652259109375 0.18916331875 0.5652259109375 0.18916331875 0.5764671234375001
0 0.1996292765625 0.5646444671874999 0.20617049999999998 0.5646444671874999 0.20617049999999998 0.5590238609375 0.1996292765625 0.5590238609375 0.1996292765625 0.5646444671874999
0 0.170738871875 0.6034072734375 0.1745545859375 0.6034072734375 0.1745545859375 0.591390803125 0.170738871875 0.591390803125 0.170738871875 0.6034072734375
0 0.18679553124999998 0.6668372390624999 0.1985152234375 0.6668372390624999 0.1985152234375 0.64600223125 0.18679553124999998 0.64600223125 0.18679553124999998 0.6668372390624999
0 0.1675455125 0.79649451875 0.1710341640625 0.79649451875 0.1710341640625 0.7822298078125 0.1675455125 0.7822298078125 0.1675455125 0.79649451875
0 0.169202621875 0.778663628125 0.163620778125 0.778663628125 0.163620778125 0.7938586484375 0.169202621875 0.7938586484375 0.169202621875 0.778663628125
0 0.18302504375 0.8449154921875 0.1867726203125 0.8449154921875 0.1867726203125 0.83249928125 0.18302504375 0.83249928125 0.18302504375 0.8449154921875
0 0.3270593046875 0.5778378890625 0.330466190625 0.5778378890625 0.330466190625 0.5636046718750001 0.3270593046875 0.5636046718750001 0.3270593046875 0.5778378890625
0 0.3219489734375 0.5754152140625 0.3255262046875 0.5754152140625 0.3255262046875 0.56390750625 0.3219489734375 0.56390750625 0.3219489734375 0.5754152140625
0 0.30150765 0.5832889078125 0.3033814375 0.5832889078125 0.3033814375 0.568450021875 0.30150765 0.568450021875 0.30150765 0.5832889078125
0 0.30372212656249997 0.5787463921875 0.3062772921875 0.5787463921875 0.3062772921875 0.564816009375 0.30372212656249997 0.564816009375 0.30372212656249997 0.5787463921875
0 0.3081510796875 0.6211432109375 0.31223934531249997 0.6211432109375 0.31223934531249997 0.6035788140625 0.3081510796875 0.6035788140625 0.3081510796875 0.6211432109375
0 0.32126759531250004 0.5569423140625 0.307640046875 0.5569423140625 0.307640046875 0.5920711062499999 0.32126759531250004 0.5920711062499999 0.32126759531250004 0.5569423140625
0 0.3165426703125 0.5019005375 0.3264907796875 0.5019005375 0.3264907796875 0.4822768671875 0.3165426703125 0.4822768671875 0.3165426703125 0.5019005375
0 0.2769972265625 0.457529346875 0.2769972265625 0.4684313859375 0.2798930796875 0.4684313859375 0.2798930796875 0.46025485625 0.2798930796875 0.457529346875 0.2769972265625 0.457529346875
0 0.2798930796875 0.4684313859375 0.2832999671875 0.4684313859375 0.2832999671875 0.46025485625 0.2798930796875 0.46025485625 0.2798930796875 0.4684313859375
0 0.281255834375 0.46510020625 0.2848330671875 0.46510020625 0.2848330671875 0.4548038359375 0.281255834375 0.4548038359375 0.281255834375 0.46510020625
0 0.23675075156249997 0.6000858390625 0.24135004843750002 0.6000858390625 0.24135004843750002 0.5816129390625 0.23675075156249997 0.5816129390625 0.23675075156249997 0.6000858390625
0 0.23436592968749997 0.5976631625 0.23828385000000002 0.5976631625 0.23828385000000002 0.5870639578125 0.23436592968749997 0.5870639578125 0.23436592968749997 0.5976631625
0 0.4023513375 0.4951683375 0.40431370468749994 0.4951683375 0.40431370468749994 0.48295805312500006 0.4023513375 0.48295805312500006 0.4023513375 0.4951683375
0 0.40540390937500004 0.49439308125 0.40714823593749994 0.49439308125 0.40714823593749994 0.483733309375 0.40540390937500004 0.483733309375 0.40540390937500004 0.49439308125
0 0.41881341718750004 0.497300290625 0.421647946875 0.497300290625 0.421647946875 0.489353915625 0.41881341718750004 0.489353915625 0.41881341718750004 0.497300290625
0 0.4215389265625 0.4918734984375 0.4250275796875 0.4918734984375 0.4250275796875 0.48315186718750003 0.4215389265625 0.48315186718750003 0.4215389265625 0.4918734984375
0 0.42688092656250004 0.48857866093749996 0.42350129374999995 0.48857866093749996 0.42350129374999995 0.49613740625 0.42688092656250004 0.49613740625 0.42688092656250004 0.48857866093749996
0 0.411618071875 0.5000136875 0.41445260156249997 0.5000136875 0.41445260156249997 0.48857866093749996 0.411618071875 0.48857866093749996 0.411618071875 0.5000136875
0 0.399505309375 0.42810619531249994 0.40304847187500004 0.42810619531249994 0.40304847187500004 0.41211653750000005 0.399505309375 0.41211653750000005 0.399505309375 0.42810619531249994
0 0.40386612499999996 0.42083816875 0.40645535937500005 0.42083816875 0.40645535937500005 0.41017839843750004 0.40386612499999996 0.41017839843750004 0.40386612499999996 0.42083816875
0 0.40904459375 0.43222474375 0.4121789296875 0.43222474375 0.4121789296875 0.42374537968750003 0.40904459375 0.42374537968750003 0.40904459375 0.43222474375
0 0.46990616406249996 0.4020870515625 0.4727843015625 0.4020870515625 0.4727843015625 0.3913885171875 0.46990616406249996 0.3913885171875 0.46990616406249996 0.4020870515625
0 0.47557522499999993 0.3885975953125 0.47173770625 0.3885975953125 0.47173770625 0.4008466421875 0.47557522499999993 0.4008466421875 0.47557522499999993 0.3885975953125
0 0.47363466093750006 0.378554221875 0.47854057812499995 0.378554221875 0.47854057812499995 0.37041403281249996 0.47363466093750006 0.37041403281249996 0.47363466093750006 0.378554221875
0 0.458153765625 0.36789445 0.46196947968749996 0.36789445 0.46196947968749996 0.3549089109375 0.458153765625 0.3549089109375 0.458153765625 0.36789445
0 0.485735925 0.3806861765625 0.48824339375000003 0.3806861765625 0.48824339375000003 0.3708016609375 0.485735925 0.3708016609375 0.485735925 0.3806861765625
0 0.49085988281250004 0.38126761875000004 0.4936944125 0.38126761875000004 0.4936944125 0.37022021875 0.49085988281250004 0.37022021875 0.49085988281250004 0.38126761875000004
0 0.4466878859375 0.4239806828125 0.45500069062500004 0.4239806828125 0.45500069062500004 0.41114050312500006 0.4466878859375 0.41114050312500006 0.4466878859375 0.4239806828125
0 0.5151428953125 0.363749078125 0.533774309375 0.363749078125 0.533774309375 0.3486073578125 0.5151428953125 0.3486073578125 0.5151428953125 0.363749078125
0 0.5465501359375 0.3282606703125 0.5571966578125 0.3282606703125 0.5571966578125 0.31643120156250004 0.5465501359375 0.31643120156250004 0.5465501359375 0.3282606703125
0 0.533592484375 0.333915665625 0.5410058703125 0.333915665625 0.5410058703125 0.326008053125 0.533592484375 0.326008053125 0.533592484375 0.333915665625
0 0.5009076953125 0.3927778515625 0.5090711421874999 0.3927778515625 0.5090711421874999 0.3852113515625 0.5009076953125 0.3852113515625 0.5009076953125 0.3927778515625
0 0.6065157453125 0.3339849890625 0.6133295203125 0.3339849890625 0.6133295203125 0.3221138796875 0.6065157453125 0.3221138796875 0.6065157453125 0.3339849890625
0 0.5530127109375 0.3843744734375 0.5564195984375 0.3843744734375 0.5564195984375 0.3719582625 0.5530127109375 0.3719582625 0.5530127109375 0.3843744734375
0 0.5487541015625 0.3843744734375 0.5530127109375 0.3843744734375 0.5530127109375 0.3734724328125 0.5487541015625 0.3734724328125 0.5487541015625 0.3843744734375
0 0.5371706859375001 0.39345950625000004 0.5415996390625 0.39345950625000004 0.5415996390625 0.38346596875 0.5371706859375001 0.38346596875 0.5371706859375001 0.39345950625000004
0 0.5218396937499999 0.4325251453125 0.524394859375 0.4325251453125 0.524394859375 0.41889759687500006 0.5218396937499999 0.41889759687500006 0.5218396937499999 0.4325251453125
0 0.52353890625 0.33338061875 0.526264415625 0.33338061875 0.526264415625 0.3240775453125 0.52353890625 0.3240775453125 0.52353890625 0.33338061875
0 0.5199412328124999 0.33338061875 0.52353890625 0.33338061875 0.52353890625 0.324271359375 0.5199412328124999 0.324271359375 0.5199412328124999 0.33338061875
0 0.5386927406249999 0.29519925625 0.540437065625 0.29519925625 0.540437065625 0.28608999687500003 0.5386927406249999 0.28608999687500003 0.5386927406249999 0.29519925625
0 0.526264415625 0.29926935 0.529207965625 0.29926935 0.529207965625 0.2903539046875 0.526264415625 0.2903539046875 0.526264415625 0.29926935
0 0.5201592734375 0.300432234375 0.5226667421875 0.300432234375 0.5226667421875 0.2922920453125 0.5201592734375 0.2922920453125 0.5201592734375 0.300432234375
0 0.6024287859374999 0.3118036671875 0.6055903765624999 0.3118036671875 0.6055903765624999 0.30250059375 0.6024287859374999 0.30250059375 0.6024287859374999 0.3118036671875
0 0.6457017890625 0.366115396875 0.649790053125 0.366115396875 0.649790053125 0.34945950312499996 0.6457017890625 0.34945950312499996 0.6457017890625 0.366115396875
0 0.63497009375 0.386405303125 0.637695603125 0.386405303125 0.637695603125 0.37338342343750003 0.63497009375 0.37338342343750003 0.63497009375 0.386405303125
0 0.59647226875 0.413357565625 0.6002198437499999 0.413357565625 0.6002198437499999 0.40306119531249995 0.59647226875 0.40306119531249995 0.59647226875 0.413357565625
0 0.6041377640625 0.40124418906250003 0.6075446515625 0.40124418906250003 0.6075446515625 0.38882797812500003 0.6041377640625 0.38882797812500003 0.6041377640625 0.40124418906250003
0 0.5927246921875 0.40699804375 0.5951095140625 0.40699804375 0.5951095140625 0.3985186796875 0.5927246921875 0.3985186796875 0.5927246921875 0.40699804375
0 0.583526096875 0.415174571875 0.586932984375 0.415174571875 0.586932984375 0.4021526921875 0.583526096875 0.4021526921875 0.583526096875 0.415174571875
0 0.5756902562499999 0.4157802421875 0.5789268 0.4157802421875 0.5789268 0.40518103749999995 0.5756902562499999 0.40518103749999995 0.5756902562499999 0.4157802421875
0 0.5647882171874999 0.434858809375 0.5675137265625 0.434858809375 0.5675137265625 0.4239567703125 0.5647882171874999 0.4239567703125 0.5647882171874999 0.434858809375
0 0.561551675 0.434858809375 0.5647882171874999 0.434858809375 0.5647882171874999 0.42365393593749995 0.561551675 0.42365393593749995 0.561551675 0.434858809375
0 0.5584854765625 0.45363454374999995 0.5620627078125 0.45363454374999995 0.5620627078125 0.437887153125 0.5584854765625 0.437887153125 0.5584854765625 0.45363454374999995
0 0.5496275703125 0.45636005312499994 0.5543972109374999 0.45636005312499994 0.5543972109374999 0.43758431875000003 0.5496275703125 0.43758431875000003 0.5496275703125 0.45636005312499994
0 0.5436655171875 0.46332524375000006 0.5462206828125 0.46332524375000006 0.5462206828125 0.4445495109375 0.5436655171875 0.4445495109375 0.5436655171875 0.46332524375000006
0 0.534637265625 0.4460636828125 0.537362775 0.4460636828125 0.537362775 0.43364747187499997 0.534637265625 0.43364747187499997 0.534637265625 0.4460636828125
0 0.5201579953125 0.4896718390625 0.5225428156249999 0.4896718390625 0.5225428156249999 0.47331878125 0.5201579953125 0.47331878125 0.5201579953125 0.4896718390625
0 0.5017608046875 0.4751357875 0.5043159703125 0.4751357875 0.5043159703125 0.4627195765625 0.5017608046875 0.4627195765625 0.5017608046875 0.4751357875
0 0.5075525125 0.4627195765625 0.5043159703125 0.4627195765625 0.5043159703125 0.47483295312499996 0.5075525125 0.47483295312499996 0.5075525125 0.4627195765625
0 0 0.067178678125 0.10554369374999999 0.067178678125 0.10554369374999999 0.0021974625 0 0.0021974625 0 0.067178678125
0 0.6767349796875 0.2857655859375 0.6796308343749999 0.2857655859375 0.6796308343749999 0.275469215625 0.6767349796875 0.275469215625 0.6767349796875 0.2857655859375
0 0.6842301328125 0.2624473359375 0.6912142515624999 0.2624473359375 0.6912142515624999 0.2524538 0.6842301328125 0.2524538 0.6842301328125 0.2624473359375
0 0.668899140625 0.24215742968749998 0.6840597875000001 0.24215742968749998 0.6840597875000001 0.22095902031249998 0.668899140625 0.22095902031249998 0.668899140625 0.24215742968749998
0 0.6571453796875 0.2612359984375 0.67009155 0.2612359984375 0.67009155 0.2427630984375 0.6571453796875 0.2427630984375 0.6571453796875 0.2612359984375
0 0.70126456875 0.23579790625000002 0.7034790453124999 0.23579790625000002 0.7034790453124999 0.22641003906249998 0.70126456875 0.22641003906249998 0.70126456875 0.23579790625000002
0 0.6992204359375 0.23367806562500001 0.70126456875 0.23367806562500001 0.70126456875 0.22610720624999997 0.6992204359375 0.22610720624999997 0.6992204359375 0.23367806562500001
0 0.716254871875 0.3039356515625 0.7200024484374999 0.3039356515625 0.7200024484374999 0.295153453125 0.716254871875 0.295153453125 0.716254871875 0.3039356515625
0 0.7084190312499999 0.3099923390625 0.7142107390625 0.3099923390625 0.7142107390625 0.3003016375 0.7084190312499999 0.3003016375 0.7084190312499999 0.3099923390625
0 0.68749435625 0.341334078125 0.6915826218750001 0.341334078125 0.6915826218750001 0.327767096875 0.68749435625 0.327767096875 0.68749435625 0.341334078125
0 0.6825884390625 0.327767096875 0.6888571109375 0.327767096875 0.6888571109375 0.3156537203125 0.6825884390625 0.3156537203125 0.6825884390625 0.327767096875
0 0.7588446906249999 0.2530897984375 0.7618100453125 0.2530897984375 0.7618100453125 0.2439417765625 0.7588446906249999 0.2439417765625 0.7588446906249999 0.2530897984375
0 0.7553560390625 0.25339990156250003 0.7577108796875 0.25339990156250003 0.7577108796875 0.24471703281249998 0.7553560390625 0.24471703281249998 0.7553560390625 0.25339990156250003
0 0.7515185203125 0.2547953625 0.7540477937500001 0.2547953625 0.7540477937500001 0.2459574421875 0.7515185203125 0.2459574421875 0.7515185203125 0.2547953625
0 0.709265878125 0.26998707187500004 0.7235748046875 0.26998707187500004 0.7235748046875 0.25545101875 0.709265878125 0.25545101875 0.709265878125 0.26998707187500004
0 0.7659394796875 0.21437785312500002 0.7688672734375 0.21437785312500002 0.7688672734375 0.20207520625000003 0.7659394796875 0.20207520625000003 0.7659394796875 0.21437785312500002
0 0.7928219484375 0.20302156249999997 0.7968143953125 0.20302156249999997 0.7968143953125 0.1968702390625 0.7928219484375 0.1968702390625 0.7928219484375 0.20302156249999997
0 0.8396666484375 0.19734341718749998 0.8431267671875 0.19734341718749998 0.8431267671875 0.189299378125 0.8396666484375 0.189299378125 0.8396666484375 0.19734341718749998
0 0.9400101218750001 0.1968702390625 0.9426717531250001 0.1968702390625 0.9426717531250001 0.1874066625 0.9400101218750001 0.1874066625 0.9400101218750001 0.1968702390625
0 0.910199859375 0.20065566875 0.913127653125 0.20065566875 0.913127653125 0.1940311671875 0.910199859375 0.1940311671875 0.910199859375 0.20065566875
0 0.9647632875 0.1831480546875 0.9671587546874999 0.1831480546875 0.9671587546874999 0.17557719375 0.9647632875 0.17557719375 0.9647632875 0.1831480546875
0 0.9762082984375 0.1878798421875 0.98552400625 0.1878798421875 0.98552400625 0.17699673124999998 0.9762082984375 0.17699673124999998 0.9762082984375 0.1878798421875
0 0.924572665625 0.1859871265625 0.9360176765625001 0.1859871265625 0.9360176765625001 0.1746308359375 0.924572665625 0.1746308359375 0.924572665625 0.1859871265625
0 0.9224433609375 0.197816596875 0.9330898828124999 0.197816596875 0.9330898828124999 0.1874066625 0.9224433609375 0.1874066625 0.9224433609375 0.197816596875
0 0.91419230625 0.1874066625 0.9224433609375 0.1874066625 0.9224433609375 0.1765235515625 0.91419230625 0.1765235515625 0.91419230625 0.1874066625
0 0.8567010843749999 0.182201696875 0.8694769109375 0.182201696875 0.8694769109375 0.168952690625 0.8567010843749999 0.168952690625 0.8567010843749999 0.182201696875
0 0.7246842046874999 0.3539655921875 0.7300074671875 0.3539655921875 0.7300074671875 0.3397702296875 0.7246842046874999 0.3397702296875 0.7246842046874999 0.3539655921875
0 0.611564903125 0.293398709375 0.65441715625 0.293398709375 0.65441715625 0.2598030171875 0.611564903125 0.2598030171875 0.611564903125 0.293398709375
0 0.5250619078125001 0.2810960609375 0.5516782140625 0.2810960609375 0.5516782140625 0.27068612812500004 0.5250619078125001 0.27068612812500004 0.5250619078125001 0.2810960609375
0 0.6049108265625 0.245607653125 0.608370946875 0.245607653125 0.608370946875 0.23850997187499998 0.6049108265625 0.23850997187499998 0.6049108265625 0.245607653125
0 0.5510919921874999 0.407736615625 0.5550099125 0.407736615625 0.5550099125 0.3947147359375 0.5510919921874999 0.3947147359375 0.5510919921874999 0.407736615625
0 0.5676153953124999 0.41773015156250004 0.571703659375 0.41773015156250004 0.571703659375 0.40985645625 0.5676153953124999 0.40985645625 0.5676153953124999 0.41773015156250004
0 0.38460699531250003 0.3939786046875 0.3899302578125 0.3939786046875 0.3899302578125 0.38262231406249997 0.38460699531250003 0.38262231406249997 0.38460699531250003 0.3939786046875
0 0.29016651875 0.7965010171875 0.29841757343749997 0.7965010171875 0.29841757343749997 0.7714225421875 0.29016651875 0.7714225421875 0.29016651875 0.7965010171875
0 0.27659220156250003 0.8144818109375 0.2805846484375 0.8144818109375 0.2805846484375 0.8059645921874999 0.27659220156250003 0.8059645921874999 0.27659220156250003 0.8144818109375
0 0.2462496125 0.8196867765625001 0.25157287500000003 0.8196867765625001 0.25157287500000003 0.804071878125 0.2462496125 0.804071878125 0.2462496125 0.8196867765625001
0 0.30799944375 0.8267844578125001 0.3135888671875 0.8267844578125001 0.3135888671875 0.8088036640625 0.30799944375 0.8088036640625 0.30799944375 0.8267844578125001
0 0.24370442812499998 0.9619065734375001 0.251955484375 0.9619065734375001 0.251955484375 0.9477112109375 0.24370442812499998 0.9477112109375 0.24370442812499998 0.9619065734375001
0 0.371735225 0.2874659765625 0.374024653125 0.2874659765625 0.374024653125 0.278938159375 0.371735225 0.278938159375 0.371735225 0.2874659765625
0 0.38231020312499997 0.2808762984375 0.38416355 0.2808762984375 0.38416355 0.27389899375 0.38231020312499997 0.27389899375 0.38231020312499997 0.2808762984375
0 0.383945509375 0.2768062046875 0.3861259171875 0.2768062046875 0.3861259171875 0.2682783875 0.383945509375 0.2682783875 0.383945509375 0.2768062046875
0 0.38634395781249997 0.2768062046875 0.383945509375 0.2768062046875 0.383945509375 0.2820391828125 0.38634395781249997 0.2820391828125 0.38634395781249997 0.2768062046875
0 0.378167428125 0.2814577421875 0.38132902031250004 0.2814577421875 0.38132902031250004 0.2727361109375 0.378167428125 0.2727361109375 0.378167428125 0.2814577421875
0 0.389396528125 0.278162903125 0.39288518125 0.278162903125 0.39288518125 0.269441271875 0.389396528125 0.269441271875 0.389396528125 0.278162903125
0 0.43463999062500003 0.24812172812500002 0.438346684375 0.24812172812500002 0.438346684375 0.2395939109375 0.43463999062500003 0.2395939109375 0.43463999062500003 0.24812172812500002
0 0.4193771359375 0.24637740312499998 0.4216665640625 0.24637740312499998 0.4216665640625 0.2397877265625 0.4193771359375 0.2397877265625 0.4193771359375 0.24637740312499998
0 0.422538728125 0.2465712171875 0.4247191359375 0.2465712171875 0.4247191359375 0.24036916718749998 0.422538728125 0.24036916718749998 0.422538728125 0.2465712171875
0 0.42384697187500003 0.2430825640625 0.42057636093750006 0.2430825640625 0.42057636093750006 0.24928461249999997 0.42384697187500003 0.24928461249999997 0.42384697187500003 0.2430825640625
0 0.6663107578125 0.310657565625 0.6703564359375 0.310657565625 0.6703564359375 0.3027081625 0.6663107578125 0.3027081625 0.6663107578125 0.310657565625
0 0.7338097109375 0.359111071875 0.7378553890624999 0.359111071875 0.7378553890624999 0.35040458281250003 0.7338097109375 0.35040458281250003 0.7338097109375 0.359111071875
0 0.734022640625 0.32655637187500003 0.7401976234375 0.32655637187500003 0.7401976234375 0.314064453125 0.734022640625 0.314064453125 0.734022640625 0.32655637187500003
0 0.7446691640624999 0.2917304140625 0.7493536328125 0.2917304140625 0.7493536328125 0.28340246874999997 0.7446691640624999 0.28340246874999997 0.7446691640624999 0.2917304140625
0 0.789171628125 0.30195107656250003 0.79470781875 0.30195107656250003 0.79470781875 0.2890806140625 0.789171628125 0.2890806140625 0.789171628125 0.30195107656250003
0 0.752334659375 0.33185597499999997 0.7582967125 0.33185597499999997 0.7582967125 0.320499684375 0.752334659375 0.320499684375 0.752334659375 0.33185597499999997
0 0.75659326875 0.3700888203125 0.7629811828124999 0.3700888203125 0.7629811828124999 0.3598681578125 0.75659326875 0.3598681578125 0.75659326875 0.3700888203125
0 0.8468397156249999 0.2661434671875 0.85133680625 0.2661434671875 0.85133680625 0.255241428125 0.8468397156249999 0.255241428125 0.8468397156249999 0.2661434671875
0 0.9799542499999999 0.230004775 0.9837869984375001 0.230004775 0.9837869984375001 0.22243391406250002 0.9799542499999999 0.22243391406250002 0.9799542499999999 0.230004775
