0 0.9615673796875001 0.35 0.9615673796875001 0.337465575 0.795562875 0.337465575 0.795562875 0.35 0.9615673796875001 0.35
0 0.064855546875 0.9856176281250001 0.06515393281250001 0.9984375 0.06875 0.9984375 0.06875 0.9856176281250001 0.064855546875 0.9856176281250001
0 0.411938603125 0.768114184375 0.412753490625 0.803125 0.4171875 0.803125 0.4171875 0.7681447218749999 0.411938603125 0.768114184375
0 0.27914312343750003 0.796088453125 0.28659420625 0.796088453125 0.28659420625 0.7690742187499999 0.27914312343750003 0.7690742187499999 0.27914312343750003 0.796088453125
0 0.3244457078125 0.7415302953125 0.3399439609375 0.7415302953125 0.3399439609375 0.701273790625 0.3244457078125 0.701273790625 0.3244457078125 0.7415302953125
0 0.1566473203125 0.7563616390625 0.1703573125 0.7563616390625 0.1703573125 0.731995859375 0.1566473203125 0.731995859375 0.1566473203125 0.7563616390625
0 0.11492125625 0.7330552421875 0.1235645125 0.7330552421875 0.1235645125 0.7044519359375 0.11492125625 0.7044519359375 0.11492125625 0.7330552421875
0 0.168271009375 0.6991550265625 0.17572209218749998 0.6991550265625 0.17572209218749998 0.6864424484375 0.168271009375 0.6864424484375 0.168271009375 0.6991550265625
0 0.1441295 0.6525422328125 0.1503884109375 0.6525422328125 0.1503884109375 0.6329436718749999 0.1441295 0.6329436718749999 0.1441295 0.6525422328125
0 0.2532133546875 0.6350624359375 0.2603663953125 0.6350624359375 0.2603663953125 0.60857789375 0.2532133546875 0.60857789375 0.2532133546875 0.6350624359375
0 0.2459300421875 0.6202272750000001 0.2522781265625 0.6202272750000001 0.2522781265625 0.603217503125 0.2459300421875 0.603217503125 0.2459300421875 0.6202272750000001
0 0.24094923750000002 0.6108545453125 0.247492646875 0.6108545453125 0.247492646875 0.5971425859374999 0.24094923750000002 0.5971425859374999 0.24094923750000002 0.6108545453125
0 0.23147594218749998 0.593150496875 0.2404609234375 0.593150496875 0.2404609234375 0.5662472859375 0.23147594218749998 0.5662472859375 0.23147594218749998 0.593150496875
0 0.2951521109375 0.568503684375 0.302086171875 0.568503684375 0.302086171875 0.543162596875 0.2951521109375 0.543162596875 0.2951521109375 0.568503684375
0 0.30472306875 0.5676358390624999 0.3089225703125 0.5676358390624999 0.3089225703125 0.5488903765625001 0.30472306875 0.5488903765625001 0.30472306875 0.5676358390624999
0 0.31585663125 0.5612137828125 0.322302378125 0.5612137828125 0.322302378125 0.5351784187499999 0.31585663125 0.5351784187499999 0.31585663125 0.5612137828125
0 0.44451287656250005 0.6678759968750001 0.4519596671875 0.6678759968750001 0.4519596671875 0.6307756031249999 0.44451287656250005 0.6307756031249999 0.44451287656250005 0.6678759968750001
0 0.507017090625 0.6552922375 0.5145859609375 0.6552922375 0.5145859609375 0.6351148296875 0.507017090625 0.6351148296875 0.507017090625 0.6552922375
0 0.5077495625 0.7548775062499999 0.5148301171874999 0.7548775062499999 0.5148301171874999 0.7342661749999999 0.5077495625 0.7342661749999999 0.5077495625 0.7548775062499999
0 0.5012794 0.564602384375 0.5064066984375 0.564602384375 0.5064066984375 0.5524525468749999 0.5012794 0.5524525468749999 0.5012794 0.564602384375
0 0.4398538515625 0.5530201187499999 0.443214078125 0.5530201187499999 0.443214078125 0.5440622875 0.4398538515625 0.5440622875 0.4398538515625 0.5530201187499999
0 0.430973253125 0.5640396734374999 0.43737368437499996 0.5640396734374999 0.43737368437499996 0.5440622875 0.430973253125 0.5440622875 0.430973253125 0.5640396734374999
0 0.33448233906249997 0.45106456875 0.3282563328125 0.45106456875 0.3282563328125 0.4699402078125 0.33448233906249997 0.4699402078125 0.33448233906249997 0.45106456875
0 0.22751379843750003 0.51658655625 0.2327141484375 0.51658655625 0.2327141484375 0.49268123125 0.22751379843750003 0.49268123125 0.22751379843750003 0.51658655625
0 0.252415478125 0.472686071875 0.2575158203125 0.472686071875 0.2575158203125 0.4644214046875 0.252415478125 0.4644214046875 0.252415478125 0.472686071875
0 0.2135628578125 0.5032564500000001 0.2198632828125 0.5032564500000001 0.2198632828125 0.4809507375 0.2135628578125 0.4809507375 0.2135628578125 0.5032564500000001
0 0.20026196093749998 0.514364871875 0.204162225 0.514364871875 0.204162225 0.49445857968749996 0.20026196093749998 0.49445857968749996 0.20026196093749998 0.514364871875
0 0.20501228125 0.5194303125 0.20806248749999998 0.5194303125 0.20806248749999998 0.509832634375 0.20501228125 0.509832634375 0.20501228125 0.5194303125
0 0.18276078125 0.519163709375 0.1874610984375 0.519163709375 0.1874610984375 0.49907968125 0.18276078125 0.49907968125 0.18276078125 0.519163709375
0 0.012827603125 0.8785639249999999 0.0268666359375 0.8785639249999999 0.0268666359375 0.855349059375 0.012827603125 0.855349059375 0.012827603125 0.8785639249999999
0 0.0417602171875 0.7833178843749999 0.049207009375 0.7833178843749999 0.049207009375 0.7596690953125 0.0417602171875 0.7596690953125 0.0417602171875 0.7833178843749999
0 0.0010669328125 0.719701378125 0.0060263734375000004 0.719701378125 0.0060263734375000004 0.701734265625 0.0010669328125 0.701734265625 0.0010669328125 0.719701378125
0 0.0050726359375 0.699022246875 0.0121303015625 0.699022246875 0.0121303015625 0.6837671515625 0.0050726359375 0.6837671515625 0.0050726359375 0.699022246875
0 0.015148387499999999 0.695712609375 0.0196486921875 0.695712609375 0.0196486921875 0.6852706937499999 0.015148387499999999 0.6852706937499999 0.015148387499999999 0.695712609375
0 0.0695623078125 0.6234085031250001 0.0730781703125 0.6234085031250001 0.0730781703125 0.6146606218749999 0.0695623078125 0.6146606218749999 0.0695623078125 0.6234085031250001
0 0.06229619374999999 0.6250747671875001 0.066437096875 0.6250747671875001 0.066437096875 0.616465740625 0.06229619374999999 0.616465740625 0.06229619374999999 0.6250747671875001
0 0.10714296718750001 0.5993865406250001 0.11144013125 0.5993865406250001 0.11144013125 0.5895278171875 0.10714296718750001 0.5895278171875 0.10714296718750001 0.5993865406250001
0 0.0994931 0.5668853781250001 0.10454344062500001 0.5668853781250001 0.10454344062500001 0.5575543046875 0.0994931 0.5575543046875 0.0994931 0.5668853781250001
0 0.0970929375 0.555154884375 0.1000431359375 0.555154884375 0.1000431359375 0.5470679546875 0.0970929375 0.5470679546875 0.0970929375 0.555154884375
0 0.1115183546875 0.5178279015625 0.11456543593749999 0.5178279015625 0.11456543593749999 0.5076914671875 0.1115183546875 0.5076914671875 0.1115183546875 0.5178279015625
0 0.10401785 0.5203272984375 0.1085494046875 0.5203272984375 0.1085494046875 0.5049143609375 0.10401785 0.5049143609375 0.10401785 0.5203272984375
0 0.1731631359375 0.5135233890625 0.178788515625 0.5135233890625 0.178788515625 0.49311166406249995 0.1731631359375 0.49311166406249995 0.1731631359375 0.5135233890625
0 0.16284994218749999 0.511440559375 0.16917849375 0.511440559375 0.16917849375 0.48880714999999997 0.16284994218749999 0.48880714999999997 0.16284994218749999 0.511440559375
0 0.1558182171875 0.4996378609375 0.16003725156249998 0.4996378609375 0.16003725156249998 0.4845026359375 0.1558182171875 0.4845026359375 0.1558182171875 0.4996378609375
0 0.148552103125 0.4989435859375 0.1548025234375 0.4989435859375 0.1548025234375 0.48297522812500004 0.148552103125 0.48297522812500004 0.148552103125 0.4989435859375
0 0.2387415390625 0.515798646875 0.2421792703125 0.515798646875 0.2421792703125 0.5061343203125 0.2387415390625 0.5061343203125 0.2387415390625 0.515798646875
0 0.23361619218750002 0.5154653953125 0.23742895000000003 0.5154653953125 0.23742895000000003 0.504579140625 0.23361619218750002 0.504579140625 0.23361619218750002 0.5154653953125
0 0.2457420109375 0.473364475 0.25086735625 0.473364475 0.25086735625 0.46381123124999996 0.2457420109375 0.46381123124999996 0.2457420109375 0.473364475
0 0.1588016953125 0.43389336875 0.15192623125 0.43389336875 0.15192623125 0.44888973906250007 0.1588016953125 0.44888973906250007 0.1588016953125 0.43389336875
0 0.11186790625000001 0.44224001562500004 0.114876109375 0.44224001562500004 0.114876109375 0.42307309843749996 0.11186790625000001 0.42307309843749996 0.11186790625000001 0.44224001562500004
0 0.108667690625 0.43825875625000005 0.111163859375 0.43825875625000005 0.111163859375 0.42335747343749996 0.108667690625 0.42335747343749996 0.108667690625 0.43825875625000005
0 0.08959440468749999 0.43552875 0.0937226828125 0.43552875 0.0937226828125 0.4215943453125 0.08959440468749999 0.4215943453125 0.08959440468749999 0.43552875
0 0.0469491109375 0.5582229921874999 0.0507440734375 0.5582229921874999 0.0507440734375 0.542566084375 0.0469491109375 0.542566084375 0.0469491109375 0.5582229921874999
0 0.019435625 0.47704794531250005 0.0308882828125 0.47704794531250005 0.0308882828125 0.4647632953125 0.019435625 0.4647632953125 0.019435625 0.47704794531250005
0 0.0863958 1 0.0863958 0.9926919062499999 0.07979515781249999 0.9926919062499999 0.07979515781249999 1 0.0863958 1
0 0.0688480375 0.526441090625 0.07730862187500001 0.526441090625 0.07730862187500001 0.5196063703125 0.0688480375 0.5196063703125 0.0688480375 0.526441090625
0 0.034134003125 0.5625101890625 0.040697365624999995 0.5625101890625 0.040697365624999995 0.5544907828125 0.034134003125 0.5544907828125 0.034134003125 0.5625101890625
0 0.033108478125 0.574903815625 0.0388514203125 0.574903815625 0.0388514203125 0.5690715203125001 0.033108478125 0.5690715203125001 0.033108478125 0.574903815625
0 0.011162234375 0.5275164203125 0.0162898609375 0.5275164203125 0.0162898609375 0.52059056875 0.011162234375 0.52059056875 0.011162234375 0.5275164203125
0 0.11002288281249999 0.6674914968750001 0.11925261093749999 0.6674914968750001 0.11925261093749999 0.659107575 0.11002288281249999 0.659107575 0.11002288281249999 0.6674914968750001
0 0.31082075468750003 0.48523228281249997 0.31594838125 0.48523228281249997 0.31594838125 0.4735676921875 0.31082075468750003 0.4735676921875 0.31082075468750003 0.48523228281249997
0 0.432947578125 0.61334108125 0.4540990390625 0.61334108125 0.4540990390625 0.58714131875 0.432947578125 0.58714131875 0.432947578125 0.61334108125
0 0.452089009375 0.539844140625 0.4460178984375 0.539844140625 0.4460178984375 0.5582158703125 0.452089009375 0.5582158703125 0.452089009375 0.539844140625
0 0.448807328125 0.5485925828125 0.443214078125 0.5485925828125 0.443214078125 0.5608404015625 0.448807328125 0.5608404015625 0.448807328125 0.5485925828125
0 0.44631722500000004 0.6978034203125001 0.4529831390625 0.6978034203125001 0.4529831390625 0.6772992578125001 0.44631722500000004 0.6772992578125001 0.44631722500000004 0.6978034203125001
0 0.1865778484375 0.76258079375 0.1947820515625 0.76258079375 0.1947820515625 0.7412929171875 0.1865778484375 0.7412929171875 0.1865778484375 0.76258079375
0 0.1770609734375 0.76258079375 0.1913362875 0.76258079375 0.1913362875 0.7445006796875 0.1770609734375 0.7445006796875 0.1770609734375 0.76258079375
0 0.1373526296875 0.8410251593750001 0.14342374062500002 0.8410251593750001 0.14342374062500002 0.8171127515624999 0.1373526296875 0.8171127515624999 0.1373526296875 0.8410251593750001
0 0.8854509984375 0.48512985156250005 0.8854509984375 0.553125 0.9 0.553125 0.9 0.4852991453125 0.8854509984375 0.48512985156250005
