0 0.103610803125 0.040285525 0.10340883906250001 0.075 0.11554542187500001 0.075 0.115625 0.061321809375 0.115625 0.040215628125 0.103610803125 0.040285525
0 0.093400175 0.06204595625 0.092771359375 0.0890625 0.1015625 0.0890625 0.1015625 0.06180845625 0.093400175 0.06204595625
0 0.6123656468750001 0.2105181359375 0.6120037703125 0.23125 0.6140625 0.23125 0.6140625 0.2104687625 0.6123656468750001 0.2105181359375
0 0.3383723015625 0.20450725468750003 0.33796806406249996 0.221875 0.34375 0.221875 0.34375 0.2043507796875 0.3383723015625 0.20450725468750003
0 0.1954240765625 0.567239815625 0.195315296875 0.5859375 0.203125 0.5859375 0.203125 0.5671950140625001 0.1954240765625 0.567239815625
0 0.190625 0.54490001875 0.190625 0.5640625 0.19836614531250002 0.5640625 0.1984375 0.5599745656249999 0.1984375 0.544672696875 0.190625 0.54490001875
0 0.196707296875 0.5441533375 0.1962075390625 0.565625 0.2046875 0.565625 0.2046875 0.5439211375 0.196707296875 0.5441533375
0 0.025177948437499997 0.46875 0.025177948437499997 0.4818740703125 0.030921360937499996 0.4818740703125 0.030921360937499996 0.46875 0.025177948437499997 0.46875
0 0.98125 1 0.98125 0.9784020203124999 0.9091034 0.97882175625 0.9089801890625001 1 0.98125 1
0 0.26875 0.6010104968750001 0.275742953125 0.6010104968750001 0.275742953125 0.5830903015625 0.26875 0.5830903015625 0.26875 0.6010104968750001
0 0.843293109375 0.59379875 0.845177825 0.59379875 0.845177825 0.5819629953125001 0.843293109375 0.5819629953125001 0.843293109375 0.59379875
0 0.8416439812500001 0.5929614937500001 0.84367861875 0.5929614937500001 0.84367861875 0.5804407125 0.8416439812500001 0.5804407125 0.8416439812500001 0.5929614937500001
0 0.8308925312500002 0.5923906375 0.8329485859375 0.5923906375 0.8329485859375 0.5808212828125 0.8308925312500002 0.5808212828125 0.8308925312500002 0.5923906375
0 0.8277441984374999 0.597071659375 0.830142928125 0.597071659375 0.830142928125 0.58592093125 0.8277441984374999 0.58592093125 0.8277441984374999 0.597071659375
0 0.8237391765625001 0.59383680625 0.8257952296875001 0.59383680625 0.8257952296875001 0.581201853125 0.8237391765625001 0.581201853125 0.8237391765625001 0.59383680625
0 0.8149944265624999 0.5964979343750001 0.817872903125 0.5964979343750001 0.817872903125 0.58197535 0.8149944265624999 0.58197535 0.8149944265624999 0.5964979343750001
0 0.812167353125 0.601064784375 0.8149258921874999 0.601064784375 0.8149258921874999 0.5845327859375 0.812167353125 0.5845327859375 0.812167353125 0.601064784375
0 0.8071471531250001 0.591230834375 0.8096486859375001 0.591230834375 0.8096486859375001 0.5822493609375 0.8071471531250001 0.5822493609375 0.8071471531250001 0.591230834375
0 0.8031150015625 0.596450046875 0.80546796875 0.596450046875 0.80546796875 0.5855327906250001 0.8031150015625 0.5855327906250001 0.8031150015625 0.596450046875
0 0.7994548296875 0.5971468921875001 0.8021999578125001 0.5971468921875001 0.8021999578125001 0.5848359453125 0.7994548296875 0.5848359453125 0.7994548296875 0.5971468921875001
0 0.795075696875 0.5987728671875 0.7972979437500001 0.5987728671875 0.7972979437500001 0.5868103421875001 0.795075696875 0.5868103421875001 0.795075696875 0.5987728671875
0 0.7924612875 0.59679846875 0.795075696875 0.59679846875 0.795075696875 0.58541665 0.7924612875 0.58541665 0.7924612875 0.59679846875
0 0.7976901046875 0.590875278125 0.7994548296875 0.590875278125 0.7994548296875 0.5812355734375 0.7976901046875 0.5812355734375 0.7976901046875 0.590875278125
0 0.8016770765625001 0.5878556109375 0.8042261249999999 0.5878556109375 0.8042261249999999 0.58065486875 0.8016770765625001 0.58065486875 0.8016770765625001 0.5878556109375
0 0.786922884375 0.6046644765625 0.789707125 0.6046644765625 0.789707125 0.5931522078125 0.786922884375 0.5931522078125 0.786922884375 0.6046644765625
0 0.785182734375 0.5935803500000001 0.7878331171874999 0.5935803500000001 0.7878331171874999 0.5833049359375 0.785182734375 0.5833049359375 0.785182734375 0.5935803500000001
0 0.7733229421875001 0.6092313265625 0.7765890703125 0.6092313265625 0.7765890703125 0.5927240656249999 0.7733229421875001 0.5927240656249999 0.7733229421875001 0.6092313265625
0 0.780685115625 0.5966249171875 0.7835496703125 0.5966249171875 0.7835496703125 0.5810215109375 0.780685115625 0.5810215109375 0.780685115625 0.5966249171875
0 0.7737780578125 0.5916774953124999 0.7757591515625 0.5916774953124999 0.7757591515625 0.581830225 0.7737780578125 0.581830225 0.7737780578125 0.5916774953124999
0 0.77621426875 0.5956259187499999 0.7798284265625 0.5956259187499999 0.7798284265625 0.5818777953125001 0.77621426875 0.5818777953125001 0.77621426875 0.5956259187499999
0 0.7708014828125 0.5919225875 0.77343680625 0.5919225875 0.77343680625 0.581070371875 0.7708014828125 0.581070371875 0.7708014828125 0.5919225875
0 0.7675805312499999 0.59058464375 0.7702576859375 0.59058464375 0.7702576859375 0.5801040796875 0.7675805312499999 0.5801040796875 0.7675805312499999 0.59058464375
0 0.7649870390625 0.59058464375 0.7675805312499999 0.59058464375 0.7675805312499999 0.5812190328125 0.7649870390625 0.5812190328125 0.7649870390625 0.59058464375
0 0.7651543609375 0.6050047125 0.7675805312499999 0.6050047125 0.7675805312499999 0.5916252671875 0.7651543609375 0.5916252671875 0.7651543609375 0.6050047125
0 0.7600510359375 0.6038897578125 0.7627281906250001 0.6038897578125 0.7627281906250001 0.5923685703125 0.7600510359375 0.5923685703125 0.7600510359375 0.6038897578125
0 0.7589634421875 0.5876857640625 0.76067849375 0.5876857640625 0.76067849375 0.5792864468750001 0.7589634421875 0.5792864468750001 0.7589634421875 0.5876857640625
0 0.7566627640625 0.5870167921875 0.7586287984375 0.5870167921875 0.7586287984375 0.5798810890625 0.7566627640625 0.5798810890625 0.7566627640625 0.5870167921875
0 0.7453266890625 0.6012882 0.75670459375 0.6012882 0.75670459375 0.5848612140625 0.7453266890625 0.5848612140625 0.7453266890625 0.6012882
0 0.7522705578125 0.583969253125 0.7543202531250001 0.583969253125 0.7543202531250001 0.5783201531250001 0.7522705578125 0.5783201531250001 0.7522705578125 0.583969253125
0 0.7366259390625001 0.5876114343750001 0.7430260093750001 0.5876114343750001 0.7430260093750001 0.5781714921875001 0.7366259390625001 0.5781714921875001 0.7366259390625001 0.5876114343750001
0 0.729974884375 0.61005916875 0.7367514296875 0.61005916875 0.7367514296875 0.597348696875 0.729974884375 0.597348696875 0.729974884375 0.61005916875
0 0.7257081703125 0.5960850828125001 0.7351200390625 0.5960850828125001 0.7351200390625 0.5809960421875 0.7257081703125 0.5809960421875 0.7257081703125 0.5960850828125001
0 0.7263421640625001 0.6103691796875 0.7291199734375 0.6103691796875 0.7291199734375 0.5974484921875 0.7263421640625001 0.5974484921875 0.7263421640625001 0.6103691796875
0 0.71588453125 0.6100788265625 0.7182538390625 0.6100788265625 0.7182538390625 0.5955612 0.71588453125 0.5955612 0.71588453125 0.6100788265625
0 0.7126165203125 0.60194895625 0.71588453125 0.60194895625 0.71588453125 0.5877216828125 0.7126165203125 0.5877216828125 0.7126165203125 0.60194895625
0 0.7216035484375001 0.5884475640625 0.72397285625 0.5884475640625 0.72397285625 0.5777045203125 0.7216035484375001 0.5777045203125 0.7216035484375001 0.5884475640625
0 0.7193976421875 0.5862699203125 0.7216035484375001 0.5862699203125 0.7216035484375001 0.5762527578125 0.7193976421875 0.5762527578125 0.7193976421875 0.5862699203125
0 0.711064215625 0.5856892140625 0.7132701234375001 0.5856892140625 0.7132701234375001 0.5755268765625 0.711064215625 0.5755268765625 0.711064215625 0.5856892140625
0 0.7147407265625 0.58467298125 0.717110034375 0.58467298125 0.717110034375 0.5737847609375 0.7147407265625 0.5737847609375 0.7147407265625 0.58467298125
0 0.7086132078125 0.5868506250000001 0.7106557140625 0.5868506250000001 0.7106557140625 0.5762527578125 0.7086132078125 0.5762527578125 0.7086132078125 0.5868506250000001
0 0.7056719984375001 0.5962870828125 0.7076328046875 0.5962870828125 0.7076328046875 0.586560271875 0.7056719984375001 0.586560271875 0.7056719984375001 0.5962870828125
0 0.703139290625 0.596577434375 0.7045281953125 0.596577434375 0.7045281953125 0.588737915625 0.703139290625 0.588737915625 0.703139290625 0.596577434375
0 0.6957862671874999 0.6084818875 0.6988908765625 0.6084818875 0.6988908765625 0.5925124984375 0.6957862671874999 0.5925124984375 0.6957862671874999 0.6084818875
0 0.6994627796875 0.5842374515625 0.7007699828125 0.5842374515625 0.7007699828125 0.5749461703125001 0.6994627796875 0.5749461703125001 0.6994627796875 0.5842374515625
0 0.697992175 0.5853988625 0.6995444796875 0.5853988625 0.6995444796875 0.57610758125 0.697992175 0.57610758125 0.697992175 0.5853988625
0 0.691129353125 0.5839470999999999 0.693090159375 0.5839470999999999 0.693090159375 0.5750913484375 0.691129353125 0.5750913484375 0.691129353125 0.5839470999999999
0 0.6867175390625 0.584963334375 0.6881881437499999 0.584963334375 0.6881881437499999 0.575817228125 0.6867175390625 0.575817228125 0.6867175390625 0.584963334375
0 0.6889234453124999 0.5939642625 0.69210975625 0.5939642625 0.69210975625 0.5830760421875001 0.6889234453124999 0.5830760421875001 0.6889234453124999 0.5939642625
0 0.6916195546874999 0.6129823515625 0.6936620609374999 0.6129823515625 0.6936620609374999 0.5987550781250001 0.6916195546874999 0.5987550781250001 0.6916195546874999 0.6129823515625
0 0.689331946875 0.610949884375 0.6908842515625 0.610949884375 0.6908842515625 0.6000616640625 0.689331946875 0.6000616640625 0.689331946875 0.610949884375
0 0.6861456375 0.610949884375 0.6879430421875 0.610949884375 0.6879430421875 0.5987550781250001 0.6861456375 0.5987550781250001 0.6861456375 0.610949884375
0 0.6826325265625 0.599480959375 0.685165234375 0.599480959375 0.685165234375 0.5896089734375 0.6826325265625 0.5896089734375 0.6826325265625 0.599480959375
0 0.6805900203124999 0.599480959375 0.6826325265625 0.599480959375 0.6826325265625 0.590044503125 0.6805900203124999 0.590044503125 0.6805900203124999 0.599480959375
0 0.6727467953125 0.6119661187500001 0.675442903125 0.6119661187500001 0.675442903125 0.599480959375 0.6727467953125 0.599480959375 0.6727467953125 0.6119661187500001
0 0.6702140859375 0.6110950609375 0.6727467953125 0.6110950609375 0.6727467953125 0.5989002546875 0.6702140859375 0.5989002546875 0.6702140859375 0.6110950609375
0 0.6742991 0.590189678125 0.67625990625 0.590189678125 0.67625990625 0.581479103125 0.6742991 0.581479103125 0.6742991 0.590189678125
0 0.6710310890625 0.5894637984375001 0.673155296875 0.5894637984375001 0.673155296875 0.580753221875 0.6710310890625 0.580753221875 0.6710310890625 0.5894637984375001
0 0.6622891609374999 0.6026748375000001 0.66465846875 0.6026748375000001 0.66465846875 0.5896089734375 0.6622891609374999 0.5896089734375 0.6622891609374999 0.6026748375000001
0 0.65657014375 0.6108047078125 0.6591028515625 0.6108047078125 0.6591028515625 0.5967226109375 0.65657014375 0.5967226109375 0.65657014375 0.6108047078125
0 0.6689068828125 0.591641440625 0.6702140859375 0.591641440625 0.6702140859375 0.5820598078125 0.6689068828125 0.5820598078125 0.6689068828125 0.591641440625
0 0.6649852703125 0.5853988625 0.666374175 0.5853988625 0.666374175 0.5745106421875 0.6649852703125 0.5745106421875 0.6649852703125 0.5853988625
0 0.6618806609375 0.5819146328125 0.6640865671875 0.5819146328125 0.6640865671875 0.5716071171875 0.6618806609375 0.5716071171875 0.6618806609375 0.5819146328125
0 0.65861265 0.5881572109375 0.6612270578125 0.5881572109375 0.6612270578125 0.579301459375 0.65861265 0.579301459375 0.65861265 0.5881572109375
0 0.651586428125 0.610224003125 0.6541191359375 0.610224003125 0.6541191359375 0.5964322578125 0.651586428125 0.5964322578125 0.651586428125 0.610224003125
0 0.6461942109375001 0.6086270640625 0.6500341234375 0.6086270640625 0.6500341234375 0.5970129625 0.6461942109375001 0.5970129625 0.6461942109375001 0.6086270640625
0 0.6461942109375001 0.60194895625 0.6482367171875 0.60194895625 0.6482367171875 0.590189678125 0.6461942109375001 0.590189678125 0.6461942109375001 0.60194895625
0 0.63696208125 0.6054331859375 0.6401483921875 0.6054331859375 0.6401483921875 0.5920769703125 0.63696208125 0.5920769703125 0.63696208125 0.6054331859375
0 0.639739890625 0.5874313296875 0.6419457984375001 0.5874313296875 0.6419457984375001 0.5768334625 0.639739890625 0.5768334625 0.639739890625 0.5874313296875
0 0.6425177 0.5820598078125 0.6444785062499999 0.5820598078125 0.6444785062499999 0.5752365234375001 0.6425177 0.5752365234375001 0.6425177 0.5820598078125
0 0.6542008359375 0.5867054484375 0.65665184375 0.5867054484375 0.65665184375 0.5768334625 0.6542008359375 0.5768334625 0.6542008359375 0.5867054484375
0 0.6522400296875001 0.581479103125 0.6542008359375 0.581479103125 0.6542008359375 0.5737847609375 0.6522400296875001 0.5737847609375 0.6522400296875001 0.581479103125
0 0.6490537203125 0.5806080453125 0.651504728125 0.5806080453125 0.651504728125 0.574220290625 0.6490537203125 0.574220290625 0.6490537203125 0.5806080453125
0 0.6457040093749999 0.5869958015625001 0.6479099171875 0.5869958015625001 0.6479099171875 0.5781400484375 0.6457040093749999 0.5781400484375 0.6457040093749999 0.5869958015625001
0 0.634592775 0.5801725171875 0.6360633796874999 0.5801725171875 0.6360633796874999 0.573639584375 0.634592775 0.573639584375 0.634592775 0.5801725171875
0 0.6330404703125 0.581479103125 0.6350012765624999 0.581479103125 0.6350012765624999 0.5746558187499999 0.6330404703125 0.5746558187499999 0.6330404703125 0.581479103125
0 0.6350012765624999 0.588737915625 0.6386777875 0.588737915625 0.6386777875 0.581479103125 0.6350012765624999 0.581479103125 0.6350012765624999 0.588737915625
0 0.62887375625 0.6035458953124999 0.62887375625 0.5932383796874999 0.6223377359375 0.5932383796874999 0.6223377359375 0.595125671875 0.6223377359375 0.6035458953124999 0.62887375625 0.6035458953124999
0 0.6274848515625 0.61922493125 0.6303443609375 0.61922493125 0.6303443609375 0.605868715625 0.6274848515625 0.605868715625 0.6274848515625 0.61922493125
0 0.6270763515625 0.5884475640625 0.630099259375 0.5884475640625 0.630099259375 0.581043575 0.6270763515625 0.581043575 0.6270763515625 0.5884475640625
0 0.6278933531249999 0.5795918125 0.6305077609375 0.5795918125 0.6305077609375 0.571461940625 0.6278933531249999 0.571461940625 0.6278933531249999 0.5795918125
0 0.6231547390625 0.5884475640625 0.6264227484375 0.5884475640625 0.6264227484375 0.5791562828125001 0.6231547390625 0.5791562828125001 0.6231547390625 0.5884475640625
0 0.6251155453124999 0.5791562828125001 0.6264227484375 0.5791562828125001 0.6264227484375 0.572187821875 0.6251155453124999 0.572187821875 0.6251155453124999 0.5791562828125001
0 0.6227462375 0.5791562828125001 0.6251155453124999 0.5791562828125001 0.6251155453124999 0.571461940625 0.6227462375 0.571461940625 0.6227462375 0.5791562828125001
0 0.61710891875 0.5824953374999999 0.6194782265625 0.5824953374999999 0.6194782265625 0.5766882859375 0.61710891875 0.5766882859375 0.61710891875 0.5824953374999999
0 0.6122069031249999 0.5852536859375 0.6151481140625 0.5852536859375 0.6151481140625 0.5729137046874999 0.6122069031249999 0.5729137046874999 0.6122069031249999 0.5852536859375
0 0.6107362999999999 0.6103691796875 0.613840909375 0.6103691796875 0.613840909375 0.5962870828125 0.6107362999999999 0.5962870828125 0.6107362999999999 0.6103691796875
0 0.6155566140625 0.6100788265625 0.6189880249999999 0.6100788265625 0.6189880249999999 0.5967226109375 0.6155566140625 0.5967226109375 0.6155566140625 0.6100788265625
0 0.6180893218750001 0.6135630562500001 0.6213573328124999 0.6135630562500001 0.6213573328124999 0.595416025 0.6180893218750001 0.595416025 0.6180893218750001 0.6135630562500001
0 0.6148213124999999 0.6042717765625 0.6180893218750001 0.6042717765625 0.6180893218750001 0.5913510890625 0.6148213124999999 0.5913510890625 0.6148213124999999 0.6042717765625
0 0.6016675703125001 0.6137082328125001 0.6046904796874999 0.6137082328125001 0.6046904796874999 0.5983195484375 0.6016675703125001 0.5983195484375 0.6016675703125001 0.6137082328125001
0 0.6012590687499999 0.6025296609375 0.604118578125 0.6025296609375 0.604118578125 0.5910607359375 0.6012590687499999 0.5910607359375 0.6012590687499999 0.6025296609375
0 0.6034649765625 0.5932383796874999 0.6066512859375 0.5932383796874999 0.6066512859375 0.5819146328125 0.6034649765625 0.5819146328125 0.6034649765625 0.5932383796874999
0 0.6056708828125 0.58176945625 0.6082035921875001 0.58176945625 0.6082035921875001 0.5720426468750001 0.6056708828125 0.5720426468750001 0.6056708828125 0.58176945625
0 0.6025662734375 0.579301459375 0.6047721796875 0.579301459375 0.6047721796875 0.5710264125 0.6025662734375 0.5710264125 0.6025662734375 0.579301459375
0 0.5994616640625 0.5806080453125 0.5975825578125 0.5806080453125 0.5975825578125 0.5910607359375 0.5994616640625 0.5910607359375 0.5994616640625 0.5806080453125
0 0.59725575625 0.610224003125 0.5993799640624999 0.610224003125 0.5993799640624999 0.596577434375 0.59725575625 0.596577434375 0.59725575625 0.610224003125
0 0.5948868812500001 0.612265840625 0.5972561890625 0.612265840625 0.5972561890625 0.5973126859375 0.5948868812500001 0.5973126859375 0.5948868812500001 0.612265840625
0 0.5923541734375 0.5774235375 0.5943149796875 0.5774235375 0.5943149796875 0.5692936671875 0.5923541734375 0.5692936671875 0.5923541734375 0.5774235375
0 0.5923541734375 0.6135724265625 0.5942332796875001 0.6135724265625 0.5942332796875001 0.6007969156249999 0.5923541734375 0.6007969156249999 0.5923541734375 0.6135724265625
0 0.5893312640625 0.6109592546875 0.5917005718749999 0.6109592546875 0.5917005718749999 0.597893390625 0.5893312640625 0.597893390625 0.5893312640625 0.6109592546875
0 0.5872887578125 0.60979784375 0.5893312640625 0.60979784375 0.5893312640625 0.5974578625 0.5872887578125 0.5974578625 0.5872887578125 0.60979784375
0 0.5809978390625 0.5790204765625 0.583693946875 0.5790204765625 0.583693946875 0.5714713125 0.5809978390625 0.5714713125 0.5809978390625 0.5790204765625
0 0.575769021875 0.573503778125 0.577729828125 0.573503778125 0.577729828125 0.567696728125 0.575769021875 0.567696728125 0.575769021875 0.573503778125
0 0.575687321875 0.585698584375 0.5773213265624999 0.585698584375 0.5773213265624999 0.5761169515625 0.575687321875 0.5761169515625 0.575687321875 0.585698584375
0 0.5773213265624999 0.5846823515625 0.579854034375 0.5846823515625 0.579854034375 0.5764073046875 0.5773213265624999 0.5764073046875 0.5773213265624999 0.5846823515625
0 0.583612246875 0.6105237265625 0.585981553125 0.6105237265625 0.585981553125 0.597022334375 0.583612246875 0.597022334375 0.583612246875 0.6105237265625
0 0.5805076359375001 0.6180728906249999 0.5832854453125 0.6180728906249999 0.5832854453125 0.598909625 0.5805076359375001 0.598909625 0.5805076359375001 0.6180728906249999
0 0.5751971203125 0.6169114812500001 0.57887363125 0.6169114812500001 0.57887363125 0.5980385671875 0.5751971203125 0.5980385671875 0.5751971203125 0.6169114812500001
0 0.572092509375 0.6105237265625 0.573971615625 0.6105237265625 0.573971615625 0.5968771562499999 0.572092509375 0.5968771562499999 0.572092509375 0.6105237265625
0 0.5702134046875 0.6124110171874999 0.5723376109375 0.6124110171874999 0.5723376109375 0.5976030390625 0.5702134046875 0.5976030390625 0.5702134046875 0.6124110171874999
0 0.5665368921875 0.584537175 0.5689062 0.584537175 0.5689062 0.5753910703125 0.5665368921875 0.5753910703125 0.5665368921875 0.584537175
0 0.554281853125 0.5800367109375 0.5564060609375 0.5800367109375 0.5564060609375 0.571906840625 0.554281853125 0.571906840625 0.554281853125 0.5800367109375
0 0.558203465625 0.573503778125 0.5604910734375 0.573503778125 0.5604910734375 0.5659546140625 0.558203465625 0.5659546140625 0.558203465625 0.573503778125
0 0.5613080765625 0.5803270640625 0.56318718125 0.5803270640625 0.56318718125 0.5753910703125 0.5613080765625 0.5753910703125 0.5613080765625 0.5803270640625
0 0.5520759468750001 0.5778590671874999 0.554281853125 0.5778590671874999 0.554281853125 0.5717616640625 0.5520759468750001 0.5717616640625 0.5520759468750001 0.5778590671874999
0 0.5625335796875 0.6083460828125 0.5683342984374999 0.6083460828125 0.5683342984374999 0.5912152828125 0.5625335796875 0.5912152828125 0.5625335796875 0.6083460828125
0 0.5537099515625 0.61821806875 0.5569779625 0.61821806875 0.5569779625 0.602103503125 0.5537099515625 0.602103503125 0.5537099515625 0.61821806875
0 0.5487262359375 0.6135724265625 0.5519125468749999 0.6135724265625 0.5519125468749999 0.6003613875 0.5487262359375 0.6003613875 0.5487262359375 0.6135724265625
0 0.5534648515624999 0.602103503125 0.5569779625 0.602103503125 0.5569779625 0.596441628125 0.5534648515624999 0.596441628125 0.5534648515624999 0.602103503125
0 0.540392809375 0.596441628125 0.5434974203125 0.596441628125 0.5434974203125 0.58526305625 0.540392809375 0.58526305625 0.540392809375 0.596441628125
0 0.5454582265625 0.610088196875 0.5487262359375 0.610088196875 0.5487262359375 0.594844690625 0.5454582265625 0.594844690625 0.5454582265625 0.610088196875
0 0.54333401875 0.6167663046875 0.546275228125 0.6167663046875 0.546275228125 0.6032649125 0.54333401875 0.6032649125 0.54333401875 0.6167663046875
0 0.5273207687499999 0.5960061 0.5307521796875 0.5960061 0.5307521796875 0.584537175 0.5273207687499999 0.584537175 0.5273207687499999 0.5960061
0 0.53132408125 0.6157500703125 0.5405562109375 0.6157500703125 0.5405562109375 0.5946995125 0.53132408125 0.5946995125 0.53132408125 0.6157500703125
0 0.524542959375 0.6074750250000001 0.52715736875 0.6074750250000001 0.52715736875 0.5945543375 0.524542959375 0.5945543375 0.524542959375 0.6074750250000001
0 0.522500453125 0.6103785484375 0.5246246593749999 0.6103785484375 0.5246246593749999 0.6007969156249999 0.522500453125 0.6007969156249999 0.522500453125 0.6103785484375
0 0.518252040625 0.61124960625 0.5216834515625 0.61124960625 0.5216834515625 0.596441628125 0.518252040625 0.596441628125 0.518252040625 0.61124960625
0 0.5140036265625 0.621847475 0.5174350375 0.621847475 0.5174350375 0.6052973796875 0.5140036265625 0.6052973796875 0.5140036265625 0.621847475
0 0.510490515625 0.6124110171874999 0.5127781234375 0.6124110171874999 0.5127781234375 0.5990548015625 0.510490515625 0.5990548015625 0.510490515625 0.6124110171874999
0 0.5072225046875 0.61821806875 0.510327115625 0.61821806875 0.510327115625 0.6012324453125 0.5072225046875 0.6012324453125 0.5072225046875 0.61821806875
0 0.5003596828125 0.612846546875 0.5028106921875001 0.612846546875 0.5028106921875001 0.6003613875 0.5003596828125 0.6003613875 0.5003596828125 0.612846546875
0 0.5017485890625 0.6037004406250001 0.504608096875 0.6037004406250001 0.504608096875 0.5862792906250001 0.5017485890625 0.5862792906250001 0.5017485890625 0.6037004406250001
0 0.5038727953125 0.6007969156249999 0.5070591046875 0.6007969156249999 0.5070591046875 0.5875858765624999 0.5038727953125 0.5875858765624999 0.5038727953125 0.6007969156249999
0 0.4961929703125 0.6031197359375 0.5003596828125 0.6031197359375 0.5003596828125 0.5901990484375 0.4961929703125 0.5901990484375 0.4961929703125 0.6031197359375
0 0.49562106875000006 0.6206860640625 0.4992975796875 0.6206860640625 0.4992975796875 0.6052973796875 0.49562106875000006 0.6052973796875 0.49562106875000006 0.6206860640625
0 0.47568620624999997 0.62126676875 0.4804248203125 0.62126676875 0.4804248203125 0.6035552656250001 0.47568620624999997 0.6035552656250001 0.47568620624999997 0.62126676875
0 0.478627415625 0.58961834375 0.4755228046875001 0.58961834375 0.4755228046875001 0.6019583265625 0.478627415625 0.6019583265625 0.478627415625 0.58961834375
0 0.4763398078125 0.58961834375 0.478627415625 0.58961834375 0.478627415625 0.5823595312500001 0.4763398078125 0.5823595312500001 0.4763398078125 0.58961834375
0 0.48834974531249997 0.5983289203125001 0.4920262578125 0.5983289203125001 0.4920262578125 0.5883117578125 0.48834974531249997 0.5883117578125 0.48834974531249997 0.5983289203125001
0 0.4843464328125 0.5933929265625 0.486797440625 0.5933929265625 0.486797440625 0.58090776875 0.4843464328125 0.58090776875 0.4843464328125 0.5933929265625
0 0.486797440625 0.5909249296875 0.48957525 0.5909249296875 0.48957525 0.5807625921875 0.486797440625 0.5807625921875 0.486797440625 0.5909249296875
0 0.5125330218749999 0.60181315 0.51522913125 0.60181315 0.51522913125 0.5909249296875 0.5125330218749999 0.5909249296875 0.5125330218749999 0.60181315
0 0.513350025 0.585698584375 0.5151474296874999 0.585698584375 0.5151474296874999 0.5761169515625 0.513350025 0.5761169515625 0.513350025 0.585698584375
0 0.518415440625 0.5787301250000001 0.518415440625 0.577713890625 0.516454634375 0.577713890625 0.516454634375 0.586424465625 0.518415440625 0.586424465625 0.518415440625 0.5787301250000001
0 0.518415440625 0.586424465625 0.5204579468749999 0.586424465625 0.5204579468749999 0.5785849484375 0.518415440625 0.5785849484375 0.518415440625 0.586424465625
0 0.549610153125 0.577936415625 0.551489259375 0.577936415625 0.551489259375 0.57038725 0.549610153125 0.57038725 0.549610153125 0.577936415625
0 0.5490382515625 0.57038725 0.55050885625 0.57038725 0.55050885625 0.5654512578124999 0.5490382515625 0.5654512578124999 0.5490382515625 0.57038725
0 0.5469957453125 0.5716938359375 0.5481395499999999 0.5716938359375 0.5481395499999999 0.5670481953125 0.5469957453125 0.5670481953125 0.5469957453125 0.5716938359375
0 0.5420120296875 0.5777912390625 0.5442996375 0.5777912390625 0.5442996375 0.571403484375 0.5420120296875 0.571403484375 0.5420120296875 0.5777912390625
0 0.5386623187499999 0.57895265 0.540541425 0.57895265 0.540541425 0.5705324265625 0.5386623187499999 0.5705324265625 0.5386623187499999 0.57895265
0 0.5361296109375 0.5705324265625 0.5386623187499999 0.5705324265625 0.5386623187499999 0.5651609046875 0.5361296109375 0.5651609046875 0.5361296109375 0.5705324265625
0 0.533433503125 0.5705324265625 0.5361296109375 0.5705324265625 0.5361296109375 0.5641446703125 0.533433503125 0.5641446703125 0.533433503125 0.5705324265625
0 0.531636096875 0.5696613687500001 0.533433503125 0.5696613687500001 0.533433503125 0.563563965625 0.531636096875 0.563563965625 0.531636096875 0.5696613687500001
0 0.5283680859375 0.5702420734375 0.53073739375 0.5702420734375 0.53073739375 0.565015728125 0.5283680859375 0.565015728125 0.5283680859375 0.5702420734375
0 0.5251000765625 0.5708227781249999 0.5268974828124999 0.5708227781249999 0.5268974828124999 0.5642898468750001 0.5251000765625 0.5642898468750001 0.5251000765625 0.5708227781249999
0 0.5212601640625 0.5706776015624999 0.5233026703125001 0.5706776015624999 0.5233026703125001 0.56399949375 0.5212601640625 0.56399949375 0.5212601640625 0.5706776015624999
0 0.5126816375000001 0.5708227781249999 0.5149692453125001 0.5708227781249999 0.5149692453125001 0.5644350234375001 0.5126816375000001 0.5644350234375001 0.5126816375000001 0.5708227781249999
0 0.5112110328125 0.5708227781249999 0.5126816375000001 0.5708227781249999 0.5126816375000001 0.567193371875 0.5112110328125 0.567193371875 0.5112110328125 0.5708227781249999
0 0.507697921875 0.5698065453125001 0.5094953265625 0.5698065453125001 0.5094953265625 0.563563965625 0.507697921875 0.563563965625 0.507697921875 0.5698065453125001
0 0.5031227078125 0.5698065453125001 0.5053286140625 0.5698065453125001 0.5053286140625 0.56254773125 0.5031227078125 0.56254773125 0.5031227078125 0.5698065453125001
0 0.49985469687500006 0.5705324265625 0.501733803125 0.5705324265625 0.501733803125 0.565015728125 0.49985469687500006 0.565015728125 0.49985469687500006 0.5705324265625
0 0.49944619531250006 0.5806947640625 0.5013253015625001 0.5806947640625 0.5013253015625001 0.5734359515625 0.49944619531250006 0.5734359515625 0.49944619531250006 0.5806947640625
0 0.508678325 0.5731455999999999 0.50688091875 0.5731455999999999 0.50688091875 0.5792430015625 0.508678325 0.5792430015625 0.508678325 0.5731455999999999
0 0.5190542578125 0.5785849484375 0.5204579468749999 0.5785849484375 0.5204579468749999 0.572855246875 0.5190542578125 0.572855246875 0.5190542578125 0.5785849484375
0 0.521423565625 0.5776460640625001 0.5235477718749999 0.5776460640625001 0.5235477718749999 0.573290775 0.521423565625 0.573290775 0.521423565625 0.5776460640625001
0 0.5049201125 0.5792430015625 0.50688091875 0.5792430015625 0.50688091875 0.5747425374999999 0.5049201125 0.5747425374999999 0.5049201125 0.5792430015625
0 0.4970768890625 0.5698065453125001 0.49887429375 0.5698065453125001 0.49887429375 0.5651609046875 0.4970768890625 0.5651609046875 0.4970768890625 0.5698065453125001
0 0.494412984375 0.5709502000000001 0.49621039062500005 0.5709502000000001 0.49621039062500005 0.5654335015624999 0.494412984375 0.5654335015624999 0.494412984375 0.5709502000000001
0 0.492288778125 0.5706598484375001 0.4935142812500001 0.5706598484375001 0.4935142812500001 0.5647076203125 0.492288778125 0.5647076203125 0.492288778125 0.5706598484375001
0 0.48991947031249994 0.57022431875 0.49163517500000004 0.57022431875 0.49163517500000004 0.5636913875 0.48991947031249994 0.5636913875 0.48991947031249994 0.57022431875
0 0.472762415625 0.596356046875 0.4755228046875001 0.596356046875 0.4755228046875001 0.5854678265625 0.472762415625 0.5854678265625 0.472762415625 0.596356046875
0 0.4881220640625 0.57022431875 0.48991947031249994 0.57022431875 0.48991947031249994 0.5664497359375 0.4881220640625 0.5664497359375 0.4881220640625 0.57022431875
0 0.4691676046875 0.6188583671875 0.47178201249999996 0.6188583671875 0.47178201249999996 0.604340740625 0.4691676046875 0.604340740625 0.4691676046875 0.6188583671875
0 0.4663080953125 0.6188583671875 0.4691676046875 0.6188583671875 0.4691676046875 0.6034696828125 0.4663080953125 0.6034696828125 0.4663080953125 0.6188583671875
0 0.46173288125 0.6224877734375001 0.46565449374999995 0.6224877734375001 0.46565449374999995 0.6040503875 0.46173288125 0.6040503875 0.46173288125 0.6224877734375001
0 0.45372625625000007 0.6158096640624999 0.4591184734375 0.6158096640624999 0.4591184734375 0.6008565109375 0.45372625625000007 0.6008565109375 0.45372625625000007 0.6158096640624999
0 0.46173288125 0.588516528125 0.4642655890625 0.588516528125 0.4642655890625 0.57893489375 0.46173288125 0.57893489375 0.46173288125 0.588516528125
0 0.4654655609375 0.5951583421875 0.47012247656249995 0.5951583421875 0.47012247656249995 0.5826731828125 0.4654655609375 0.5826731828125 0.4654655609375 0.5951583421875
0 0.48368471875 0.5717849640624999 0.4851553234375 0.5717849640624999 0.4851553234375 0.5671393234375 0.48368471875 0.5671393234375 0.48368471875 0.5717849640624999
0 0.4773120984375 0.5725108453125001 0.47927290468749995 0.5725108453125001 0.47927290468749995 0.5661230890625 0.4773120984375 0.5661230890625 0.4773120984375 0.5725108453125001
0 0.47175648125 0.5707687296875 0.47355388749999994 0.5707687296875 0.47355388749999994 0.5652520328125 0.47175648125 0.5652520328125 0.47175648125 0.5707687296875
0 0.45329222343750003 0.587464 0.4550896296875 0.587464 0.4550896296875 0.577737190625 0.45329222343750003 0.577737190625 0.45329222343750003 0.587464
0 0.4513314171875 0.587464 0.45329222343750003 0.587464 0.45329222343750003 0.5758498984375 0.4513314171875 0.5758498984375 0.4513314171875 0.587464
0 0.44781830625 0.5819473015625001 0.4501059140625 0.5819473015625001 0.4501059140625 0.57526919375 0.44781830625 0.57526919375 0.44781830625 0.5819473015625001
0 0.43997508124999996 0.5803503625 0.44177248750000003 0.5803503625 0.44177248750000003 0.5739626078125 0.43997508124999996 0.5739626078125 0.43997508124999996 0.5803503625
0 0.46100714218750005 0.5687351421875 0.4622493421875 0.5687351421875 0.4622493421875 0.56420635 0.46100714218750005 0.56420635 0.46100714218750005 0.5687351421875
0 0.45867266406249996 0.568392628125 0.4603003734375 0.568392628125 0.4603003734375 0.5635974359375 0.45867266406249996 0.5635974359375 0.45867266406249996 0.568392628125
0 0.47082514374999995 0.5778696046875 0.472397971875 0.5778696046875 0.472397971875 0.5735881828125 0.47082514374999995 0.5735881828125 0.47082514374999995 0.5778696046875
0 0.47574441562500003 0.5781074625 0.4781203890625 0.5781074625 0.4781203890625 0.5732313984374999 0.47574441562500003 0.5732313984374999 0.47574441562500003 0.5781074625
0 0.27171415 0.6379110296875 0.2772697671875 0.6379110296875 0.2772697671875 0.6211867234375 0.27171415 0.6211867234375 0.27171415 0.6379110296875
0 0.27615864375 0.6057399703125 0.2707772296875 0.6057399703125 0.2704069453125 0.6057399703125 0.2704069453125 0.61956075 0.27615864375 0.61956075 0.27615864375 0.6057399703125
0 0.27649563125 0.597277753125 0.3030958328125 0.597277753125 0.3030958328125 0.5815982328125 0.27649563125 0.5815982328125 0.27649563125 0.597277753125
0 0.2874398359375 0.611549159375 0.2908023421875 0.611549159375 0.2908023421875 0.5987619796875 0.2874398359375 0.5987619796875 0.2874398359375 0.611549159375
0 0.2931368203125 0.608694878125 0.2959638953125 0.608694878125 0.2959638953125 0.5999036921875 0.2931368203125 0.5999036921875 0.2931368203125 0.608694878125
0 0.29641365625000005 0.6142512124999999 0.299818996875 0.6142512124999999 0.299818996875 0.5991044921875 0.29641365625000005 0.5991044921875 0.29641365625000005 0.6142512124999999
0 0.2913377734375 0.619198634375 0.2950429546875 0.619198634375 0.2950429546875 0.60629728125 0.2913377734375 0.60629728125 0.2913377734375 0.619198634375
0 0.30590539687499996 0.5782593296874999 0.3078457765625 0.5782593296874999 0.3078457765625 0.57045610625 0.30590539687499996 0.57045610625 0.30590539687499996 0.5782593296874999
0 0.2791485609375 0.5815982328125 0.2819059453125 0.5815982328125 0.2819059453125 0.5764446265625 0.2791485609375 0.5764446265625 0.2791485609375 0.5815982328125
0 0.29773537031249997 0.5646490546875 0.2997778765625 0.5646490546875 0.2997778765625 0.558660534375 0.29773537031249997 0.558660534375 0.29773537031249997 0.5646490546875
0 0.32867934375 0.5653749359375 0.3316409765625 0.5653749359375 0.3316409765625 0.5570273015625 0.32867934375 0.5570273015625 0.32867934375 0.5653749359375
0 0.3541085484375 0.5642861140625 0.3564574296875 0.5642861140625 0.3564574296875 0.55829759375 0.3541085484375 0.55829759375 0.3541085484375 0.5642861140625
0 0.34062800625 0.575900215625 0.3030958328125 0.575900215625 0.3030958328125 0.5815982328125 0.34062800625 0.5815982328125 0.34062800625 0.575900215625
0 0.30325013749999996 0.5815982328125 0.30325013749999996 0.6003987093750001 0.3208971421875 0.6003987093750001 0.3215305703125 0.6003987093750001 0.3215305703125 0.5815982328125 0.30325013749999996 0.5815982328125
0 0.3404237546875 0.5815982328125 0.3215305703125 0.5815982328125 0.3215305703125 0.590417840625 0.3404237546875 0.590417840625 0.3404237546875 0.5815982328125
0 0.26875 0.5841951953125 0.27649563125 0.5841951953125 0.27649563125 0.5746254703125 0.26875 0.5746254703125 0.26875 0.5841951953125
0 0.310357809375 0.61576326875 0.3129722171875 0.61576326875 0.3129722171875 0.60269740625 0.310357809375 0.60269740625 0.310357809375 0.61576326875
0 0.32024354062500004 0.613585625 0.32441025312500005 0.613585625 0.32441025312500005 0.59993905625 0.32024354062500004 0.59993905625 0.32024354062500004 0.613585625
0 0.332335178125 0.6047298734375 0.3353580890625 0.6047298734375 0.3353580890625 0.592389890625 0.332335178125 0.592389890625 0.332335178125 0.6047298734375
0 0.3266161609375 0.6092303375 0.32923056875 0.6092303375 0.32923056875 0.5971807078125 0.3266161609375 0.5971807078125 0.3266161609375 0.6092303375
0 0.3318449765625 0.6021167015625 0.3285769671875 0.6021167015625 0.3285769671875 0.6169246796875 0.3318449765625 0.6169246796875 0.3318449765625 0.6021167015625
0 0.3304560734375 0.604584696875 0.3318449765625 0.604584696875 0.3318449765625 0.598051765625 0.3304560734375 0.598051765625 0.3304560734375 0.604584696875
0 0.35055433593749996 0.6008101140625 0.35267854375 0.6008101140625 0.35267854375 0.590792953125 0.35055433593749996 0.590792953125 0.35055433593749996 0.6008101140625
0 0.3354397890625 0.574242859375 0.33707379375 0.574242859375 0.33707379375 0.5666936921875 0.3354397890625 0.5666936921875 0.3354397890625 0.574242859375
0 0.3457426 0.5721650234375 0.3471020921875 0.5721650234375 0.3471020921875 0.5655682140625 0.3457426 0.5655682140625 0.3457426 0.5721650234375
0 0.3433896328125 0.5722579359375001 0.34490598906250003 0.5722579359375001 0.34490598906250003 0.5662186046875 0.3433896328125 0.5662186046875 0.3433896328125 0.5722579359375001
0 0.33826539218749996 0.5750453203125 0.34286675 0.5750453203125 0.34286675 0.5677052093749999 0.33826539218749996 0.5677052093749999 0.33826539218749996 0.5750453203125
0 0.352696925 0.578992875 0.352696925 0.5759744484375 0.341036665625 0.5759744484375 0.341036665625 0.5883318515625 0.352696925 0.5883318515625 0.352696925 0.578992875
0 0.3559910796875 0.57467366875 0.3559910796875 0.5671477312500001 0.350866840625 0.5671477312500001 0.350866840625 0.57467366875 0.3531899 0.57467366875 0.3559910796875 0.57467366875
0 0.4126779 0.57468295625 0.4126779 0.5567627609375 0.3788488875 0.5567627609375 0.3788488875 0.57468295625 0.408156728125 0.57468295625 0.4126779 0.57468295625
0 0.4126779 0.56810465625 0.43220936875 0.56810465625 0.43220936875 0.5547212187499999 0.4126779 0.5547212187499999 0.4126779 0.56810465625
0 0.36595556562500003 0.57467366875 0.3531899 0.57467366875 0.3531899 0.583983309375 0.36595556562500003 0.583983309375 0.36595556562500003 0.57467366875
0 0.3686363546875 0.5796733890625 0.3783382609375 0.5796733890625 0.3783382609375 0.56810465625 0.3686363546875 0.56810465625 0.3686363546875 0.5796733890625
0 0.43220936875 0.5622068703124999 0.4508472390625 0.5622068703124999 0.4508472390625 0.5547212187499999 0.43220936875 0.5547212187499999 0.43220936875 0.5622068703124999
0 0.45199615 0.5590311406249999 0.4683362015625 0.5590311406249999 0.4683362015625 0.5497307859375 0.45199615 0.5497307859375 0.45199615 0.5590311406249999
0 0.4693574546875 0.5588043015624999 0.500888646875 0.5588043015624999 0.500888646875 0.5485965953124999 0.4693574546875 0.5485965953124999 0.4693574546875 0.5588043015624999
0 0.500888646875 0.559711653125 0.5395686125 0.559711653125 0.5395686125 0.5485965953124999 0.500888646875 0.5485965953124999 0.500888646875 0.559711653125
0 0.343695225 0.6254545625000001 0.34753513593749996 0.6254545625000001 0.34753513593749996 0.6068720015625 0.343695225 0.6068720015625 0.343695225 0.6254545625000001
0 0.3493325421875 0.62618044375 0.352600553125 0.62618044375 0.352600553125 0.6087592921875 0.3493325421875 0.6087592921875 0.3493325421875 0.62618044375
0 0.35366265625 0.6099207015625 0.35766596875 0.6099207015625 0.35766596875 0.5990324828125 0.35366265625 0.5990324828125 0.35366265625 0.6099207015625
0 0.364365390625 0.6215348031250001 0.3727805171875 0.6215348031250001 0.3727805171875 0.6048395328125 0.364365390625 0.6048395328125 0.364365390625 0.6215348031250001
0 0.368532103125 0.5904670828125 0.370656309375 0.5904670828125 0.370656309375 0.5823372124999999 0.368532103125 0.5823372124999999 0.368532103125 0.5904670828125
0 0.37139161249999997 0.6054202375 0.3750681234375 0.6054202375 0.3750681234375 0.59308025625 0.37139161249999997 0.59308025625 0.37139161249999997 0.6054202375
0 0.376538728125 0.606436471875 0.37939823749999996 0.606436471875 0.37939823749999996 0.5948223718750001 0.376538728125 0.5948223718750001 0.376538728125 0.606436471875
0 0.3798067390625 0.6025167125 0.3820126453125 0.6025167125 0.3820126453125 0.58945085 0.3798067390625 0.58945085 0.3798067390625 0.6025167125
0 0.38323815000000006 0.6046943578125 0.38528065625 0.6046943578125 0.38528065625 0.5904670828125 0.38323815000000006 0.5904670828125 0.38323815000000006 0.6046943578125
0 0.3859342578125 0.6019360078125 0.388548665625 0.6019360078125 0.388548665625 0.5906122593750001 0.3859342578125 0.5906122593750001 0.3859342578125 0.6019360078125
0 0.394431084375 0.5936609609375 0.394431084375 0.58436968125 0.3919800765625 0.58436968125 0.3919800765625 0.5936609609375 0.39271537968750003 0.5936609609375 0.394431084375 0.5936609609375
0 0.394431084375 0.592354375 0.39680039218749996 0.592354375 0.39680039218749996 0.58436968125 0.394431084375 0.58436968125 0.394431084375 0.592354375
0 0.3946761859375 0.5936609609375 0.39271537968750003 0.5936609609375 0.39271537968750003 0.605565415625 0.3946761859375 0.605565415625 0.3946761859375 0.5936609609375
0 0.390427771875 0.6039684750000001 0.39271537968750003 0.6039684750000001 0.39271537968750003 0.5943868421875 0.390427771875 0.5943868421875 0.390427771875 0.6039684750000001
0 0.3959016890625 0.6046943578125 0.39859779843750004 0.6046943578125 0.39859779843750004 0.5945320187500001 0.3959016890625 0.5945320187500001 0.3959016890625 0.6046943578125
0 0.3888754671875 0.6245835046874999 0.3919800765625 0.6245835046874999 0.3919800765625 0.6062912953125 0.3888754671875 0.6062912953125 0.3888754671875 0.6245835046874999
0 0.38560745625 0.63039055625 0.388221865625 0.63039055625 0.388221865625 0.610791759375 0.38560745625 0.610791759375 0.38560745625 0.63039055625
0 0.38029694062499997 0.6216799796875 0.384300253125 0.6216799796875 0.384300253125 0.6049847093749999 0.38029694062499997 0.6049847093749999 0.38029694062499997 0.6216799796875
0 0.410199234375 0.57468295625 0.4084835296875 0.57468295625 0.4084835296875 0.5824823890624999 0.410199234375 0.5824823890624999 0.410199234375 0.57468295625
0 0.4126779 0.58161133125 0.41485614843749996 0.58161133125 0.41485614843749996 0.57468295625 0.4126779 0.57468295625 0.4126779 0.58161133125
0 0.421800671875 0.588434615625 0.4235980765624999 0.588434615625 0.4235980765624999 0.577981925 0.421800671875 0.577981925 0.421800671875 0.588434615625
0 0.4235980765624999 0.588434615625 0.4268660875 0.588434615625 0.4268660875 0.5775463953125 0.4235980765624999 0.5775463953125 0.4235980765624999 0.588434615625
0 0.4067678234375 0.5971451921875 0.40938223125000006 0.5971451921875 0.40938223125000006 0.588434615625 0.4067678234375 0.588434615625 0.4067678234375 0.5971451921875
0 0.40505211875 0.604258828125 0.408320128125 0.604258828125 0.408320128125 0.5945320187500001 0.40505211875 0.5945320187500001 0.40505211875 0.604258828125
0 0.4134672453125 0.5951127234375 0.4166535546875 0.5951127234375 0.4166535546875 0.584224503125 0.4134672453125 0.584224503125 0.4134672453125 0.5951127234375
0 0.4174705578125 0.5996131874999999 0.4194313640624999 0.5996131874999999 0.4194313640624999 0.5866925015625 0.4174705578125 0.5866925015625 0.4174705578125 0.5996131874999999
0 0.41077113593750003 0.6102110546875 0.41305874375 0.6102110546875 0.41305874375 0.599903540625 0.41077113593750003 0.599903540625 0.41077113593750003 0.6102110546875
0 0.4135489453125 0.6084689390625 0.41550975156250003 0.6084689390625 0.41550975156250003 0.5984517781250001 0.4135489453125 0.5984517781250001 0.4135489453125 0.6084689390625
0 0.41624505312500004 0.617905396875 0.418369259375 0.617905396875 0.418369259375 0.6029522421875 0.41624505312500004 0.6029522421875 0.41624505312500004 0.617905396875
0 0.41983986562500003 0.623567271875 0.421964071875 0.623567271875 0.421964071875 0.6061461203125 0.41983986562500003 0.6061461203125 0.41983986562500003 0.623567271875
0 0.4225359734375 0.62037339375 0.4246601796875 0.62037339375 0.4246601796875 0.6065816484375001 0.4225359734375 0.6065816484375001 0.4225359734375 0.62037339375
0 0.4272745890625 0.62037339375 0.4308694 0.62037339375 0.4308694 0.602807065625 0.4272745890625 0.602807065625 0.4272745890625 0.62037339375
0 0.43952962656250005 0.6260352671875 0.443696340625 0.6260352671875 0.443696340625 0.6061461203125 0.43952962656250005 0.6061461203125 0.43952962656250005 0.6260352671875
0 0.43299360625 0.622986565625 0.435934815625 0.622986565625 0.435934815625 0.6038233 0.43299360625 0.6038233 0.43299360625 0.622986565625
0 0.44091853125 0.6061461203125 0.443696340625 0.6061461203125 0.443696340625 0.59743554375 0.44091853125 0.59743554375 0.44091853125 0.6061461203125
0 0.43658841718749997 0.6061461203125 0.4401832296875 0.6061461203125 0.4401832296875 0.596419309375 0.43658841718749997 0.596419309375 0.43658841718749997 0.6061461203125
0 0.43421910937499997 0.608614115625 0.43675181875 0.608614115625 0.43675181875 0.5996131874999999 0.43421910937499997 0.5996131874999999 0.43421910937499997 0.608614115625
0 0.43765052187500003 0.5946771953125001 0.44287933749999997 0.5946771953125001 0.44287933749999997 0.5856762671875 0.43765052187500003 0.5856762671875 0.43765052187500003 0.5946771953125001
