0 0.5296875 0.55 0.5296875 0.511364546875 0.4933077640625 0.51221129375 0.49396736875 0.55 0.5296875 0.55
0 0.41099054375 0.780554865625 0.417682771875 0.780554865625 0.417682771875 0.75555520625 0.41099054375 0.75555520625 0.41099054375 0.780554865625
0 0.478582034375 0.737103078125 0.48293198125 0.737103078125 0.48293198125 0.7162700265625 0.478582034375 0.7162700265625 0.478582034375 0.737103078125
0 0.6268148546875001 0.9882901328125001 0.6341763046875 0.9882901328125001 0.6341763046875 0.96269524375 0.6268148546875001 0.96269524375 0.6268148546875001 0.9882901328125001
0 0.447409640625 0.6451263125 0.454904934375 0.6451263125 0.454904934375 0.62722179375 0.447409640625 0.62722179375 0.447409640625 0.6451263125
0 0.4088624140625 0.618460009375 0.414216196875 0.618460009375 0.414216196875 0.60017454375 0.4088624140625 0.60017454375 0.4088624140625 0.618460009375
0 0.40308033125 0.618460009375 0.4088624140625 0.618460009375 0.4088624140625 0.5986507546875 0.40308033125 0.5986507546875 0.40308033125 0.618460009375
0 0.3694585828125 0.6935066062499999 0.3763114234375 0.6935066062499999 0.3763114234375 0.68322103125 0.3694585828125 0.68322103125 0.3694585828125 0.6935066062499999
0 0.32621889843749996 0.7924274484375 0.3314032703125 0.7924274484375 0.3314032703125 0.7731444156249999 0.32621889843749996 0.7731444156249999 0.32621889843749996 0.7924274484375
0 0.405586903125 0.8194306171875001 0.405586903125 0.8036619125 0.4008738390625 0.8036619125 0.4008738390625 0.8251247671874999 0.405586903125 0.8251247671874999 0.405586903125 0.8194306171875001
0 0.40935735468749995 0.8100336984375 0.41463598749999997 0.8100336984375 0.41463598749999997 0.7885708421875 0.40935735468749995 0.7885708421875 0.40935735468749995 0.8100336984375
0 0.4193490515625 0.7803545921875 0.42443916093750006 0.7803545921875 0.42443916093750006 0.7609038796875 0.4193490515625 0.7609038796875 0.4193490515625 0.7803545921875
0 0.434332178125 0.7212633234375 0.4398700296875 0.7212633234375 0.4398700296875 0.7011418968750001 0.434332178125 0.7011418968750001 0.434332178125 0.7212633234375
0 0.6460803828125 0.9915992906250001 0.6519834890625 0.9915992906250001 0.6519834890625 0.9641355078124999 0.6460803828125 0.9641355078124999 0.6460803828125 0.9915992906250001
0 0.6717037578125 0.9604428984375 0.6780609484375001 0.9604428984375 0.6780609484375001 0.9324021468750001 0.6717037578125 0.9324021468750001 0.6717037578125 0.9604428984375
0 0.6364797265625001 0.9956380828124999 0.644069434375 0.9956380828124999 0.644069434375 0.9862911640625001 0.6364797265625001 0.9862911640625001 0.6364797265625001 0.9956380828124999
0 0.6534106140625 0.9979459625 0.662362578125 0.9979459625 0.662362578125 0.9877912859375 0.6534106140625 0.9877912859375 0.6534106140625 0.9979459625
0 0.6785799031249999 0.964827871875 0.6853263109375 0.964827871875 0.6853263109375 0.957096471875 0.6785799031249999 0.957096471875 0.6785799031249999 0.964827871875
0 0.5104671203125 0.9293661249999999 0.516143184375 0.9293661249999999 0.516143184375 0.9009503421874999 0.5104671203125 0.9009503421874999 0.5104671203125 0.9293661249999999
0 0.5276574859375 0.9354243125 0.53390115625 0.9354243125 0.53390115625 0.9114800484375 0.5276574859375 0.9114800484375 0.5276574859375 0.9354243125
0 0.517197309375 0.9338376437499999 0.526603359375 0.9338376437499999 0.526603359375 0.9246061203125 0.517197309375 0.9246061203125 0.517197309375 0.9338376437499999
0 0.5346309359375001 0.9383091640625001 0.5415232984375 0.9383091640625001 0.5415232984375 0.9315297625 0.5346309359375001 0.9315297625 0.5346309359375001 0.9383091640625001
0 0.46267808125 0.867488078125 0.46676484687500003 0.867488078125 0.46676484687500003 0.843370721875 0.46267808125 0.843370721875 0.46267808125 0.867488078125
0 0.46708919375 0.8689881984374999 0.47150030625 0.8689881984374999 0.47150030625 0.8429091468750001 0.46708919375 0.8429091468750001 0.46708919375 0.8689881984374999
0 0.47227873750000005 0.872911596875 0.4825280890625 0.872911596875 0.4825280890625 0.8659879546875 0.47227873750000005 0.8659879546875 0.47227873750000005 0.872911596875
0 0.4128678328125 0.8181684953125 0.405586903125 0.8181684953125 0.405586903125 0.8279048671875 0.4128678328125 0.8279048671875 0.4128678328125 0.8181684953125
0 0.44185630312499996 0.749112371875 0.4469242171875 0.749112371875 0.4469242171875 0.7269350796875 0.44185630312499996 0.7269350796875 0.44185630312499996 0.749112371875
0 0.44793780000000005 0.7523578296875 0.455235596875 0.7523578296875 0.455235596875 0.7440638828124999 0.44793780000000005 0.7440638828124999 0.44793780000000005 0.7523578296875
0 0.45949264375 0.7882381640625 0.465371425 0.7882381640625 0.465371425 0.781927553125 0.45949264375 0.781927553125 0.45949264375 0.7882381640625
0 0.44793780000000005 0.790041196875 0.45280299687500003 0.790041196875 0.45280299687500003 0.7669623875 0.44793780000000005 0.7669623875 0.44793780000000005 0.790041196875
0 0.4533097890625 0.7864351328125 0.4584790609375 0.7864351328125 0.4584790609375 0.763536628125 0.4533097890625 0.763536628125 0.4533097890625 0.7864351328125
0 0.3322579046875 0.79675185625 0.33793396875 0.79675185625 0.33793396875 0.78972003125 0.3322579046875 0.78972003125 0.3322579046875 0.79675185625
0 0.35188704843749996 0.6803018296875 0.35448182031250003 0.6803018296875 0.35448182031250003 0.6685316390625 0.35188704843749996 0.6685316390625 0.35188704843749996 0.6803018296875
0 0.3721921125 0.670063140625 0.3777137875 0.670063140625 0.3777137875 0.6600192437500001 0.3721921125 0.6600192437500001 0.3721921125 0.670063140625
0 0.49578560625 0.5727650421875 0.49905501875 0.5727650421875 0.49905501875 0.555409778125 0.49578560625 0.555409778125 0.49578560625 0.5727650421875
0 0.33735692500000003 0.63837260625 0.3402111734375 0.63837260625 0.3402111734375 0.627294778125 0.33735692500000003 0.627294778125 0.33735692500000003 0.63837260625
0 0.33471025625 0.636987878125 0.33735692500000003 0.636987878125 0.33735692500000003 0.6291410828124999 0.33471025625 0.6291410828124999 0.33471025625 0.636987878125
0 0.43947569687500004 0.7142206921875001 0.4439354609375 0.7142206921875001 0.4439354609375 0.6951085546875 0.43947569687500004 0.6951085546875 0.43947569687500004 0.7142206921875001
0 0.4108603515625 0.75555520625 0.417682771875 0.75555520625 0.417682771875 0.7341506890625 0.4108603515625 0.7341506890625 0.4108603515625 0.75555520625
