0 0.05458373749999999 0.46472663125 0.06835115 0.46472663125 0.06835115 0.44169096249999995 0.05458373749999999 0.44169096249999995 0.05458373749999999 0.46472663125
0 0.0813087140625 0.4517690671875 0.0926465828125 0.4517690671875 0.0926465828125 0.430173128125 0.0813087140625 0.430173128125 0.0813087140625 0.4517690671875
0 0.2408487203125 0.31355505156249996 0.2546161328125 0.31355505156249996 0.2546161328125 0.2761220890625 0.2408487203125 0.2761220890625 0.2408487203125 0.31355505156249996
0 0.2643343046875 0.3164345109375 0.27648202187500004 0.3164345109375 0.27648202187500004 0.293398840625 0.2643343046875 0.293398840625 0.2643343046875 0.3164345109375
0 0.2845804984375 0.3063564046875 0.2934888234375 0.3063564046875 0.2934888234375 0.28620019375 0.2845804984375 0.28620019375 0.2845804984375 0.3063564046875
0 0.4024567546875 0.21615333125 0.415061871875 0.21615333125 0.415061871875 0.1760528375 0.4024567546875 0.1760528375 0.4024567546875 0.21615333125
0 0.305596371875 0.236793290625 0.3152160671875 0.236793290625 0.3152160671875 0.2196916109375 0.305596371875 0.2196916109375 0.305596371875 0.236793290625
0 0.40013475937500004 0.17015570625 0.40676903124999997 0.17015570625 0.40676903124999997 0.15659230468750002 0.40013475937500004 0.15659230468750002 0.40013475937500004 0.17015570625
0 0.41041788125 0.171924846875 0.4170521546875 0.171924846875 0.4170521546875 0.1618997234375 0.41041788125 0.1618997234375 0.41041788125 0.171924846875
0 0.3714311625 0.084260303125 0.3766141890625 0.084260303125 0.3766141890625 0.064679984375 0.3714311625 0.064679984375 0.3714311625 0.084260303125
0 0.1472951078125 0.016625273437499997 0.1623258828125 0.016625273437499997 0.1623258828125 0.0000395921875 0.1472951078125 0.0000395921875 0.1472951078125 0.016625273437499997
0 0.33803045 0.0359752375 0.346323290625 0.0359752375 0.346323290625 0.0028038734375 0.33803045 0.0028038734375 0.33803045 0.0359752375
0 0.53913184375 0.049796637500000004 0.5463880796875 0.049796637500000004 0.5463880796875 0.018468128125 0.53913184375 0.018468128125 0.53913184375 0.049796637500000004
0 0.7659413015625 0.23901300781249998 0.7757600265625 0.23901300781249998 0.7757600265625 0.19513835156249998 0.7659413015625 0.19513835156249998 0.7659413015625 0.23901300781249998
0 0.7847826375 0.22769051562499998 0.79566284375 0.22769051562499998 0.79566284375 0.1989125140625 0.7847826375 0.1989125140625 0.7847826375 0.22769051562499998
0 0.48723107499999996 0.5565905765625 0.471736434375 0.5565905765625 0.471736434375 0.626389409375 0.48723107499999996 0.626389409375 0.48723107499999996 0.5565905765625
0 0.517176028125 0.5477453546875 0.5029944921875 0.5477453546875 0.5029944921875 0.6138091328125 0.517176028125 0.6138091328125 0.517176028125 0.5477453546875
0 0.5745664765625 0.2546156890625 0.5627170171875 0.2546156890625 0.5627170171875 0.2986893328125 0.5745664765625 0.2986893328125 0.5745664765625 0.2546156890625
0 0.456476471875 0.0395559875 0.4505601453125 0.0395559875 0.4505601453125 0.0568627375 0.456476471875 0.0568627375 0.456476471875 0.0395559875
0 0.599072896875 0 0.599072896875 0.01048533125 0.6047875296874999 0.01048533125 0.6047875296874999 0 0.599072896875 0
0 0.6079810015625 0 0.6079810015625 0.0092901140625 0.6126871703125001 0.0092901140625 0.6126871703125001 0 0.6079810015625 0
0 0.8420370421875001 0.1388073015625 0.8630958953125001 0.1388073015625 0.8630958953125001 0.11605089531249999 0.8420370421875001 0.11605089531249999 0.8420370421875001 0.1388073015625
0 0.7271673828125 0.0587875359375 0.7353279765625 0.0587875359375 0.7353279765625 0.033455396875 0.7271673828125 0.033455396875 0.7271673828125 0.0587875359375
