0 0.111524871875 0.980710690625 0.1163252140625 0.980710690625 0.1163252140625 0.9726690921875001 0.111524871875 0.9726690921875001 0.111524871875 0.980710690625
0 0.0928618078125 0.795644603125 0.10010847812500001 0.795644603125 0.10010847812500001 0.7851412921875001 0.0928618078125 0.7851412921875001 0.0928618078125 0.795644603125
0 0.0497618421875 0.7342925078125 0.056085368749999996 0.7342925078125 0.056085368749999996 0.7223121671875 0.0497618421875 0.7223121671875 0.0497618421875 0.7342925078125
0 0.26396523437499997 0.6579668453124999 0.2682578484375 0.6579668453124999 0.2682578484375 0.6472994187500001 0.26396523437499997 0.6472994187500001 0.26396523437499997 0.6579668453124999
0 0.24721019531250002 0.6495149625 0.2506258234375 0.6495149625 0.2506258234375 0.6422939359375001 0.24721019531250002 0.6422939359375001 0.24721019531250002 0.6495149625
0 0.263965090625 0.6066379984375 0.2680218703125 0.6066379984375 0.2680218703125 0.596220590625 0.263965090625 0.596220590625 0.263965090625 0.6066379984375
0 0.26441584375 0.598304071875 0.2689233765625 0.598304071875 0.2689233765625 0.5882072 0.26441584375 0.5882072 0.26441584375 0.598304071875
0 0.2735749765625 0.5693623859375 0.27907690625 0.5693623859375 0.27907690625 0.5601063421875 0.2735749765625 0.5601063421875 0.2735749765625 0.5693623859375
0 0.587383790625 0.30564549531249996 0.590989815625 0.30564549531249996 0.590989815625 0.2956447828125 0.587383790625 0.2956447828125 0.587383790625 0.30564549531249996
0 0.272568534375 0.318771084375 0.2755595171875 0.318771084375 0.2755595171875 0.31043408125 0.272568534375 0.31043408125 0.272568534375 0.318771084375
0 0.14251550468750002 0.7320142265625 0.1503465703125 0.7320142265625 0.1503465703125 0.716256478125 0.14251550468750002 0.716256478125 0.14251550468750002 0.7320142265625
0 0.13294615468749998 0.8351692875 0.1376275828125 0.8351692875 0.1376275828125 0.82770348125 0.13294615468749998 0.82770348125 0.13294615468749998 0.8351692875
0 0.18000823593749998 0.708148209375 0.1827344796875 0.708148209375 0.1827344796875 0.70300781875 0.18000823593749998 0.70300781875 0.18000823593749998 0.708148209375
0 0.2210118328125 0.6262180109375 0.22526083125000002 0.6262180109375 0.22526083125000002 0.6177080625 0.2210118328125 0.6177080625 0.2210118328125 0.6262180109375
0 0.2493990625 0.6284301218749999 0.23485565625 0.6284301218749999 0.23485565625 0.6399042109375 0.2493990625 0.6399042109375 0.2493990625 0.6284301218749999
