0 0.659375 0.2839847921875 0.646875 0.2840575140625 0.646875 0.3078125 0.659375 0.3078125 0.659375 0.2839847921875
0 0.64375 0.275 0.64375 0.266792846875 0.6436143453125001 0.25513470781250003 0.633506759375 0.25484060625 0.6337411125 0.27498087031249996 0.6343985546875001 0.275 0.64375 0.275
0 0.66409351875 0.28932522031249996 0.6790527453124999 0.28932522031249996 0.6790527453124999 0.27134284218750004 0.66409351875 0.27134284218750004 0.66409351875 0.28932522031249996
0 0.6924624875000001 0.2298358828125 0.709247078125 0.2298358828125 0.709247078125 0.2141586359375 0.6924624875000001 0.2141586359375 0.6924624875000001 0.2298358828125
0 0.6954697265625 0.2753119140625 0.7037501234375 0.2753119140625 0.7037501234375 0.25420984375 0.6954697265625 0.25420984375 0.6954697265625 0.2753119140625
0 0.755558559375 0.3850028640625 0.76540551875 0.3850028640625 0.76540551875 0.365493403125 0.755558559375 0.365493403125 0.755558559375 0.3850028640625
0 0.8183067015625 0.165363209375 0.8311748874999999 0.165363209375 0.8311748874999999 0.1578978546875 0.8183067015625 0.1578978546875 0.8183067015625 0.165363209375
0 0.8559321578125001 0.191740796875 0.8669820140625 0.191740796875 0.8669820140625 0.180542765625 0.8559321578125001 0.180542765625 0.8559321578125001 0.191740796875
0 0.9040479828125001 0.176312396875 0.9103422046875 0.176312396875 0.9103422046875 0.166607434375 0.9040479828125001 0.166607434375 0.9040479828125001 0.176312396875
0 0.898872734375 0.15565824687500002 0.9022296515624999 0.15565824687500002 0.9022296515624999 0.14371367968749998 0.898872734375 0.14371367968749998 0.898872734375 0.15565824687500002
0 0.9716059593749999 0.136248325 0.9788792812499999 0.136248325 0.9788792812499999 0.1295295046875 0.9716059593749999 0.1295295046875 0.9716059593749999 0.136248325
0 0.5477172203125 0.3858972296875 0.5617950453125 0.3858972296875 0.5617950453125 0.3553902875 0.5477172203125 0.3553902875 0.5477172203125 0.3858972296875
0 0.4484375 1 0.4484375 0.938482446875 0.3617051265625 0.9359587921875001 0.3624503140625 1 0.4484375 1
0 0.408390140625 0.832165353125 0.4301879125 0.832165353125 0.4301879125 0.7918337796875 0.408390140625 0.7918337796875 0.408390140625 0.832165353125
0 0.0500347828125 0.8538823531249999 0.0892707703125 0.8538823531249999 0.0892707703125 0.8104483531250001 0.0500347828125 0.8104483531250001 0.0500347828125 0.8538823531249999
0 0.0666010890625 0.7344388515625 0.0927584140625 0.7344388515625 0.0927584140625 0.6754927078125 0.0666010890625 0.6754927078125 0.0666010890625 0.7344388515625
0 0.49520177031249996 0.8285640531249999 0.52234400625 0.8285640531249999 0.52234400625 0.799972071875 0.49520177031249996 0.799972071875 0.49520177031249996 0.8285640531249999
0 0.48195988593749994 0.7783742046875 0.4966024078125 0.7783742046875 0.4966024078125 0.763760525 0.48195988593749994 0.763760525 0.48195988593749994 0.7783742046875
0 0.40981867968749996 0.7872694875 0.4319610296875 0.7872694875 0.4319610296875 0.7739265625 0.40981867968749996 0.7739265625 0.40981867968749996 0.7872694875
0 0.46160320937500005 0.7478760906249999 0.47231724843749995 0.7478760906249999 0.47231724843749995 0.733262409375 0.46160320937500005 0.733262409375 0.46160320937500005 0.7478760906249999
0 0.44803209062500005 0.7478760906249999 0.4533891109375 0.7478760906249999 0.4533891109375 0.7300855234375 0.44803209062500005 0.7300855234375 0.44803209062500005 0.7478760906249999
0 0.437675184375 0.7516883546875001 0.4462464171875 0.7516883546875001 0.4462464171875 0.7269086359375001 0.437675184375 0.7269086359375001 0.437675184375 0.7516883546875001
0 0.3041068140625 0.7250025046874999 0.314106584375 0.7250025046874999 0.314106584375 0.6894213703125001 0.3041068140625 0.6894213703125001 0.3041068140625 0.7250025046874999
0 0.1994663515625 0.741522315625 0.21089466093749998 0.741522315625 0.21089466093749998 0.721190240625 0.1994663515625 0.721190240625 0.1994663515625 0.741522315625
0 0.188038040625 0.7275440140625 0.18714245937500001 0.7275440140625 0.1808953484375 0.7275440140625 0.1808953484375 0.7504176 0.188038040625 0.7504176 0.188038040625 0.7275440140625
0 0.135543428125 0.7284052484375 0.1473288734375 0.7284052484375 0.1473288734375 0.713156190625 0.135543428125 0.713156190625 0.135543428125 0.7284052484375
0 0.1763987984375 0.7272345765624999 0.1763987984375 0.7257371593749999 0.1626848265625 0.7257371593749999 0.1626848265625 0.7440360281249999 0.1763987984375 0.7440360281249999 0.1763987984375 0.7272345765624999
0 0.1084003546875 0.7465775375 0.11382880312500002 0.7465775375 0.11382880312500002 0.7343782921875001 0.1084003546875 0.7343782921875001 0.1084003546875 0.7465775375
0 0.277150109375 0.725841075 0.269562565625 0.725841075 0.269562565625 0.738975215625 0.277150109375 0.738975215625 0.277150109375 0.725841075
0 0.2955037609375 0.646124134375 0.28278949999999997 0.646124134375 0.28278949999999997 0.7263883296875 0.2955037609375 0.7263883296875 0.2955037609375 0.646124134375
0 0.0319639 0.97264535 0.0702640921875 0.97264535 0.0702640921875 0.9352352796875 0.0319639 0.9352352796875 0.0319639 0.97264535
0 0.11307018906249999 0.9303363421874999 0.0882877109375 0.9303363421874999 0.0882877109375 0.9690824875 0.11307018906249999 0.9690824875 0.11307018906249999 0.9303363421874999
0 0.25050028750000003 0.942806365625 0.23122502812499998 0.942806365625 0.23122502812499998 0.981552509375 0.25050028750000003 0.981552509375 0.25050028750000003 0.942806365625
0 0.23673224531249998 0.9811071515624998 0.3130823 0.9811071515624998 0.3130823 0.9151941703125 0.23673224531249998 0.9151941703125 0.23673224531249998 0.9811071515624998
0 0.1398552890625 0.8648687203125001 0.1128198609375 0.8648687203125001 0.1128198609375 0.8884726921875 0.1398552890625 0.8884726921875 0.1398552890625 0.8648687203125001
0 0.1298421671875 0.8310215124999999 0.150869725 0.8310215124999999 0.150869725 0.8038546765625 0.1298421671875 0.8038546765625 0.1298421671875 0.8310215124999999
0 0.20293795781249999 0.804300034375 0.190171228125 0.804300034375 0.190171228125 0.8261225765625 0.20293795781249999 0.8261225765625 0.20293795781249999 0.804300034375
0 0.3376144484375 0.8016278874999999 0.3250980453125 0.8016278874999999 0.3250980453125 0.8194422046875001 0.3376144484375 0.8194422046875001 0.3376144484375 0.8016278874999999
0 0.2532771265625 0.73927420625 0.2454845140625 0.73927420625 0.2454845140625 0.753502859375 0.2532771265625 0.753502859375 0.2532771265625 0.73927420625
0 0.097608325 0.6314722609375 0.0914001890625 0.6314722609375 0.0914001890625 0.657481165625 0.097608325 0.657481165625 0.097608325 0.6314722609375
0 0.11583220624999999 0.637885415625 0.106820396875 0.637885415625 0.106820396875 0.6592625984375 0.11583220624999999 0.6592625984375 0.11583220624999999 0.637885415625
0 0.9138466718749999 0.9290607546875 0.9454626296875001 0.9290607546875 0.9454626296875001 0.8665006953125001 0.9138466718749999 0.8665006953125001 0.9138466718749999 0.9290607546875
0 0.8847599890625 0.919115309375 0.8930704703125001 0.919115309375 0.8930704703125001 0.8947329265625001 0.8847599890625 0.8947329265625001 0.8847599890625 0.919115309375
0 0.9001163125 0.93836455625 0.90951076875 0.93836455625 0.90951076875 0.9159071015624999 0.9001163125 0.9159071015624999 0.9001163125 0.93836455625
0 0.8975870359375 0.8466098046875 0.9207118515625 0.8466098046875 0.9207118515625 0.8276813765625001 0.8975870359375 0.8276813765625001 0.8975870359375 0.8466098046875
0 0.8589252343750001 0.8661798734375001 0.8957804093749999 0.8661798734375001 0.8957804093749999 0.828964659375 0.8589252343750001 0.828964659375 0.8589252343750001 0.8661798734375001
0 0.8300192140625 0.859763459375 0.8567572828125 0.859763459375 0.8567572828125 0.838589284375 0.8300192140625 0.838589284375 0.8300192140625 0.859763459375
0 0.8558539703125 0.8899206140625001 0.8769914968750001 0.8899206140625001 0.8769914968750001 0.8735587531250001 0.8558539703125 0.8735587531250001 0.8558539703125 0.8899206140625001
0 0.8070750625 0.8802959906249999 0.8189987953125 0.8802959906249999 0.8189987953125 0.8600842796875 0.8070750625 0.8600842796875 0.8070750625 0.8802959906249999
0 0.8155662046875 0.8655382328125001 0.8294772281250001 0.8655382328125001 0.8294772281250001 0.846288984375 0.8155662046875 0.846288984375 0.8155662046875 0.8655382328125001
0 0.8423042734375 0.8116403359375 0.8522407171874999 0.8116403359375 0.8522407171874999 0.7943160125000001 0.8423042734375 0.7943160125000001 0.8423042734375 0.8116403359375
0 0.8435689125 0.8408350296875 0.849530778125 0.8408350296875 0.849530778125 0.8215857812500001 0.8435689125 0.8215857812500001 0.8435689125 0.8408350296875
0 0.7897599843750001 0.9934651640624999 0.8195693171875 0.9934651640624999 0.8195693171875 0.9543250249999999 0.7897599843750001 0.9543250249999999 0.7897599843750001 0.9934651640624999
0 0.7512788453125 0.9235262265624999 0.75850535 0.9235262265624999 0.75850535 0.90299369375 0.7512788453125 0.90299369375 0.7512788453125 0.9235262265624999
0 0.8548405640624999 0.775552834375 0.9146850578125001 0.775552834375 0.9146850578125001 0.729033815625 0.8548405640624999 0.729033815625 0.8548405640624999 0.775552834375
0 0.9047486140625001 0.8088379921875 0.91287843125 0.8088379921875 0.91287843125 0.78958874375 0.9047486140625001 0.78958874375 0.9047486140625001 0.8088379921875
0 0.91807248125 0.7370543359375 0.9413327953125 0.7370543359375 0.9413327953125 0.7157999578125 0.91807248125 0.7157999578125 0.91807248125 0.7370543359375
0 0.9453977046875 0.7615169234375 0.9600765421874999 0.7615169234375 0.9600765421874999 0.7370543359375 0.9453977046875 0.7370543359375 0.9453977046875 0.7615169234375
0 0.9670772187499999 0.7711415484374999 0.9722712703124999 0.7711415484374999 0.9722712703124999 0.7559025593750001 0.9670772187499999 0.7559025593750001 0.9670772187499999 0.7711415484374999
0 0.851001484375 0.721414321875 0.8661319796875 0.721414321875 0.8661319796875 0.7089825140625 0.851001484375 0.7089825140625 0.851001484375 0.721414321875
0 0.8232246046875 0.7234194515625 0.8295477968749999 0.7234194515625 0.8295477968749999 0.711789696875 0.8232246046875 0.711789696875 0.8232246046875 0.7234194515625
0 0.694728315625 0.6993578890625 0.703761446875 0.6993578890625 0.703761446875 0.6877281359375 0.694728315625 0.6877281359375 0.694728315625 0.6993578890625
0 0.684791871875 0.8377118671874999 0.6996965375 0.8377118671874999 0.6996965375 0.8140513312500002 0.684791871875 0.8140513312500002 0.684791871875 0.8377118671874999
0 0.7261184453125 0.909094496875 0.7342482640625001 0.909094496875 0.7342482640625001 0.88824114375 0.7261184453125 0.88824114375 0.7261184453125 0.909094496875
0 0.7301833546875001 0.798010290625 0.7356032328125 0.798010290625 0.7356032328125 0.7831723281249999 0.7301833546875001 0.7831723281249999 0.7301833546875001 0.798010290625
0 0.72340850625 0.86377855625 0.7353774062499999 0.86377855625 0.7353774062499999 0.8377118671874999 0.72340850625 0.8377118671874999 0.72340850625 0.86377855625
0 0.7401198 0.8750072859374999 0.759315203125 0.8750072859374999 0.759315203125 0.8541539328125001 0.7401198 0.8541539328125001 0.7401198 0.8750072859374999
0 0.558178425 0.98925019375 0.579800128125 0.98925019375 0.579800128125 0.94099874375 0.558178425 0.94099874375 0.558178425 0.98925019375
0 0.636224678125 0.8999336796874999 0.64281525 0.8999336796874999 0.64281525 0.8855609078125 0.636224678125 0.8855609078125 0.636224678125 0.8999336796874999
0 0.548350378125 0.9284738984375001 0.5520503484375 0.9284738984375001 0.5520503484375 0.9145117781250001 0.548350378125 0.9145117781250001 0.548350378125 0.9284738984375001
0 0.5379442109375 0.922724790625 0.543031671875 0.922724790625 0.543031671875 0.9122532 0.5379442109375 0.9122532 0.5379442109375 0.922724790625
0 0.615612859375 0.7378647515625 0.6278979171875 0.7378647515625 0.6278979171875 0.7215028890624999 0.615612859375 0.7215028890624999 0.615612859375 0.7378647515625
0 0.606579728125 0.8132576421875001 0.6105543046874999 0.8132576421875001 0.6105543046874999 0.79497085625 0.606579728125 0.79497085625 0.606579728125 0.8132576421875001
0 0.5688212390625 0.75326415 0.57622840625 0.75326415 0.57622840625 0.7388272140625001 0.5688212390625 0.7388272140625001 0.5688212390625 0.75326415
0 0.5605107578124999 0.7734758609375 0.5653886499999999 0.7734758609375 0.5653886499999999 0.7580764625 0.5605107578124999 0.7580764625 0.5605107578124999 0.7734758609375
0 0.5296875 0.8110118968750001 0.535217990625 0.8110118968750001 0.535217990625 0.7952916765625 0.5296875 0.7952916765625 0.5296875 0.8110118968750001
0 0.5923073796875 0.7997831671875 0.599353221875 0.7997831671875 0.599353221875 0.78245884375 0.5923073796875 0.78245884375 0.5923073796875 0.7997831671875
