0 0.013902871875 0.4914125171875 0.013902871875 0.525 0.0203125 0.525 0.0203125 0.4913006359375 0.013902871875 0.4914125171875
0 0 0.559375 0.0015625 0.559375 0.0015625 0.5447950625 0.0014791296875 0.541213140625 0 0.5412217453125 0 0.559375
0 0.003794434375 0.4051421984375 0.003794434375 0.4390625 0.009375 0.4390625 0.009375 0.4051421984375 0.003794434375 0.4051421984375
0 0.0235681015625 0.42114168125000007 0.0243125203125 0.453125 0.0359375 0.453125 0.0359375 0.42106971875 0.0235681015625 0.42114168125000007
0 0.0716676078125 0.352499271875 0.0717481109375 0.3478873078125 0.06623611562500001 0.3478552390625 0.0658713953125 0.36875 0.07138395 0.36875 0.0716676078125 0.352499271875
0 0.081110425 0.3421875 0.081574075 0.36875 0.0875 0.36875 0.0875 0.3421875 0.081110425 0.3421875
0 0.060236159375 0.40625 0.0671875 0.40625 0.0671875 0.37671854374999997 0.061824646875 0.3765625 0.0600634421875 0.3765625 0.060236159375 0.40625
0 0.053125 0.3696266875 0.043973781249999996 0.369733171875 0.04375 0.379347721875 0.04375 0.4 0.053019660937500004 0.4 0.053125 0.395474178125 0.053125 0.3696266875
0 0.02109066875 0.4860415734375 0.0224061 0.53125 0.0296875 0.53125 0.0296875 0.4860415734375 0.02109066875 0.4860415734375
0 0 0.4546875 0.0046875 0.4546875 0.0046875 0.41942601249999995 0 0.419535115625 0 0.4546875
0 0 0.5203125 0.0046875 0.5203125 0.0046875 0.5046875 0 0.5046875 0 0.5203125
0 0.0848016125 0.3260123578125 0.0848016125 0.3546875 0.0921875 0.3546875 0.0921875 0.326055328125 0.0848016125 0.3260123578125
0 0.10284099843750001 0.35839574375 0.10284099843750001 0.3859375 0.10625 0.3859375 0.10625 0.3584155765625 0.10284099843750001 0.35839574375
0 0.09519590624999999 0.323681759375 0.0954657828125 0.346875 0.0984375 0.346875 0.0984375 0.323738340625 0.09519590624999999 0.323681759375
0 0.0973833578125 0.325892009375 0.0970443734375 0.3453125 0.10155284843750001 0.3453125 0.1015625 0.344759603125 0.1015625 0.3260136109375 0.0973833578125 0.325892009375
0 0.10622093125000001 0.31875 0.1060754859375 0.34375 0.1109375 0.34375 0.1109375 0.31875 0.10622093125000001 0.31875
0 0.1135242 0.34375 0.113006003125 0.3734375 0.128125 0.3734375 0.128125 0.34375 0.1135242 0.34375
0 0.10747587031250001 0.34112620625 0.10747587031250001 0.3578125 0.1109375 0.3578125 0.1109375 0.3411664859375 0.10747587031250001 0.34112620625
0 0.1203125 0.3296875 0.11237535624999999 0.3296875 0.1121026015625 0.32969226093750004 0.1120117265625 0.3453125 0.1203125 0.3453125 0.1203125 0.3296875
0 0.1333585203125 0.34789561562500004 0.14375 0.34789561562500004 0.14375 0.32398804531250003 0.1333585203125 0.32398804531250003 0.1333585203125 0.34789561562500004
0 0.0728034765625 0.35173845937500003 0.07229842656249999 0.3734375 0.078125 0.3734375 0.078125 0.3518933 0.0728034765625 0.35173845937500003
0 0.075 0.379957034375 0.0688624328125 0.38006416718749997 0.06875 0.3865054421875 0.06875 0.4046875 0.0747285546875 0.4046875 0.075 0.389136390625 0.075 0.379957034375
0 0.039739428125 0.394790334375 0.03914539375 0.4203125 0.0453125 0.4203125 0.0453125 0.39495249375 0.039739428125 0.394790334375
0 0.034950593749999995 0.38491198125000003 0.034523590625 0.409375 0.040625 0.409375 0.040625 0.38484595312500003 0.034950593749999995 0.38491198125000003
0 0.678125 0.559375 0.678125 0.5540126890625 0.6779878234375 0.5304340015625 0.6415747125 0.5306458468749999 0.641741853125 0.559375 0.678125 0.559375
0 0.875 0.1626455875 0.8382566812500001 0.162218040625 0.8375 0.20556831406249998 0.8375 0.2390625 0.8738791093749999 0.2390625 0.875 0.1748466296875 0.875 0.1626455875
0 0.834375 0.172488009375 0.800732628125 0.172879475 0.8 0.21485170468749998 0.8 0.2515625 0.8337974484374999 0.2515625 0.834375 0.2184746203125 0.834375 0.172488009375
0 0.40662432812500005 0.9935571218749999 0.4140625 0.9935138484374999 0.4140625 0.9676997468749999 0.4064741515625 0.96774389375 0.40662432812500005 0.9935571218749999
0 0.3934446421875 0.9580166468750001 0.3940751984375 0.9796875 0.4 0.9796875 0.4 0.95786406875 0.3934446421875 0.9580166468750001
0 0.4181646546875 0.9391908093750001 0.4178396109375 0.9578125 0.425 0.9578125 0.425 0.9392703453125 0.4181646546875 0.9391908093750001
0 0.4402884 0.9317558984375001 0.439942675 0.9515625 0.4453125 0.9515625 0.4453125 0.9316974375000001 0.4402884 0.9317558984375001
0 0.43228687499999996 0.9482620859375 0.4359375 0.94821960625 0.4359375 0.9380680578125 0.432168765625 0.9381119109375 0.43228687499999996 0.9482620859375
0 0.43467547343749996 0.945930753125 0.43451903593749996 0.959375 0.4390625 0.959375 0.4390625 0.9458541781250001 0.43467547343749996 0.945930753125
0 0.45790981718749996 0.8598604609375 0.4581041640625 0.8765625 0.4640625 0.8765625 0.4640625 0.8596814359374999 0.45790981718749996 0.8598604609375
0 0.4614446375 0.854202021875 0.4611907015625 0.86875 0.465625 0.86875 0.465625 0.854299321875 0.4614446375 0.854202021875
0 0.41493963906250003 0.8642325468750001 0.41493963906250003 0.878125 0.41875 0.878125 0.41875 0.8641216765624999 0.41493963906250003 0.8642325468750001
0 0.38705007812500003 0.6400276546875 0.38678160156249997 0.6515625 0.390625 0.6515625 0.390625 0.6399444484375 0.38705007812500003 0.6400276546875
0 0.3988559390625 0.633272271875 0.3988222515625 0.6390625 0.40625 0.6390625 0.40625 0.633272271875 0.3988559390625 0.633272271875
0 0.36875 0.6708720109375 0.365625 0.67092655625 0.365625 0.684375 0.36875 0.684375 0.36875 0.6708720109375
0 0.3953125 0.734375 0.3918713 0.734375 0.3837167015625 0.7344224421875 0.3842611109375 0.7578125 0.3953125 0.7578125 0.3953125 0.734375
0 0.36147564375 0.8929895765625 0.36147564375 0.909375 0.3655351671875 0.909375 0.3655351671875 0.8929895765625 0.36147564375 0.8929895765625
0 0.35667345625 0.888352153125 0.35705366562499996 0.9046875 0.3625 0.9046875 0.3625 0.8883182546875 0.35667345625 0.888352153125
0 0.3789070375 0.9511061640625 0.3786808828125 0.9640625 0.3828125 0.9640625 0.3828125 0.9511288859375 0.3789070375 0.9511061640625
0 0.5467093703125 0.6380104765625 0.5469731953125 0.653125 0.55 0.653125 0.55 0.6380679140625001 0.5467093703125 0.6380104765625
0 0.5411780734375 0.6390625 0.5413235249999999 0.6515625 0.5453125 0.6515625 0.5453125 0.6390625 0.5411780734375 0.6390625
0 0.517612809375 0.644172034375 0.5174177249999999 0.6609375 0.51875 0.6609375 0.51875 0.6442051234375 0.517612809375 0.644172034375
0 0.51916080625 0.656074228125 0.521875 0.6561216046875 0.521875 0.6399078734375 0.519255125 0.6398621437500001 0.51916080625 0.656074228125
0 0.525 0.685334190625 0.525 0.7046875 0.5295154 0.7046875 0.5296875 0.689897278125 0.5296875 0.68525236875 0.525 0.685334190625
0 0.5390625 0.6296875 0.5367693906250001 0.6296875 0.5238856671875001 0.629987371875 0.5236510625 0.6703125 0.5390625 0.6703125 0.5390625 0.6296875
0 0.5351134859375 0.559375 0.5352953421875 0.565625 0.5453125 0.565625 0.5453125 0.559375 0.5351134859375 0.559375
0 0.446875 0.6588999156249999 0.4421875 0.6589544593750001 0.4421875 0.6796875 0.446875 0.6796875 0.446875 0.6588999156249999
0 0.4391096015625 0.66549754375 0.439173975 0.6765625 0.4421875 0.6765625 0.4421875 0.66549754375 0.4391096015625 0.66549754375
0 0.6456641078125 0.559375 0.6457186546875 0.5625 0.6484375 0.5625 0.6484375 0.559375 0.6456641078125 0.559375
0 0.503528003125 0.8803883593750002 0.5036966421875 0.909375 0.5125 0.909375 0.5125 0.8802317515624999 0.503528003125 0.8803883593750002
0 0.48898659999999994 0.9206667515625 0.4887766390625 0.9296875 0.4921875 0.9296875 0.4921875 0.9206481296875 0.48898659999999994 0.9206667515625
0 0.45275059687499997 0.918048934375 0.452465625 0.934375 0.4578125 0.934375 0.4578125 0.9181372890624999 0.45275059687499997 0.918048934375
0 0.524723546875 0.9234111468750001 0.5242501546875 0.94375 0.5296875 0.94375 0.5296875 0.9234111468750001 0.524723546875 0.9234111468750001
