0 0.1989656765625 0.47237641718749995 0.2035885671875 0.47237641718749995 0.2035885671875 0.45753014375 0.1989656765625 0.45753014375 0.1989656765625 0.47237641718749995
0 0.21894849375 0.5267243796875001 0.22357138437500002 0.5267243796875001 0.22357138437500002 0.5150594515625 0.21894849375 0.5150594515625 0.21894849375 0.5267243796875001
0 0.250861353125 0.442683871875 0.25503686718749996 0.442683871875 0.25503686718749996 0.429163159375 0.250861353125 0.429163159375 0.250861353125 0.442683871875
0 0.24444895625 0.47131596875000004 0.24922097187499997 0.47131596875000004 0.24922097187499997 0.4601812640625 0.24444895625 0.4601812640625 0.24444895625 0.47131596875000004
0 0.215965984375 0.496766721875 0.21879936875 0.496766721875 0.21879936875 0.48536690625 0.215965984375 0.48536690625 0.215965984375 0.496766721875
0 0.20806233281250003 0.4978271703125 0.21164134375 0.4978271703125 0.21164134375 0.490404034375 0.20806233281250003 0.490404034375 0.20806233281250003 0.4978271703125
0 0.1220169140625 0.50525030625 0.1285784375 0.50525030625 0.1285784375 0.49888761875 0.1220169140625 0.49888761875 0.1220169140625 0.50525030625
0 0.1290258140625 0.520626803125 0.1393154734375 0.520626803125 0.1393154734375 0.5116129953125 0.1290258140625 0.5116129953125 0.1290258140625 0.520626803125
0 0.17883373281249998 0.48377623437499995 0.1833074984375 0.48377623437499995 0.1833074984375 0.47661820937500005 0.17883373281249998 0.47661820937500005 0.17883373281249998 0.48377623437499995
0 0.20985183749999997 0.44586521562500003 0.21432560312499999 0.44586521562500003 0.21432560312499999 0.43711651875 0.20985183749999997 0.43711651875 0.20985183749999997 0.44586521562500003
0 0.28023907656249997 0.47794376875 0.2857567203125 0.47794376875 0.2857567203125 0.4657486171875 0.28023907656249997 0.4657486171875 0.28023907656249997 0.47794376875
0 0.25831762812500003 0.47873910625000005 0.2615983890625 0.47873910625000005 0.2615983890625 0.46627884062499997 0.25831762812500003 0.46627884062499997 0.25831762812500003 0.47873910625000005
0 0.25190523125 0.4792693296875 0.25578249375 0.4792693296875 0.25578249375 0.4673392890625 0.25190523125 0.4673392890625 0.25190523125 0.4792693296875
0 0.23967693906249998 0.47078574531250006 0.24206294687500002 0.47078574531250006 0.24206294687500002 0.46468816874999996 0.23967693906249998 0.46468816874999996 0.23967693906249998 0.47078574531250006
0 0.23505404843750002 0.5389195328125 0.2442998296875 0.5389195328125 0.2442998296875 0.5320266203124999 0.23505404843750002 0.5320266203124999 0.23505404843750002 0.5389195328125
0 0.19523753906250002 0.49888761875 0.1992639265625 0.49888761875 0.1992639265625 0.4930551546875 0.19523753906250002 0.4930551546875 0.19523753906250002 0.49888761875
0 0.285136359375 0.518675578125 0.29035575156250004 0.518675578125 0.29035575156250004 0.5064804265625 0.285136359375 0.5064804265625 0.285136359375 0.518675578125
0 0.19079650625 0.5903759171875 0.1968547296875 0.5903759171875 0.1968547296875 0.5721494671875 0.19079650625 0.5721494671875 0.19079650625 0.5903759171875
0 0.20477702187500002 0.5862335421875 0.21060223749999998 0.5862335421875 0.21060223749999998 0.5767060796875 0.20477702187500002 0.5767060796875 0.20477702187500002 0.5862335421875
0 0.3019416109375 0.5622077671875 0.3063687734375 0.5622077671875 0.3063687734375 0.5435670781249999 0.3019416109375 0.5435670781249999 0.3019416109375 0.5622077671875
0 0.31778619531249996 0.5564084421875 0.32477645312500003 0.5564084421875 0.32477645312500003 0.5381819906249999 0.31778619531249996 0.5381819906249999 0.31778619531249996 0.5564084421875
0 0.2263121671875 0.6528805453125 0.23126359999999999 0.6528805453125 0.23126359999999999 0.6300974828125 0.2263121671875 0.6300974828125 0.2263121671875 0.6528805453125
0 0.3291272125 0.678770390625 0.334952428125 0.678770390625 0.334952428125 0.6559873265625 0.3291272125 0.6559873265625 0.3291272125 0.678770390625
0 0.2903895328125 0.7274432984375 0.2988360953125 0.7274432984375 0.2988360953125 0.7036246421875 0.2903895328125 0.7036246421875 0.2903895328125 0.7274432984375
0 0.25281689531249996 0.6383822328125001 0.258933371875 0.6383822328125001 0.258933371875 0.6254373109375 0.25281689531249996 0.6254373109375 0.25281689531249996 0.6383822328125001
0 0.24320529062500001 0.6373466390625 0.2496130265625 0.6373466390625 0.2496130265625 0.62802629375 0.24320529062500001 0.62802629375 0.24320529062500001 0.6373466390625
0 0.3471853796875 0.5824601671875 0.35184555156249997 0.5824601671875 0.35184555156249997 0.5601949015625001 0.3471853796875 0.5601949015625001 0.3471853796875 0.5824601671875
0 0.357962028125 0.6673788578125001 0.3675736328125 0.6673788578125001 0.3675736328125 0.6549517328125 0.357962028125 0.6549517328125 0.357962028125 0.6673788578125001
0 0.377767759375 0.6326864671875 0.3920395359375 0.6326864671875 0.3920395359375 0.62181273125 0.377767759375 0.62181273125 0.377767759375 0.6326864671875
0 0.3634959828125 0.5218779312499999 0.36990371875 0.5218779312499999 0.36990371875 0.5084152109375 0.3634959828125 0.5084152109375 0.3634959828125 0.5218779312499999
0 0.36000085312499996 0.47113383437499995 0.36669985 0.47113383437499995 0.36669985 0.4576711140625 0.36000085312499996 0.4576711140625 0.36000085312499996 0.47113383437499995
0 0.3480591625 0.4975414765625 0.35330185625 0.4975414765625 0.35330185625 0.48407875625 0.3480591625 0.48407875625 0.3480591625 0.4975414765625
0 0.3562144640625 0.5218779312499999 0.3634959828125 0.5218779312499999 0.3634959828125 0.5094508046875 0.3562144640625 0.5094508046875 0.3562144640625 0.5218779312499999
0 0.3463115984375 0.5436254 0.3500979875 0.5436254 0.3500979875 0.5327516640625001 0.3463115984375 0.5327516640625001 0.3463115984375 0.5436254
0 0.3500979875 0.543107603125 0.35592320312500003 0.543107603125 0.35592320312500003 0.533787259375 0.3500979875 0.533787259375 0.3500979875 0.543107603125
0 0.3760201953125 0.47268722500000004 0.3812628890625 0.47268722500000004 0.3812628890625 0.46129569375 0.3760201953125 0.46129569375 0.3760201953125 0.47268722500000004
0 0.40135988125 0.44783297343750006 0.4042724875 0.44783297343750006 0.4042724875 0.4322990671875 0.40135988125 0.4322990671875 0.40135988125 0.44783297343750006
0 0.400777359375 0.543107603125 0.40339870624999996 0.543107603125 0.40339870624999996 0.5249847125 0.400777359375 0.5249847125 0.400777359375 0.543107603125
0 0.368447415625 0.5752110109374999 0.37631145625 0.5752110109374999 0.37631145625 0.55501693125 0.368447415625 0.55501693125 0.368447415625 0.5752110109374999
0 0.40346857812500003 0.4591618125 0.40824059375 0.4591618125 0.40824059375 0.45258703593750005 0.40346857812500003 0.45258703593750005 0.40346857812500003 0.4591618125
0 0.409314296875 0.3872634359375 0.4137284125 0.3872634359375 0.4137284125 0.373265521875 0.409314296875 0.373265521875 0.409314296875 0.3872634359375
0 0.43755489062499997 0.457627409375 0.4426251578125 0.457627409375 0.4426251578125 0.44013001718749994 0.43755489062499997 0.44013001718749994 0.43755489062499997 0.457627409375
0 0.43248462343750005 0.5626117671875 0.4371075140625 0.5626117671875 0.4371075140625 0.5464399328125 0.43248462343750005 0.5464399328125 0.43248462343750005 0.5626117671875
0 0.40698416249999997 0.5159520515625 0.411607053125 0.5159520515625 0.411607053125 0.49739421093749997 0.40698416249999997 0.49739421093749997 0.40698416249999997 0.5159520515625
0 0.4045981546875 0.5435237015625 0.40907191875000004 0.5435237015625 0.40907191875000004 0.52098918125 0.4045981546875 0.52098918125 0.4045981546875 0.5435237015625
0 0.450230559375 0.587002071875 0.453958696875 0.587002071875 0.453958696875 0.576397590625 0.450230559375 0.576397590625 0.450230559375 0.587002071875
0 0.4731958875 0.5284123171874999 0.477967903125 0.5284123171874999 0.477967903125 0.5077335796875 0.4731958875 0.5077335796875 0.4731958875 0.5284123171874999
0 0.452020065625 0.464785434375 0.45604645312500003 0.464785434375 0.45604645312500003 0.44543225781249995 0.452020065625 0.44543225781249995 0.452020065625 0.464785434375
0 0.543284875 0.49394775625 0.5474603890624999 0.49394775625 0.5474603890624999 0.47300390625000005 0.543284875 0.47300390625000005 0.543284875 0.49394775625
0 0.5581694640625 0.535081540625 0.56574224375 0.535081540625 0.56574224375 0.5102272890624999 0.5581694640625 0.5102272890624999 0.5581694640625 0.535081540625
0 0.56807233125 0.5625247765625 0.57418880625 0.5625247765625 0.57418880625 0.53663493125 0.56807233125 0.53663493125 0.56807233125 0.5625247765625
0 0.5689461125 0.5185120390625 0.572732503125 0.5185120390625 0.572732503125 0.5034959296875 0.5689461125 0.5034959296875 0.5689461125 0.5185120390625
0 0.47894653906249995 0.6360519359375 0.4876843625 0.6360519359375 0.4876843625 0.6153400609374999 0.47894653906249995 0.6153400609374999 0.47894653906249995 0.6360519359375
0 0.47137375937500003 0.6319095609375001 0.47894653906249995 0.6319095609375001 0.47894653906249995 0.6189646375 0.47137375937500003 0.6189646375 0.47137375937500003 0.6319095609375001
0 0.449529203125 0.6329451546875 0.45535441875 0.6329451546875 0.45535441875 0.613268871875 0.449529203125 0.613268871875 0.449529203125 0.6329451546875
0 0.4591408078125 0.6256959984375 0.4664223265625 0.6256959984375 0.4664223265625 0.612233278125 0.4591408078125 0.612233278125 0.4591408078125 0.6256959984375
0 0.453606853125 0.6800646718750001 0.45768450468750005 0.6800646718750001 0.45768450468750005 0.655210421875 0.453606853125 0.655210421875 0.453606853125 0.6800646718750001
0 0.4474654296875 0.67895961875 0.451187603125 0.67895961875 0.451187603125 0.6665735859375 0.4474654296875 0.6665735859375 0.4474654296875 0.67895961875
0 0.5517668390625 0.729661546875 0.5641454203125 0.729661546875 0.5641454203125 0.6843543171875 0.5517668390625 0.6843543171875 0.5517668390625 0.729661546875
0 0.449097421875 0.8727029390625001 0.46220415625 0.8727029390625001 0.46220415625 0.8222177421874999 0.449097421875 0.8222177421874999 0.449097421875 0.8727029390625001
0 0.475310890625 0.8688194625 0.485140940625 0.8688194625 0.485140940625 0.817039771875 0.475310890625 0.817039771875 0.475310890625 0.8688194625
0 0.48841762343750006 0.8584635234375 0.49533506718750003 0.8584635234375 0.49533506718750003 0.8079783265625 0.48841762343750006 0.8079783265625 0.48841762343750006 0.8584635234375
0 0.9222271328125 0.856249646875 0.9335979515625 0.856249646875 0.9335979515625 0.8151572843749999 0.9222271328125 0.8151572843749999 0.9222271328125 0.856249646875
0 0.9595085093750001 0.872819146875 0.9710657359375 0.872819146875 0.9710657359375 0.8144945046875 0.9595085093750001 0.8144945046875 0.9595085093750001 0.872819146875
0 0.62955585625 0.5876765671874999 0.7909143140625 0.5876765671874999 0.7909143140625 0.4385510609375 0.62955585625 0.4385510609375 0.62955585625 0.5876765671874999
0 0.7909143140625 0.561786721875 0.7964482687500001 0.561786721875 0.7964482687500001 0.5353790796875 0.7909143140625 0.5353790796875 0.7909143140625 0.561786721875
0 0.8034385265624999 0.5659290968749999 0.8098462625 0.5659290968749999 0.8098462625 0.5405570484375 0.8034385265624999 0.5405570484375 0.8034385265624999 0.5659290968749999
0 0.82353551875 0.5918189421875 0.8281956906250001 0.5918189421875 0.8281956906250001 0.570071471875 0.82353551875 0.570071471875 0.82353551875 0.5918189421875
0 0.8156714781250001 0.5949257234374999 0.82033165 0.5949257234374999 0.82033165 0.562822315625 0.8156714781250001 0.562822315625 0.8156714781250001 0.5949257234374999
0 0.7955744859375 0.5141494078125 0.7987783546875 0.5141494078125 0.7987783546875 0.48256379687499995 0.7955744859375 0.48256379687499995 0.7955744859375 0.5141494078125
0 0.790623053125 0.68139780625 0.8022734843749999 0.68139780625 0.8022734843749999 0.6596503359375 0.790623053125 0.6596503359375 0.790623053125 0.68139780625
0 0.5590400343749999 0.4493883875 0.56439923125 0.4493883875 0.56439923125 0.42950498593750003 0.5590400343749999 0.42950498593750003 0.5590400343749999 0.4493883875
0 0.525020778125 0.4299192234375 0.535506165625 0.4299192234375 0.535506165625 0.4162493859375 0.525020778125 0.4162493859375 0.525020778125 0.4299192234375
0 0.8132015875 0.7173326671875 0.8249452203125 0.7173326671875 0.8249452203125 0.693141196875 0.8132015875 0.693141196875 0.8132015875 0.7173326671875
0 0.24007478125 0.6295306875 0.244961325 0.6295306875 0.244961325 0.6178029796875 0.24007478125 0.6178029796875 0.24007478125 0.6295306875
0 0.4146669671875 0.383065096875 0.41824597968750005 0.383065096875 0.41824597968750005 0.370551809375 0.4146669671875 0.370551809375 0.4146669671875 0.383065096875
0 0.4880367171875 0.48953408125 0.4880367171875 0.5090463234375 0.48887181875 0.5090463234375 0.491377128125 0.5090463234375 0.491377128125 0.48953408125 0.4880367171875 0.48953408125
0 0.490422725 0.51668155 0.4936438359375 0.51668155 0.4936438359375 0.5088342359375 0.490422725 0.5088342359375 0.490422725 0.51668155
0 0.4870823140625 0.5241046875 0.49591054375 0.5241046875 0.49591054375 0.518802446875 0.4870823140625 0.518802446875 0.4870823140625 0.5241046875
0 0.540824009375 0.447242396875 0.5444278359375 0.447242396875 0.5444278359375 0.43258276249999994 0.540824009375 0.43258276249999994 0.540824009375 0.447242396875
0 0.7945316 0.471407603125 0.799154490625 0.471407603125 0.799154490625 0.454705546875 0.7945316 0.454705546875 0.7945316 0.471407603125
0 0.9274053921875 0.6986116203125 0.935851953125 0.6986116203125 0.935851953125 0.656670071875 0.9274053921875 0.656670071875 0.9274053921875 0.6986116203125
0 0.4318222734375 0.8210845875 0.440556971875 0.8210845875 0.440556971875 0.809248290625 0.4318222734375 0.809248290625 0.4318222734375 0.8210845875
0 0.002361846875 0.604409903125 0.009538959375 0.604409903125 0.009538959375 0.59694435 0.002361846875 0.59694435 0.002361846875 0.604409903125
0 0.0440980125 0.3069150078125 0.04672501875 0.3069150078125 0.04672501875 0.2955174140625 0.0440980125 0.2955174140625 0.0440980125 0.3069150078125
