0 0.35933020781249997 0.520472496875 0.36390506718750004 0.520472496875 0.36390506718750004 0.49715765625 0.35933020781249997 0.49715765625 0.35933020781249997 0.520472496875
0 0.35201043125 0.5117972078124999 0.35567031875 0.5117972078124999 0.35567031875 0.4852291328125 0.35201043125 0.4852291328125 0.35201043125 0.5117972078124999
0 0.34225073125 0.499326478125 0.34652059999999996 0.499326478125 0.34652059999999996 0.4760116375 0.34225073125 0.4760116375 0.34225073125 0.499326478125
0 0.33615091874999997 0.4808914890625 0.33950581562500004 0.4808914890625 0.33950581562500004 0.463540909375 0.33615091874999997 0.463540909375 0.33615091874999997 0.4808914890625
0 0.38372945937499997 0.4348040125 0.386169384375 0.4348040125 0.386169384375 0.41691122812500003 0.38372945937499997 0.41691122812500003 0.38372945937499997 0.4348040125
0 0.380069571875 0.42883975156250004 0.38372945937499997 0.42883975156250004 0.38372945937499997 0.41582681718750003 0.380069571875 0.41582681718750003 0.380069571875 0.42883975156250004
0 0.4143484828125 0.42898286093750004 0.41606619062499994 0.42898286093750004 0.41606619062499994 0.42287545625 0.4143484828125 0.42287545625 0.4143484828125 0.42898286093750004
0 0.0113690296875 0.1049723625 0.15375156406249998 0.1049723625 0.15375156406249998 0.0186799171875 0.0113690296875 0.0186799171875 0.0113690296875 0.1049723625
0 0.3605744265625 0.4237231125 0.368172203125 0.4237231125 0.368172203125 0.40609791875 0.3605744265625 0.40609791875 0.3605744265625 0.4237231125
0 0.3709518765625 0.44793716406249995 0.3755846671875 0.44793716406249995 0.3755846671875 0.4387127640625 0.3709518765625 0.4387127640625 0.3709518765625 0.44793716406249995
