0 0.34113189843749997 0.2718670921875 0.341322840625 0.3046875 0.3546875 0.3046875 0.3546875 0.27163047812499996 0.34113189843749997 0.2718670921875
0 0.4203125 0.317292309375 0.4105445078125 0.317462809375 0.409375 0.357656178125 0.409375 0.359375 0.41991454062500005 0.359375 0.4203125 0.345698028125 0.4203125 0.317292309375
0 0.5494877484375 0.4805156078125 0.5496192859375 0.503125 0.5640625 0.503125 0.5640625 0.4801763765625 0.5494877484375 0.4805156078125
0 0.500470471875 0.5083681046875 0.518709721875 0.5083681046875 0.518709721875 0.478110225 0.500470471875 0.478110225 0.500470471875 0.5083681046875
0 0.018548365625 0.996535159375 0.0246559421875 0.996535159375 0.0246559421875 0.9663973015625 0.018548365625 0.9663973015625 0.018548365625 0.996535159375
0 0.06392928437499999 0.9141269578125 0.0705034109375 0.9141269578125 0.0705034109375 0.87329420625 0.06392928437499999 0.87329420625 0.06392928437499999 0.9141269578125
0 0.042694146875 0.8322339031249999 0.0492541359375 0.8322339031249999 0.0492541359375 0.800579040625 0.042694146875 0.800579040625 0.042694146875 0.8322339031249999
0 0.0498196515625 0.8234352671874999 0.05490930000000001 0.8234352671874999 0.05490930000000001 0.8002756375000001 0.0498196515625 0.8002756375000001 0.0498196515625 0.8234352671874999
0 0.0606210140625 0.826671546875 0.0666154875 0.826671546875 0.0666154875 0.798354096875 0.0606210140625 0.798354096875 0.0606210140625 0.826671546875
0 0.0318650390625 0.7501087156249999 0.0385805453125 0.7501087156249999 0.0385805453125 0.72722720625 0.0318650390625 0.72722720625 0.0318650390625 0.7501087156249999
0 0.10601836718749999 0.8953620624999999 0.114571803125 0.8953620624999999 0.114571803125 0.8622407609374999 0.10601836718749999 0.8622407609374999 0.10601836718749999 0.8953620624999999
0 0.0995149296875 0.9610990000000001 0.10792698593750001 0.9610990000000001 0.10792698593750001 0.9225417593749998 0.0995149296875 0.9225417593749998 0.0995149296875 0.9610990000000001
0 0.11980282812500001 0.9490893687499999 0.1249631640625 0.9490893687499999 0.1249631640625 0.9269663609375 0.11980282812500001 0.9269663609375 0.11980282812500001 0.9490893687499999
0 0.128851090625 0.9640065953124999 0.1372631453125 0.9640065953124999 0.1372631453125 0.92216250625 0.128851090625 0.92216250625 0.128851090625 0.9640065953124999
0 0.1623579328125 0.9674198593749999 0.1697096453125 0.9674198593749999 0.1697096453125 0.9268399437500001 0.1623579328125 0.9268399437500001 0.1623579328125 0.9674198593749999
0 0.13924245156249998 0.9129340515625 0.148785540625 0.9129340515625 0.148785540625 0.8739975578125 0.13924245156249998 0.8739975578125 0.13924245156249998 0.9129340515625
0 0.15352174062499999 0.876525903125 0.159176903125 0.876525903125 0.159176903125 0.8565519875 0.15352174062499999 0.8565519875 0.15352174062499999 0.876525903125
0 0.1162683515625 0.832532721875 0.1223476515625 0.832532721875 0.1223476515625 0.804720940625 0.1162683515625 0.804720940625 0.1162683515625 0.832532721875
0 0.1251752328125 0.8293722921875 0.13160798125 0.8293722921875 0.13160798125 0.7999170875 0.1251752328125 0.7999170875 0.1251752328125 0.8293722921875
0 0.2102854421875 0.9004187515625001 0.2162233625 0.9004187515625001 0.2162233625 0.87361830625 0.2102854421875 0.87361830625 0.2102854421875 0.9004187515625001
0 0.20060097500000001 0.8585746625 0.2167888796875 0.8585746625 0.2167888796875 0.8417611765625 0.20060097500000001 0.8417611765625 0.20060097500000001 0.8585746625
0 0.23646602031250002 0.9104411062499999 0.24307125156249998 0.9104411062499999 0.24307125156249998 0.878401934375 0.23646602031250002 0.878401934375 0.23646602031250002 0.9104411062499999
0 0.25478875 0.863595953125 0.260624878125 0.863595953125 0.260624878125 0.8344694328125 0.25478875 0.8344694328125 0.25478875 0.863595953125
0 0.26243452968750003 0.8671558609375 0.267456315625 0.8671558609375 0.267456315625 0.8410229000000001 0.26243452968750003 0.8410229000000001 0.26243452968750003 0.8671558609375
0 0.26691341875 0.8589033468749999 0.2708494140625 0.8589033468749999 0.2708494140625 0.8334985484375 0.26691341875 0.8334985484375 0.26691341875 0.8589033468749999
0 0.27179947968749996 0.869097628125 0.279128571875 0.869097628125 0.279128571875 0.8373011781249999 0.27179947968749996 0.8373011781249999 0.27179947968749996 0.869097628125
0 0.3012918640625 0.826625246875 0.3083042671875 0.826625246875 0.3083042671875 0.7943635812500001 0.3012918640625 0.7943635812500001 0.3012918640625 0.826625246875
0 0.336297325 0.8085223046875001 0.3421786953125 0.8085223046875001 0.3421786953125 0.7825309328125 0.336297325 0.7825309328125 0.336297325 0.8085223046875001
0 0.3488517875 0.8051848921874999 0.3539979859375 0.8051848921874999 0.3539979859375 0.7852615421875 0.3488517875 0.7852615421875 0.3488517875 0.8051848921874999
0 0.348060065625 0.778586715625 0.35354557343750004 0.778586715625 0.35354557343750004 0.7550225515625 0.348060065625 0.7550225515625 0.348060065625 0.778586715625
0 0.2585388296875 0.767462003125 0.26272365 0.767462003125 0.26272365 0.7455159796874999 0.2585388296875 0.7455159796874999 0.2585388296875 0.767462003125
0 0.222798196875 0.741167228125 0.22585198593750003 0.741167228125 0.22585198593750003 0.7313572546875 0.222798196875 0.7313572546875 0.222798196875 0.741167228125
0 0.22658715625 0.740661559375 0.2317333546875 0.740661559375 0.2317333546875 0.7166928625000001 0.22658715625 0.7166928625000001 0.22658715625 0.740661559375
0 0.23885886093750003 0.7455159796874999 0.24366575 0.7455159796874999 0.24366575 0.7215472828125 0.23885886093750003 0.7215472828125 0.23885886093750003 0.7455159796874999
0 0.2486196734375 0.7635177875 0.2530533203125 0.7635177875 0.2530533203125 0.7445855484375 0.2486196734375 0.7445855484375 0.2486196734375 0.7635177875
0 0.23875706874999997 0.7741975109375 0.24224065 0.7741975109375 0.24224065 0.747660015625 0.23875706874999997 0.747660015625 0.23875706874999997 0.7741975109375
0 0.23301142187499999 0.75866336875 0.2365854859375 0.75866336875 0.2365854859375 0.7301841046875 0.23301142187499999 0.7301841046875 0.23301142187499999 0.75866336875
0 0.24460450625000002 0.764124590625 0.24782795000000002 0.764124590625 0.24782795000000002 0.7383354843750001 0.24460450625000002 0.7383354843750001 0.24460450625000002 0.764124590625
0 0.045911226562500004 0.750045665625 0.0491346703125 0.750045665625 0.0491346703125 0.729009846875 0.045911226562500004 0.729009846875 0.045911226562500004 0.750045665625
0 0.098816709375 0.7661872171875 0.10355799843749999 0.7661872171875 0.10355799843749999 0.75149450625 0.098816709375 0.75149450625 0.098816709375 0.7661872171875
0 0.10952985 0.780491575 0.114995 0.780491575 0.114995 0.75142978125 0.10952985 0.75142978125 0.10952985 0.780491575
0 0.09141128125 0.7641605296874999 0.097801615625 0.7641605296874999 0.097801615625 0.7316965953125 0.09141128125 0.7316965953125 0.09141128125 0.7641605296874999
0 0.0785881984375 0.7100729359375 0.0829002609375 0.7100729359375 0.0829002609375 0.689466934375 0.0785881984375 0.689466934375 0.0785881984375 0.7100729359375
0 0.06840890468750001 0.677330884375 0.0729330359375 0.677330884375 0.0729330359375 0.6558399625 0.06840890468750001 0.6558399625 0.06840890468750001 0.677330884375
0 0.38444655625 1 0.38444655625 0.9898562421874999 0.3579238390625 0.9898562421874999 0.3579238390625 1 0.38444655625 1
0 0.45 0.8427432734375 0.4438236890625 0.8427432734375 0.4438236890625 0.880273375 0.45 0.880273375 0.45 0.8427432734375
0 0.442717178125 0.8071333296875001 0.44752406562499997 0.8071333296875001 0.44752406562499997 0.78316463125 0.442717178125 0.78316463125 0.442717178125 0.8071333296875001
0 0.2297210796875 0.704041390625 0.2350227953125 0.704041390625 0.2350227953125 0.6866590296874999 0.2297210796875 0.6866590296874999 0.2297210796875 0.704041390625
0 0.299637453125 0.717275690625 0.30703776562499996 0.717275690625 0.30703776562499996 0.693967521875 0.299637453125 0.693967521875 0.299637453125 0.717275690625
0 0.36128139843749996 0.7272473140625 0.368350353125 0.7272473140625 0.368350353125 0.702161403125 0.36128139843749996 0.702161403125 0.36128139843749996 0.7272473140625
0 0.35012570468750004 0.7264572078125 0.355648325 0.7264572078125 0.355648325 0.70769215625 0.35012570468750004 0.70769215625 0.35012570468750004 0.7264572078125
0 0.35796782656250004 0.684186459375 0.3626068265625 0.684186459375 0.3626068265625 0.6670016249999999 0.35796782656250004 0.6670016249999999 0.35796782656250004 0.684186459375
0 0.14136375 0.672223740625 0.1462236546875 0.672223740625 0.1462236546875 0.661794321875 0.14136375 0.661794321875 0.14136375 0.672223740625
0 0.0347153546875 0.6748668453125 0.04196379375 0.6748668453125 0.04196379375 0.6548055234375 0.0347153546875 0.6548055234375 0.0347153546875 0.6748668453125
0 0.0312043484375 0.6385046203125 0.036506065625 0.6385046203125 0.036506065625 0.621280278125 0.0312043484375 0.621280278125 0.0312043484375 0.6385046203125
0 0.0046957703125 0.6129051390625 0.008495334375 0.6129051390625 0.008495334375 0.5953647546874999 0.0046957703125 0.5953647546874999 0.0046957703125 0.6129051390625
0 0.0309392640625 0.6056361515625001 0.034562103125 0.6056361515625001 0.034562103125 0.5860414875 0.0309392640625 0.5860414875 0.0309392640625 0.6056361515625001
0 0.060452146875 0.5967869484375 0.0661073109375 0.5967869484375 0.0661073109375 0.568185059375 0.060452146875 0.568185059375 0.060452146875 0.5967869484375
0 0.041489335937499996 0.6317262890625 0.0457307078125 0.6317262890625 0.0457307078125 0.617820396875 0.041489335937499996 0.617820396875 0.041489335937499996 0.6317262890625
0 0.0785306546875 0.6341282140625 0.0830547859375 0.6341282140625 0.0830547859375 0.6221185828125 0.0785306546875 0.6221185828125 0.0785306546875 0.6341282140625
0 0.0757737625 0.6729382921875 0.0830547859375 0.6729382921875 0.0830547859375 0.6506888671875 0.0757737625 0.6506888671875 0.0757737625 0.6729382921875
0 0.0866599515625 0.6322319578125 0.090123740625 0.6322319578125 0.090123740625 0.6197166546874999 0.0866599515625 0.6197166546874999 0.0866599515625 0.6322319578125
0 0.101646134375 0.636782975 0.10440302812499999 0.636782975 0.10440302812499999 0.6224978343750001 0.101646134375 0.6224978343750001 0.101646134375 0.636782975
0 0.10560475 0.6346338828125 0.108573709375 0.6346338828125 0.108573709375 0.6216129140625 0.10560475 0.6216129140625 0.10560475 0.6346338828125
0 0.1491442046875 0.62728618125 0.1530462671875 0.62728618125 0.1530462671875 0.6103968453124999 0.1491442046875 0.6103968453124999 0.1491442046875 0.62728618125
0 0.11577874218749999 0.5905746296875 0.120529078125 0.5905746296875 0.120529078125 0.5774272421875 0.11577874218749999 0.5774272421875 0.11577874218749999 0.5905746296875
0 0.08405327500000001 0.575809103125 0.090443609375 0.575809103125 0.090443609375 0.560133371875 0.08405327500000001 0.560133371875 0.08405327500000001 0.575809103125
0 0.1741124140625 0.6835390625000001 0.1799796453125 0.6835390625000001 0.1799796453125 0.662300975 0.1741124140625 0.662300975 0.1741124140625 0.6835390625000001
0 0.17319345 0.6375232078125 0.1960968609375 0.6375232078125 0.1960968609375 0.61135485 0.17319345 0.61135485 0.17319345 0.6375232078125
0 0.20867960000000002 0.6205833046875 0.230664046875 0.6205833046875 0.230664046875 0.5975753765625 0.20867960000000002 0.5975753765625 0.20867960000000002 0.6205833046875
0 0.26947260625 0.6711501796875 0.27640018125 0.6711501796875 0.27640018125 0.640304384375 0.26947260625 0.640304384375 0.26947260625 0.6711501796875
0 0.21666932968750002 0.6554436 0.22303138906250003 0.6554436 0.22303138906250003 0.631424334375 0.21666932968750002 0.631424334375 0.21666932968750002 0.6554436
0 0.23222102968749997 0.6420117750000001 0.2379645546875 0.6420117750000001 0.2379645546875 0.623839303125 0.23222102968749997 0.623839303125 0.23222102968749997 0.6420117750000001
0 0.2388481734375 0.6818331875 0.245828765625 0.6818331875 0.245828765625 0.65907809375 0.2388481734375 0.65907809375 0.2388481734375 0.6818331875
0 0.2489214328125 0.6819912078125 0.254576596875 0.6819912078125 0.254576596875 0.6617644578124999 0.2489214328125 0.6617644578124999 0.2489214328125 0.6819912078125
0 0.341171284375 0.7263952453125 0.3484169625 0.7263952453125 0.3484169625 0.7042722375 0.341171284375 0.7042722375 0.341171284375 0.7263952453125
0 0.4186646953125 0.7451998015625 0.4248500296875 0.7451998015625 0.4248500296875 0.7286075453125 0.4186646953125 0.7286075453125 0.4186646953125 0.7451998015625
0 0.4208737421875 0.7153337421874999 0.42856123124999995 0.7153337421874999 0.42856123124999995 0.699373571875 0.4208737421875 0.699373571875 0.4208737421875 0.7153337421874999
0 0.11840725 0.6511521499999999 0.1403251515625 0.6511521499999999 0.1403251515625 0.6239922078125 0.11840725 0.6239922078125 0.11840725 0.6511521499999999
0 0.3902969 0.653142234375 0.3940081015625 0.653142234375 0.3940081015625 0.6367079999999999 0.3902969 0.6367079999999999 0.3902969 0.653142234375
0 0.34655774687499996 0.649981803125 0.349738775 0.649981803125 0.349738775 0.6325994421875001 0.34655774687499996 0.6325994421875001 0.34655774687499996 0.649981803125
0 0.43809798125 0.7117061453125 0.44439376875000003 0.7117061453125 0.44439376875000003 0.683854859375 0.43809798125 0.683854859375 0.43809798125 0.7117061453125
0 0.3647575828125 0.6670650765625 0.368292059375 0.6670650765625 0.368292059375 0.638621209375 0.3647575828125 0.638621209375 0.3647575828125 0.6670650765625
0 0.371163821875 0.651855509375 0.367408440625 0.651855509375 0.367408440625 0.6682502375 0.371163821875 0.6682502375 0.371163821875 0.651855509375
0 0.192007434375 0.6087062234375 0.195804234375 0.6087062234375 0.195804234375 0.591731259375 0.192007434375 0.591731259375 0.192007434375 0.6087062234375
0 0.3281248390625 0.6678679859375001 0.332896384375 0.6678679859375001 0.332896384375 0.6398981828125 0.3281248390625 0.6398981828125 0.3281248390625 0.6678679859375001
0 0.3214976953125 0.6713444578125001 0.3267110484375 0.6713444578125001 0.3267110484375 0.6398981828125 0.3214976953125 0.6398981828125 0.3214976953125 0.6713444578125001
0 0.3157541703125 0.6691321578125 0.3199955421875 0.6691321578125 0.3199955421875 0.636737753125 0.3157541703125 0.636737753125 0.3157541703125 0.6691321578125
0 0.3113360734375 0.6667618359375 0.315047275 0.6667618359375 0.315047275 0.6361056671875 0.3113360734375 0.6361056671875 0.3113360734375 0.6667618359375
0 0.3073597875 0.65348803125 0.3104524546875 0.65348803125 0.3104524546875 0.6362636890625 0.3073597875 0.6362636890625 0.3073597875 0.65348803125
0 0.4053531640625 0.6267824 0.4094178125 0.6267824 0.4094178125 0.6057655421875 0.4053531640625 0.6057655421875 0.4053531640625 0.6267824
0 0.41038979375 0.6075037796875 0.4139242703125 0.6075037796875 0.4139242703125 0.5958101906250001 0.41038979375 0.5958101906250001 0.41038979375 0.6075037796875
0 0.411008328125 0.717802775 0.41666349062499997 0.717802775 0.41666349062499997 0.7008944749999999 0.411008328125 0.7008944749999999 0.411008328125 0.717802775
0 0.2737380734375 0.6213997921875001 0.28045358125000003 0.6213997921875001 0.28045358125000003 0.6048075390625 0.2737380734375 0.6048075390625 0.2737380734375 0.6213997921875001
0 0.044703959375000005 0.5809462921875 0.0478849890625 0.5809462921875 0.0478849890625 0.5559788984375 0.044703959375000005 0.5559788984375 0.044703959375000005 0.5809462921875
0 0.0493871421875 0.577943884375 0.054247046875 0.577943884375 0.054247046875 0.5580331796875 0.0493871421875 0.5580331796875 0.0493871421875 0.577943884375
0 0.170870653125 0.56785579375 0.1746030609375 0.56785579375 0.1746030609375 0.5520789296874999 0.170870653125 0.5520789296874999 0.170870653125 0.56785579375
0 0.16612031562500001 0.5651251828125 0.16968306875 0.5651251828125 0.16968306875 0.551269859375 0.16612031562500001 0.551269859375 0.16612031562500001 0.5651251828125
0 0.1568458484375 0.584643996875 0.16244445937500002 0.584643996875 0.16244445937500002 0.5674512593750001 0.1568458484375 0.5674512593750001 0.1568458484375 0.584643996875
0 0.226752715625 0.593952346875 0.23134923125 0.593952346875 0.23134923125 0.5756997265625 0.226752715625 0.5756997265625 0.226752715625 0.593952346875
0 0.4173689875 0.6401814671875 0.4229110484375 0.6401814671875 0.4229110484375 0.621673990625 0.4173689875 0.621673990625 0.4173689875 0.6401814671875
0 0.43571443125 0.6211193359375 0.4401678734375 0.6211193359375 0.4401678734375 0.5968472359375 0.43571443125 0.5968472359375 0.43571443125 0.6211193359375
0 0.00293306875 0.549338534375 0.0061847874999999995 0.549338534375 0.0061847874999999995 0.5358118953125001 0.00293306875 0.5358118953125001 0.00293306875 0.549338534375
0 0.008376162500000001 0.5494649515625001 0.013183051562500001 0.5494649515625001 0.013183051562500001 0.5368232328125 0.008376162500000001 0.5368232328125 0.008376162500000001 0.5494649515625001
0 0.013960637500000001 0.548832865625 0.018131320312499997 0.548832865625 0.018131320312499997 0.532651465625 0.013960637500000001 0.532651465625 0.013960637500000001 0.548832865625
0 0.18213105624999998 0.5638765109375 0.1859482921875 0.5638765109375 0.1859482921875 0.5502234546875 0.18213105624999998 0.5502234546875 0.18213105624999998 0.5638765109375
0 0.18686725625 0.5618538359375 0.1905431109375 0.5618538359375 0.1905431109375 0.547063025 0.18686725625 0.547063025 0.18686725625 0.5618538359375
0 0.271221103125 0.5911692656249999 0.2748439421875 0.5911692656249999 0.2748439421875 0.5764732671875 0.271221103125 0.5764732671875 0.271221103125 0.5911692656249999
0 0.24020606562500002 0.603178896875 0.24418235312499997 0.603178896875 0.24418235312499997 0.5875347703125 0.24020606562500002 0.5875347703125 0.24020606562500002 0.603178896875
0 0.2272168625 0.5693623 0.23022116874999998 0.5693623 0.23022116874999998 0.554350259375 0.2272168625 0.554350259375 0.2272168625 0.5693623
0 0.3007339859375 0.575683159375 0.30532880625000003 0.575683159375 0.30532880625000003 0.5622513328125 0.3007339859375 0.5622513328125 0.3007339859375 0.575683159375
0 0.3214990390625 0.5693623 0.3268007546875 0.5693623 0.3268007546875 0.55672058125 0.3214990390625 0.55672058125 0.3214990390625 0.5693623
0 0.31460680937499996 0.62245751875 0.3175227515625 0.62245751875 0.3175227515625 0.6099738203125 0.31460680937499996 0.6099738203125 0.31460680937499996 0.62245751875
0 0.3207037828125 0.6336770421875 0.3259171359375 0.6336770421875 0.3259171359375 0.615030509375 0.3207037828125 0.615030509375 0.3207037828125 0.6336770421875
0 0.29393011874999997 0.5930655234375 0.2983482140625 0.5930655234375 0.2983482140625 0.5777374390625 0.29393011874999997 0.5777374390625 0.29393011874999997 0.5930655234375
0 0.19081175 0.5774213953125 0.1942578640625 0.5774213953125 0.1942578640625 0.566991978125 0.19081175 0.566991978125 0.19081175 0.5774213953125
0 0.20724706718750002 0.5440788640625 0.210428096875 0.5440788640625 0.210428096875 0.5334914234375 0.20724706718750002 0.5334914234375 0.20724706718750002 0.5440788640625
0 0.212283696875 0.556878603125 0.2160832609375 0.556878603125 0.2160832609375 0.5440788640625 0.212283696875 0.5440788640625 0.212283696875 0.556878603125
0 0.218292309375 0.5560884953125 0.222003509375 0.5560884953125 0.222003509375 0.5424986484375001 0.218292309375 0.5424986484375001 0.218292309375 0.5560884953125
0 0.22536126250000002 0.5526120234375 0.23030953125 0.5526120234375 0.23030953125 0.5391801968750001 0.22536126250000002 0.5391801968750001 0.22536126250000002 0.5526120234375
0 0.23402073125 0.5451850140625 0.23826210312499999 0.5451850140625 0.23826210312499999 0.5331753796875 0.23402073125 0.5331753796875 0.23402073125 0.5451850140625
0 0.3221175734375 0.5677820859375 0.3252986015625 0.5677820859375 0.3252986015625 0.555456409375 0.3221175734375 0.555456409375 0.3221175734375 0.5677820859375
0 0.33390278906250004 0.509375 0.33390278906250004 0.6156267375000001 0.394996778125 0.6156267375000001 0.394996778125 0.509375 0.33390278906250004 0.509375
0 0.239500496875 0.509375 0.239500496875 0.55204778125 0.33649151875 0.55204778125 0.33649151875 0.509375 0.239500496875 0.509375
0 0.09004458125 0.509375 0.09004458125 0.527974196875 0.2415714796875 0.527974196875 0.2415714796875 0.509375 0.09004458125 0.509375
0 0.055010457812500003 0.509375 0.055010457812500003 0.5529736890625 0.0793445046875 0.5529736890625 0.0793445046875 0.509375 0.055010457812500003 0.509375
0 0.0922881453125 0.55852913125 0.15562569843750002 0.55852913125 0.15562569843750002 0.5304432828125 0.0922881453125 0.5304432828125 0.0922881453125 0.55852913125
0 0.45 0.509375 0.3965500140625 0.509375 0.3965500140625 0.5859977078125 0.45 0.5859977078125 0.45 0.509375
0 0 0.5866675125 0.0280683625 0.5866675125 0.0280683625 0.5545693984375 0 0.5545693984375 0 0.5866675125
0 0.0235122 0.562964290625 0.0410465203125 0.562964290625 0.0410465203125 0.512348034375 0.0235122 0.512348034375 0.0235122 0.562964290625
0 0.0478849890625 0.6032103859375 0.0523678921875 0.6032103859375 0.0523678921875 0.5809462921875 0.0478849890625 0.5809462921875 0.0478849890625 0.6032103859375
0 0.053748546875000004 0.602963478125 0.05954729843749999 0.602963478125 0.05954729843749999 0.5797540734375 0.053748546875000004 0.5797540734375 0.053748546875000004 0.602963478125
0 0.4229110484375 0.6759326765625 0.4460660109375 0.6759326765625 0.4460660109375 0.6401814671875 0.4229110484375 0.6401814671875 0.4229110484375 0.6759326765625
0 0 0.641559628125 0.0035572640625 0.641559628125 0.0035572640625 0.6243352875 0 0.6243352875 0 0.641559628125
0 0.1112404015625 0.5555851781250001 0.098538375 0.5555851781250001 0.098538375 0.575584771875 0.1112404015625 0.575584771875 0.1112404015625 0.5555851781250001
0 0.124218559375 0.6062014343750001 0.1518316625 0.6062014343750001 0.1518316625 0.55064700625 0.124218559375 0.55064700625 0.124218559375 0.6062014343750001
0 0.30714492187500003 0.59687199375 0.327854746875 0.59687199375 0.327854746875 0.5711935031250001 0.30714492187500003 0.5711935031250001 0.30714492187500003 0.59687199375
0 0.2697291671875 0.54823100625 0.2463960953125 0.54823100625 0.2463960953125 0.58279820625 0.2697291671875 0.58279820625 0.2697291671875 0.54823100625
0 0.2887822078125 0.558848075 0.27925568749999996 0.558848075 0.27925568749999996 0.586254925 0.2887822078125 0.586254925 0.2887822078125 0.558848075
0 0.37473697499999997 0.6499308390625 0.38145248125000003 0.6499308390625 0.38145248125000003 0.6225931234375001 0.37473697499999997 0.6225931234375001 0.37473697499999997 0.6499308390625
0 0.3998842265625 0.6527320171875 0.40456740937499996 0.6527320171875 0.40456740937499996 0.6383520609375 0.3998842265625 0.6383520609375 0.3998842265625 0.6527320171875
0 0.9770606671875001 0.7446397453125 0.9623783281249999 0.7446397453125 0.9623783281249999 0.7780764796874999 0.9770606671875001 0.7780764796874999 0.9770606671875001 0.7446397453125
0 0.9435665796875 0.793571553125 0.9623783281249999 0.793571553125 0.9623783281249999 0.7446397453125 0.9435665796875 0.7446397453125 0.9435665796875 0.793571553125
0 0.7972020046875 0.8172219265624999 0.8206019843749999 0.8172219265624999 0.8206019843749999 0.7854162515625001 0.7972020046875 0.7854162515625001 0.7972020046875 0.8172219265624999
0 0.7744573406249999 0.9249236625 0.7955353171875 0.9249236625 0.7955353171875 0.8777905078125 0.7744573406249999 0.8777905078125 0.7744573406249999 0.9249236625
0 0.6692289484374999 0.91264185 0.6851394203125001 0.91264185 0.6851394203125001 0.877835828125 0.6692289484374999 0.877835828125 0.6692289484374999 0.91264185
0 0.68840310625 0.9208599390625001 0.67058881875 0.9208599390625001 0.67058881875 0.9459976234374998 0.68840310625 0.9459976234374998 0.68840310625 0.9208599390625001
0 0.6750304171874999 0.6010963453125 0.690396940625 0.6010963453125 0.690396940625 0.5503375625 0.6750304171874999 0.5503375625 0.6750304171874999 0.6010963453125
0 0.5584969703125 0.85942890625 0.5730904359375 0.85942890625 0.5730904359375 0.8297277671875 0.5584969703125 0.8297277671875 0.5584969703125 0.85942890625
