0 0.010589153125 0.0927040953125 0.15537159375 0.0927040953125 0.15537159375 0.028356343750000002 0.010589153125 0.028356343750000002 0.010589153125 0.0927040953125
0 0.4854644640625 0.33248485625 0.49618945468750003 0.33248485625 0.49618945468750003 0.31341820625 0.4854644640625 0.31341820625 0.4854644640625 0.33248485625
0 0.4753703546875 0.3066888015625 0.483256378125 0.3066888015625 0.483256378125 0.29098685468749996 0.4753703546875 0.29098685468749996 0.4753703546875 0.3066888015625
0 0.49934386249999996 0.317904478125 0.5110151765625 0.317904478125 0.5110151765625 0.3038848828125 0.49934386249999996 0.3038848828125 0.49934386249999996 0.317904478125
0 0.75194838125 0.163434709375 0.8000745078125 0.163434709375 0.8000745078125 0.142853853125 0.75194838125 0.142853853125 0.75194838125 0.163434709375
0 0.1527586671875 0.5836165015625 0.17373189218750001 0.5836165015625 0.17373189218750001 0.5396617734375 0.1527586671875 0.5396617734375 0.1527586671875 0.5836165015625
0 0.05842988125 0.881348215625 0.0716344875 0.881348215625 0.0716344875 0.8654396359375 0.05842988125 0.8654396359375 0.05842988125 0.881348215625
0 0.5214775687500001 0.2715248265625 0.5345730453125 0.2715248265625 0.5345730453125 0.25930238125 0.5214775687500001 0.25930238125 0.5214775687500001 0.2715248265625
0 0.523823840625 0.30697928750000003 0.5302842765625 0.30697928750000003 0.5302842765625 0.2905274890625 0.523823840625 0.2905274890625 0.523823840625 0.30697928750000003
0 0.5707056500000001 0.392497603125 0.5783883296875 0.392497603125 0.5783883296875 0.37728744999999997 0.5707056500000001 0.37728744999999997 0.5707056500000001 0.392497603125
0 0.6196622734375 0.2212600203125 0.6297021390624999 0.2212600203125 0.6297021390624999 0.2154398078125 0.6196622734375 0.2154398078125 0.6196622734375 0.2212600203125
0 0.6490179671874999 0.24182476875 0.6576391562499999 0.24182476875 0.6576391562499999 0.23309445156250003 0.6490179671874999 0.23309445156250003 0.6490179671874999 0.24182476875
0 0.6865583359375 0.22979633124999999 0.6914691390625001 0.22979633124999999 0.6914691390625001 0.22223005625 0.6865583359375 0.22223005625 0.6865583359375 0.22979633124999999
0 0.6825205624999999 0.21369374375 0.6851396578125 0.21369374375 0.6851396578125 0.20438140625 0.6825205624999999 0.20438140625 0.6825205624999999 0.21369374375
0 0.73926763125 0.19856119375 0.7449423375 0.19856119375 0.7449423375 0.193323003125 0.73926763125 0.193323003125 0.73926763125 0.19856119375
0 0.4085461046875 0.3931948765625 0.419529740625 0.3931948765625 0.419529740625 0.3694107609375 0.4085461046875 0.3694107609375 0.4085461046875 0.3931948765625
