0 0.49543382812500003 0.036734009375 0.49543382812500003 0.0515625 0.5 0.0515625 0.5 0.036654306250000004 0.49543382812500003 0.036734009375
0 0.0541976921875 0.85541026875 0.058461323437500004 0.85541026875 0.058461323437500004 0.84832209375 0.0541976921875 0.84832209375 0.0541976921875 0.85541026875
0 0.0799251203125 0.7846090703125 0.0880895203125 0.7846090703125 0.0880895203125 0.7668886328125 0.0799251203125 0.7668886328125 0.0799251203125 0.7846090703125
0 0.0708535640625 0.76265989375 0.0793581484375 0.76265989375 0.0793581484375 0.749369565625 0.0708535640625 0.749369565625 0.0708535640625 0.76265989375
0 0.026145059375 0.757508790625 0.031497276562499996 0.757508790625 0.031497276562499996 0.7462321484375 0.026145059375 0.7462321484375 0.026145059375 0.757508790625
0 0.0187063828125 0.7256120046875 0.022153575000000002 0.7256120046875 0.022153575000000002 0.7202958734375 0.0187063828125 0.7202958734375 0.0187063828125 0.7256120046875
0 0.36989403906249996 0.945403134375 0.3778316484375 0.945403134375 0.3778316484375 0.9189735062499998 0.36989403906249996 0.9189735062499998 0.36989403906249996 0.945403134375
0 0.4297457515625 0.8730156953125 0.44085840625 0.8730156953125 0.44085840625 0.8639541093750001 0.4297457515625 0.8639541093750001 0.4297457515625 0.8730156953125
0 0.4223751125 0.8607322109375 0.43439492343749997 0.8607322109375 0.43439492343749997 0.85026104375 0.4223751125 0.85026104375 0.4223751125 0.8607322109375
0 0.4501567515625 0.8454281984375001 0.45809436249999996 0.8454281984375001 0.45809436249999996 0.8355611359375 0.4501567515625 0.8355611359375 0.4501567515625 0.8454281984375001
0 0.4351025046875 0.8360202578125 0.4411985890625 0.8360202578125 0.4411985890625 0.82802995 0.4351025046875 0.82802995 0.4351025046875 0.8360202578125
0 0.44439177656249995 0.8268700687500001 0.4489638421875 0.8268700687500001 0.4489638421875 0.8188797609374999 0.44439177656249995 0.8188797609374999 0.44439177656249995 0.8268700687500001
0 0.44949566093750004 0.8212216796874999 0.4565828140625 0.8212216796874999 0.4565828140625 0.8093912734375 0.44949566093750004 0.8093912734375 0.44949566093750004 0.8212216796874999
0 0.45530712656250005 0.8174460171875 0.464520425 0.8174460171875 0.464520425 0.8076292984375 0.45530712656250005 0.8076292984375 0.45530712656250005 0.8174460171875
0 0.2013924140625 0.6318498421875001 0.20692039375000001 0.6318498421875001 0.20692039375000001 0.621277990625 0.2013924140625 0.621277990625 0.2013924140625 0.6318498421875001
0 0.22818185156249998 0.615992065625 0.235552490625 0.615992065625 0.235552490625 0.6076856109375 0.22818185156249998 0.6076856109375 0.22818185156249998 0.615992065625
0 0.22070047656249997 0.74442550625 0.22877982968750002 0.74442550625 0.22877982968750002 0.7348604984375 0.22070047656249997 0.7348604984375 0.22070047656249997 0.74442550625
0 0.40155354218749995 0.64386313125 0.412538628125 0.64386313125 0.412538628125 0.6287604874999999 0.40155354218749995 0.6287604874999999 0.40155354218749995 0.64386313125
0 0.399604575 0.6243555484375001 0.40917223125 0.6243555484375001 0.40917223125 0.6111407343749999 0.399604575 0.6111407343749999 0.399604575 0.6243555484375001
0 0.3700157109375 0.6186920578125 0.3834813015625 0.6186920578125 0.3834813015625 0.60799435 0.3700157109375 0.60799435 0.3700157109375 0.6186920578125
0 0.3473368234375 0.6416606625 0.3570816578125 0.6416606625 0.3570816578125 0.6243555484375001 0.3473368234375 0.6243555484375001 0.3473368234375 0.6416606625
0 0.3908342234375 0.5765305062499999 0.4016310578125 0.5765305062499999 0.4016310578125 0.5642399421875 0.3908342234375 0.5642399421875 0.3908342234375 0.5765305062499999
0 0.43374471875 0.6153686875 0.44481839531249995 0.6153686875 0.44481839531249995 0.603569746875 0.43374471875 0.603569746875 0.43374471875 0.6153686875
0 0.42571630312500003 0.603569746875 0.43374471875 0.603569746875 0.43374471875 0.593737296875 0.42571630312500003 0.593737296875 0.42571630312500003 0.603569746875
0 0.4230863046875 0.5901730328125 0.439419978125 0.5901730328125 0.439419978125 0.5793573359375 0.4230863046875 0.5793573359375 0.4230863046875 0.5901730328125
0 0.44218839687499994 0.5631337921874999 0.45243154687500003 0.5631337921874999 0.45243154687500003 0.5469102484375 0.44218839687499994 0.5469102484375 0.44218839687499994 0.5631337921874999
0 0.395225628125 0.5164788125 0.40762814531249997 0.5164788125 0.40762814531249997 0.5038932765624999 0.395225628125 0.5038932765624999 0.395225628125 0.5164788125
0 0.4009839390625 0.504679871875 0.41095024843749994 0.504679871875 0.41095024843749994 0.48894795 0.4009839390625 0.48894795 0.4009839390625 0.504679871875
0 0.18925964687500002 0.4669399515625 0.1957621390625 0.4669399515625 0.1957621390625 0.4545678640625 0.18925964687500002 0.4545678640625 0.18925964687500002 0.4669399515625
0 0.21489513750000003 0.4559700359375 0.22093316562499998 0.4559700359375 0.22093316562499998 0.44285562343749996 0.21489513750000003 0.44285562343749996 0.21489513750000003 0.4559700359375
0 0.0108772859375 0.6098627640625 0.018956640625 0.6098627640625 0.018956640625 0.5937532765625 0.0108772859375 0.5937532765625 0.0108772859375 0.6098627640625
0 0.008356015625000001 0.6115739734375 0.0106732109375 0.6115739734375 0.0106732109375 0.607370546875 0.008356015625000001 0.607370546875 0.008356015625000001 0.6115739734375
0 0.2477936578125 0.599526871875 0.2530104640625 0.599526871875 0.2530104640625 0.59219853125 0.2477936578125 0.59219853125 0.2477936578125 0.599526871875
0 0.2222470171875 0.45790374843750004 0.228086725 0.45790374843750004 0.228086725 0.445156928125 0.2222470171875 0.445156928125 0.2222470171875 0.45790374843750004
0 0.7062902531249999 0.4328125 0.708035759375 0.5328125 0.73125 0.5328125 0.73125 0.4328125 0.7062902531249999 0.4328125
0 0.5220847015625 0.4296875 0.521875 0.43869714374999996 0.521875 0.4921875 0.54696378125 0.4921875 0.55045091875 0.49214692343749994 0.5515625 0.444388865625 0.5515625 0.4296875 0.5220847015625 0.4296875
0 0.7906971781250001 0.4296875 0.790625 0.43589051874999996 0.790625 0.453125 0.8102301390625 0.453125 0.8106278781249999 0.453120371875 0.8109005437500001 0.4296875 0.7906971781250001 0.4296875
0 0.8053839328125001 0.5890122984375 0.8078125 0.484671128125 0.8078125 0.440625 0.7932723171875 0.440625 0.7505322328125 0.4411223265625 0.75 0.4639892234375 0.75 0.5890625 0.8010696265625 0.5890625 0.8053839328125001 0.5890122984375
0 0.818934521875 0.4296875 0.818934521875 0.45565309374999996 0.8440213296875001 0.45565309374999996 0.8440213296875001 0.4296875 0.818934521875 0.4296875
0 0.8343154015625001 0.4296875 0.8343154015625001 0.5088859203125 0.8745666249999999 0.5088859203125 0.8745666249999999 0.4296875 0.8343154015625001 0.4296875
0 0.9309704875000001 0.5834155359375 0.9714971703125 0.5834155359375 0.9714971703125 0.45625356874999995 0.9309704875000001 0.45625356874999995 0.9309704875000001 0.5834155359375
0 0.956656178125 0.4296875 0.956656178125 0.5435373109375 0.9868835984375 0.5435373109375 0.9868835984375 0.4296875 0.956656178125 0.4296875
0 0.477056940625 0.4296875 0.477056940625 0.45395124375 0.49593445156250004 0.45395124375 0.49593445156250004 0.4296875 0.477056940625 0.4296875
0 0.6861829484374999 0.4296875 0.6861829484374999 0.44818844999999996 0.708960771875 0.44818844999999996 0.708960771875 0.4296875 0.6861829484374999 0.4296875
0 0.6410953390625 0.4296875 0.6410953390625 0.456499971875 0.6702696734375 0.456499971875 0.6702696734375 0.4296875 0.6410953390625 0.4296875
0 0.6733899234375 0.550420178125 0.7250300578125 0.550420178125 0.7250300578125 0.45262126093750005 0.6733899234375 0.45262126093750005 0.6733899234375 0.550420178125
