0 0.9815148328125 0.0742519171875 0.9816100890625 0.090625 0.9859375 0.090625 0.9859375 0.07435485625 0.9815148328125 0.0742519171875
0 0.9707051734375 0.1241723015625 0.9728716093750001 0.1241723015625 0.9728716093750001 0.11592381249999999 0.9707051734375 0.11592381249999999 0.9707051734375 0.1241723015625
0 0.9778664484374999 0.11860189375 0.981116103125 0.11860189375 0.981116103125 0.11228162187499999 0.9778664484374999 0.11228162187499999 0.9778664484374999 0.11860189375
0 0.9796116328124999 0.097605740625 0.9779923 0.097605740625 0.9767230515625 0.097605740625 0.9767230515625 0.1024262859375 0.9796116328124999 0.1024262859375 0.9796116328124999 0.097605740625
0 0.960712909375 0.1497381671875 0.96362781875 0.1497381671875 0.96362781875 0.14354510468749998 0.960712909375 0.14354510468749998 0.960712909375 0.1497381671875
0 0.9510278859374999 0.11458835781250001 0.9553532359375 0.11458835781250001 0.9553532359375 0.10287175468750001 0.9510278859374999 0.10287175468750001 0.9510278859374999 0.11458835781250001
0 0.8805989562499998 0.37791882656250003 0.8907541250000002 0.37791882656250003 0.8907541250000002 0.35261096406250003 0.8805989562499998 0.35261096406250003 0.8805989562499998 0.37791882656250003
0 0.6352725953125 0.6182514593749999 0.6353300374999999 0.628125 0.6359375 0.628125 0.6359375 0.6182669359374999 0.6352725953125 0.6182514593749999
0 0.6706646359375 0.596468259375 0.67226086875 0.596468259375 0.67226086875 0.5882991515625 0.6706646359375 0.5882991515625 0.6706646359375 0.596468259375
0 0.7660396078125 0.6504554046875001 0.7680349015625 0.6504554046875001 0.7680349015625 0.6429966546875 0.7660396078125 0.6429966546875 0.7660396078125 0.6504554046875001
0 0.7772132453125 0.651520940625 0.77860995 0.651520940625 0.77860995 0.6454829046875 0.7772132453125 0.6454829046875 0.7772132453125 0.651520940625
0 0.7941732296875 0.6287895109375 0.7965675812499999 0.6287895109375 0.7965675812499999 0.62452736875 0.7941732296875 0.62452736875 0.7941732296875 0.6287895109375
0 0.8113327437500001 0.6547175484375 0.8131285078125 0.6547175484375 0.8131285078125 0.6508105843750001 0.8113327437500001 0.6508105843750001 0.8113327437500001 0.6547175484375
0 0.7814033593749999 0.6870388000000001 0.7843962984374999 0.6870388000000001 0.7843962984374999 0.6810007640625 0.7814033593749999 0.6810007640625 0.7814033593749999 0.6870388000000001
0 0.7828000640624999 0.6426414765625 0.785194415625 0.6426414765625 0.785194415625 0.63944486875 0.7828000640624999 0.63944486875 0.7828000640624999 0.6426414765625
0 0.7921779375 0.64441736875 0.7943727593750001 0.64441736875 0.7943727593750001 0.6405104046875 0.7921779375 0.6405104046875 0.7921779375 0.64441736875
0 0.7694316062500001 0.6952079078125 0.7732226609375 0.6952079078125 0.7732226609375 0.68952505 0.7694316062500001 0.68952505 0.7694316062500001 0.6952079078125
0 0.7564622046875 0.687393978125 0.75885655625 0.687393978125 0.75885655625 0.682421478125 0.7564622046875 0.682421478125 0.7564622046875 0.687393978125
0 0.756661734375 0.6635970140625 0.7586570265625 0.6635970140625 0.7586570265625 0.65791415625 0.756661734375 0.65791415625 0.756661734375 0.6635970140625
0 0.76005373125 0.6611107625 0.7636452578124999 0.6611107625 0.7636452578124999 0.6547175484375 0.76005373125 0.6547175484375 0.76005373125 0.6611107625
0 0.698000140625 0.61351683125 0.699795903125 0.61351683125 0.699795903125 0.6053477234375 0.698000140625 0.6053477234375 0.698000140625 0.61351683125
0 0.699795903125 0.6113857609375 0.7027888421874999 0.6113857609375 0.7027888421874999 0.6053477234375 0.699795903125 0.6053477234375 0.699795903125 0.6113857609375
0 0.68582885625 0.6405104046875 0.6882232078125 0.6405104046875 0.6882232078125 0.6334068328125 0.68582885625 0.6334068328125 0.68582885625 0.6405104046875
0 0.6962043765624999 0.6486795125 0.7013921375 0.6486795125 0.7013921375 0.64441736875 0.6962043765624999 0.64441736875 0.6962043765624999 0.6486795125
0 0.725535175 0.6220411171875 0.7291266999999999 0.6220411171875 0.7291266999999999 0.6131616531249999 0.725535175 0.6131616531249999 0.725535175 0.6220411171875
0 0.715159653125 0.629855046875 0.718352121875 0.629855046875 0.718352121875 0.62346183125 0.715159653125 0.62346183125 0.715159653125 0.629855046875
0 0.71376295 0.608899509375 0.7161573000000001 0.608899509375 0.7161573000000001 0.603927009375 0.71376295 0.603927009375 0.71376295 0.608899509375
0 0.7598542015625 0.6316309390625 0.7624480828125 0.6316309390625 0.7624480828125 0.623106653125 0.7598542015625 0.623106653125 0.7598542015625 0.6316309390625
0 0.75885655625 0.554557184375 0.762847140625 0.554557184375 0.762847140625 0.546388078125 0.75885655625 0.546388078125 0.75885655625 0.554557184375
0 0.7508753875 0.5517157562499999 0.7530702078125 0.5517157562499999 0.7530702078125 0.542125934375 0.7508753875 0.542125934375 0.7508753875 0.5517157562499999
0 0.6788453343749999 0.6074787953125 0.68523026875 0.6074787953125 0.68523026875 0.5975337953125 0.6788453343749999 0.5975337953125 0.6788453343749999 0.6074787953125
0 0.67046510625 0.6152927234375001 0.672659928125 0.6152927234375001 0.672659928125 0.6099650453125001 0.67046510625 0.6099650453125001 0.67046510625 0.6152927234375001
0 0.662084878125 0.6174237953125 0.6648782875 0.6174237953125 0.6648782875 0.608189153125 0.662084878125 0.608189153125 0.662084878125 0.6174237953125
0 0.6950072015625001 0.61351683125 0.698000140625 0.61351683125 0.698000140625 0.604637365625 0.6950072015625001 0.604637365625 0.6950072015625001 0.61351683125
0 0.725136115625 0.5890095078125 0.726931878125 0.5890095078125 0.726931878125 0.5833266515625001 0.725136115625 0.5833266515625001 0.725136115625 0.5890095078125
0 0.730722934375 0.62452736875 0.7337158734375 0.62452736875 0.7337158734375 0.618134153125 0.730722934375 0.618134153125 0.730722934375 0.62452736875
0 0.6300578828125 0.638246134375 0.637004246875 0.638246134375 0.637004246875 0.6294564828125 0.6300578828125 0.6294564828125 0.6300578828125 0.638246134375
0 0.7592898890625001 0.6438471984375 0.763374015625 0.6438471984375 0.763374015625 0.6365771140625001 0.7592898890625001 0.6365771140625001 0.7592898890625001 0.6438471984375
