0 0.2720006890625 0.31352998906249996 0.2726677 0.3421875 0.2761340046875 0.3421875 0.2796875 0.3421254734375 0.2796875 0.31339581562499996 0.2720006890625 0.31352998906249996
0 0.268053746875 0.3328125 0.2765625 0.3328125 0.2765625 0.32861739375 0.2761993484375 0.3078125 0.2676173703125 0.3078125 0.268053746875 0.3328125
0 0.3691094765625 0.0427671015625 0.36903103593750003 0.05625 0.3734375 0.05625 0.3734375 0.0427671015625 0.3691094765625 0.0427671015625
0 0.4160118609375 0.32743019375000004 0.42415944687499996 0.32743019375000004 0.42415944687499996 0.310324621875 0.4160118609375 0.310324621875 0.4160118609375 0.32743019375000004
0 0.41156772343750003 0.2629553421875 0.42008565468750003 0.2629553421875 0.42008565468750003 0.24584976875 0.41156772343750003 0.24584976875 0.41156772343750003 0.2629553421875
0 0.409375 0.32743019375000004 0.4160118609375 0.32743019375000004 0.4160118609375 0.311640434375 0.409375 0.311640434375 0.409375 0.32743019375000004
0 0.4319366875 0.2649290625 0.43860289531249996 0.2649290625 0.43860289531249996 0.2504551171875 0.4319366875 0.2504551171875 0.4319366875 0.2649290625
0 0.4641566859375 0.23334954375 0.46786013437499996 0.23334954375 0.46786013437499996 0.21361234375000002 0.4641566859375 0.21361234375000002 0.4641566859375 0.23334954375
0 0.4634159953125 0.354404365625 0.46674910000000003 0.354404365625 0.46674910000000003 0.331377634375 0.4634159953125 0.331377634375 0.4634159953125 0.354404365625
0 0.4223077234375 0.39519457812500003 0.43230703281249994 0.39519457812500003 0.43230703281249994 0.36953621875 0.4223077234375 0.36953621875 0.4223077234375 0.39519457812500003
0 0.46683794375 0.24774383281249998 0.472905671875 0.24774383281249998 0.472905671875 0.239389996875 0.46683794375 0.239389996875 0.46683794375 0.24774383281249998
0 0.4742709109375 0.1563906015625 0.47988356093749995 0.1563906015625 0.47988356093749995 0.138605015625 0.4742709109375 0.138605015625 0.4742709109375 0.1563906015625
0 0.51017948125 0.2457942375 0.51662644375 0.2457942375 0.51662644375 0.22356225625 0.51017948125 0.22356225625 0.51017948125 0.2457942375
0 0.50373251875 0.3791861265625 0.50961063125 0.3791861265625 0.50961063125 0.3586383859375 0.50373251875 0.3586383859375 0.50373251875 0.3791861265625
0 0.471308090625 0.3199008421875 0.47718620312500004 0.3199008421875 0.47718620312500004 0.29632146875 0.471308090625 0.29632146875 0.471308090625 0.3199008421875
0 0.46827422656250006 0.35493305625 0.473962721875 0.35493305625 0.473962721875 0.32630095937500003 0.46827422656250006 0.32630095937500003 0.46827422656250006 0.35493305625
0 0.5262968859375 0.4101761609375 0.5310373 0.4101761609375 0.5310373 0.3967022328125 0.5262968859375 0.3967022328125 0.5262968859375 0.4101761609375
0 0.5554978328125 0.3357327078125 0.5615655625 0.3357327078125 0.5615655625 0.3094585484375 0.5554978328125 0.3094585484375 0.5554978328125 0.3357327078125
0 0.5285722843749999 0.254889140625 0.53369193125 0.254889140625 0.53369193125 0.23029922187500002 0.5285722843749999 0.23029922187500002 0.5285722843749999 0.254889140625
0 0.64461760625 0.2919424421875 0.6499268703125 0.2919424421875 0.6499268703125 0.265331434375 0.64461760625 0.265331434375 0.64461760625 0.2919424421875
0 0.6635437062499999 0.3442065453125 0.673172671875 0.3442065453125 0.673172671875 0.3126270265625 0.6635437062499999 0.3126270265625 0.6635437062499999 0.3442065453125
0 0.6761354296875 0.3790755984375 0.6839126703125 0.3790755984375 0.6839126703125 0.34618026562500004 0.6761354296875 0.34618026562500004 0.6761354296875 0.3790755984375
0 0.6772464656249999 0.32315353281250003 0.682060946875 0.32315353281250003 0.682060946875 0.304074240625 0.6772464656249999 0.304074240625 0.6772464656249999 0.32315353281250003
0 0.7543131578125 0.41103316718749994 0.9594841781250001 0.41103316718749994 0.9594841781250001 0.22155605312499999 0.7543131578125 0.22155605312499999 0.7543131578125 0.41103316718749994
0 0.9594841781250001 0.37813783437500004 0.9665207296875 0.37813783437500004 0.9665207296875 0.3445845953125 0.9594841781250001 0.3445845953125 0.9594841781250001 0.37813783437500004
0 0.9754090046874999 0.3834010875 0.9835565890625 0.3834010875 0.9835565890625 0.3511636625 0.9754090046874999 0.3511636625 0.9754090046874999 0.3834010875
0 0.9909634859375 0.42024385937500003 0.996889003125 0.42024385937500003 0.996889003125 0.3794536484375 0.9909634859375 0.3794536484375 0.9909634859375 0.42024385937500003
0 0.9654096953125 0.3176104234375 0.9694834875 0.3176104234375 0.9694834875 0.2774781171875 0.9654096953125 0.2774781171875 0.9654096953125 0.3176104234375
0 0.66465065625 0.2353258328125 0.671465 0.2353258328125 0.671465 0.2100622171875 0.66465065625 0.2100622171875 0.66465065625 0.2353258328125
0 0.6213943828125 0.21058854375 0.6347267953125 0.21058854375 0.6347267953125 0.1932198078125 0.6213943828125 0.1932198078125 0.6213943828125 0.21058854375
0 0.4810769546875 0.151056240625 0.4856277515625 0.151056240625 0.4856277515625 0.1351570046875 0.4810769546875 0.1351570046875 0.4810769546875 0.151056240625
0 0.578615703125 0.31112650625 0.578615703125 0.286334478125 0.5743682921875 0.286334478125 0.5743682921875 0.31112650625 0.57543014375 0.31112650625 0.578615703125 0.31112650625
0 0.57740215625 0.320827734375 0.5814978734375 0.320827734375 0.5814978734375 0.310857028125 0.57740215625 0.310857028125 0.57740215625 0.320827734375
0 0.573154746875 0.330259484375 0.5843800453125001 0.330259484375 0.5843800453125001 0.3235225203125 0.573154746875 0.3235225203125 0.573154746875 0.330259484375
0 0.6414885578125 0.23259916249999998 0.6460709078125 0.23259916249999998 0.6460709078125 0.21397280468750002 0.6414885578125 0.21397280468750002 0.6414885578125 0.23259916249999998
0 0.964083640625 0.2633031890625 0.969961753125 0.2633031890625 0.969961753125 0.242081753125 0.964083640625 0.242081753125 0.964083640625 0.2633031890625
0 0.409375 0.5317577765625 0.39293818593749996 0.5320446828125001 0.3934288359375 0.553125 0.409375 0.553125 0.409375 0.5317577765625
0 0.3965213265625 0.4865408515625 0.3849312984375 0.4865408515625 0.38506169843750004 0.5089545640625001 0.3966517265625 0.5089545640625001 0.3965213265625 0.4865408515625
0 0.3704795578125 0.48132336875000004 0.3703709 0.5 0.3828125 0.5 0.3828125 0.48132336875000004 0.3704795578125 0.48132336875000004
0 0.367863278125 0.449975946875 0.3679270515625 0.4609375 0.3734375 0.4609375 0.3734375 0.4500732453125 0.367863278125 0.449975946875
0 0.16106248750000002 0.5357819234375001 0.19363193125 0.5357819234375001 0.19363193125 0.512586334375 0.16106248750000002 0.512586334375 0.16106248750000002 0.5357819234375001
