0 0.0265625 0.709375 0.0265625 0.6955670453125 0.01931288125 0.6956514015625 0.01931288125 0.709375 0.0265625 0.709375
0 0.0461070984375 0.6850679937499999 0.0461939703125 0.7 0.05010456875 0.7 0.05625 0.6998569640625 0.05625 0.684831915625 0.0461070984375 0.6850679937499999
0 0.0522894234375 0.3792941859375 0.052346253125 0.3890625 0.059375 0.3890625 0.059375 0.3793766328125 0.0522894234375 0.3792941859375
0 0.0600520328125 0.36737950625 0.060239596875 0.378125 0.0671875 0.378125 0.0671875 0.36758712656250003 0.0600520328125 0.36737950625
0 0.1109375 0.3497590765625 0.1046875 0.3497227140625 0.1046875 0.3609375 0.1109375 0.3609375 0.1109375 0.3497590765625
0 0.155301925 0.32563746718750003 0.1550403171875 0.340625 0.16232867499999998 0.340625 0.1625 0.3308098078125 0.1625 0.32551182500000003 0.155301925 0.32563746718750003
0 0.16875 0.324872528125 0.1640625 0.324790709375 0.1640625 0.3267534765625 0.1641341125 0.3390625 0.16875 0.3390625 0.16875 0.324872528125
0 0.1400117796875 0.42769818125 0.153125 0.427850765625 0.153125 0.4117404390625 0.1401055 0.4115889453125 0.1400117796875 0.42769818125
0 0.16026893749999999 0.6587051015625 0.159984509375 0.675 0.16875 0.675 0.16875 0.6587051015625 0.16026893749999999 0.6587051015625
0 0.1640625 0.6609375 0.1640625 0.6442646671875 0.1578286484375 0.6443734796875 0.1578125 0.64506728125 0.1578125 0.6609375 0.1640625 0.6609375
0 0.309375 0.6046875 0.309375 0.5907251515625 0.30352209218750004 0.590895453125 0.303125 0.6045426546875 0.303125 0.6046875 0.309375 0.6046875
0 0.31254414218750004 0.595418965625 0.3127877453125 0.609375 0.3171875 0.609375 0.3171875 0.5955270406250001 0.31254414218750004 0.595418965625
0 0.31755720468750004 0.581995165625 0.31763468281249996 0.5953125 0.3234375 0.5953125 0.3234375 0.5818583 0.31755720468750004 0.581995165625
0 0.307509703125 0.5788171875 0.3075965796875 0.59375 0.3140625 0.59375 0.3140625 0.5788934359375 0.307509703125 0.5788171875
0 0.5251739953125 0.4337809 0.5250398125 0.4453125 0.53125 0.4453125 0.53125 0.43374555 0.5251739953125 0.4337809
0 0.5265625 0.51155225625 0.5203125 0.5114795296875 0.5203125 0.528125 0.5265625 0.528125 0.5265625 0.51155225625
0 0.5496419453125 0.5086667421875 0.549913003125 0.5203125 0.553125 0.5203125 0.553125 0.5086262140625 0.5496419453125 0.5086667421875
0 0.5440250484375 0.50625 0.5440250484375 0.5171875 0.546875 0.5171875 0.546875 0.50625 0.5440250484375 0.50625
0 0.5463700765625 0.5 0.54653371875 0.509375 0.5484375 0.509375 0.5484375 0.5 0.5463700765625 0.5
0 0.6065231140625 0.47836166875 0.6062817828125 0.4921875 0.6106547984375 0.4921875 0.6108974625 0.47828531406249997 0.6065231140625 0.47836166875
0 0.3296676140625 0.26340494375 0.32936136875 0.2765625 0.3328125 0.2765625 0.3328125 0.26336835000000003 0.3296676140625 0.26340494375
0 0.36301228124999996 0.2811963734375 0.365625 0.2811811734375 0.365625 0.2704268984375 0.3633252515625 0.27044027812500004 0.36301228124999996 0.2811963734375
0 0.41875 0.31748693125 0.418666084375 0.310275203125 0.41423535625 0.3103009796875 0.41433366875 0.31875 0.41875 0.31875 0.41875 0.31748693125
0 0.41016299843750004 0.32478796718749997 0.4140625 0.32476528125000004 0.4140625 0.31428470937499997 0.41010202656250005 0.31430775 0.41016299843750004 0.32478796718749997
0 0.3370412046875 0.3359375 0.337141196875 0.353125 0.346875 0.353125 0.346875 0.3359375 0.3370412046875 0.3359375
0 0.6015625 0.1520491140625 0.5993785015624999 0.15199828124999998 0.598880834375 0.17338009375000002 0.601347240625 0.1734375 0.6015625 0.1734375 0.6015625 0.1520491140625
0 0.085685103125 0.36001758125 0.0853727515625 0.3734375 0.09375 0.3734375 0.09375 0.3599237375 0.085685103125 0.36001758125
0 0.453866228125 0.5287940859375 0.453866228125 0.55 0.4609375 0.55 0.4609375 0.528752946875 0.453866228125 0.5287940859375
0 0.3234375 0.602501096875 0.31913278906250003 0.602400903125 0.319280246875 0.6108487453125 0.32309350000000003 0.6109375 0.3234375 0.6109375 0.3234375 0.602501096875
0 0.6125 0.485327146875 0.609375 0.485308965625 0.609375 0.4953125 0.6125 0.4953125 0.6125 0.485327146875
0 0.6163982640625 0.1548514421875 0.6163982640625 0.1625 0.621875 0.1625 0.621875 0.1549789140625 0.6163982640625 0.1548514421875
0 0.75625 0.4973520609375 0.7559564390625 0.487263009375 0.7504548468750001 0.4872310015625 0.7508263859375 0.5 0.75625 0.5 0.75625 0.4973520609375
0 0.8053451390624999 0.49064302499999995 0.8054086671875 0.5015625 0.8125 0.5015625 0.8125 0.4907262796875 0.8053451390624999 0.49064302499999995
0 0.7162329046875 0.5336296968750001 0.7158060625 0.5703125 0.73125 0.5703125 0.73125 0.5333675718750001 0.7162329046875 0.5336296968750001
0 0.698908403125 0.522635246875 0.698908403125 0.534375 0.7078125 0.534375 0.7078125 0.52279066875 0.698908403125 0.522635246875
0 0.7116627875 0.5055544125 0.7117122859375 0.5140625 0.7217222390625 0.5140625 0.7216734171875 0.505670896875 0.7116627875 0.5055544125
