0 0.8769734421875001 0.9483922828125 0.9701578859375 0.9483922828125 0.9701578859375 0.8744608234375001 0.8769734421875001 0.8744608234375001 0.8769734421875001 0.9483922828125
0 0.850713825 0.49247383749999996 0.8523676437500001 0.49247383749999996 0.8523676437500001 0.48383722812499996 0.850713825 0.48383722812499996 0.850713825 0.49247383749999996
0 0.8479230046874999 0.4952302015625 0.8505070968749999 0.4952302015625 0.8505070968749999 0.483102196875 0.8479230046874999 0.483102196875 0.8479230046874999 0.4952302015625
0 0.8403774578125001 0.49173880625 0.84244473125 0.49173880625 0.84244473125 0.48622607812499996 0.8403774578125001 0.48622607812499996 0.8403774578125001 0.49173880625
0 0.8360361828125 0.49596523281250005 0.8395505484375001 0.49596523281250005 0.8395505484375001 0.483102196875 0.8360361828125 0.483102196875 0.8360361828125 0.49596523281250005
0 0.8288007265624999 0.49412765625 0.8309713625 0.49412765625 0.8309713625 0.48420474375 0.8288007265624999 0.48420474375 0.8288007265624999 0.49412765625
0 0.8222888140625001 0.505336871875 0.8248729062500001 0.505336871875 0.8248729062500001 0.494495171875 0.8222888140625001 0.494495171875 0.8222888140625001 0.505336871875
0 0.8246661796874999 0.5001916578125 0.82704354375 0.5001916578125 0.82704354375 0.4886149265625 0.8246661796874999 0.4886149265625 0.8246661796874999 0.5001916578125
0 0.81877445 0.49835408125 0.8222888140625001 0.49835408125 0.8222888140625001 0.4853072890625 0.81877445 0.4853072890625 0.81877445 0.49835408125
0 0.8140197203125 0.496332746875 0.816293721875 0.496332746875 0.816293721875 0.48732862343749994 0.8140197203125 0.48732862343749994 0.8140197203125 0.496332746875
0 0.8111255375 0.496332746875 0.8140197203125 0.496332746875 0.8140197203125 0.4847560171875 0.8111255375 0.4847560171875 0.8111255375 0.496332746875
0 0.8060607187500001 0.4990891125 0.8091616281249999 0.4990891125 0.8091616281249999 0.48328595625000004 0.8060607187500001 0.48328595625000004 0.8060607187500001 0.4990891125
0 0.80285644375 0.5001916578125 0.805337171875 0.5001916578125 0.805337171875 0.48365347031250006 0.80285644375 0.48365347031250006 0.80285644375 0.5001916578125
0 0.798721896875 0.5057043875 0.8018228078125 0.5057043875 0.8018228078125 0.48622607812499996 0.798721896875 0.48622607812499996 0.798721896875 0.5057043875
0 0.7933469859375 0.49578147499999997 0.795414259375 0.49578147499999997 0.795414259375 0.48365347031250006 0.7933469859375 0.48365347031250006 0.7933469859375 0.49578147499999997
0 0.790969621875 0.498721596875 0.7930368953125 0.498721596875 0.7930368953125 0.48604231875000004 0.790969621875 0.48604231875000004 0.790969621875 0.498721596875
0 0.785698075 0.5114008734375 0.7901427125 0.5114008734375 0.7901427125 0.49467892812500003 0.785698075 0.49467892812500003 0.785698075 0.5114008734375
0 0.7682296140625 0.4976190515625 0.7713305234375001 0.4976190515625 0.7713305234375001 0.4843885015625 0.7682296140625 0.4843885015625 0.7682296140625 0.4976190515625
0 0.7713305234375001 0.4955977171875 0.773397796875 0.4955977171875 0.773397796875 0.48420474375 0.7713305234375001 0.48420474375 0.7713305234375001 0.4955977171875
0 0.75654951875 0.500375415625 0.7591336109375 0.500375415625 0.7591336109375 0.48677735 0.75654951875 0.48677735 0.75654951875 0.500375415625
0 0.754068790625 0.500375415625 0.75654951875 0.500375415625 0.75654951875 0.48696110781249996 0.754068790625 0.48696110781249996 0.754068790625 0.500375415625
0 0.7515880625 0.500375415625 0.754068790625 0.500375415625 0.754068790625 0.48181589375 0.7515880625 0.48181589375 0.7515880625 0.500375415625
0 0.7492106984375 0.500375415625 0.7515880625 0.500375415625 0.7515880625 0.48843116875000003 0.7492106984375 0.48843116875000003 0.7492106984375 0.500375415625
0 0.74104496875 0.51323845 0.743629059375 0.51323845 0.743629059375 0.4976190515625 0.74104496875 0.4976190515625 0.74104496875 0.51323845
0 0.737530603125 0.51323845 0.74104496875 0.51323845 0.74104496875 0.497067778125 0.737530603125 0.497067778125 0.737530603125 0.51323845
0 0.7244034171875 0.5121359046875 0.7274009640625 0.5121359046875 0.7274009640625 0.4961489890625 0.7244034171875 0.4961489890625 0.7244034171875 0.5121359046875
0 0.7287446906249999 0.5011104468750001 0.7306052375000001 0.5011104468750001 0.7306052375000001 0.49008498749999996 0.7287446906249999 0.49008498749999996 0.7287446906249999 0.5011104468750001
0 0.73112205625 0.5025805078125 0.7326725109375001 0.5025805078125 0.7326725109375001 0.487879896875 0.73112205625 0.487879896875 0.73112205625 0.5025805078125
0 0.741355059375 0.49284135312500005 0.7425954234375001 0.49284135312500005 0.7425954234375001 0.4819996515625 0.741355059375 0.4819996515625 0.741355059375 0.49284135312500005
0 0.7395978765625 0.49394389843750003 0.740838240625 0.49394389843750003 0.740838240625 0.48181589375 0.7395978765625 0.48181589375 0.7395978765625 0.49394389843750003
0 0.7374272390625001 0.49247383749999996 0.7395978765625 0.49247383749999996 0.7395978765625 0.4810808640625 0.7374272390625001 0.4810808640625 0.7374272390625001 0.49247383749999996
0 0.7207856890625 0.49467892812500003 0.7233697796875 0.49467892812500003 0.7233697796875 0.48052959062499995 0.7207856890625 0.48052959062499995 0.7207856890625 0.49467892812500003
0 0.717684778125 0.5064394171875 0.7201655062500001 0.5064394171875 0.7201655062500001 0.49247383749999996 0.717684778125 0.49247383749999996 0.717684778125 0.5064394171875
0 0.715410778125 0.4998241421875 0.717684778125 0.4998241421875 0.717684778125 0.48934995781249996 0.715410778125 0.48934995781249996 0.715410778125 0.4998241421875
0 0.7175814140625 0.488798684375 0.7194419609375 0.488798684375 0.7194419609375 0.4807133484375 0.7175814140625 0.4807133484375 0.7175814140625 0.488798684375
0 0.6964952249999999 0.5172811187499999 0.6992860453125 0.5172811187499999 0.6992860453125 0.499456628125 0.6964952249999999 0.499456628125 0.6964952249999999 0.5172811187499999
0 0.6931875875 0.5147085109375 0.6964952249999999 0.5147085109375 0.6964952249999999 0.499456628125 0.6931875875 0.499456628125 0.6931875875 0.5147085109375
0 0.680680584375 0.515259784375 0.68378149375 0.515259784375 0.68378149375 0.498721596875 0.680680584375 0.498721596875 0.680680584375 0.515259784375
0 0.6763393093750001 0.5163623312500001 0.679130128125 0.5163623312500001 0.679130128125 0.49890535468749997 0.6763393093750001 0.49890535468749997 0.6763393093750001 0.5163623312500001
0 0.6815074937500001 0.4906362609375 0.6833680390625 0.4906362609375 0.6833680390625 0.47942704375 0.6815074937500001 0.47942704375 0.6815074937500001 0.4906362609375
0 0.685125221875 0.49394389843750003 0.68708913125 0.49394389843750003 0.68708913125 0.48420474375 0.685125221875 0.48420474375 0.685125221875 0.49394389843750003
0 0.68708913125 0.49265759375 0.6888463140625001 0.49265759375 0.6888463140625001 0.4803458328125 0.68708913125 0.4803458328125 0.68708913125 0.49265759375
0 0.6911203140625 0.506623175 0.6943245890624999 0.506623175 0.6943245890624999 0.49155504843750003 0.6911203140625 0.49155504843750003 0.6911203140625 0.506623175
0 0.6952548609375 0.49045250312500005 0.697322134375 0.49045250312500005 0.697322134375 0.4799783171875 0.6952548609375 0.4799783171875 0.6952548609375 0.49045250312500005
0 0.697322134375 0.49045250312500005 0.6989759531249999 0.49045250312500005 0.6989759531249999 0.47961080312500004 0.697322134375 0.47961080312500004 0.697322134375 0.49045250312500005
0 0.6979423171875 0.499456628125 0.7002163171875 0.499456628125 0.7002163171875 0.4882474109375 0.6979423171875 0.4882474109375 0.6979423171875 0.499456628125
0 0.7083820484375 0.5005591734375 0.7106560484375 0.5005591734375 0.7106560484375 0.4889824421875 0.7083820484375 0.4889824421875 0.7083820484375 0.5005591734375
0 0.7131367765625 0.49155504843750003 0.71458386875 0.49155504843750003 0.71458386875 0.47979456093749995 0.7131367765625 0.47979456093749995 0.7131367765625 0.49155504843750003
0 0.706624865625 0.4889824421875 0.7092089578125 0.4889824421875 0.7092089578125 0.4803458328125 0.706624865625 0.4803458328125 0.706624865625 0.4889824421875
0 0.7107594125000001 0.4922900796875 0.7125165953125 0.4922900796875 0.7125165953125 0.48163213593750004 0.7107594125000001 0.48163213593750004 0.7107594125000001 0.4922900796875
0 0.7053845015625 0.5000079000000001 0.7075551390625 0.5000079000000001 0.7075551390625 0.49045250312500005 0.7053845015625 0.49045250312500005 0.7053845015625 0.5000079000000001
0 0.672514853125 0.49688402031249995 0.6745821265624999 0.49688402031249995 0.6745821265624999 0.4858585625 0.672514853125 0.4858585625 0.672514853125 0.49688402031249995
0 0.67055094375 0.5060719031249999 0.6734451265625 0.5060719031249999 0.6734451265625 0.49173880625 0.67055094375 0.49173880625 0.67055094375 0.5060719031249999
0 0.6645558515625 0.5121359046875 0.6662096703125 0.5121359046875 0.6662096703125 0.5009266890624999 0.6645558515625 0.5009266890624999 0.6645558515625 0.5121359046875
0 0.6560800296875 0.4882474109375 0.6580439390625 0.4882474109375 0.6580439390625 0.4783244984375 0.6560800296875 0.4783244984375 0.6560800296875 0.4882474109375
0 0.6610414859375 0.5121359046875 0.6645558515625 0.5121359046875 0.6645558515625 0.49780280781249997 0.6610414859375 0.49780280781249997 0.6610414859375 0.5121359046875
0 0.659284303125 0.4952302015625 0.667553396875 0.4952302015625 0.667553396875 0.47850825625000004 0.659284303125 0.47850825625000004 0.659284303125 0.4952302015625
0 0.65287575625 0.5147085109375 0.6593876671875 0.5147085109375 0.6593876671875 0.49265759375 0.65287575625 0.49265759375 0.65287575625 0.5147085109375
0 0.65287575625 0.49265759375 0.6549430296875001 0.49265759375 0.6549430296875001 0.4827346828125 0.65287575625 0.4827346828125 0.65287575625 0.49265759375
0 0.6497748453125001 0.49082001875000003 0.6514286640625 0.49082001875000003 0.6514286640625 0.48255092499999996 0.6497748453125001 0.48255092499999996 0.6497748453125001 0.49082001875000003
0 0.6457436624999999 0.489717471875 0.647707571875 0.489717471875 0.647707571875 0.4783244984375 0.6457436624999999 0.4783244984375 0.6457436624999999 0.489717471875
0 0.6429528437500001 0.4895337140625 0.644916753125 0.4895337140625 0.644916753125 0.47961080312500004 0.6429528437500001 0.47961080312500004 0.6429528437500001 0.4895337140625
0 0.641299025 0.49357638281250005 0.6424360250000001 0.49357638281250005 0.6424360250000001 0.48052959062499995 0.641299025 0.48052959062499995 0.641299025 0.49357638281250005
0 0.6390250234375 0.49118753281250005 0.641299025 0.49118753281250005 0.641299025 0.47961080312500004 0.6390250234375 0.47961080312500004 0.6390250234375 0.49118753281250005
0 0.6334433859375 0.5215075437500001 0.636130840625 0.5215075437500001 0.636130840625 0.5046018421875 0.6334433859375 0.5046018421875 0.6334433859375 0.5215075437500001
0 0.6376812968750001 0.5046018421875 0.6392317515625 0.5046018421875 0.6392317515625 0.4943114140625 0.6376812968750001 0.4943114140625 0.6376812968750001 0.5046018421875
0 0.63530393125 0.5091957828125 0.6372678421875 0.5091957828125 0.6372678421875 0.49651650625 0.63530393125 0.49651650625 0.63530393125 0.5091957828125
0 0.6340635671875 0.49247383749999996 0.6377846593750001 0.49247383749999996 0.6377846593750001 0.47740571093749995 0.6340635671875 0.47740571093749995 0.6340635671875 0.49247383749999996
0 0.6304458390625001 0.507725721875 0.6334433859375 0.507725721875 0.6334433859375 0.4932088671875 0.6304458390625001 0.4932088671875 0.6304458390625001 0.507725721875
0 0.624554109375 0.516178571875 0.6282752015625 0.516178571875 0.6282752015625 0.49743529375 0.624554109375 0.49743529375 0.624554109375 0.516178571875
0 0.6133908328125 0.474649346875 0.6133908328125 0.4932088671875 0.6180421984375 0.4932088671875 0.6304458390625001 0.4932088671875 0.6304458390625001 0.474649346875 0.6133908328125 0.474649346875
0 0.62424401875 0.495413959375 0.61762874375 0.495413959375 0.61762874375 0.5158110578125 0.62424401875 0.5158110578125 0.62424401875 0.495413959375
0 0.6133908328125 0.5088282671875 0.6164917437499999 0.5088282671875 0.6164917437499999 0.49467892812500003 0.6133908328125 0.49467892812500003 0.6133908328125 0.5088282671875
0 0.609049559375 0.4902687453125 0.6116336515625 0.4902687453125 0.6116336515625 0.4807133484375 0.609049559375 0.4807133484375 0.609049559375 0.4902687453125
0 0.606258740625 0.5112171171875 0.6099798328125 0.5112171171875 0.6099798328125 0.4952302015625 0.606258740625 0.4952302015625 0.606258740625 0.5112171171875
0 0.6045015578124999 0.48732862343749994 0.6066721953124999 0.48732862343749994 0.6066721953124999 0.476486921875 0.6045015578124999 0.476486921875 0.6045015578124999 0.48732862343749994
0 0.6008838296875 0.48990123125 0.603571284375 0.48990123125 0.603571284375 0.47740571093749995 0.6008838296875 0.47740571093749995 0.6008838296875 0.48990123125
0 0.5939584625000001 0.493392625 0.5965425546875001 0.493392625 0.5965425546875001 0.4803458328125 0.5939584625000001 0.4803458328125 0.5939584625000001 0.493392625
0 0.5868263703125 0.493392625 0.5892037343750001 0.493392625 0.5892037343750001 0.48328595625000004 0.5868263703125 0.48328595625000004 0.5868263703125 0.493392625
0 0.58124473125 0.48457225781249996 0.58341536875 0.48457225781249996 0.58341536875 0.47520061875 0.58124473125 0.47520061875 0.58124473125 0.48457225781249996
0 0.5907541890625 0.521140028125 0.6039847390624999 0.521140028125 0.6039847390624999 0.49596523281250005 0.5907541890625 0.49596523281250005 0.5907541890625 0.521140028125
0 0.573802546875 0.5220588171875 0.586516278125 0.5220588171875 0.586516278125 0.4967002625 0.573802546875 0.4967002625 0.573802546875 0.5220588171875
0 0.5676007265624999 0.5141572390625 0.5703915453125 0.5141572390625 0.5703915453125 0.49725153593750004 0.5676007265624999 0.49725153593750004 0.5676007265624999 0.5141572390625
0 0.571528546875 0.4853072890625 0.573285728125 0.4853072890625 0.573285728125 0.4763031640625 0.571528546875 0.4763031640625 0.571528546875 0.4853072890625
0 0.5697713640625001 0.4834697125 0.571528546875 0.4834697125 0.571528546875 0.4779569828125 0.5697713640625001 0.4779569828125 0.5697713640625001 0.4834697125
0 0.566567090625 0.49045250312500005 0.5692545453125 0.49045250312500005 0.5692545453125 0.48089710625000004 0.566567090625 0.48089710625000004 0.566567090625 0.49045250312500005
0 0.564913271875 0.4889824421875 0.566567090625 0.4889824421875 0.566567090625 0.48163213593750004 0.564913271875 0.48163213593750004 0.564913271875 0.4889824421875
0 0.563052725 0.47979456093749995 0.5654300890624999 0.47979456093749995 0.5654300890624999 0.4735468 0.563052725 0.4735468 0.563052725 0.47979456093749995
0 0.5611921796875 0.48806365312500005 0.563879634375 0.48806365312500005 0.563879634375 0.4792432875 0.5611921796875 0.4792432875 0.5611921796875 0.48806365312500005
0 0.5627426343749999 0.5148922687499999 0.564913271875 0.5148922687499999 0.564913271875 0.49835408125 0.5627426343749999 0.49835408125 0.5627426343749999 0.5148922687499999
0 0.5661536359375 0.5167298453125 0.568220909375 0.5167298453125 0.568220909375 0.5034992953125 0.5661536359375 0.5034992953125 0.5661536359375 0.5167298453125
0 0.5570576328125 0.50496935625 0.561708996875 0.50496935625 0.561708996875 0.48990123125 0.5570576328125 0.48990123125 0.5570576328125 0.50496935625
0 0.545067446875 0.518567421875 0.5545769046875 0.518567421875 0.5545769046875 0.4952302015625 0.545067446875 0.4952302015625 0.545067446875 0.518567421875
0 0.54041608125 0.512687178125 0.544033809375 0.512687178125 0.544033809375 0.496332746875 0.54041608125 0.496332746875 0.54041608125 0.512687178125
0 0.536281534375 0.52058875625 0.5387622624999999 0.52058875625 0.5387622624999999 0.50166171875 0.536281534375 0.50166171875 0.536281534375 0.52058875625
0 0.5413463546874999 0.50166171875 0.5387622624999999 0.50166171875 0.5387622624999999 0.5207725140624999 0.5413463546874999 0.5207725140624999 0.5413463546874999 0.50166171875
0 0.550959175 0.485491046875 0.5529230859375 0.485491046875 0.5529230859375 0.478875771875 0.550959175 0.478875771875 0.550959175 0.485491046875
0 0.546204446875 0.48089710625000004 0.548478446875 0.48089710625000004 0.548478446875 0.4724442546875 0.546204446875 0.4724442546875 0.546204446875 0.48089710625000004
0 0.5435169906249999 0.482183409375 0.5453775375000001 0.482183409375 0.5453775375000001 0.47722195312500004 0.5435169906249999 0.47722195312500004 0.5435169906249999 0.482183409375
0 0.5386588984375 0.48420474375 0.54041608125 0.48420474375 0.54041608125 0.47575189218749997 0.5386588984375 0.47575189218749997 0.5386588984375 0.48420474375
0 0.54155308125 0.4853072890625 0.5433102640625 0.4853072890625 0.5433102640625 0.476486921875 0.54155308125 0.476486921875 0.54155308125 0.4853072890625
0 0.528632621875 0.522242575 0.531836896875 0.522242575 0.531836896875 0.50166171875 0.528632621875 0.50166171875 0.528632621875 0.522242575
0 0.525324984375 0.5204049984375 0.5272888953125 0.5204049984375 0.5272888953125 0.501294203125 0.525324984375 0.501294203125 0.525324984375 0.5204049984375
0 0.5218106203125 0.5128709359375 0.525324984375 0.5128709359375 0.525324984375 0.49927286875 0.5218106203125 0.49927286875 0.5218106203125 0.5128709359375
0 0.52832253125 0.5001916578125 0.5305965328125 0.5001916578125 0.5305965328125 0.49045250312500005 0.52832253125 0.49045250312500005 0.52832253125 0.5001916578125
0 0.531320078125 0.485491046875 0.532973896875 0.485491046875 0.532973896875 0.4768544375 0.531320078125 0.4768544375 0.531320078125 0.485491046875
0 0.5267720765624999 0.48512353125 0.5289427140625 0.48512353125 0.5289427140625 0.475568134375 0.5267720765624999 0.475568134375 0.5267720765624999 0.48512353125
0 0.5251182578125 0.4981703234375 0.5272888953125 0.4981703234375 0.5272888953125 0.49045250312500005 0.5251182578125 0.49045250312500005 0.5251182578125 0.4981703234375
0 0.5190198015624999 0.5123196625 0.5218106203125 0.5123196625 0.5218106203125 0.5025805078125 0.5190198015624999 0.5025805078125 0.5190198015624999 0.5123196625
0 0.5034118859375 0.5266527578125 0.5080632515625 0.5266527578125 0.5080632515625 0.5057043875 0.5034118859375 0.5057043875 0.5034118859375 0.5266527578125
0 0.50072443125 0.52573396875 0.5034118859375 0.52573396875 0.5034118859375 0.5057043875 0.50072443125 0.5057043875 0.50072443125 0.52573396875
0 0.4923519734375 0.5091957828125 0.494936065625 0.5091957828125 0.494936065625 0.4889824421875 0.4923519734375 0.4889824421875 0.4923519734375 0.5091957828125
0 0.48966451875 0.518567421875 0.49255870156250003 0.518567421875 0.49255870156250003 0.4961489890625 0.48966451875 0.4961489890625 0.48966451875 0.518567421875
0 0.48480642500000004 0.5088282671875 0.4885275171875 0.5088282671875 0.4885275171875 0.4961489890625 0.48480642500000004 0.4961489890625 0.48480642500000004 0.5088282671875
0 0.48160215156249997 0.525917728125 0.48542660781249997 0.525917728125 0.48542660781249997 0.5057043875 0.48160215156249997 0.5057043875 0.48160215156249997 0.525917728125
0 0.5011378859375 0.5047855984375 0.5182962546875001 0.5047855984375 0.5182962546875001 0.48328595625000004 0.5011378859375 0.48328595625000004 0.5011378859375 0.5047855984375
0 0.503205159375 0.4819996515625 0.5267720765624999 0.4819996515625 0.5267720765624999 0.46086752343750004 0.503205159375 0.46086752343750004 0.503205159375 0.4819996515625
0 0.47994833281249993 0.48181589375 0.5018614312499999 0.48181589375 0.5018614312499999 0.46178631093750006 0.47994833281249993 0.46178631093750006 0.47994833281249993 0.48181589375
0 0.475710421875 0.5220588171875 0.47932815156249997 0.5220588171875 0.47932815156249997 0.5038668109375 0.475710421875 0.5038668109375 0.475710421875 0.5220588171875
0 0.475710421875 0.501294203125 0.4796382421875 0.501294203125 0.4796382421875 0.49118753281250005 0.475710421875 0.49118753281250005 0.475710421875 0.501294203125
0 0.47405660312500003 0.494495171875 0.476744059375 0.494495171875 0.476744059375 0.48493977343749994 0.47405660312500003 0.48493977343749994 0.47405660312500003 0.494495171875
0 0.46733796562499996 0.49504644375 0.47012878437500005 0.49504644375 0.47012878437500005 0.4853072890625 0.46733796562499996 0.4853072890625 0.46733796562499996 0.49504644375
0 0.45503768750000007 0.5238963937500001 0.45762177968750006 0.5238963937500001 0.45762177968750006 0.5097470562499999 0.45503768750000007 0.5097470562499999 0.45503768750000007 0.5238963937500001
0 0.45110986875 0.532533003125 0.4548309609375 0.532533003125 0.4548309609375 0.5110333578125 0.45110986875 0.5110333578125 0.45110986875 0.532533003125
0 0.45214350468750003 0.51819990625 0.4548309609375 0.51819990625 0.4548309609375 0.5046018421875 0.45214350468750003 0.5046018421875 0.45214350468750003 0.51819990625
0 0.44284077499999996 0.5183836640624999 0.44759550312499996 0.5183836640624999 0.44759550312499996 0.50496935625 0.44284077499999996 0.50496935625 0.44284077499999996 0.5183836640624999
0 0.43457168125 0.519853725 0.43880959218750004 0.519853725 0.43880959218750004 0.5009266890624999 0.43457168125 0.5009266890624999 0.43457168125 0.519853725
0 0.4389129546875 0.49173880625 0.44098022812500004 0.49173880625 0.44098022812500004 0.4803458328125 0.4389129546875 0.4803458328125 0.4389129546875 0.49173880625
0 0.4363288640625 0.49173880625 0.4389129546875 0.49173880625 0.4389129546875 0.48144837812499996 0.4363288640625 0.48144837812499996 0.4363288640625 0.49173880625
0 0.43240104375 0.5009266890624999 0.4347784078125 0.5009266890624999 0.4347784078125 0.48714486562500003 0.43240104375 0.48714486562500003 0.43240104375 0.5009266890624999
0 0.43012704375000005 0.492106321875 0.43240104375 0.492106321875 0.43240104375 0.481264621875 0.43012704375000005 0.481264621875 0.43012704375000005 0.492106321875
0 0.4594823265625 0.5270202734375 0.46671778281250004 0.5270202734375 0.46671778281250004 0.49045250312500005 0.4594823265625 0.49045250312500005 0.4594823265625 0.5270202734375
0 0.44687195781250005 0.5027642640625001 0.4551410515625 0.5027642640625001 0.4551410515625 0.48181589375 0.44687195781250005 0.48181589375 0.44687195781250005 0.5027642640625001
0 0.43870622812500004 0.4807133484375 0.4782945140625 0.4807133484375 0.4782945140625 0.45866243124999995 0.43870622812500004 0.45866243124999995 0.43870622812500004 0.4807133484375
0 0.43787931875 0.478875771875 0.43787931875 0.45976497812500006 0.3821663 0.45976497812500006 0.3821663 0.478875771875 0.3931614875 0.478875771875 0.3973606375 0.478875771875 0.4004292453125 0.478875771875 0.43787931875 0.478875771875
0 0.402839034375 0.5220588171875 0.40635339843749996 0.5220588171875 0.40635339843749996 0.5023967500000001 0.402839034375 0.5023967500000001 0.402839034375 0.5220588171875
0 0.3958103046875 0.5220588171875 0.3983943953125 0.5220588171875 0.3983943953125 0.5038668109375 0.3958103046875 0.5038668109375 0.3958103046875 0.5220588171875
0 0.400668396875 0.5000079000000001 0.4032524890625 0.5000079000000001 0.4032524890625 0.48677735 0.400668396875 0.48677735 0.400668396875 0.5000079000000001
0 0.407903853125 0.49008498749999996 0.407903853125 0.50313178125 0.4088341265625 0.50313178125 0.4104879453125 0.50313178125 0.4104879453125 0.49008498749999996 0.407903853125 0.49008498749999996
0 0.42361513124999994 0.50313178125 0.408420671875 0.50313178125 0.408420671875 0.526836515625 0.42361513124999994 0.526836515625 0.42361513124999994 0.50313178125
0 0.3303811 0.48934995781249996 0.3784452078125 0.48934995781249996 0.3784452078125 0.46344013124999994 0.3303811 0.46344013124999994 0.3303811 0.48934995781249996
0 0.3892983921875 0.5137897234375 0.391365665625 0.5137897234375 0.391365665625 0.4990891125 0.3892983921875 0.4990891125 0.3892983921875 0.5137897234375
0 0.3823730265625 0.5130546921875 0.38464702812499996 0.5130546921875 0.38464702812499996 0.50166171875 0.3823730265625 0.50166171875 0.3823730265625 0.5130546921875
0 0.38464702812499996 0.5130546921875 0.38723111875 0.5130546921875 0.38723111875 0.5011104468750001 0.38464702812499996 0.5011104468750001 0.38464702812499996 0.5130546921875
0 0.3861974828125 0.509563296875 0.389918575 0.509563296875 0.389918575 0.49596523281250005 0.3861974828125 0.49596523281250005 0.3861974828125 0.509563296875
0 0.3799956625 0.500375415625 0.3833033 0.500375415625 0.3833033 0.48732862343749994 0.3799956625 0.48732862343749994 0.3799956625 0.500375415625
0 0.3782384796875 0.5001916578125 0.3800990265625 0.5001916578125 0.3800990265625 0.48604231875000004 0.3782384796875 0.48604231875000004 0.3782384796875 0.5001916578125
0 0.3759644796875 0.5110333578125 0.378135115625 0.5110333578125 0.378135115625 0.4961489890625 0.3759644796875 0.4961489890625 0.3759644796875 0.5110333578125
0 0.37234675 0.51066584375 0.37503420625 0.51066584375 0.37503420625 0.49486268593749994 0.37234675 0.49486268593749994 0.37234675 0.51066584375
0 0.37027947656250004 0.51066584375 0.37234675 0.51066584375 0.37234675 0.4961489890625 0.37027947656250004 0.4961489890625 0.37027947656250004 0.51066584375
0 0.3628372921875 0.5038668109375 0.365421384375 0.5038668109375 0.365421384375 0.4919225640625 0.3628372921875 0.4919225640625 0.3628372921875 0.5038668109375
0 0.3674886578125 0.509012025 0.37027947656250004 0.509012025 0.37027947656250004 0.4930251109375 0.3674886578125 0.4930251109375 0.3674886578125 0.509012025
0 0.3562220171875 0.526469 0.35973638281250003 0.526469 0.35973638281250003 0.5055206296875 0.3562220171875 0.5055206296875 0.3562220171875 0.526469
0 0.3612868375 0.5336355484374999 0.365421384375 0.5336355484374999 0.365421384375 0.5121359046875 0.3612868375 0.5121359046875 0.3612868375 0.5336355484374999
0 0.361493565625 0.522242575 0.36449111093750003 0.522242575 0.36449111093750003 0.5042343265625 0.361493565625 0.5042343265625 0.361493565625 0.522242575
0 0.35332783437500004 0.5088282671875 0.3552917453125 0.5088282671875 0.3552917453125 0.4952302015625 0.35332783437500004 0.4952302015625 0.35332783437500004 0.5088282671875
0 0.3501235609375 0.5088282671875 0.352190834375 0.5088282671875 0.352190834375 0.497067778125 0.3501235609375 0.497067778125 0.3501235609375 0.5088282671875
0 0.338340103125 0.5253664546875 0.34857310625000004 0.5253664546875 0.34857310625000004 0.5046018421875 0.338340103125 0.5046018421875 0.338340103125 0.5253664546875
0 0.32438600625 0.516913603125 0.32924410000000004 0.516913603125 0.32924410000000004 0.5000079000000001 0.32438600625 0.5000079000000001 0.32438600625 0.516913603125
0 0.2889322671875 0.4777732265625 0.2889322671875 0.494495171875 0.3190110953125 0.494495171875 0.3302777359375 0.494495171875 0.3302777359375 0.4777732265625 0.2889322671875 0.4777732265625
0 0.2896558125 0.5200374828125 0.30474690937500004 0.5200374828125 0.30474690937500004 0.49651650625 0.2896558125 0.49651650625 0.2896558125 0.5200374828125
0 0.3109487296875 0.5321654875 0.321801915625 0.5321654875 0.321801915625 0.506990690625 0.3109487296875 0.506990690625 0.3109487296875 0.5321654875
0 0.3198380046875 0.5093795390625 0.32438600625 0.5093795390625 0.32438600625 0.49596523281250005 0.3198380046875 0.49596523281250005 0.3198380046875 0.5093795390625
0 0.39509955625000004 0.478875771875 0.392515465625 0.478875771875 0.392515465625 0.48798901250000004 0.39509955625000004 0.48798901250000004 0.39509955625000004 0.478875771875
0 0.2284256359375 0.53909660625 0.234562853125 0.53909660625 0.234562853125 0.519859478125 0.2284256359375 0.519859478125 0.2284256359375 0.53909660625
0 0.195155453125 0.540819334375 0.2027462234375 0.540819334375 0.2027462234375 0.515552659375 0.195155453125 0.515552659375 0.195155453125 0.540819334375
0 0.189502753125 0.539383728125 0.195155453125 0.539383728125 0.195155453125 0.5189981140625 0.189502753125 0.5189981140625 0.189502753125 0.539383728125
0 0.2807534953125 0.5195723578125 0.28495264374999996 0.5195723578125 0.28495264374999996 0.5000481078125001 0.2807534953125 0.5000481078125001 0.2807534953125 0.5195723578125
0 0.27122465625 0.5172753875 0.2763928390625 0.5172753875 0.2763928390625 0.49832538125000003 0.27122465625 0.49832538125000003 0.27122465625 0.5172753875
0 0.258465703125 0.5227306921875 0.2615343125 0.5227306921875 0.2615343125 0.5078003828125001 0.258465703125 0.5078003828125001 0.258465703125 0.5227306921875
0 0.0887231734375 0.5078003828125001 0.11472559687499999 0.5078003828125001 0.11472559687499999 0.48798901250000004 0.0887231734375 0.48798901250000004 0.0887231734375 0.5078003828125001
0 0.1349138140625 0.5319185734375 0.1883722125 0.5319185734375 0.1883722125 0.49315719687500004 0.1349138140625 0.49315719687500004 0.1349138140625 0.5319185734375
0 0.189664259375 0.513542809375 0.212921084375 0.513542809375 0.212921084375 0.4917215890625 0.189664259375 0.4917215890625 0.189664259375 0.513542809375
0 0.21356710781250002 0.5189981140625 0.258465703125 0.5189981140625 0.258465703125 0.4793753734375 0.21356710781250002 0.4793753734375 0.21356710781250002 0.5189981140625
0 0.258465703125 0.5063647765625 0.2697711046875 0.5063647765625 0.2697711046875 0.4793753734375 0.258465703125 0.4793753734375 0.258465703125 0.5063647765625
0 0.27122465625 0.49861250156250003 0.28785974687500004 0.49861250156250003 0.28785974687500004 0.478514009375 0.27122465625 0.478514009375 0.27122465625 0.49861250156250003
0 0.3091785046875 0.470761734375 0.31257012500000003 0.470761734375 0.31257012500000003 0.45927688125 0.3091785046875 0.45927688125 0.3091785046875 0.470761734375
0 0.00327301875 0.53314391875 0.084905671875 0.53314391875 0.084905671875 0.49343998750000007 0.00327301875 0.49343998750000007 0.00327301875 0.53314391875
0 0.701443346875 0.51296141875 0.7048263453125 0.51296141875 0.7048263453125 0.4943367421875 0.701443346875 0.4943367421875 0.701443346875 0.51296141875
0 0.7261021296875 0.49511217343749997 0.7287446906249999 0.49511217343749997 0.7287446906249999 0.48319237968750006 0.7261021296875 0.48319237968750006 0.7261021296875 0.49511217343749997
0 0.733854653125 0.5014445640625 0.7354610312500001 0.5014445640625 0.7354610312500001 0.48666898593749996 0.733854653125 0.48666898593749996 0.733854653125 0.5014445640625
0 0.7357404015625 0.4989612734375 0.737530603125 0.4989612734375 0.737530603125 0.485799834375 0.7357404015625 0.485799834375 0.7357404015625 0.4989612734375
0 0.7603948203125 0.5028103734375 0.764934584375 0.5028103734375 0.764934584375 0.4830682140625 0.7603948203125 0.4830682140625 0.7603948203125 0.5028103734375
0 0.40827372500000003 0.49008498749999996 0.4104879453125 0.49008498749999996 0.4104879453125 0.4808977328125 0.40827372500000003 0.4808977328125 0.40827372500000003 0.49008498749999996
0 0.3973606375 0.4877018921875 0.39994472812500004 0.4877018921875 0.39994472812500004 0.478875771875 0.3973606375 0.478875771875 0.3973606375 0.4877018921875
0 0.42464876875 0.4990891125 0.4273712953125 0.4990891125 0.4273712953125 0.49137411562500005 0.42464876875 0.49137411562500005 0.42464876875 0.4990891125
0 0.7736313109374999 0.4973709265625 0.785698075 0.4973709265625 0.785698075 0.48341945781250006 0.7736313109374999 0.48341945781250006 0.7736313109374999 0.4973709265625
0 0.8291613625 0.513203115625 0.853291296875 0.513203115625 0.853291296875 0.4971451671875 0.8291613625 0.4971451671875 0.8291613625 0.513203115625
0 0.6511305078125 0.5375194375000001 0.749843878125 0.5375194375000001 0.749843878125 0.516873503125 0.6511305078125 0.516873503125 0.6511305078125 0.5375194375000001
0 0.510342984375 0.5446738265625 0.6422027546875 0.5446738265625 0.6422027546875 0.5224507734375 0.510342984375 0.5224507734375 0.510342984375 0.5446738265625
0 0.50952780625 0.5260595546875 0.3955880609375 0.5260595546875 0.3955880609375 0.5531286671875 0.50952780625 0.5531286671875 0.50952780625 0.5260595546875
0 0.3096745640625 0.55542086875 0.367741253125 0.55542086875 0.367741253125 0.5342014374999999 0.3096745640625 0.5342014374999999 0.3096745640625 0.55542086875
0 0.1380502015625 0.6125377015625 0.15708317031250002 0.6125377015625 0.15708317031250002 0.5775543125 0.1380502015625 0.5775543125 0.1380502015625 0.6125377015625
0 0.18821336718749998 0.5635036078125 0.236440978125 0.5635036078125 0.236440978125 0.5399901828125 0.18821336718749998 0.5399901828125 0.18821336718749998 0.5635036078125
0 0.42383523749999996 0.49528788281249997 0.426086715625 0.49528788281249997 0.426086715625 0.48731341562499997 0.42383523749999996 0.48731341562499997 0.42383523749999996 0.49528788281249997
0 0.42180890625 0.500645246875 0.42418161874999993 0.500645246875 0.42418161874999993 0.48931473125 0.42180890625 0.48931473125 0.42180890625 0.500645246875
0 0.42722866406250004 0.4992433171875 0.4243872546875 0.4992433171875 0.4243872546875 0.5127137 0.42722866406250004 0.5127137 0.42722866406250004 0.4992433171875
0 0.42939134843750004 0.5266903875 0.43290928281249996 0.5266903875 0.43290928281249996 0.507026034375 0.42939134843750004 0.507026034375 0.42939134843750004 0.5266903875
0 0.42682054999999997 0.5266903875 0.43000022187500003 0.5266903875 0.43000022187500003 0.5069057625 0.42682054999999997 0.5069057625 0.42682054999999997 0.5266903875
0 0.4057028984375 0.4924143890625 0.40743480468750004 0.4924143890625 0.40743480468750004 0.48252327812500007 0.4057028984375 0.48252327812500007 0.4057028984375 0.4924143890625
0 0.40393675937499995 0.49448546093749995 0.405616709375 0.49448546093749995 0.405616709375 0.48672651875 0.40393675937499995 0.48672651875 0.40393675937499995 0.49448546093749995
0 0.39705916874999997 0.5031995125 0.40021123750000004 0.5031995125 0.40021123750000004 0.491191628125 0.39705916874999997 0.491191628125 0.39705916874999997 0.5031995125
0 0.3669527390625 0.5300538968749999 0.3918996328125 0.5300538968749999 0.3918996328125 0.5131407484375 0.3669527390625 0.5131407484375 0.3669527390625 0.5300538968749999
0 0.7473912328125001 0.5241837890625 0.7845208796875001 0.5241837890625 0.7845208796875001 0.500928209375 0.7473912328125001 0.500928209375 0.7473912328125001 0.5241837890625
0 0.7848512140625 0.526063028125 0.7913918453125001 0.526063028125 0.7913918453125001 0.511498928125 0.7848512140625 0.511498928125 0.7848512140625 0.526063028125
0 0.8026338046875001 0.51824656875 0.816629434375 0.51824656875 0.816629434375 0.49945418124999996 0.8026338046875001 0.49945418124999996 0.8026338046875001 0.51824656875
0 0.7981941031249999 0.5224560640625 0.8022955421875 0.5224560640625 0.8022955421875 0.5071214765625001 0.7981941031249999 0.5071214765625001 0.7981941031249999 0.5224560640625
0 0.8288717796875 0.505336871875 0.8222888140625001 0.505336871875 0.8222888140625001 0.519129753125 0.8288717796875 0.519129753125 0.8288717796875 0.505336871875
