0 0.2559117578125 0.43823995625 0.2631630984375 0.43823995625 0.2631630984375 0.4201921765625 0.2559117578125 0.4201921765625 0.2559117578125 0.43823995625
0 0.09178401875 0.4327912953125 0.09629596406249999 0.4327912953125 0.09629596406249999 0.42201992187500004 0.09178401875 0.42201992187500004 0.09178401875 0.4327912953125
0 0.1290397921875 0.4392082828125 0.1358721671875 0.4392082828125 0.1358721671875 0.42889526718750004 0.1290397921875 0.42889526718750004 0.1290397921875 0.4392082828125
0 0.0689584125 0.4343239234375 0.07347035625000001 0.4343239234375 0.07347035625000001 0.4288236484375 0.0689584125 0.4288236484375 0.0689584125 0.4343239234375
0 0.018424628125000002 0.4263026890625 0.021647446875 0.4263026890625 0.021647446875 0.4205732359375 0.018424628125000002 0.4205732359375 0.018424628125000002 0.4263026890625
0 0.026932867187499997 0.4315737859375 0.0326050265625 0.4315737859375 0.0326050265625 0.4251567984375 0.026932867187499997 0.4251567984375 0.026932867187499997 0.4315737859375
0 0.96880215625 0.6943788140625 0.9751384734374999 0.6943788140625 0.9751384734374999 0.6850210125 0.96880215625 0.6850210125 0.96880215625 0.6943788140625
0 0.1418410390625 0.7440736515624999 0.15190654374999998 0.7440736515624999 0.15190654374999998 0.73233973125 0.1418410390625 0.73233973125 0.1418410390625 0.7440736515624999
0 0.171295015625 0.7442203265625 0.1807004875 0.7442203265625 0.1807004875 0.7314596859375 0.171295015625 0.7314596859375 0.171295015625 0.7442203265625
0 0.5284829109375 0.74532021875 0.540568478125 0.74532021875 0.540568478125 0.68847329375 0.5284829109375 0.68847329375 0.5284829109375 0.74532021875
0 0.8484140640625 0.0926016984375 0.98315711875 0.0926016984375 0.98315711875 0.02878179375 0.8484140640625 0.02878179375 0.8484140640625 0.0926016984375
