0 0.41912346093749997 0.240625 0.41912346093749997 0.2515625 0.425 0.2515625 0.425 0.240625 0.41912346093749997 0.240625
0 0.4015625 0.20864152812499998 0.3984375 0.20862334843750002 0.3984375 0.2171875 0.4015625 0.2171875 0.4015625 0.20864152812499998
0 0.3633853359375 0.18862001875 0.3635021546875 0.1953125 0.36875 0.1953125 0.36875 0.1887448828125 0.3633853359375 0.18862001875
0 0.22616330156250003 0.219056634375 0.2260759625 0.2265625 0.2328125 0.2265625 0.2328125 0.21921139687500002 0.22616330156250003 0.219056634375
0 0.21301984531249998 0.175 0.212965303125 0.184375 0.2203125 0.184375 0.2203125 0.175 0.21301984531249998 0.175
0 0.2068662578125 0.18556513125000001 0.209375 0.185623521875 0.209375 0.1785737125 0.20694826718749998 0.1785172296875 0.2068662578125 0.18556513125000001
0 0.15095059375 0.173866065625 0.15103651406250002 0.18125 0.1546875 0.18125 0.1546875 0.173844325 0.15095059375 0.173866065625
0 0.1348166140625 0.1207767953125 0.1348940328125 0.1234375 0.137480028125 0.1234375 0.1374030484375 0.12079184218750001 0.1348166140625 0.1207767953125
0 0.278125 0.2296875 0.278125 0.22381840468749997 0.273455703125 0.22384557031250002 0.2734375 0.22462765468749998 0.2734375 0.2296875 0.278125 0.2296875
0 0.24175306875000002 0.2084807171875 0.241919353125 0.215625 0.25 0.215625 0.25 0.20857667968750002 0.24175306875000002 0.2084807171875
0 0.3234375 0.1745808234375 0.32164263593750003 0.174612153125 0.319775078125 0.17464475156249998 0.3199288171875 0.18125 0.3234375 0.18125 0.3234375 0.1745808234375
0 0.30845904062499996 0.152704215625 0.3085779375 0.1578125 0.309375 0.1578125 0.309375 0.1526988875 0.30845904062499996 0.152704215625
0 0.3129553734375 0.153816078125 0.3129553734375 0.1609375 0.31512622968750004 0.1609375 0.315625 0.16092879375 0.315625 0.15376947968750002 0.3129553734375 0.153816078125
0 0.313867940625 0.1424398546875 0.3139377296875 0.1484375 0.315625 0.1484375 0.315625 0.1423989578125 0.313867940625 0.1424398546875
0 0.340553521875 0.1622154046875 0.34040142812499996 0.16875 0.34375 0.16875 0.34375 0.1621968078125 0.340553521875 0.1622154046875
0 0.3484375 0.1417361921875 0.342675784375 0.141635621875 0.34247891406250003 0.1484016078125 0.34453518125000004 0.1484375 0.3484375 0.1484375 0.3484375 0.1417361921875
0 0.3569654453125 0.1617295859375 0.3571152609375 0.1703125 0.3609375 0.1703125 0.3609375 0.1617295859375 0.3569654453125 0.1617295859375
0 0.36327315 0.16328699062500002 0.3633639359375 0.1671875 0.3671875 0.1671875 0.3671875 0.1631958828125 0.36327315 0.16328699062500002
0 0.371270059375 0.16744765 0.3712443015625 0.171875 0.3734375 0.171875 0.3734375 0.167510715625 0.371270059375 0.16744765
0 0.364962840625 0.1717927671875 0.36512791718750004 0.18125 0.36875 0.18125 0.36875 0.17185887187499999 0.364962840625 0.1717927671875
0 0.37240075 0.17457463906249998 0.37228423125 0.18125 0.375 0.18125 0.375 0.17451414062499998 0.37240075 0.17457463906249998
0 0.378011053125 0.17636668125 0.3778712671875 0.184375 0.3828125 0.184375 0.3828125 0.1763946140625 0.378011053125 0.17636668125
0 0.394120159375 0.18222524843750001 0.393973540625 0.190625 0.398411953125 0.190625 0.3984375 0.1891614375 0.3984375 0.18227548437500002 0.394120159375 0.18222524843750001
0 0.3864532890625 0.17432562499999998 0.3864935734375 0.18125 0.390625 0.18125 0.390625 0.17442272187500002 0.3864532890625 0.17432562499999998
0 0.3822255203125 0.1731520484375 0.3822833859375 0.178125 0.3859375 0.178125 0.3859375 0.1730872546875 0.3822255203125 0.1731520484375
0 0.3962573453125 0.159212503125 0.396037278125 0.178125 0.40129854218750005 0.178125 0.40151896562499995 0.1591818921875 0.3962573453125 0.159212503125
0 0.4029984890625 0.1675884046875 0.4028758859375 0.178125 0.40625 0.178125 0.40625 0.1674937953125 0.4029984890625 0.1675884046875
0 0.4122241671875 0.1507260375 0.4122241671875 0.171875 0.4171875 0.171875 0.4171875 0.1507549125 0.4122241671875 0.1507260375
0 0.4056702328125 0.1492360171875 0.40586093749999996 0.165625 0.4109375 0.165625 0.4109375 0.1492360171875 0.4056702328125 0.1492360171875
0 0.404050059375 0.0714151015625 0.404050059375 0.0890625 0.4078125 0.0890625 0.4078125 0.0715245765625 0.404050059375 0.0714151015625
0 0.3960983828125 0.0772119859375 0.3961582359375 0.0875 0.3984375 0.0875 0.3984375 0.0771983765625 0.3960983828125 0.0772119859375
0 0.3945254453125 0.0681338890625 0.3946199328125 0.084375 0.396875 0.084375 0.396875 0.068092878125 0.3945254453125 0.0681338890625
0 0.3609375 0.0765625 0.3609375 0.06300555625000001 0.3580995890625 0.06308813125 0.3578125 0.07542264374999999 0.3578125 0.0765625 0.3609375 0.0765625
0 0.34300235 0.059673389062500005 0.342842190625 0.0734375 0.3453125 0.0734375 0.3453125 0.0596599484375 0.34300235 0.059673389062500005
0 0.34477684062499997 0.058025035937500004 0.3445623625 0.0703125 0.346875 0.0703125 0.346875 0.057988412499999996 0.34477684062499997 0.058025035937500004
0 0.338470728125 0.0606763078125 0.338544971875 0.0734375 0.340625 0.0734375 0.340625 0.060701375 0.338470728125 0.0606763078125
0 0.3375 0.0613387015625 0.3359375 0.06134779218750001 0.3359375 0.071875 0.3375 0.071875 0.3375 0.0613387015625
0 0.3323535 0.0683176734375 0.334375 0.068364725 0.334375 0.057086556249999997 0.3324191046875 0.0570410328125 0.3323535 0.0683176734375
0 0.3272378421875 0.056823975000000006 0.3274460125 0.06875 0.3296875 0.06875 0.3296875 0.056880990625 0.3272378421875 0.056823975000000006
0 0.2856327046875 0.083759621875 0.2855654921875 0.0953125 0.2875 0.0953125 0.2875 0.083716159375 0.2856327046875 0.083759621875
0 0.276897990625 0.0625 0.27708890468749997 0.0734375 0.2796875 0.0734375 0.2796875 0.0625 0.276897990625 0.0625
0 0.2381987140625 0.058446071875000005 0.23826406875 0.0640625 0.240625 0.0640625 0.240625 0.0584743046875 0.2381987140625 0.058446071875000005
0 0.23358051406250002 0.0401648890625 0.233430734375 0.0453125 0.23507839375 0.0453125 0.23522873125000002 0.0401457109375 0.23358051406250002 0.0401648890625
0 0.2354136625 0.0391342390625 0.2354136625 0.0453125 0.2359375 0.0453125 0.2359375 0.03914948125 0.2354136625 0.0391342390625
0 0.22568580468750002 0.05599096875 0.22577214687499997 0.0609375 0.2275984234375 0.0609375 0.227511525 0.0559591015625 0.22568580468750002 0.05599096875
0 0.22116650781249997 0.05872644375 0.2210786765625 0.0625 0.221875 0.0625 0.221875 0.058709953125000006 0.22116650781249997 0.05872644375
0 0.22512547968750002 0.0632879984375 0.22512547968750002 0.0671875 0.2265625 0.0671875 0.2265625 0.06329635781250001 0.22512547968750002 0.0632879984375
0 0.20950514375 0.04538850625 0.20950514375 0.0546875 0.221875 0.0546875 0.221875 0.04538850625 0.20950514375 0.04538850625
0 0.2517010109375 0.053011121875 0.25124305625 0.06875 0.271875 0.06875 0.271875 0.0532458671875 0.2517010109375 0.053011121875
0 0.30238079687499997 0.0812329671875 0.3023352453125 0.0890625 0.3046875 0.0890625 0.3046875 0.0812598078125 0.30238079687499997 0.0812329671875
0 0.2659097171875 0.045146896874999995 0.26579773281249996 0.0515625 0.271875 0.0515625 0.271875 0.0451816015625 0.2659097171875 0.045146896874999995
0 0.27348032187500004 0.0383705828125 0.27384695468750003 0.059375 0.2953125 0.059375 0.2953125 0.0386246234375 0.27348032187500004 0.0383705828125
0 0.296044553125 0.06540948125 0.30625 0.06540948125 0.30625 0.0505224390625 0.29621777968749996 0.0505224390625 0.296044553125 0.06540948125
0 0.32003145312500003 0.054311296875000005 0.31996563125 0.065625 0.321875 0.065625 0.321875 0.05428984375 0.32003145312500003 0.054311296875000005
0 0.3239131515625 0.0556015890625 0.3239131515625 0.0640625 0.326304275 0.0640625 0.326304275 0.0555598515625 0.3239131515625 0.0556015890625
0 0.355252815625 0.06313366875000001 0.3553036703125 0.071875 0.35625 0.071875 0.35625 0.0631394703125 0.355252815625 0.06313366875000001
0 0.35625 0.07043621718750001 0.3546875 0.07043621718750001 0.3546875 0.0796875 0.35625 0.0796875 0.35625 0.07043621718750001
0 0.0372989359375 0.1917960953125 0.0421875 0.191881425 0.0421875 0.18659040468750002 0.037175735937499996 0.1865029234375 0.0372989359375 0.1917960953125
0 0.4284021390625 0.31532067812500003 0.4284021390625 0.334375 0.434375 0.334375 0.434375 0.315216421875 0.4284021390625 0.31532067812500003
0 0.43798994843749994 0.3254841421875 0.43811786562500005 0.3328125 0.440625 0.3328125 0.440625 0.32542281093750003 0.43798994843749994 0.3254841421875
0 0.434375 0.332915571875 0.4296875 0.333024675 0.4296875 0.3421875 0.434375 0.3421875 0.434375 0.332915571875
0 0.3891958921875 0.1889960921875 0.39375 0.18902258593750002 0.39375 0.1821302609375 0.3892359890625 0.182104 0.3891958921875 0.1889960921875
0 0.4033456109375 0.20556033437500001 0.4032466796875 0.2140625 0.409375 0.2140625 0.409375 0.20556033437500001 0.4033456109375 0.20556033437500001
0 0.3328125 0.2042302390625 0.325 0.20404840000000002 0.325 0.215625 0.3328125 0.215625 0.3328125 0.2042302390625
0 0.32811408750000004 0.171875 0.3278958828125 0.18125 0.3359375 0.18125 0.3359375 0.171875 0.32811408750000004 0.171875
0 0.4078125 0.165625 0.4078125 0.1540982640625 0.40470689374999996 0.15404405625 0.4046875 0.1573775703125 0.4046875 0.165625 0.4078125 0.165625
0 0.40869065000000004 0.1700365921875 0.40883183437500004 0.178125 0.4109375 0.178125 0.4109375 0.17010196875 0.40869065000000004 0.1700365921875
0 0.4137096203125 0.171927596875 0.41366447500000003 0.1796875 0.415625 0.1796875 0.415625 0.171883015625 0.4137096203125 0.171927596875
0 0.405143575 0.18542589375000001 0.4049922953125 0.190625 0.40754325781249995 0.190625 0.40769410625 0.1854407328125 0.405143575 0.18542589375000001
0 0.41190424531250003 0.18067579375 0.4118793828125 0.1828125 0.41405855156250004 0.1828125 0.4140625 0.18247323124999998 0.4140625 0.1807260265625 0.41190424531250003 0.18067579375
0 0.21875 0.0692012375 0.2 0.0689830625 0.2 0.0890625 0.21875 0.0890625 0.21875 0.0692012375
0 0.2208679421875 0.078125 0.2208679421875 0.090625 0.2421875 0.090625 0.2421875 0.078125 0.2208679421875 0.078125
0 0.23062747031250003 0.072002175 0.2304947796875 0.0765625 0.23125 0.0765625 0.23125 0.0720166640625 0.23062747031250003 0.072002175
0 0.2442338578125 0.0720152578125 0.24418013125 0.08125 0.2464867828125 0.08125 0.2465408984375 0.0719481296875 0.2442338578125 0.0720152578125
0 0.253125 0.0796875 0.253125 0.0708958765625 0.25165550625 0.070878778125 0.2515625 0.07620711718749999 0.2515625 0.0796875 0.253125 0.0796875
0 0.244575821875 0.0831299453125 0.2443122734375 0.0921875 0.253125 0.0921875 0.253125 0.0831796828125 0.244575821875 0.0831299453125
0 0.23969366406249998 0.067990153125 0.239630278125 0.0734375 0.2421875 0.0734375 0.2421875 0.06800466250000001 0.23969366406249998 0.067990153125
0 0.242802996875 0.0605202515625 0.24256353593750002 0.06875 0.24504511406249999 0.06875 0.24528415468749998 0.0605346859375 0.242802996875 0.0605202515625
0 0.23707624843750003 0.067751175 0.2370340765625 0.075 0.2390625 0.075 0.2390625 0.06779740625 0.23707624843750003 0.067751175
0 0.2395197046875 0.041108217187500004 0.23955325625 0.046875 0.240625 0.046875 0.240625 0.04113394375 0.2395197046875 0.041108217187500004
0 0.24563004375 0.048160409375000005 0.246875 0.048124184375000004 0.246875 0.041348924999999995 0.24563004375 0.041385149999999996 0.24563004375 0.048160409375000005
0 0.2432778609375 0.036912865625 0.24334265624999998 0.040625 0.24375 0.040625 0.24375 0.03692110625 0.2432778609375 0.036912865625
0 0.2550502046875 0.0439795171875 0.2552253828125 0.05 0.25625 0.05 0.25625 0.043944606250000004 0.2550502046875 0.0439795171875
0 0.25083962187500003 0.030965425 0.250774334375 0.0421875 0.2625 0.0421875 0.2625 0.0310332625 0.25083962187500003 0.030965425
0 0.3189121359375 0.757871784375 0.31899360468750004 0.771875 0.3234375 0.771875 0.3234375 0.75784545625 0.3189121359375 0.757871784375
0 0.32982407343750003 0.7726038 0.329773771875 0.78125 0.3328125 0.78125 0.3328125 0.7725168453125 0.32982407343750003 0.7726038
0 0.5546875 1 0.5546875 0.9386939703125 0.5545415968749999 0.933679603125 0.5114748578125 0.933679603125 0.513404584375 1 0.5546875 1
0 0.45979361250000006 0.84473275625 0.4619310671875 0.9671875 0.4828125 0.9671875 0.4828125 0.84500060625 0.45979361250000006 0.84473275625
0 0.5328125 0.8649851046875 0.521875 0.8650487375000001 0.521875 0.89348679375 0.5219144250000001 0.896875 0.5328125 0.896875 0.5328125 0.8649851046875
0 0.5746731859375 0.8640189796875 0.5752739625000001 0.8984375 0.58125 0.8984375 0.58125 0.8642103453125 0.5746731859375 0.8640189796875
0 0.57961025625 0.8841569843750001 0.5802985609375 0.9078125 0.5875 0.9078125 0.5875 0.884202884375 0.57961025625 0.8841569843750001
0 0.795656028125 0.9079930781249999 0.7967792203125 0.95625 0.815625 0.95625 0.815625 0.9082254375 0.795656028125 0.9079930781249999
0 0.6771174906249999 0.9025980546875001 0.6774570640625 0.9171875 0.69375 0.9171875 0.69375 0.9023077328125 0.6771174906249999 0.9025980546875001
0 0.9616646953124999 0.8569439265625001 0.9629293140625 0.965625 0.9705357453125 0.965625 0.9875 0.965230153125 0.9875 0.856342603125 0.9616646953124999 0.8569439265625001
0 0.76875 0.8864927234375 0.7521760859375 0.886203425 0.7515625 0.907290978125 0.7515625 0.9125 0.768479021875 0.9125 0.76875 0.9031871046875001 0.76875 0.8864927234375
0 0.6295767437500001 0.9048591171875 0.6308556046875 0.978125 0.6765625 0.978125 0.6765625 0.9048591171875 0.6295767437500001 0.9048591171875
0 0.659375 0.9140625 0.65692028125 0.9140625 0.6353119656249999 0.9145654390625001 0.636573125 0.96875 0.659375 0.96875 0.659375 0.9140625
0 0.5945924 0.8433472406250001 0.5939446421875 0.9546875 0.621875 0.9546875 0.621875 0.8441410843749999 0.5945924 0.8433472406250001
0 0.5203125 1 0.5203125 0.9255119578125001 0.49098246406249996 0.925 0.4651718890625 0.925 0.46648101875 1 0.5203125 1
0 0.5180855375 1 0.5203125 0.8724174515625001 0.5203125 0.8437985187500001 0.48339637656249995 0.8446577515625 0.4828125 0.8781080124999999 0.4828125 1 0.5180855375 1
0 0.49375 0.8421875 0.478377325 0.8421875 0.4765625 0.9461587968749999 0.4765625 0.9578125 0.492731075 0.9578125 0.49375 0.8994382765625 0.49375 0.8421875
