0 0.653125 0.55 0.653125 0.510236521875 0.642098390625 0.509979875 0.6432628578124999 0.55 0.653125 0.55
0 0.6854815234375 0.422463184375 0.685212234375 0.46875 0.6984375 0.46875 0.6984375 0.422463184375 0.6854815234375 0.422463184375
0 0.638702625 0.55 0.6390625 0.5345382828125 0.6390625 0.5143375390625 0.6284803046875 0.5142144046875 0.628125 0.5294797499999999 0.628125 0.55 0.638702625 0.55
0 0.6546875 0.450649996875 0.6546875 0.4921875 0.663807253125 0.4921875 0.6640625 0.481221034375 0.6640625 0.4503772125 0.6546875 0.450649996875
0 0.6459342593749999 0.4428009484375 0.6470530125 0.48125 0.653125 0.48125 0.653125 0.44288461874999996 0.6459342593749999 0.4428009484375
0 0.6368559 0.4507005796875 0.6365004265625 0.48125 0.6421875 0.48125 0.6421875 0.4507005796875 0.6368559 0.4507005796875
0 0.6390625 0.490323178125 0.6329929609375 0.4903584890625 0.6328125 0.500697096875 0.6328125 0.525 0.638870925 0.525 0.6390625 0.5140246875 0.6390625 0.490323178125
0 0.6418487515625 0.48650533281249997 0.6420636156249999 0.5234375 0.653125 0.5234375 0.653125 0.486767790625 0.6418487515625 0.48650533281249997
0 0.690625 0.55 0.690625 0.518218271875 0.677387309375 0.51852638125 0.677936684375 0.55 0.690625 0.55
0 0.6734375 0.55 0.6734375 0.5192395140625 0.659375 0.51907588125 0.659375 0.5192662671875 0.65973261875 0.55 0.6734375 0.55
0 0.52299796875 0.24144706249999998 0.522180646875 0.2765625 0.529665025 0.2765625 0.5296875 0.275596915625 0.5296875 0.24144706249999998 0.52299796875 0.24144706249999998
0 0.5466640015625 0.20698821562499997 0.5460993015625 0.23125 0.55 0.23125 0.55 0.2069688078125 0.5466640015625 0.20698821562499997
0 0.5658649609374999 0.3356071625 0.570564453125 0.3356071625 0.570564453125 0.3003200359375 0.5658649609374999 0.3003200359375 0.5658649609374999 0.3356071625
0 0.571782840625 0.3257020046875 0.57683044375 0.3257020046875 0.57683044375 0.28700997968749997 0.571782840625 0.28700997968749997 0.571782840625 0.3257020046875
0 0.5245223625000001 0.21595336562499998 0.5279087828125 0.21595336562499998 0.5279087828125 0.1904376796875 0.5245223625000001 0.1904376796875 0.5245223625000001 0.21595336562499998
0 0.52202710625 0.20311628124999997 0.5245223625000001 0.20311628124999997 0.5245223625000001 0.1853662375 0.52202710625 0.1853662375 0.52202710625 0.20311628124999997
0 0.5360183671875001 0.2203908765625 0.5420782765625 0.2203908765625 0.5420782765625 0.201848421875 0.5360183671875001 0.201848421875 0.5360183671875001 0.2203908765625
0 0.5222053375 0.23100920625 0.5293346437500001 0.23100920625 0.5293346437500001 0.21611184843750003 0.5222053375 0.21611184843750003 0.5222053375 0.23100920625
0 0.558743028125 0.1904376796875 0.5630206109375 0.1904376796875 0.5630206109375 0.1657144046875 0.558743028125 0.1657144046875 0.558743028125 0.1904376796875
0 0.5865311906249999 0.23136518125 0.591655378125 0.23136518125 0.591655378125 0.20164970625 0.5865311906249999 0.20164970625 0.5865311906249999 0.23136518125
0 0.6174991109375 0.1784716375 0.6216207390624999 0.1784716375 0.6216207390624999 0.155095465625 0.6174991109375 0.155095465625 0.6174991109375 0.1784716375
0 0.62193521875 0.134145303125 0.6254998703125001 0.134145303125 0.6254998703125001 0.11710843124999999 0.62193521875 0.11710843124999999 0.62193521875 0.134145303125
0 0.6114640515625 0.1351358171875 0.6142489359375001 0.1351358171875 0.6142489359375001 0.115325503125 0.6114640515625 0.115325503125 0.6114640515625 0.1351358171875
0 0.64098383125 0.12364583437500001 0.6444370875 0.12364583437500001 0.6444370875 0.107401375 0.64098383125 0.107401375 0.64098383125 0.12364583437500001
0 0.6574703484375 0.070356084375 0.66092360625 0.070356084375 0.66092360625 0.058866101562499995 0.6574703484375 0.058866101562499995 0.6574703484375 0.070356084375
0 0.6014495984375 0.1745225078125 0.6059945296875 0.1745225078125 0.6059945296875 0.15867425468750002 0.6014495984375 0.15867425468750002 0.6014495984375 0.1745225078125
0 0.590399175 0.1616854234375 0.5949441078125 0.1616854234375 0.5949441078125 0.144410828125 0.590399175 0.144410828125 0.590399175 0.1616854234375
0 0.5832698703125 0.1753149203125 0.587547453125 0.1753149203125 0.587547453125 0.1488483390625 0.5832698703125 0.1488483390625 0.5832698703125 0.1753149203125
0 0.6042122046875 0.16279480156249998 0.6082224390625 0.16279480156249998 0.6082224390625 0.1399733171875 0.6042122046875 0.1399733171875 0.6042122046875 0.16279480156249998
0 0.571993871875 0.206822609375 0.57689526875 0.206822609375 0.57689526875 0.17972209687500001 0.571993871875 0.17972209687500001 0.571993871875 0.206822609375
0 0.5665577765625 0.21807486874999998 0.5730632671875 0.21807486874999998 0.5730632671875 0.1868538109375 0.5665577765625 0.1868538109375 0.5665577765625 0.21807486874999998
0 0.578508309375 0.22695202499999997 0.5837299687499999 0.22695202499999997 0.5837299687499999 0.20064145 0.578508309375 0.20064145 0.578508309375 0.22695202499999997
0 0.6008716109375001 0.22853880937499998 0.6049709609375 0.22853880937499998 0.6049709609375 0.204449465625 0.6008716109375001 0.204449465625 0.6008716109375001 0.22853880937499998
0 0.6089811953125001 0.1950989953125 0.6117438015625 0.1950989953125 0.6117438015625 0.17402081875 0.6089811953125001 0.17402081875 0.6089811953125001 0.1950989953125
0 0.613526128125 0.2004874015625 0.6175363609375 0.2004874015625 0.6175363609375 0.18178646406250001 0.613526128125 0.18178646406250001 0.613526128125 0.2004874015625
0 0.5950790515625 0.1916123796875 0.6000695640625 0.1916123796875 0.6000695640625 0.17005875625 0.5950790515625 0.17005875625 0.5950790515625 0.1916123796875
0 0.6012280765625 0.20096284843749998 0.604614496875 0.20096284843749998 0.604614496875 0.1770319875 0.6012280765625 0.1770319875 0.6012280765625 0.20096284843749998
0 0.6057730078125 0.199378025 0.6078226843750001 0.199378025 0.6078226843750001 0.1767150234375 0.6057730078125 0.1767150234375 0.6057730078125 0.199378025
0 0.58001839375 0.1996949890625 0.5943661203125 0.1996949890625 0.5943661203125 0.178933778125 0.58001839375 0.178933778125 0.58001839375 0.1996949890625
0 0.6144607671875 0.109180425 0.6176912328124999 0.109180425 0.6176912328124999 0.0970961328125 0.6144607671875 0.0970961328125 0.6144607671875 0.109180425
0 0.6300559703124999 0.11106129687499999 0.63340674375 0.11106129687499999 0.63340674375 0.099396984375 0.6300559703124999 0.099396984375 0.6300559703124999 0.11106129687499999
0 0.6493035109375 0.0589939046875 0.65153141875 0.0589939046875 0.65153141875 0.0441361671875 0.6493035109375 0.0441361671875 0.6493035109375 0.0589939046875
0 0.6625595625 0.046909612499999996 0.664453284375 0.046909612499999996 0.664453284375 0.035221525 0.6625595625 0.035221525 0.6625595625 0.046909612499999996
0 0.6655672390625 0.0558242546875 0.6674609609375001 0.0558242546875 0.6674609609375001 0.0455228890625 0.6655672390625 0.0455228890625 0.6655672390625 0.0558242546875
0 0.7319033140625001 0.44645389062499996 0.740170940625 0.44645389062499996 0.740170940625 0.39538041874999996 0.7319033140625001 0.39538041874999996 0.7319033140625001 0.44645389062499996
0 0.7160207671875 0.45109693437500004 0.7273343609375 0.45109693437500004 0.7273343609375 0.4011842234375 0.7160207671875 0.4011842234375 0.7160207671875 0.45109693437500004
0 0.7453926 0.4592222578125 0.758446746875 0.4592222578125 0.758446746875 0.41047030781249993 0.7453926 0.41047030781249993 0.7453926 0.4592222578125
0 0.6931760078125 0.41782179375000006 0.7020963421874999 0.41782179375000006 0.7020963421874999 0.377969009375 0.6931760078125 0.377969009375 0.6931760078125 0.41782179375000006
0 0.7073180015625 0.42401251562500003 0.7144977828125001 0.42401251562500003 0.7144977828125001 0.381451290625 0.7073180015625 0.381451290625 0.7073180015625 0.42401251562500003
0 0.6675028515625 0.3524322734375 0.6744650640625001 0.3524322734375 0.6744650640625001 0.32534785624999996 0.6675028515625 0.32534785624999996 0.6675028515625 0.3524322734375
0 0.7432169078124999 0.405827265625 0.7521372421875 0.405827265625 0.7521372421875 0.364813721875 0.7432169078124999 0.364813721875 0.7432169078124999 0.405827265625
0 0.6994855140625 0.36984368437500004 0.708188278125 0.36984368437500004 0.708188278125 0.3311516609375 0.6994855140625 0.3311516609375 0.6994855140625 0.36984368437500004
0 0.7199370109375 0.3744867265625 0.7286397765625 0.3744867265625 0.7286397765625 0.34082466562499997 0.7199370109375 0.34082466562499997 0.7199370109375 0.3744867265625
0 0.7138450765625001 0.3744867265625 0.7199370109375 0.3744867265625 0.7199370109375 0.3443069484375 0.7138450765625001 0.3443069484375 0.7138450765625001 0.3744867265625
0 0.6707663890625 0.2878165953125 0.6809921375 0.2878165953125 0.6809921375 0.27079210468750003 0.6707663890625 0.27079210468750003 0.6707663890625 0.2878165953125
0 0.6929584390625 0.30677568593750004 0.70274905 0.30677568593750004 0.70274905 0.2789174296875 0.6929584390625 0.2789174296875 0.6929584390625 0.30677568593750004
0 0.6746826328125 0.38802893437499997 0.6809921375 0.38802893437499997 0.6809921375 0.357075315625 0.6746826328125 0.357075315625 0.6746826328125 0.38802893437499997
0 0.7305978984375 0.3083233671875 0.7360371265625 0.3083233671875 0.7360371265625 0.27930435 0.7305978984375 0.27930435 0.7305978984375 0.3083233671875
0 0.7412587859374999 0.332312421875 0.747350721875 0.332312421875 0.747350721875 0.3005849625 0.7412587859374999 0.3005849625 0.7412587859374999 0.332312421875
0 0.7488737046875 0.3052280046875 0.7571413328125 0.3052280046875 0.7571413328125 0.270405184375 0.7488737046875 0.270405184375 0.7488737046875 0.3052280046875
0 0.7390830953125 0.3775820890625 0.74604530625 0.3775820890625 0.74604530625 0.338890065625 0.7390830953125 0.338890065625 0.7390830953125 0.3775820890625
0 0.7325560203125 0.3710044453125 0.7390830953125 0.3710044453125 0.7390830953125 0.33463394375 0.7325560203125 0.33463394375 0.7325560203125 0.3710044453125
0 0.7245059625 0.34314618750000003 0.7325560203125 0.34314618750000003 0.7325560203125 0.3195440546875 0.7245059625 0.3195440546875 0.7245059625 0.34314618750000003
0 0.7125396609375001 0.314514090625 0.7197194421875001 0.314514090625 0.7197194421875001 0.28278663125 0.7125396609375001 0.28278663125 0.7125396609375001 0.314514090625
0 0.72385325625 0.305614925 0.7286397765625 0.305614925 0.7286397765625 0.28123895 0.72385325625 0.28123895 0.72385325625 0.305614925
0 0.9430972437499999 0.2135999140625 0.9483189031249999 0.2135999140625 0.9483189031249999 0.1907716203125 0.9430972437499999 0.1907716203125 0.9430972437499999 0.2135999140625
0 0.8900103765624999 0.24068433125 0.8956671734375 0.24068433125 0.8956671734375 0.2240467609375 0.8900103765624999 0.2240467609375 0.8900103765624999 0.24068433125
0 0.85693986875 0.2240467609375 0.8645547890625 0.2240467609375 0.8645547890625 0.20663535 0.85693986875 0.20663535 0.85693986875 0.2240467609375
0 0.891098221875 0.222112159375 0.8969725890625 0.222112159375 0.8969725890625 0.20083154531249997 0.891098221875 0.20083154531249997 0.891098221875 0.222112159375
0 0.8828305953125 0.21940371718749999 0.8865292703125001 0.21940371718749999 0.8865292703125001 0.19851002499999998 0.8828305953125 0.19851002499999998 0.8828305953125 0.21940371718749999
0 0.9017591093749999 0.2016053859375 0.9071983375 0.2016053859375 0.9071983375 0.17258636875 0.9017591093749999 0.17258636875 0.9017591093749999 0.2016053859375
0 0.935482325 0.1826462953125 0.9441850890625 0.1826462953125 0.9441850890625 0.1578834 0.935482325 0.1578834 0.935482325 0.1826462953125
0 0.9261268515625 0.182259375 0.9317836484375001 0.182259375 0.9317836484375001 0.158657240625 0.9261268515625 0.158657240625 0.9261268515625 0.182259375
0 0.9507121640625 0.19193238125 0.9557162531250001 0.19193238125 0.9557162531250001 0.1590441609375 0.9507121640625 0.1590441609375 0.9507121640625 0.19193238125
0 0.9557162531250001 0.18535473593750001 0.9624608968749999 0.18535473593750001 0.9624608968749999 0.1590441609375 0.9557162531250001 0.1590441609375 0.9557162531250001 0.18535473593750001
0 0.9718163687499999 0.1841939765625 0.9763853203124999 0.1841939765625 0.9763853203124999 0.1629133640625 0.9718163687499999 0.1629133640625 0.9718163687499999 0.1841939765625
0 0.9892218984374999 0.18922393906249999 0.9927030046875001 0.18922393906249999 0.9927030046875001 0.17258636875 0.9892218984374999 0.17258636875 0.9892218984374999 0.18922393906249999
0 0.98082940625 0.1023625203125 0.9843105125000001 0.1023625203125 0.9843105125000001 0.0911418328125 0.98082940625 0.0911418328125 0.98082940625 0.1023625203125
0 0.9797415609375001 0.187484971875 0.982787528125 0.187484971875 0.982787528125 0.1658174375 0.9797415609375001 0.1658174375 0.9797415609375001 0.187484971875
0 0.9834402359375 0.1936756953125 0.9908375859374999 0.1936756953125 0.9908375859374999 0.1654305171875 0.9834402359375 0.1654305171875 0.9834402359375 0.1936756953125
0 1 0.141828384375 0.9993227828125001 0.141828384375 0.9993227828125001 0.17046048125 1 0.17046048125 1 0.141828384375
0 0.9945362609374999 0.1677520390625 0.9975822296875 0.1677520390625 0.9975822296875 0.1476321859375 0.9945362609374999 0.1476321859375 0.9945362609374999 0.1677520390625
0 0.9702910484375 0.1629133640625 0.9735980984375001 0.1629133640625 0.9735980984375001 0.15005776875000001 0.9702910484375 0.15005776875000001 0.9702910484375 0.1629133640625
0 1 0.043880232812499996 0.9967519093749999 0.043880232812499996 0.9967519093749999 0.0546570453125 1 0.0546570453125 1 0.043880232812499996
0 0.9681633953125001 0.055037403124999995 0.9715141687500001 0.055037403124999995 0.9715141687500001 0.0460355953125 0.9681633953125001 0.0460355953125 0.9681633953125001 0.055037403124999995
0 1 0.09332678125 0.9979638906249999 0.09332678125 0.9979638906249999 0.1018214453125 1 0.1018214453125 1 0.09332678125
0 0.96395710625 0.0427391578125 0.9664523625000001 0.0427391578125 0.9664523625000001 0.0357659265625 0.96395710625 0.0357659265625 0.96395710625 0.0427391578125
0 0.9739381328124999 0.050346320312500005 0.9770037343750001 0.050346320312500005 0.9770037343750001 0.043119515625 0.9739381328124999 0.043119515625 0.9739381328124999 0.050346320312500005
0 0.9821368343749999 0.0551641890625 0.985273728125 0.0551641890625 0.985273728125 0.045908809375 0.9821368343749999 0.045908809375 0.9821368343749999 0.0551641890625
0 0.9742015796875 0.11784972499999999 0.9768472203125 0.11784972499999999 0.9768472203125 0.102001471875 0.9742015796875 0.102001471875 0.9742015796875 0.11784972499999999
0 0.9672393671874999 0.11760209531250002 0.9711382046875 0.11760209531250002 0.9711382046875 0.1057159046875 0.9672393671874999 0.1057159046875 0.9672393671874999 0.11760209531250002
0 0.9750370437499999 0.1606895328125 0.9821384999999999 0.1606895328125 0.9821384999999999 0.1450889078125 0.9750370437499999 0.1450889078125 0.9750370437499999 0.1606895328125
0 0.9604163984374999 0.156975096875 0.9643152374999999 0.156975096875 0.9643152374999999 0.140879215625 0.9604163984374999 0.140879215625 0.9604163984374999 0.156975096875
0 0.7640002046875 0.19388089687500001 0.7685256421875 0.19388089687500001 0.7685256421875 0.1706656828125 0.7640002046875 0.1706656828125 0.7640002046875 0.19388089687500001
0 0.7855830625 0.187999709375 0.79028255625 0.187999709375 0.79028255625 0.169737075 0.7855830625 0.169737075 0.7855830625 0.187999709375
0 0.8068178078124999 0.171594290625 0.8087324171875 0.171594290625 0.8087324171875 0.1536411921875 0.8068178078124999 0.1536411921875 0.8068178078124999 0.171594290625
0 0.8012480390625001 0.1545698015625 0.8049032 0.1545698015625 0.8049032 0.139402528125 0.8012480390625001 0.139402528125 0.8012480390625001 0.1545698015625
0 0.7955042140625 0.173141971875 0.7984631546875001 0.173141971875 0.7984631546875001 0.15983191562500002 0.7955042140625 0.15983191562500002 0.7955042140625 0.173141971875
0 0.78784578125 0.1316641234375 0.7927193296875 0.1316641234375 0.7927193296875 0.11494916875000001 0.78784578125 0.11494916875000001 0.78784578125 0.1316641234375
0 0.812561634375 0.1313545859375 0.8176092374999999 0.1313545859375 0.8176092374999999 0.1174254578125 0.812561634375 0.1174254578125 0.812561634375 0.1313545859375
0 0.8364072109375 0.154260265625 0.8409326484375 0.154260265625 0.8409326484375 0.13259273124999998 0.8364072109375 0.13259273124999998 0.8364072109375 0.154260265625
0 0.8576419578125 0.14466464375000002 0.8595565656249999 0.14466464375000002 0.8595565656249999 0.1264020078125 0.8576419578125 0.1264020078125 0.8576419578125 0.14466464375000002
0 0.8612971187499999 0.1502362953125 0.8686074421875001 0.1502362953125 0.8686074421875001 0.1329022671875 0.8612971187499999 0.1329022671875 0.8612971187499999 0.1502362953125
0 0.8665187781250001 0.13383087656249998 0.8701739390625001 0.13383087656249998 0.8701739390625001 0.11494916875000001 0.8665187781250001 0.11494916875000001 0.8665187781250001 0.13383087656249998
0 0.8369293765625001 0.218953328125 0.8419769796875001 0.218953328125 0.8419769796875001 0.193261825 0.8369293765625001 0.193261825 0.8369293765625001 0.218953328125
0 0.8151724640625 0.232263384375 0.8233530625000001 0.232263384375 0.8233530625000001 0.2000716203125 0.8151724640625 0.2000716203125 0.8151724640625 0.232263384375
0 0.8268341687499999 0.218953328125 0.8318817734374999 0.218953328125 0.8318817734374999 0.199762084375 0.8268341687499999 0.199762084375 0.8268341687499999 0.218953328125
0 0.829793109375 0.1969762578125 0.8351888234375 0.1969762578125 0.8351888234375 0.1765468703125 0.829793109375 0.1765468703125 0.829793109375 0.1969762578125
0 0.8271822796875 0.173141971875 0.8334482703124999 0.173141971875 0.8334482703124999 0.151164903125 0.8271822796875 0.151164903125 0.8271822796875 0.173141971875
0 0.872262603125 0.2090481703125 0.876788040625 0.2090481703125 0.876788040625 0.19109507187500002 0.872262603125 0.19109507187500002 0.872262603125 0.2090481703125
0 0.8948897921875 0.1889283171875 0.8981968421875 0.1889283171875 0.8981968421875 0.16787985625 0.8948897921875 0.16787985625 0.8948897921875 0.1889283171875
0 0.91629859375 0.1669512484375 0.9204759218749998 0.1669512484375 0.9204759218749998 0.14590278750000002 0.91629859375 0.14590278750000002 0.91629859375 0.1669512484375
0 0.9088142171874999 0.1174254578125 0.9154283171875001 0.1174254578125 0.9154283171875001 0.0939007078125 0.9088142171874999 0.0939007078125 0.9088142171874999 0.1174254578125
0 0.9046368890625001 0.11525870468749999 0.9088142171874999 0.11525870468749999 0.9088142171874999 0.0985437515625 0.9046368890625001 0.0985437515625 0.9046368890625001 0.11525870468749999
0 0.902548225 0.1657131046875 0.9068996078125 0.1657131046875 0.9068996078125 0.1397120640625 0.902548225 0.1397120640625 0.902548225 0.1657131046875
0 0.9098585484375 0.079042971875 0.9133396546875 0.079042971875 0.9133396546875 0.0660424515625 0.9098585484375 0.0660424515625 0.9098585484375 0.079042971875
0 0.9208240312499999 0.0313743984375 0.9230867499999998 0.0313743984375 0.9230867499999998 0.022707384375 0.9208240312499999 0.022707384375 0.9208240312499999 0.0313743984375
0 0.8398883156250001 0.0793525078125 0.8435434781250001 0.0793525078125 0.8435434781250001 0.065732915625 0.8398883156250001 0.065732915625 0.8398883156250001 0.0793525078125
0 0.8219606203125001 0.12392571875 0.8254417265624999 0.12392571875 0.8254417265624999 0.11061566249999999 0.8219606203125001 0.11061566249999999 0.8219606203125001 0.12392571875
0 0.7772284078125 0.12392571875 0.7817538453124999 0.12392571875 0.7817538453124999 0.1093775171875 0.7772284078125 0.1093775171875 0.7772284078125 0.12392571875
0 0.7744435234375 0.180570840625 0.7774024625 0.180570840625 0.7774024625 0.1657131046875 0.7744435234375 0.1657131046875 0.7744435234375 0.180570840625
0 0.7629558718749999 0.1654035671875 0.7667850890625 0.1654035671875 0.7667850890625 0.1502362953125 0.7629558718749999 0.1502362953125 0.7629558718749999 0.1654035671875
0 0.7490314484375 0.179023159375 0.7558196046875001 0.179023159375 0.7558196046875001 0.149307684375 0.7490314484375 0.149307684375 0.7490314484375 0.179023159375
0 0.7551233843749999 0.1536411921875 0.7612153203125 0.1536411921875 0.7612153203125 0.131973659375 0.7551233843749999 0.131973659375 0.7551233843749999 0.1536411921875
0 0.7582563796875 0.11340148750000001 0.7631299281249999 0.11340148750000001 0.7631299281249999 0.0985437515625 0.7582563796875 0.0985437515625 0.7582563796875 0.11340148750000001
0 0.7495536140625 0.111544271875 0.753904996875 0.111544271875 0.753904996875 0.0960674625 0.7495536140625 0.0960674625 0.7495536140625 0.111544271875
0 0.744680065625 0.114330096875 0.7495536140625 0.114330096875 0.7495536140625 0.0991628234375 0.744680065625 0.0991628234375 0.744680065625 0.114330096875
0 0.7361513562499999 0.09142441875 0.7398065171875 0.09142441875 0.7398065171875 0.0830669421875 0.7361513562499999 0.0830669421875 0.7361513562499999 0.09142441875
0 0.7589526 0.0644947703125 0.7627818171875 0.0644947703125 0.7627818171875 0.0542800765625 0.7589526 0.0542800765625 0.7589526 0.0644947703125
0 0.7735732468750001 0.061399407812499994 0.7782727390625 0.061399407812499994 0.7782727390625 0.0490179609375 0.7735732468750001 0.0490179609375 0.7735732468750001 0.061399407812499994
0 0.7920231078125 0.066971059375 0.795852325 0.066971059375 0.795852325 0.05613729375 0.7920231078125 0.05613729375 0.7920231078125 0.066971059375
0 0.799159375 0.10535354687500001 0.8017702046874999 0.10535354687500001 0.8017702046874999 0.0969960703125 0.799159375 0.0969960703125 0.799159375 0.10535354687500001
0 0.8024664265624999 0.10813937343749999 0.8057734765625 0.10813937343749999 0.8057734765625 0.0960674625 0.8024664265624999 0.0960674625 0.8024664265624999 0.10813937343749999
0 0.813605965625 0.06387569843749999 0.8167389609375 0.06387569843749999 0.8167389609375 0.055208684375 0.813605965625 0.055208684375 0.813605965625 0.06387569843749999
0 0.819349790625 0.08709091249999999 0.82439739375 0.08709091249999999 0.82439739375 0.07099503124999999 0.819349790625 0.07099503124999999 0.819349790625 0.08709091249999999
0 0.820568178125 0.10597262031250002 0.8247455046875001 0.10597262031250002 0.8247455046875001 0.095757925 0.820568178125 0.095757925 0.820568178125 0.10597262031250002
0 0.8315336625 0.055518221874999996 0.835362878125 0.055518221874999996 0.835362878125 0.046232134375 0.8315336625 0.046232134375 0.8315336625 0.055518221874999996
0 0.8082102515624999 0.084924159375 0.8115173015625 0.084924159375 0.8115173015625 0.07316178437500001 0.8082102515624999 0.07316178437500001 0.8082102515624999 0.084924159375
0 0.8118654124999999 0.0880195203125 0.8143021875 0.0880195203125 0.8143021875 0.07223317500000001 0.8118654124999999 0.07223317500000001 0.8118654124999999 0.0880195203125
0 0.805599421875 0.06511384375 0.8087324171875 0.06511384375 0.8087324171875 0.058613582812499995 0.805599421875 0.058613582812499995 0.805599421875 0.06511384375
0 0.8597306203125001 0.0672805953125 0.862863615625 0.0672805953125 0.862863615625 0.056756365625000006 0.8597306203125001 0.056756365625000006 0.8597306203125001 0.0672805953125
0 0.8691296078124999 0.0573754375 0.872262603125 0.0573754375 0.872262603125 0.0505656421875 0.8691296078124999 0.0505656421875 0.8691296078124999 0.0573754375
0 0.8865351374999999 0.082138334375 0.8886238015625001 0.082138334375 0.8886238015625001 0.0691378140625 0.8865351374999999 0.0691378140625 0.8865351374999999 0.082138334375
0 0.8715663812500001 0.11371102500000001 0.8743512656250001 0.11371102500000001 0.8743512656250001 0.10071050468750001 0.8715663812500001 0.10071050468750001 0.8715663812500001 0.11371102500000001
0 0.88531675 0.1369262375 0.8889719125 0.1369262375 0.8889719125 0.12237803750000001 0.88531675 0.12237803750000001 0.88531675 0.1369262375
0 0.8875794703125 0.11773499531250001 0.8921049078125 0.11773499531250001 0.8921049078125 0.1016391140625 0.8875794703125 0.1016391140625 0.8875794703125 0.11773499531250001
0 0.8941935703125001 0.1050440109375 0.8978487312500001 0.1050440109375 0.8978487312500001 0.08709091249999999 0.8941935703125001 0.08709091249999999 0.8941935703125001 0.1050440109375
0 0.74189518125 0.135069021875 0.7457243968749999 0.135069021875 0.7457243968749999 0.1242352546875 0.74189518125 0.1242352546875 0.74189518125 0.135069021875
0 0.7286669781249999 0.055827756250000006 0.732148084375 0.055827756250000006 0.732148084375 0.046851207812500004 0.7286669781249999 0.046851207812500004 0.7286669781249999 0.055827756250000006
0 0.74763900625 0.13816438281250001 0.7507720015625 0.13816438281250001 0.7507720015625 0.1205208203125 0.74763900625 0.1205208203125 0.74763900625 0.13816438281250001
0 0.80686948125 0.036539784375 0.8932172296875001 0.036539784375 0.8932172296875001 0.017798334375 0.80686948125 0.017798334375 0.80686948125 0.036539784375
0 0.680248 0 0.680248 0.270405184375 0.7488737046875 0.270405184375 0.7488737046875 0 0.680248 0
0 0.8744331609374999 0.1237619546875 0.8769284171875 0.1237619546875 0.8769284171875 0.10521949687500001 0.8744331609374999 0.10521949687500001 0.8744331609374999 0.1237619546875
0 0.8830580390625 0.061557975 0.8865514000000001 0.061557975 0.8865514000000001 0.0507811625 0.8830580390625 0.0507811625 0.8830580390625 0.061557975
0 0.8829867468749999 0.08120980625 0.885767175 0.08120980625 0.885767175 0.06624905625000001 0.8829867468749999 0.06624905625000001 0.8829867468749999 0.08120980625
0 0.8966750125 0.055345459374999996 0.8995267343750001 0.055345459374999996 0.8995267343750001 0.0417793546875 0.8966750125 0.0417793546875 0.8966750125 0.055345459374999996
0 0.9050875921875001 0.055345459374999996 0.9092225890625001 0.055345459374999996 0.9092225890625001 0.0415257828125 0.9050875921875001 0.0415257828125 0.9050875921875001 0.055345459374999996
0 0.9110762093750001 0.0602901140625 0.9139279312499999 0.0602901140625 0.9139279312499999 0.0425400703125 0.9110762093750001 0.0425400703125 0.9110762093750001 0.0602901140625
0 0.899598028125 0.0757580078125 0.90302009375 0.0757580078125 0.90302009375 0.060797257812500005 0.899598028125 0.060797257812500005 0.899598028125 0.0757580078125
0 0.9146408609375 0.043174001562499995 0.9187045656249999 0.043174001562499995 0.9187045656249999 0.021747164062499998 0.9146408609375 0.021747164062499998 0.9146408609375 0.043174001562499995
0 0.6342786406250001 0.089284025 0.6377541765625 0.089284025 0.6377541765625 0.07153398125 0.6342786406250001 0.07153398125 0.6342786406250001 0.089284025
0 0.6392691546875 0.09086885 0.641853528125 0.09086885 0.641853528125 0.0721679125 0.6392691546875 0.0721679125 0.6392691546875 0.09086885
0 0.6424773421875 0.0783487296875 0.6463093437499999 0.0783487296875 0.6463093437499999 0.066145575 0.6424773421875 0.066145575 0.6424773421875 0.0783487296875
0 0.8072755218750001 0.23646242499999998 0.8128452906250001 0.23646242499999998 0.8128452906250001 0.21120427187500002 0.8072755218750001 0.21120427187500002 0.8072755218750001 0.23646242499999998
0 0.6681705234375 0.2671684140625 0.6745757578125 0.2671684140625 0.6745757578125 0.23770056875 0.6681705234375 0.23770056875 0.6681705234375 0.2671684140625
0 0.6443597578125 0.1455826 0.6495117953125 0.1455826 0.6495117953125 0.12973434687500002 0.6443597578125 0.12973434687500002 0.6443597578125 0.1455826
0 0.7865281296875001 0.217642625 0.791540921875 0.217642625 0.791540921875 0.19733704999999999 0.7865281296875001 0.19733704999999999 0.7865281296875001 0.217642625
0 0.5922577312499999 0.01710705 0.5950426156249999 0.01710705 0.5950426156249999 0.0076971484375 0.5922577312499999 0.0076971484375 0.5922577312499999 0.01710705
0 0.93233575 0.1462660734375 0.9379055187500001 0.1462660734375 0.9379055187500001 0.128312975 0.93233575 0.128312975 0.93233575 0.1462660734375
0 0.937557409375 0.12119364218749999 0.9424309578125001 0.12119364218749999 0.9424309578125001 0.10324054375 0.937557409375 0.10324054375 0.937557409375 0.12119364218749999
0 0.9486969484374999 0.0924067765625 0.952352109375 0.0924067765625 0.952352109375 0.073215534375 0.9486969484374999 0.073215534375 0.9486969484374999 0.0924067765625
0 0.9448677312499999 0.11964596093749999 0.9488710031250001 0.11964596093749999 0.9488710031250001 0.099526109375 0.9448677312499999 0.099526109375 0.9448677312499999 0.11964596093749999
0 0.9485228921874999 0.12676529375 0.9540926625000001 0.12676529375 0.9540926625000001 0.1088121953125 0.9485228921874999 0.1088121953125 0.9485228921874999 0.12676529375
0 0.943127178125 0.1666954625 0.9485228921874999 0.1666954625 0.9485228921874999 0.1397658140625 0.943127178125 0.1397658140625 0.943127178125 0.1666954625
0 0.9469563953125 0.1462660734375 0.9527002203125001 0.1462660734375 0.9527002203125001 0.12955111875 0.9469563953125 0.12955111875 0.9469563953125 0.1462660734375
0 0.9553110499999999 0.1590441609375 0.9591402656250001 0.1590441609375 0.9591402656250001 0.14007535 0.9553110499999999 0.14007535 0.9553110499999999 0.1590441609375
0 0.9358168562500001 0.047214493749999996 0.9394720171875001 0.047214493749999996 0.9394720171875001 0.034523509375 0.9358168562500001 0.034523509375 0.9358168562500001 0.047214493749999996
0 0.8874294812500001 0.1050977609375 0.8921049078125 0.1050977609375 0.8921049078125 0.0880732703125 0.8874294812500001 0.0880732703125 0.8874294812500001 0.1050977609375
0 0.8011932390625001 0.21005714531250003 0.8053995281249999 0.21005714531250003 0.8053995281249999 0.1859678 0.8011932390625001 0.1859678 0.8011932390625001 0.21005714531250003
0 0.75087318125 0.033053667187500003 0.8021328859375 0.033053667187500003 0.8021328859375 0.0227839984375 0.75087318125 0.0227839984375 0.75087318125 0.033053667187500003
0 0.5234327953125 0 0.5234327953125 0.0075995640625 0.532522659375 0.0075995640625 0.532522659375 0 0.5234327953125 0
0 0.8441286109374999 0.07117102812500001 0.8474259140625 0.07117102812500001 0.8474259140625 0.0588093921875 0.8441286109374999 0.0588093921875 0.8441286109374999 0.07117102812500001
0 0.8910037921875 0.0605526984375 0.8942119796875 0.0605526984375 0.8942119796875 0.050092853125 0.8910037921875 0.050092853125 0.8910037921875 0.0605526984375
0 0.8872609062500001 0.0605526984375 0.8902908609375 0.0605526984375 0.8902908609375 0.0497758875 0.8872609062500001 0.0497758875 0.8872609062500001 0.0605526984375
0 0.6546630625 0.053073495312499996 0.658227715625 0.053073495312499996 0.658227715625 0.0420431109375 0.6546630625 0.0420431109375 0.6546630625 0.053073495312499996
0 0.6586554734375 0.0490163421875 0.6612220234375 0.0490163421875 0.6612220234375 0.036210954687500005 0.6586554734375 0.036210954687500005 0.6586554734375 0.0490163421875
0 0.6210127421875 0 0.6210127421875 0.0028662296875 0.671987275 0.0028662296875 0.671987275 0 0.6210127421875 0
0 0.6817478421875001 0.389220471875 0.688536 0.389220471875 0.688536 0.35021891250000003 0.6817478421875001 0.35021891250000003 0.6817478421875001 0.389220471875
0 0.6918430499999999 0.383339284375 0.695846321875 0.383339284375 0.695846321875 0.35114752031249996 0.6918430499999999 0.35114752031249996 0.6918430499999999 0.383339284375
0 0.6824440640625 0.35021891250000003 0.688536 0.35021891250000003 0.688536 0.32947998749999996 0.6824440640625 0.32947998749999996 0.6824440640625 0.35021891250000003
0 0.8699021531250001 0.2000539984375 0.8740794796875001 0.2000539984375 0.8740794796875001 0.179624609375 0.8699021531250001 0.179624609375 0.8699021531250001 0.2000539984375
0 0.8330024281250001 0.1520758890625 0.8364072109375 0.1520758890625 0.8364072109375 0.1322655734375 0.8330024281250001 0.1322655734375 0.8330024281250001 0.1520758890625
0 0.767865634375 0.2775211546875 0.772098659375 0.2775211546875 0.772098659375 0.2519658484375 0.767865634375 0.2519658484375 0.767865634375 0.2775211546875
0 0.7641895859375 0.2503810234375 0.7684226109375001 0.2503810234375 0.7684226109375001 0.2321555328125 0.7641895859375 0.2321555328125 0.7641895859375 0.2503810234375
0 0.540248290625 0.202850534375 0.545452684375 0.202850534375 0.545452684375 0.1889040734375 0.540248290625 0.1889040734375 0.540248290625 0.202850534375
0 0.975758025 0.0445502546875 0.9783201187499999 0.0445502546875 0.9783201187499999 0.034248889062499996 0.975758025 0.034248889062499996 0.975758025 0.0445502546875
0 0.9434533609375 0.0911044953125 0.9470180124999998 0.0911044953125 0.9470180124999998 0.077039171875 0.9434533609375 0.077039171875 0.9434533609375 0.0911044953125
0 0.929863121875 0.058219371875 0.9335391703125001 0.058219371875 0.9335391703125001 0.046135078125 0.929863121875 0.046135078125 0.929863121875 0.058219371875
0 0.4129361109375 0.6071918171874999 0.41305242187499996 0.6171875 0.425 0.6171875 0.425 0.6075428406250001 0.4129361109375 0.6071918171874999
0 0.36255405 0.5955018625 0.36291225312500003 0.6078125 0.36875 0.6078125 0.36875 0.5956460765625 0.36255405 0.5955018625
0 0.3260213953125 0.5896832390625 0.3257812703125 0.6 0.3328125 0.6 0.3328125 0.5896042171875 0.3260213953125 0.5896832390625
0 0.3734375 0.574060978125 0.36875 0.574006434375 0.36875 0.584375 0.3734375 0.584375 0.3734375 0.574060978125
0 0.35122129375 0.58888869375 0.3546875 0.5887878375 0.3546875 0.581418059375 0.35139294374999996 0.581513921875 0.35122129375 0.58888869375
0 0.465878953125 0.6794652937500001 0.4657672796875 0.6890625 0.478125 0.6890625 0.478125 0.6794652937500001 0.465878953125 0.6794652937500001
0 0.46763527031249996 0.6968433265625 0.46744380156250004 0.7078125 0.48125 0.7078125 0.48125 0.6967641171875 0.46763527031249996 0.6968433265625
0 0.46196041093750007 0.7430985999999999 0.46203692343749997 0.75625 0.4796875 0.75625 0.4796875 0.743511203125 0.46196041093750007 0.7430985999999999
0 0.0168168125 0.55 0.016980453125 0.559375 0.0296875 0.559375 0.0296875 0.55 0.0168168125 0.55
0 0.0149246296875 0.6995811187500001 0.0151113171875 0.715625 0.025 0.715625 0.025 0.6996983562500001 0.0149246296875 0.6995811187500001
0 0.96875 0.67082014375 0.9207862656250001 0.6705411 0.91875 0.7871987062500001 0.91875 0.8515625 0.9665155375000001 0.8515625 0.96875 0.723550178125 0.96875 0.67082014375
