0 0.20519464375 0.2516309984375 0.20497803281250002 0.2609375 0.2125 0.2609375 0.2125 0.251588496875 0.20519464375 0.2516309984375
0 0.19375 0.27866408125 0.1708591171875 0.27826451875 0.1711075328125 0.2889374859375 0.17826957968749998 0.2890625 0.19375 0.2890625 0.19375 0.27866408125
0 0.088443034375 0.2551170390625 0.088319140625 0.259375 0.0890625 0.259375 0.0890625 0.25512064218749997 0.088443034375 0.2551170390625
0 0.0908173 0.255992321875 0.09077793906250001 0.259375 0.0921875 0.259375 0.0921875 0.255976378125 0.0908173 0.255992321875
0 0.0453125 0.269894571875 0.034375 0.27008548593750004 0.034375 0.2796875 0.0453125 0.2796875 0.0453125 0.269894571875
0 0.509375 0.55 0.509375 0.540426990625 0.5034430484375 0.540426990625 0.5033873546875001 0.55 0.509375 0.55
0 0.525 0.55 0.525 0.5322792265625 0.5168262984374999 0.53208898125 0.5169305015625 0.55 0.525 0.55
0 0.048584421875 0.61157424375 0.048780704687499996 0.6453125 0.0578125 0.6453125 0.0578125 0.6114131671874999 0.048584421875 0.61157424375
0 0.778125 0.55 0.778125 0.5703125 0.796875 0.5703125 0.796875 0.55 0.778125 0.55
0 0.7125 0.5625 0.7029545781250001 0.5625 0.6880236 0.562847521875 0.6880236 0.596875 0.7125 0.596875 0.7125 0.5625
0 0.6950478921875 0.6471088500000001 0.69474153125 0.6734375 0.7203125 0.6734375 0.7203125 0.6469618640625 0.6950478921875 0.6471088500000001
0 0.6953125 0.7306984328125 0.6703187359375 0.73128016875 0.6703125 0.731548090625 0.6703125 0.7625 0.6953084859375 0.7625 0.6953125 0.7623275656249999 0.6953125 0.7306984328125
0 0.67819138125 0.7453125 0.6792821124999999 0.7078264703125 0.6568871875 0.708217375 0.65625 0.73011610625 0.65625 0.7453125 0.67819138125 0.7453125
0 0.5752022328124999 0.8948218625 0.5760562765625 0.94375 0.60625 0.94375 0.60625 0.8944605890625 0.5752022328124999 0.8948218625
0 0.588742165625 1 0.5883239953125 0.9640625 0.55858713125 0.9640625 0.5590053015625001 1 0.588742165625 1
0 0.5375 1 0.5375 0.9817014656249998 0.5145679078125001 0.981434625 0.5145679078125001 1 0.5375 1
0 0.3873308578125 0.5698449640625001 0.36947285937499996 0.5698449640625001 0.36947285937499996 0.5922693625 0.3873308578125 0.5922693625 0.3873308578125 0.5698449640625001
0 0.39191733906250004 0.63937798125 0.368984934375 0.63937798125 0.368984934375 0.6565874015625 0.39191733906250004 0.6565874015625 0.39191733906250004 0.63937798125
0 0.3390625 0.6788379671875 0.35093176718749997 0.6788379671875 0.35093176718749997 0.6534584156250001 0.3390625 0.6534584156250001 0.3390625 0.6788379671875
0 0.3390625 0.778617846875 0.35337138437500004 0.778617846875 0.35337138437500004 0.7504569765625 0.3390625 0.7504569765625 0.3390625 0.778617846875
0 0.3641057 0.7089109984374999 0.3520051984375 0.7089109984374999 0.3520051984375 0.734116715625 0.3641057 0.734116715625 0.3641057 0.7089109984374999
0 0.3805975140625 0.677621140625 0.35132210625 0.677621140625 0.35132210625 0.708737165625 0.3805975140625 0.708737165625 0.3805975140625 0.677621140625
0 0.39660140468750005 0.69743805 0.3798168359375 0.69743805 0.3798168359375 0.73272605625 0.39660140468750005 0.73272605625 0.39660140468750005 0.69743805
0 0.4265599046875 0.69900254375 0.40509127187500005 0.69900254375 0.40509127187500005 0.7259465875 0.4265599046875 0.7259465875 0.4265599046875 0.69900254375
0 0.4293898609375 0.7169072937500001 0.43778214374999996 0.7169072937500001 0.43778214374999996 0.6748398203125 0.4293898609375 0.6748398203125 0.4293898609375 0.7169072937500001
0 0.455444975 0.700393203125 0.443832396875 0.700393203125 0.443832396875 0.725077425 0.455444975 0.725077425 0.455444975 0.700393203125
0 0.4513464171875 0.6720584984375 0.4388555765625 0.6720584984375 0.4388555765625 0.6939613984374999 0.4513464171875 0.6939613984374999 0.4513464171875 0.6720584984375
0 0.40050479218749996 0.745068165625 0.380109590625 0.745068165625 0.380109590625 0.7754888624999999 0.40050479218749996 0.7754888624999999 0.40050479218749996 0.745068165625
0 0.3390625 1 0.347215353125 1 0.347215353125 0.9562551812500001 0.3390625 0.9562551812500001 0.3390625 1
0 0.41933044218750004 0.9449560671875 0.39952074843749996 0.9449560671875 0.39952074843749996 0.9953675046875 0.41933044218750004 0.9953675046875 0.41933044218750004 0.9449560671875
0 0.4070347703125 0.9227055015625 0.3819555046875 0.9227055015625 0.3819555046875 0.9694664546875 0.4070347703125 0.9694664546875 0.4070347703125 0.9227055015625
0 0.461291859375 0.9373074359375 0.43426090000000006 0.9373074359375 0.43426090000000006 0.9672066312500001 0.461291859375 0.9672066312500001 0.461291859375 0.9373074359375
0 0.454363346875 0.9013241000000001 0.4181594265625 0.9013241000000001 0.4181594265625 0.9385242640625 0.454363346875 0.9385242640625 0.454363346875 0.9013241000000001
0 0.47192859218750005 0.8632547734375 0.451143053125 0.8632547734375 0.451143053125 0.8962829546875 0.47192859218750005 0.8962829546875 0.47192859218750005 0.8632547734375
0 0.3390625 0.9294849703124999 0.3486791234375 0.9294849703124999 0.3486791234375 0.8874174953124999 0.3390625 0.8874174953124999 0.3390625 0.9294849703124999
0 0.3582424234375 0.8488266718749999 0.34360471875 0.8488266718749999 0.34360471875 0.8820286859375 0.3582424234375 0.8820286859375 0.3582424234375 0.8488266718749999
0 0.5070911015624999 0.9420142234375 0.47849878749999997 0.9420142234375 0.47849878749999997 0.9722610859374999 0.5070911015624999 0.9722610859374999 0.5070911015624999 0.9420142234375
0 0.5211432984375 0.9180253328125 0.4945026765625 0.9180253328125 0.4945026765625 0.946012371875 0.5211432984375 0.946012371875 0.5211432984375 0.9180253328125
0 0.5564689578124999 0.8832588234375001 0.5243635921875 0.8832588234375001 0.5243635921875 0.92636929375 0.5564689578124999 0.92636929375 0.5564689578124999 0.8832588234375001
0 0.589684346875 0.7146955796875 0.5683376953125 0.7146955796875 0.5683376953125 0.7442471125 0.589684346875 0.7442471125 0.589684346875 0.7146955796875
0 0.6505528 0.8085651546874999 0.6851953671875 0.8085651546874999 0.6851953671875 0.7716257375 0.6505528 0.7716257375 0.6505528 0.8085651546874999
0 0.51893544375 0.7861842140624999 0.5356468234375 0.7861842140624999 0.5356468234375 0.7507658328125 0.51893544375 0.7507658328125 0.51893544375 0.7861842140624999
0 0.4436732484375 0.8533270343750001 0.41842320937500005 0.8533270343750001 0.41842320937500005 0.89765433125 0.4436732484375 0.89765433125 0.4436732484375 0.8533270343750001
0 0.4877083421875 0.808130571875 0.4670935765625 0.808130571875 0.4670935765625 0.8470256031249999 0.4877083421875 0.8470256031249999 0.4877083421875 0.808130571875
0 0.42000896093750006 0.7772752953125 0.3968325953125 0.7772752953125 0.3968325953125 0.818777815625 0.42000896093750006 0.818777815625 0.42000896093750006 0.7772752953125
0 0.3390625 0.831163384375 0.34547865 0.831163384375 0.34547865 0.7955277125 0.3390625 0.7955277125 0.3390625 0.831163384375
0 0.3831707375 0.817908653125 0.3696308625 0.817908653125 0.3696308625 0.8511541265625 0.3831707375 0.8511541265625 0.3831707375 0.817908653125
0 0.3743881171875 0.797048746875 0.36231200937499997 0.797048746875 0.36231200937499997 0.84028959375 0.3743881171875 0.84028959375 0.3743881171875 0.797048746875
0 0.5078153640625 0.5873556375 0.492377159375 0.5873556375 0.492377159375 0.617912140625 0.5078153640625 0.617912140625 0.5078153640625 0.5873556375
0 0.5386917703125 0.5741144890625 0.521347615625 0.5741144890625 0.521347615625 0.6046709906250001 0.5386917703125 0.6046709906250001 0.5386917703125 0.5741144890625
0 0.5989198234374999 0.55 0.5989198234374999 0.5846395046875 0.6166451687500001 0.5846395046875 0.6166451687500001 0.55 0.5989198234374999 0.55
0 0.602922321875 0.6134984234374999 0.5779543625000001 0.6134984234374999 0.5779543625000001 0.6365855578125 0.602922321875 0.6365855578125 0.602922321875 0.6134984234374999
0 0.644281459375 0.6022943734374999 0.6195040953125 0.6022943734374999 0.6195040953125 0.6335299078125 0.644281459375 0.6335299078125 0.644281459375 0.6022943734374999
0 0.6745860796875001 0.5703798046874999 0.6543829999999999 0.5703798046874999 0.6543829999999999 0.5931274234374999 0.6745860796875001 0.5931274234374999 0.6745860796875001 0.5703798046874999
0 0.5084633859375 0.7330082953125 0.4907761609375 0.7330082953125 0.4907761609375 0.762070925 0.5084633859375 0.762070925 0.5084633859375 0.7330082953125
0 0.5664307828125 0.5781824531249999 0.57572229375 0.5781824531249999 0.57572229375 0.5607822234375 0.5664307828125 0.5607822234375 0.5664307828125 0.5781824531249999
0 0.642668825 0.7250234203125 0.6550575078125 0.7250234203125 0.6550575078125 0.6978620859375 0.642668825 0.6978620859375 0.642668825 0.7250234203125
0 0.44391686875 0.766111346875 0.4697768125 0.766111346875 0.4697768125 0.7299541781250001 0.44391686875 0.7299541781250001 0.44391686875 0.766111346875
0 0.5254481 0.665403115625 0.5386259375 0.665403115625 0.5386259375 0.6471576515625 0.5254481 0.6471576515625 0.5254481 0.665403115625
0 0.5297574390625 0.6947738625 0.539437840625 0.6947738625 0.539437840625 0.6711882625000001 0.5297574390625 0.6711882625000001 0.5297574390625 0.6947738625
0 0.54318509375 0.7005590078124999 0.56036 0.7005590078124999 0.56036 0.66484685 0.54318509375 0.66484685 0.54318509375 0.7005590078124999
0 0.52351201875 0.72559089375 0.5386259375 0.72559089375 0.5386259375 0.6985564562500001 0.52351201875 0.6985564562500001 0.52351201875 0.72559089375
0 0.4817926109375 0.738496221875 0.496344440625 0.738496221875 0.496344440625 0.7174694374999999 0.4817926109375 0.7174694374999999 0.4817926109375 0.738496221875
0 0.4819799734375 0.7194719890625001 0.496344440625 0.7194719890625001 0.496344440625 0.6982227 0.4819799734375 0.6982227 0.4819799734375 0.7194719890625001
0 0.457997559375 0.7083467062500001 0.4811056140625 0.7083467062500001 0.4811056140625 0.6460451234375 0.457997559375 0.6460451234375 0.457997559375 0.7083467062500001
0 0.47454792343749996 0.6603967374999999 0.520389309375 0.6603967374999999 0.520389309375 0.6236833046875 0.47454792343749996 0.6236833046875 0.47454792343749996 0.6603967374999999
0 0.5255105546875 0.6304697265625 0.5376266703125 0.6304697265625 0.5376266703125 0.61144549375 0.5255105546875 0.61144549375 0.5255105546875 0.6304697265625
0 0.44988578281249997 0.8424911500000001 0.4629387109375 0.8424911500000001 0.4629387109375 0.8159017234375 0.44988578281249997 0.8159017234375 0.44988578281249997 0.8424911500000001
0 0.45494457343750005 0.81912805625 0.46837222812499996 0.81912805625 0.46837222812499996 0.7925386296875001 0.45494457343750005 0.7925386296875001 0.45494457343750005 0.81912805625
0 0.4358695953125 0.8231792234374999 0.4479232578125 0.8231792234374999 0.4479232578125 0.797034809375 0.4358695953125 0.797034809375 0.4358695953125 0.8231792234374999
0 0.430373625 0.84910113125 0.445175271875 0.84910113125 0.445175271875 0.8264055546875 0.430373625 0.8264055546875 0.430373625 0.84910113125
0 0.375140353125 0.8744455484374999 0.387338440625 0.8744455484374999 0.387338440625 0.84385101875 0.375140353125 0.84385101875 0.375140353125 0.8744455484374999
0 0.3954379703125 0.8907858078124999 0.406562625 0.8907858078124999 0.406562625 0.8554978 0.3954379703125 0.8554978 0.3954379703125 0.8907858078124999
0 0.613505834375 0.8177197796875 0.6286314625 0.8177197796875 0.6286314625 0.789906571875 0.613505834375 0.789906571875 0.613505834375 0.8177197796875
0 0.627460446875 0.8397965109375001 0.6384875171875001 0.8397965109375001 0.6384875171875001 0.8041608406249999 0.627460446875 0.8041608406249999 0.627460446875 0.8397965109375001
0 0.6051744875 0.668633321875 0.618211803125 0.668633321875 0.618211803125 0.642210775 0.6051744875 0.642210775 0.6051744875 0.668633321875
0 0.5768358921875001 0.663766009375 0.592371375 0.663766009375 0.592371375 0.63998571875 0.5768358921875001 0.63998571875 0.5768358921875001 0.663766009375
0 0.5570118859375001 0.7658385046875 0.5660752265625 0.7658385046875 0.5660752265625 0.73575784375 0.5570118859375001 0.73575784375 0.5570118859375001 0.7658385046875
0 0.5477577375 0.79812848125 0.5687465265625 0.79812848125 0.5687465265625 0.7593805093749999 0.5477577375 0.7593805093749999 0.5477577375 0.79812848125
0 0.622882103125 0.7335697734375 0.6037250625 0.7335697734375 0.6037250625 0.76619964375 0.622882103125 0.76619964375 0.622882103125 0.7335697734375
0 0.6124258687499999 0.7296269984375 0.584491696875 0.7296269984375 0.584491696875 0.76511198125 0.6124258687499999 0.76511198125 0.6124258687499999 0.7296269984375
0 0.3672210484375 0.735605025 0.3759218546875 0.735605025 0.3759218546875 0.714667525 0.3672210484375 0.714667525 0.3672210484375 0.735605025
