0 0.31875 0.25406499843749997 0.299367803125 0.2541777609375 0.300385821875 0.3125 0.31875 0.3125 0.31875 0.25406499843749997
0 0.24503013125 0.2442492390625 0.24573339375 0.3046875 0.2984375 0.3046875 0.2984375 0.2445599546875 0.24503013125 0.2442492390625
0 0.1950500359375 0.22871276875 0.19379085000000001 0.2828125 0.24375 0.2828125 0.24375 0.22814609375 0.1950500359375 0.22871276875
0 0.165625 0.25625 0.165625 0.21104622812499998 0.0939951890625 0.2097959265625 0.0939951890625 0.2559101171875 0.10120965468750001 0.2560360453125 0.11346711406250001 0.25625 0.165625 0.25625
0 0.09375 0.227358825 0.09375 0.1921875 0.0703566015625 0.1921875 0.0375 0.1929522453125 0.0375 0.20529348593750002 0.037898525 0.228125 0.060831992187499996 0.228125 0.09375 0.227358825
0 0 0.209375 0.03676315625 0.209375 0.03745385 0.1796999375 0 0.1801357515625 0 0.209375
0 0.31875 0.36695003437499996 0.318456153125 0.35432517343750003 0.3039480109375 0.3540719328125 0.3054897765625 0.4203125 0.31875 0.4203125 0.31875 0.36695003437499996
0 0.28187458125 0.3515625 0.2836022171875 0.4109375 0.296875 0.4109375 0.296875 0.3515625 0.28187458125 0.3515625
0 0.2765625 0.3140625 0.268095334375 0.3140625 0.26603943750000003 0.3141103515625 0.2656851921875 0.375 0.2674286921875 0.375 0.2765625 0.37478740781250003 0.2765625 0.3140625
0 0.25816906875 0.329204184375 0.25816906875 0.384375 0.265625 0.384375 0.265625 0.3292909421875 0.25816906875 0.329204184375
0 0.24939442343749998 0.32158688281250003 0.2505648921875 0.371875 0.2578125 0.371875 0.2578125 0.3218318234375 0.24939442343749998 0.32158688281250003
0 0.23528781875 0.30805119062499997 0.23528781875 0.3546875 0.2453125 0.3546875 0.2453125 0.3082845171875 0.23528781875 0.30805119062499997
0 0.2096541234375 0.30831037656250004 0.210879034375 0.3609375 0.2234375 0.3609375 0.2234375 0.30863118906250003 0.2096541234375 0.30831037656250004
0 0.1890625 0.28034578125 0.1796875 0.28045486875000003 0.1796875 0.2993126359375 0.180135875 0.325 0.1890625 0.325 0.1890625 0.28034578125
0 0.171875 0.295007253125 0.171875 0.334375 0.177540346875 0.334375 0.178125 0.30925588125000003 0.178125 0.29486178281250003 0.171875 0.295007253125
0 0.1635581921875 0.297829678125 0.164250640625 0.3375 0.16875 0.3375 0.16875 0.297890090625 0.1635581921875 0.297829678125
0 0.16269572968749998 0.28399003125 0.16292063750000002 0.296875 0.16875 0.296875 0.16875 0.28406047968750003 0.16269572968749998 0.28399003125
0 0.1545245703125 0.3214485453125 0.1625 0.3214949453125 0.1625 0.28347448124999997 0.1545245703125 0.28342808124999996 0.1545245703125 0.3214485453125
0 0.1013842671875 0.3000331828125 0.1013842671875 0.3328125 0.109375 0.3328125 0.109375 0.300079671875 0.1013842671875 0.3000331828125
0 0.1393723859375 0.2838285234375 0.139833278125 0.3234375 0.14375 0.3234375 0.14375 0.28380305625 0.1393723859375 0.2838285234375
0 0.1515625 0.272015684375 0.1453125 0.271833828125 0.1453125 0.3125 0.1515625 0.3125 0.1515625 0.272015684375
0 0.1377816671875 0.2710817703125 0.1380999796875 0.2984375 0.1421875 0.2984375 0.1421875 0.2711843171875 0.1377816671875 0.2710817703125
0 0.13089218593750002 0.27246083125 0.1313580828125 0.3125 0.1359375 0.3125 0.1359375 0.27251953906250004 0.13089218593750002 0.27246083125
0 0.12531269218750002 0.315625 0.13125 0.315625 0.13125 0.2734840453125 0.1272498125 0.2734375 0.1240851609375 0.2734375 0.12531269218750002 0.315625
0 0.086632078125 0.28992976718749996 0.0861794859375 0.309375 0.09375 0.309375 0.09375 0.28984694218749996 0.086632078125 0.28992976718749996
0 0.0765625 0.2540097390625 0.0703125 0.2539370140625 0.0703125 0.2875 0.0765625 0.2875 0.0765625 0.2540097390625
0 0.0790022875 0.2539359765625 0.0784437 0.2859375 0.0835237703125 0.2859375 0.084082875 0.25390641875000003 0.0790022875 0.2539359765625
0 0.08925092343749999 0.2572156171875 0.089092915625 0.284375 0.09375 0.284375 0.09375 0.2571109 0.08925092343749999 0.2572156171875
0 0.0987110109375 0.2631276265625 0.09852376406249999 0.2953125 0.103125 0.2953125 0.103125 0.26320467187499996 0.0987110109375 0.2631276265625
0 0.0390625 0.24016330312499998 0.03285046875 0.24009101875 0.0328125 0.2433540421875 0.0328125 0.2640625 0.039054540625 0.2640625 0.0390625 0.2633784921875 0.0390625 0.24016330312499998
0 0.0407108453125 0.2374462265625 0.040838421875 0.259375 0.04375 0.259375 0.04375 0.237393178125 0.0407108453125 0.2374462265625
0 0.046371151562500004 0.234375 0.04682579375 0.25 0.0484375 0.25 0.0484375 0.234375 0.046371151562500004 0.234375
0 0.027345453125000002 0.2558502625 0.0328125 0.255723015625 0.0328125 0.23013860312499998 0.027196628125 0.2302693140625 0.027345453125000002 0.2558502625
0 0.1724424296875 0.2022450578125 0.17223615625 0.2140625 0.1759133328125 0.2140625 0.176121475 0.20213800937499998 0.1724424296875 0.2022450578125
0 0.16173121562499998 0.20373651406249998 0.161567153125 0.209375 0.1640625 0.209375 0.1640625 0.20373651406249998 0.16173121562499998 0.20373651406249998
0 0.1578125 0.2125 0.1578125 0.2039474703125 0.15632154375 0.20398217187499998 0.15625 0.2080809234375 0.15625 0.2125 0.1578125 0.2125
0 0.14937697968750002 0.20373878125 0.1495409765625 0.209375 0.153125 0.209375 0.153125 0.20369516718749997 0.14937697968750002 0.20373878125
0 0.20064048906249998 0.20677230624999998 0.20079501249999998 0.215625 0.2046875 0.215625 0.2046875 0.20670166562499998 0.20064048906249998 0.20677230624999998
0 0.20565958437499998 0.1983647796875 0.2054396859375 0.2078125 0.2078125 0.2078125 0.2078125 0.198339728125 0.20565958437499998 0.1983647796875
0 0.208318653125 0.20725499374999998 0.20836735 0.215625 0.2109375 0.215625 0.2109375 0.20730070625 0.208318653125 0.20725499374999998
0 0.2241344234375 0.208484325 0.224051334375 0.215625 0.225 0.215625 0.225 0.2084591390625 0.2241344234375 0.208484325
0 0.2268879015625 0.20754951406250002 0.22700005 0.2171875 0.2296875 0.2171875 0.2296875 0.207484353125 0.2268879015625 0.20754951406250002
0 0.2359375 0.20679461875 0.2328125 0.2067764375 0.2328125 0.2203125 0.2359375 0.2203125 0.2359375 0.20679461875
0 0.25915999843750004 0.20724109999999998 0.25915999843750004 0.2234375 0.2625 0.2234375 0.2625 0.2071828 0.25915999843750004 0.20724109999999998
0 0.26875 0.2052997484375 0.265625 0.2053724828125 0.265625 0.21791118593749997 0.2657172578125 0.221875 0.26875 0.221875 0.26875 0.2052997484375
0 0.2692405328125 0.20271297656249998 0.2691290515625 0.221875 0.271875 0.221875 0.271875 0.2027589609375 0.2692405328125 0.20271297656249998
0 0.2724999140625 0.202415934375 0.272989196875 0.2234375 0.275 0.2234375 0.275 0.20238684375 0.2724999140625 0.202415934375
0 0.27922146875 0.21487455781250003 0.2793756515625 0.228125 0.2828125 0.228125 0.2828125 0.2148536671875 0.27922146875 0.21487455781250003
0 0.291160734375 0.205677540625 0.290823459375 0.225 0.2953125 0.225 0.2953125 0.20562922968750003 0.291160734375 0.205677540625
0 0.280023865625 0.20226176875 0.279817884375 0.2140625 0.284375 0.2140625 0.284375 0.2023123984375 0.280023865625 0.20226176875
0 0.3038707421875 0.22141450625 0.3040215515625 0.234375 0.30625 0.234375 0.30625 0.2214283484375 0.3038707421875 0.22141450625
0 0.3109375 0.21387883749999997 0.310819196875 0.2071012546875 0.30714015 0.20707985 0.30758931562499997 0.2328125 0.3109375 0.2328125 0.3109375 0.21387883749999997
0 0.310162653125 0.2025465328125 0.31113422968750004 0.2359375 0.3140625 0.2359375 0.3140625 0.20263730156249998 0.310162653125 0.2025465328125
0 0.19071991093750001 0.1703451015625 0.19071991093750001 0.18125 0.1915104140625 0.18125 0.1921875 0.18123818125 0.1921875 0.170319484375 0.19071991093750001 0.1703451015625
0 0.184375 0.16875 0.184225353125 0.16875 0.18312192656249998 0.1687756828125 0.1828498890625 0.178125 0.1832606515625 0.178125 0.184375 0.17809906250000002 0.184375 0.16875
0 0.1847155046875 0.171422284375 0.1848052265625 0.1765625 0.1859375 0.1765625 0.1859375 0.1714436140625 0.1847155046875 0.171422284375
0 0.1727080171875 0.179082528125 0.1734375 0.1790995078125 0.1734375 0.1709928703125 0.17251923125 0.170971496875 0.1727080171875 0.179082528125
0 0.1616464484375 0.1694113546875 0.161706234375 0.1796875 0.1625 0.1796875 0.1625 0.1694063890625 0.1616464484375 0.1694113546875
0 0.1600429171875 0.16801189375 0.16010175468750001 0.178125 0.162203925 0.178125 0.1621452296875 0.16803635625 0.1600429171875 0.16801189375
0 0.169674934375 0.179075753125 0.171875 0.179062953125 0.171875 0.16939309062500002 0.1698437390625 0.1694049078125 0.169674934375 0.179075753125
0 0.1505725015625 0.17127565625000002 0.1507263328125 0.1765625 0.1515625 0.1765625 0.1515625 0.1712526140625 0.1505725015625 0.17127565625000002
0 0.1390029609375 0.171581259375 0.1390592125 0.18125 0.140625 0.18125 0.140625 0.1715623859375 0.1390029609375 0.171581259375
0 0.130612915625 0.1708044484375 0.1303697921875 0.18125 0.1328125 0.18125 0.1328125 0.17086845 0.130612915625 0.1708044484375
0 0.1287667703125 0.1709562171875 0.128563546875 0.1796875 0.131015246875 0.1796875 0.1312194671875 0.1709134046875 0.1287667703125 0.1709562171875
0 0.11823603281249999 0.1742510859375 0.11803676406250001 0.1828125 0.1203125 0.1828125 0.1203125 0.1743115046875 0.11823603281249999 0.1742510859375
0 0.10657900312499999 0.1725197296875 0.1065191234375 0.1828125 0.109375 0.1828125 0.109375 0.17253599687500001 0.10657900312499999 0.1725197296875
0 0.10259284375 0.175638609375 0.1025420171875 0.184375 0.103125 0.184375 0.103125 0.1756355140625 0.10259284375 0.175638609375
0 0.0993193234375 0.1751672640625 0.0991413796875 0.1828125 0.1015625 0.1828125 0.1015625 0.1751933671875 0.0993193234375 0.1751672640625
0 0.0984375 0.1756815984375 0.09839943749999999 0.174373475 0.095771546875 0.17438876406249998 0.09601665312499999 0.1828125 0.0984375 0.1828125 0.0984375 0.1756815984375
0 0.0880934875 0.1743773984375 0.087946253125 0.1828125 0.0903977046875 0.1828125 0.090546184375 0.17430603281249998 0.0880934875 0.1743773984375
0 0.0840179796875 0.17423531718750002 0.0842495140625 0.1875 0.0875 0.1875 0.0875 0.174255575 0.0840179796875 0.17423531718750002
0 0.080385578125 0.17438967968750002 0.08046540468749999 0.18125 0.08125 0.18125 0.08125 0.174379621875 0.080385578125 0.17438967968750002
0 0.07571359375 0.175 0.075549953125 0.184375 0.078125 0.184375 0.078125 0.175 0.07571359375 0.175
0 0.046875 0.1803092765625 0.0467607671875 0.175401375 0.042906528124999996 0.17546865 0.043150193749999996 0.1859375 0.046875 0.1859375 0.046875 0.1803092765625
0 0.05 0.1755686859375 0.046875 0.1754777578125 0.046875 0.1828125 0.05 0.1828125 0.05 0.1755686859375
0 0.054240207812499996 0.1761066421875 0.0543364203125 0.184375 0.0546875 0.184375 0.0546875 0.1761066421875 0.054240207812499996 0.1761066421875
0 0 0.2546875 0.025 0.2546875 0.025 0.217107290625 0 0.2169618453125 0 0.2546875
0 0.3131751109375 0.164534475 0.3133095953125 0.1703125 0.3140625 0.1703125 0.3140625 0.1645396375 0.3131751109375 0.164534475
0 0.311105890625 0.16454354375 0.3109716171875 0.1703125 0.3125 0.1703125 0.3125 0.16457599218750002 0.311105890625 0.16454354375
0 0.275338115625 0.1636174265625 0.275338115625 0.171875 0.278125 0.171875 0.278125 0.1636822921875 0.275338115625 0.1636174265625
0 0.270587984375 0.16974084843749998 0.27070705625 0.1765625 0.271875 0.1765625 0.271875 0.1697633125 0.270587984375 0.16974084843749998
0 0.267542659375 0.16875 0.267433565625 0.175 0.2703125 0.175 0.2703125 0.16875 0.267542659375 0.16875
0 0.2641534125 0.1701389296875 0.263967534375 0.178125 0.265625 0.178125 0.265625 0.17010467812500002 0.2641534125 0.1701389296875
0 0.2523033953125 0.1680061734375 0.2524254734375 0.175 0.2546875 0.175 0.2546875 0.167992303125 0.2523033953125 0.1680061734375
0 0.249393153125 0.169192778125 0.24922417968750002 0.175 0.2515625 0.175 0.2515625 0.1691422859375 0.249393153125 0.169192778125
0 0.23929978749999997 0.1692103109375 0.23950727968750002 0.178125 0.240625 0.178125 0.240625 0.16919489062499998 0.23929978749999997 0.1692103109375
0 0.2349935453125 0.16801055781250002 0.23479449687499998 0.1765625 0.2359375 0.1765625 0.2359375 0.1680215421875 0.2349935453125 0.16801055781250002
0 0.23068538125 0.16734933125 0.230748071875 0.178125 0.2328125 0.178125 0.2328125 0.167299821875 0.23068538125 0.16734933125
0 0.22563757187500003 0.17054392812500002 0.2254779703125 0.1796875 0.2265625 0.1796875 0.2265625 0.170538546875 0.22563757187500003 0.17054392812500002
0 0.223052859375 0.172410128125 0.22284710937500002 0.18125 0.2234375 0.18125 0.2234375 0.172412365625 0.223052859375 0.172410128125
0 0.2157456171875 0.15789634218749998 0.21587191093749997 0.16875 0.2171875 0.16875 0.2171875 0.1579131203125 0.2157456171875 0.15789634218749998
0 0.213574653125 0.170285853125 0.2140625 0.17028869062500002 0.2140625 0.16027605312499998 0.213574653125 0.16027321562500002 0.213574653125 0.170285853125
0 0.2078125 0.17294793749999998 0.20625 0.17294793749999998 0.20625 0.18125 0.2078125 0.18125 0.2078125 0.17294793749999998
0 0.20324563750000002 0.1721433953125 0.2035106125 0.18125 0.2046875 0.18125 0.2046875 0.1721098359375 0.20324563750000002 0.1721433953125
0 0.19928423906249998 0.1703125 0.1995024453125 0.1796875 0.2 0.1796875 0.2 0.1703125 0.19928423906249998 0.1703125
0 0.04099393125 0.1539452234375 0.0408675515625 0.159375 0.0421875 0.159375 0.0421875 0.1539591125 0.04099393125 0.1539452234375
0 0.0366533140625 0.1531408625 0.0367076734375 0.1578125 0.0390625 0.1578125 0.0390625 0.153182915625 0.0366533140625 0.1531408625
0 0.019669985937500002 0.15540108749999998 0.0180032359375 0.15543018125000002 0.0178854953125 0.1621755375 0.0195522453125 0.16214644375 0.019669985937500002 0.15540108749999998
0 0.016258396875 0.1553589046875 0.016128553125 0.1609375 0.0171875 0.1609375 0.0171875 0.1553859390625 0.016258396875 0.1553589046875
0 0.012078184375 0.155414309375 0.012046049999999999 0.1609375 0.0125 0.1609375 0.0125 0.1554167640625 0.012078184375 0.155414309375
0 0.165625 0.1711129296875 0.1643075703125 0.1711129296875 0.16422927812500002 0.1778413265625 0.164225978125 0.178125 0.165625 0.178125 0.165625 0.1711129296875
0 0.1684893625 0.1709119828125 0.1682794859375 0.178125 0.16875 0.178125 0.16875 0.17091805 0.1684893625 0.1709119828125
0 0.14764215625 0.1703320484375 0.147533296875 0.1796875 0.14962375 0.1796875 0.14973218593749998 0.1703685296875 0.14764215625 0.1703320484375
0 0.0121256953125 0.1612978265625 0.0121005203125 0.165625 0.01875 0.165625 0.01875 0.16118219843749998 0.0121256953125 0.1612978265625
0 0.0981736984375 0.19017615937500001 0.09790867812500001 0.2015625 0.1 0.2015625 0.1 0.19017615937500001 0.0981736984375 0.19017615937500001
0 0.103125 0.188478009375 0.103125 0.1984375 0.127764559375 0.1984375 0.14375 0.198065434375 0.14375 0.187532453125 0.103125 0.188478009375
0 0.161748928125 0.1859375 0.1618034703125 0.1953125 0.1953125 0.1953125 0.1953125 0.1859375 0.161748928125 0.1859375
0 0.20320101249999997 0.183408709375 0.2032520859375 0.1921875 0.2078125 0.1921875 0.2078125 0.18335505000000002 0.20320101249999997 0.183408709375
0 0.223170365625 0.17943455625 0.223114353125 0.1890625 0.2421875 0.1890625 0.2421875 0.179655840625 0.223170365625 0.17943455625
0 0.25177255781249996 0.178125 0.2483162828125 0.1781853296875 0.24837045156249998 0.18749607031249999 0.253125 0.1874130796875 0.253125 0.178125 0.25177255781249996 0.178125
0 0.2636373015625 0.1806240953125 0.2634408953125 0.1890625 0.271875 0.1890625 0.271875 0.180672021875 0.2636373015625 0.1806240953125
0 0.275361178125 0.1736233640625 0.275396459375 0.1796875 0.278125 0.1796875 0.278125 0.173655525 0.275361178125 0.1736233640625
0 0.3115596359375 0.1720594234375 0.3115596359375 0.18125 0.315625 0.18125 0.315625 0.1719884625 0.3115596359375 0.1720594234375
0 0.1935603890625 0.172019346875 0.19351577656250002 0.1796875 0.1953125 0.1796875 0.1953125 0.172029540625 0.1935603890625 0.172019346875
0 0.190625 0.1746846109375 0.190531540625 0.1706692296875 0.1879161078125 0.1707453296875 0.188087871875 0.178125 0.190625 0.178125 0.190625 0.1746846109375
0 0.21562865156250002 0.20583481093749997 0.2157995390625 0.215625 0.21875 0.215625 0.21875 0.2058166515625 0.21562865156250002 0.20583481093749997
0 0.2191784078125 0.2058086484375 0.219349753125 0.215625 0.221875 0.215625 0.221875 0.20577727031249998 0.2191784078125 0.2058086484375
0 0.039136753125 0.1736757828125 0.0394221484375 0.1859375 0.0421875 0.1859375 0.0421875 0.17371128125 0.039136753125 0.1736757828125
0 0.1140625 0.1726369015625 0.1125 0.172609628125 0.1125 0.18125 0.1140625 0.18125 0.1140625 0.1726369015625
0 0.110606084375 0.1737349546875 0.11055327343750002 0.1828125 0.1109375 0.1828125 0.1109375 0.1737330265625 0.110606084375 0.1737349546875
0 0.1143839296875 0.17496679375 0.11449360312500001 0.18125 0.115625 0.18125 0.115625 0.1749740140625 0.1143839296875 0.17496679375
0 0.1206044234375 0.175 0.12074079062500001 0.1828125 0.121875 0.1828125 0.121875 0.175 0.1206044234375 0.175
0 0.12312697343750001 0.1719437109375 0.123343578125 0.18125 0.125 0.18125 0.125 0.17198730625 0.12312697343750001 0.1719437109375
0 0.1259830265625 0.1720746453125 0.1258228703125 0.18125 0.1265625 0.18125 0.1265625 0.1720780171875 0.1259830265625 0.1720746453125
0 0.145343275 0.1718799359375 0.1453886984375 0.1796875 0.146875 0.1796875 0.146875 0.1718799359375 0.145343275 0.1718799359375
0 0.1414971 0.1718691734375 0.141278759375 0.18125 0.1421875 0.18125 0.1421875 0.171861140625 0.1414971 0.1718691734375
0 0.9246103 0.4493472359375 0.9246103 0.4546875 0.925 0.4546875 0.925 0.449349503125 0.9246103 0.4493472359375
0 0.9219908515625 0.44611873593749996 0.9219908515625 0.453125 0.9234375 0.453125 0.9234375 0.44611873593749996 0.9219908515625 0.44611873593749996
0 0.3994453859375 0.976176578125 0.399865790625 0.990625 0.4046875 0.990625 0.4046875 0.9760545671875 0.3994453859375 0.976176578125
0 0.40859991874999996 0.975 0.40859991874999996 0.9890625 0.4125 0.9890625 0.4125 0.975 0.40859991874999996 0.975
0 0.9377737203125001 0.5857737828125 0.93832304375 0.609375 0.9484375 0.609375 0.9484375 0.5860219859375 0.9377737203125001 0.5857737828125
0 0.9609375 0.6289369 0.9608744609375 0.6253253937500001 0.9502244359375001 0.6254493171875 0.9507347906250001 0.6546875 0.9609375 0.6546875 0.9609375 0.6289369
0 0.569480865625 0.9151841000000001 0.5691796625000001 0.928125 0.5734375 0.928125 0.5734375 0.9150920078125001 0.569480865625 0.9151841000000001
0 0.60625 0.9219480843750001 0.603125 0.921911721875 0.603125 0.9224890718750001 0.603277921875 0.93125 0.60625 0.93125 0.60625 0.9219480843750001
0 0.6523970265625 0.9615688859375 0.6525496453125 0.9703125 0.6546875 0.9703125 0.6546875 0.9615955375 0.6523970265625 0.9615688859375
0 0.64920684375 0.9646272078125001 0.64920684375 0.9734375 0.653125 0.9734375 0.653125 0.9646500031249999 0.64920684375 0.9646272078125001
0 0.5875 1 0.5875 0.9856493484375001 0.5779872656249999 0.9855940046875 0.5779872656249999 1 0.5875 1
0 0.8334381671875001 0.8062664109375 0.8336743343750002 0.8265625 0.8372830578125001 0.8265625 0.8370466999999999 0.80625 0.8362589374999999 0.80625 0.8334381671875001 0.8062664109375
0 0.8503827968749998 0.8091324671875 0.85042056875 0.815625 0.85625 0.815625 0.85625 0.8090300546875 0.8503827968749998 0.8091324671875
