0 0.7259112453125 0.8433432078124999 0.9025789265625 0.8433432078124999 0.9025789265625 0.7873871609374999 0.7259112453125 0.7873871609374999 0.7259112453125 0.8433432078124999
0 0.8003761515625 0.4907702453125 0.8039533828125001 0.4907702453125 0.8039533828125001 0.47926253750000003 0.8003761515625 0.47926253750000003 0.8003761515625 0.4907702453125
0 0.796628575 0.49107307968749997 0.799183740625 0.49107307968749997 0.799183740625 0.481988046875 0.796628575 0.481988046875 0.796628575 0.49107307968749997
0 0.7952658203125 0.475931359375 0.8012278734375 0.475931359375 0.8012278734375 0.46048680312499995 0.7952658203125 0.46048680312499995 0.7952658203125 0.475931359375
0 0.7535518953125 0.4453520046875 0.7549691593750001 0.4453520046875 0.7549691593750001 0.438762328125 0.7535518953125 0.438762328125 0.7535518953125 0.4453520046875
0 0.749954221875 0.44690251718749996 0.752461690625 0.44690251718749996 0.752461690625 0.43837469999999995 0.749954221875 0.43837469999999995 0.749954221875 0.44690251718749996
0 0.7342552859375 0.44089428281250004 0.7361086328125 0.44089428281250004 0.7361086328125 0.4352736765625 0.7342552859375 0.4352736765625 0.7342552859375 0.44089428281250004
0 0.7324019390625 0.44089428281250004 0.7342552859375 0.44089428281250004 0.7342552859375 0.43411079218750004 0.7324019390625 0.43411079218750004 0.7324019390625 0.44089428281250004
0 0.751044425 0.4587251734375 0.7552962203125 0.4587251734375 0.7552962203125 0.45387982187500003 0.751044425 0.45387982187500003 0.751044425 0.4587251734375
0 0.7351274484375 0.46395815156250003 0.7416686718750001 0.46395815156250003 0.7416686718750001 0.4596942421875 0.7351274484375 0.4596942421875 0.7351274484375 0.46395815156250003
0 0.7381800203125 0.46938494375 0.7457024265625 0.46938494375 0.7457024265625 0.465702478125 0.7381800203125 0.465702478125 0.7381800203125 0.46938494375
0 0.742104753125 0.47558699375 0.74559340625 0.47558699375 0.74559340625 0.47248596875000004 0.742104753125 0.47248596875000004 0.742104753125 0.47558699375
0 0.7467926296875 0.47713750624999995 0.748754996875 0.47713750624999995 0.748754996875 0.47248596875000004 0.7467926296875 0.47248596875000004 0.7467926296875 0.47713750624999995
0 0.7497361812500001 0.4750055515625 0.75224365 0.4750055515625 0.75224365 0.47093545625 0.7497361812500001 0.47093545625 0.7497361812500001 0.4750055515625
0 0.7544240578125 0.467446803125 0.762055484375 0.467446803125 0.762055484375 0.46279526718749997 0.7544240578125 0.46279526718749997 0.7544240578125 0.467446803125
0 0.7513714874999999 0.4833395546875 0.7535518953125 0.4833395546875 0.7535518953125 0.4786880171875 0.7513714874999999 0.4786880171875 0.7513714874999999 0.4833395546875
0 0.7278230828125001 0.4885725328125 0.7303305515625 0.4885725328125 0.7303305515625 0.4786880171875 0.7278230828125001 0.4786880171875 0.7278230828125001 0.4885725328125
0 0.71899243125 0.45950042812499997 0.7230261859375 0.45950042812499997 0.7230261859375 0.45504270625 0.71899243125 0.45504270625 0.71899243125 0.45950042812499997
0 0.73109369375 0.45136023906249995 0.7358905906250001 0.45136023906249995 0.7358905906250001 0.448259215625 0.73109369375 0.448259215625 0.73109369375 0.45136023906249995
0 0.7314207546875 0.4563994046875 0.7361086328125 0.4563994046875 0.7361086328125 0.45291075156250005 0.7314207546875 0.45291075156250005 0.7314207546875 0.4563994046875
0 0.7136504312499999 0.45097261250000004 0.7193194921875 0.45097261250000004 0.7193194921875 0.446321075 0.7136504312499999 0.446321075 0.7136504312499999 0.45097261250000004
0 0.71321435 0.446321075 0.7188834109375 0.446321075 0.7188834109375 0.441088096875 0.71321435 0.441088096875 0.71321435 0.446321075
0 0.7081994125 0.437211815625 0.7114700234375 0.437211815625 0.7114700234375 0.4313973953125 0.7081994125 0.4313973953125 0.7081994125 0.437211815625
0 0.7010040671875 0.445933446875 0.7064550859375001 0.445933446875 0.7064550859375001 0.4426386078125 0.7010040671875 0.4426386078125 0.7010040671875 0.445933446875
0 0.6913012515625 0.43275409375 0.696425209375 0.43275409375 0.696425209375 0.4286839984375 0.6913012515625 0.4286839984375 0.6913012515625 0.43275409375
0 0.6913012515625 0.435661303125 0.696425209375 0.435661303125 0.696425209375 0.43275409375 0.6913012515625 0.43275409375 0.6913012515625 0.435661303125
0 0.6925004765625 0.42112525156249997 0.6925004765625 0.4242262765625 0.695116965625 0.4242262765625 0.695116965625 0.42112525156249997 0.6941521578125001 0.42112525156249997 0.6925004765625 0.42112525156249997
0 0.6576139515625 0.424613903125 0.659794359375 0.424613903125 0.659794359375 0.4158922734375 0.6576139515625 0.4158922734375 0.6576139515625 0.424613903125
0 0.6522719515625 0.42228813593750003 0.65423431875 0.42228813593750003 0.65423431875 0.41686134218750004 0.6522719515625 0.41686134218750004 0.6522719515625 0.42228813593750003
0 0.6348286890625 0.4176365984375 0.639080484375 0.4176365984375 0.639080484375 0.4112407359375 0.6348286890625 0.4112407359375 0.6348286890625 0.4176365984375
0 0.6454036671875001 0.4329479078125 0.64714799375 0.4329479078125 0.64714799375 0.42674585781249996 0.6454036671875001 0.42674585781249996 0.6454036671875001 0.4329479078125
0 0.6540162781250001 0.43759944375000004 0.65837709375 0.43759944375000004 0.65837709375 0.43430460625 0.6540162781250001 0.43430460625 0.6540162781250001 0.43759944375000004
0 0.6541252984375 0.43430460625 0.6557606046875 0.43430460625 0.6557606046875 0.4261644171875 0.6541252984375 0.4261644171875 0.6541252984375 0.43430460625
0 0.6594672984375001 0.42984688281250005 0.6557606046875 0.42984688281250005 0.6557606046875 0.4329479078125 0.6594672984375001 0.4329479078125 0.6594672984375001 0.42984688281250005
0 0.6594672984375001 0.44690251718749996 0.661865746875 0.44690251718749996 0.661865746875 0.44070046874999996 0.6594672984375001 0.44070046874999996 0.6594672984375001 0.44690251718749996
0 0.652380971875 0.44322005156250005 0.6543433390625 0.44322005156250005 0.6543433390625 0.43682418749999996 0.652380971875 0.43682418749999996 0.652380971875 0.44322005156250005
0 0.6242537125000001 0.425195346875 0.6282874656249999 0.425195346875 0.6282874656249999 0.42170669375000003 0.6242537125000001 0.42170669375000003 0.6242537125000001 0.425195346875
0 0.586999825 0.4264753625 0.5889076828124999 0.4264753625 0.5889076828124999 0.41726919687499997 0.586999825 0.41726919687499997 0.586999825 0.4264753625
0 0.5619251359375 0.41654239375 0.5649231968749999 0.41654239375 0.5649231968749999 0.4124238453125 0.5619251359375 0.4124238453125 0.5619251359375 0.41654239375
0 0.580867428125 0.403459946875 0.5833203874999999 0.403459946875 0.5833203874999999 0.3988568625 0.580867428125 0.3988568625 0.580867428125 0.403459946875
0 0.6041705375 0.42332588437499996 0.60580584375 0.42332588437499996 0.60580584375 0.418238265625 0.6041705375 0.418238265625 0.6041705375 0.42332588437499996
0 0.601445028125 0.41605785781250004 0.6028077828125 0.41605785781250004 0.6028077828125 0.4090321 0.601445028125 0.4090321 0.601445028125 0.41605785781250004
0 0.615753953125 0.41680737343749996 0.6273373703125 0.41680737343749996 0.6273373703125 0.4085702765625 0.615753953125 0.4085702765625 0.615753953125 0.41680737343749996
0 0.5671036046875 0.43231249531250004 0.575416409375 0.43231249531250004 0.575416409375 0.40881254375 0.5671036046875 0.40881254375 0.5671036046875 0.43231249531250004
0 0.5904067125 0.41559603593750005 0.599809721875 0.41559603593750005 0.599809721875 0.40299812343749997 0.5904067125 0.40299812343749997 0.5904067125 0.41559603593750005
0 0.6077136999999999 0.4243176671875 0.6143911984375 0.4243176671875 0.6143911984375 0.414626965625 0.6077136999999999 0.414626965625 0.6077136999999999 0.4243176671875
0 0.6368766546875 0.43061662343749996 0.641918846875 0.43061662343749996 0.641918846875 0.4218949921875 0.6368766546875 0.4218949921875 0.6368766546875 0.43061662343749996
0 0.6402835421875 0.4160805703125 0.6461433875 0.4160805703125 0.6461433875 0.41002388281249996 0.6402835421875 0.41002388281249996 0.6402835421875 0.4160805703125
0 0.6633140984375 0.442003196875 0.67925833125 0.442003196875 0.67925833125 0.42165272343750004 0.6633140984375 0.42165272343750004 0.6633140984375 0.442003196875
0 0.6849819015625 0.45387430625 0.693976084375 0.45387430625 0.693976084375 0.43570424062499996 0.6849819015625 0.43570424062499996 0.6849819015625 0.45387430625
0 0.70365164375 0.45387430625 0.69315843125 0.45387430625 0.69315843125 0.46283820468750003 0.70365164375 0.46283820468750003 0.70365164375 0.45387430625
0 0.717587196875 0.477003359375 0.72031270625 0.477003359375 0.72031270625 0.4669250296875 0.717587196875 0.4669250296875 0.717587196875 0.477003359375
0 0.7021063015625 0.47874768593750006 0.7046137703124999 0.47874768593750006 0.7046137703124999 0.4708013109375 0.7021063015625 0.4708013109375 0.7021063015625 0.47874768593750006
0 0.7352485 0.5056878359375 0.7369928265625 0.5056878359375 0.7369928265625 0.4981290875 0.7352485 0.4981290875 0.7352485 0.5056878359375
0 0.6738700203125 0.46266112187499997 0.6768135703125 0.46266112187499997 0.6768135703125 0.456459071875 0.6738700203125 0.456459071875 0.6738700203125 0.46266112187499997
0 0.6660205515625 0.46382400625000003 0.66798291875 0.46382400625000003 0.66798291875 0.4578157703125 0.6660205515625 0.4578157703125 0.6660205515625 0.46382400625000003
0 0.6458517796875001 0.4506446515625 0.65173888125 0.4506446515625 0.65173888125 0.441341578125 0.6458517796875001 0.441341578125 0.6458517796875001 0.4506446515625
0 0.700901240625 0.49219257499999997 0.703408709375 0.49219257499999997 0.703408709375 0.4857967125 0.700901240625 0.4857967125 0.700901240625 0.49219257499999997
0 0.6889089984375001 0.4840523859375 0.6889089984375001 0.48508486875 0.6889089984375001 0.4875410390625 0.6916345078125 0.4875410390625 0.6916345078125 0.4840523859375 0.6889089984375001 0.4840523859375
0 0.647699290625 0.467190565625 0.6495526375 0.467190565625 0.6495526375 0.46253902968749994 0.647699290625 0.46253902968749994 0.647699290625 0.467190565625
0 0.634834884375 0.4590503765625 0.6375603937500001 0.4590503765625 0.6375603937500001 0.452848328125 0.634834884375 0.452848328125 0.634834884375 0.4590503765625
0 0.6388686390625 0.458468934375 0.6402859046875 0.458468934375 0.6402859046875 0.4534297703125 0.6388686390625 0.4534297703125 0.6388686390625 0.458468934375
0 0.61597435625 0.4503287453125 0.6186998671875 0.4503287453125 0.6186998671875 0.44160711406250003 0.61597435625 0.44160711406250003 0.61597435625 0.4503287453125
0 0.516428275 0.4000881625 0.516428275 0.40405747343750004 0.5179353734375 0.40405747343750004 0.5179353734375 0.4020527171875 0.5179353734375 0.4000881625 0.516428275 0.4000881625
0 0.5163166390625 0.39969123125 0.514921178125 0.39969123125 0.514921178125 0.4048513359375 0.5163166390625 0.4048513359375 0.5163166390625 0.4020527171875 0.5163166390625 0.4005991125 0.5163166390625 0.39969123125
0 0.6259672203125 0.7031924671875001 0.632954 0.7031924671875001 0.632954 0.6960947843749999 0.6259672203125 0.6960947843749999 0.6259672203125 0.7031924671875001
0 0.49566726250000004 0.8880658125 0.49839277187500003 0.8880658125 0.49839277187500003 0.8762552703125 0.49566726250000004 0.8762552703125 0.49566726250000004 0.8880658125
