0 0.4935802171875 0.942487171875 0.487445690625 0.942487171875 0.487445690625 0.9658205640625 0.4935802171875 0.9658205640625 0.4935802171875 0.942487171875
0 0.48016985625 0.972414784375 0.48573372968750006 0.972414784375 0.48573372968750006 0.9480668968750001 0.48016985625 0.9480668968750001 0.48016985625 0.972414784375
0 0.4654755265625 0.9031754796874999 0.4713247265625 0.9031754796874999 0.4713247265625 0.877813096875 0.4654755265625 0.877813096875 0.4654755265625 0.9031754796874999
0 0.4387974703125 0.8889725453124999 0.4437906890625 0.8889725453124999 0.4437906890625 0.8681753921875 0.4387974703125 0.8681753921875 0.4387974703125 0.8889725453124999
0 0.3972824203125 0.9219436421875 0.40327428281250005 0.9219436421875 0.40327428281250005 0.898863875 0.3972824203125 0.898863875 0.3972824203125 0.9219436421875
0 0.3948571421875 0.934624834375 0.3992797078125 0.934624834375 0.3992797078125 0.9214363953125 0.3948571421875 0.9214363953125 0.3948571421875 0.934624834375
0 0.511127815625 0.9320885953125 0.51569304375 0.9320885953125 0.51569304375 0.9206755234375 0.511127815625 0.9206755234375 0.511127815625 0.9320885953125
0 0.53752054375 0.9102769468749999 0.542799090625 0.9102769468749999 0.542799090625 0.8889725453124999 0.53752054375 0.8889725453124999 0.53752054375 0.9102769468749999
0 0.561630659375 0.9003856171875 0.5663385515625 0.9003856171875 0.5663385515625 0.8828855734375001 0.561630659375 0.8828855734375001 0.561630659375 0.9003856171875
0 0.5577787468750001 0.9422335484375 0.56120266875 0.9422335484375 0.56120266875 0.93259584375 0.5577787468750001 0.93259584375 0.5577787468750001 0.9422335484375
0 0.5738997109375 0.9287914859375 0.568621165625 0.9287914859375 0.568621165625 0.9414726765625 0.5738997109375 0.9414726765625 0.5738997109375 0.9287914859375
0 0.5609173421875 0.9206755234375 0.5653399078125 0.9206755234375 0.5653399078125 0.9074870859375 0.5609173421875 0.9074870859375 0.5609173421875 0.9206755234375
0 0.58303016875 0.8149143890625 0.5894500218750001 0.8149143890625 0.5894500218750001 0.7999505828125 0.58303016875 0.7999505828125 0.58303016875 0.8149143890625
0 0.439938778125 0.7986824640625 0.4460733046875 0.7986824640625 0.4460733046875 0.7811824203125 0.439938778125 0.7811824203125 0.439938778125 0.7986824640625
0 0.36592870781250003 0.963473196875 0.375123809375 0.963473196875 0.375123809375 0.9436588359375 0.36592870781250003 0.9436588359375 0.36592870781250003 0.963473196875
0 0.6260027203125 0.8017500828124999 0.6299036734375 0.8017500828124999 0.6299036734375 0.7923382609375 0.6260027203125 0.7923382609375 0.6260027203125 0.8017500828124999
0 0.542410884375 0.7328951781249999 0.5465904765625 0.7328951781249999 0.5465904765625 0.7165483296875 0.542410884375 0.7165483296875 0.542410884375 0.7328951781249999
0 0.6792228578125 0.5803245953125 0.6730927890625 0.5803245953125 0.6730927890625 0.600634315625 0.6792228578125 0.600634315625 0.6792228578125 0.5803245953125
0 0.6711423125 0.55010769375 0.663619046875 0.55010769375 0.663619046875 0.56992205625 0.6711423125 0.56992205625 0.6711423125 0.55010769375
0 0.665290884375 0.5629870296874999 0.6605540140625 0.5629870296874999 0.6605540140625 0.573884928125 0.665290884375 0.573884928125 0.665290884375 0.5629870296874999
0 0.6616685718750001 0.5832967499999999 0.6566530609375001 0.5832967499999999 0.6566530609375001 0.5956807265624999 0.6616685718750001 0.5956807265624999 0.6616685718750001 0.5832967499999999
0 0.5959325171875001 0.8321991828125 0.603734421875 0.8321991828125 0.603734421875 0.8203105671875001 0.5959325171875001 0.8203105671875001 0.5959325171875001 0.8321991828125
0 0.6711651703125 0.9188870140625 0.678967075 0.9188870140625 0.678967075 0.903035525 0.6711651703125 0.903035525 0.6711651703125 0.9188870140625
0 0.6310410890625 0.7925704609374999 0.6363352375 0.7925704609374999 0.6363352375 0.78266328125 0.6310410890625 0.78266328125 0.6310410890625 0.7925704609374999
0 0.6343847625000001 0.8059451546874999 0.6276974156249999 0.8059451546874999 0.6276974156249999 0.8148616171875 0.6343847625000001 0.8148616171875 0.6343847625000001 0.8059451546874999
0 0.6942922453125 0.614241209375 0.70209415 0.614241209375 0.70209415 0.60383866875 0.6942922453125 0.60383866875 0.6942922453125 0.614241209375
0 0.6302051703125 0.583033590625 0.6260255781249999 0.583033590625 0.6260255781249999 0.5944268484374999 0.6302051703125 0.5944268484374999 0.6302051703125 0.583033590625
0 0.6218459859375 0.5944268484374999 0.6260255781249999 0.5944268484374999 0.6260255781249999 0.5820428718749999 0.6218459859375 0.5820428718749999 0.6218459859375 0.5944268484374999
0 0.617109115625 0.5944268484374999 0.6218459859375 0.5944268484374999 0.6218459859375 0.5840243078125 0.617109115625 0.5840243078125 0.617109115625 0.5944268484374999
0 0.60150530625 0.6078015421875 0.6059635375 0.6078015421875 0.6059635375 0.5894732578124999 0.60150530625 0.5894732578124999 0.60150530625 0.6078015421875
0 0.6293692515625 0.5443955859375 0.623239184375 0.5443955859375 0.623239184375 0.551825971875 0.6293692515625 0.551825971875 0.6293692515625 0.5443955859375
0 0.6070780953125 0.545386303125 0.611814965625 0.545386303125 0.611814965625 0.5300301734375 0.6070780953125 0.5300301734375 0.6070780953125 0.545386303125
0 0.57475591875 0.6018572328125 0.579771428125 0.6018572328125 0.579771428125 0.5835289484375 0.57475591875 0.5835289484375 0.57475591875 0.6018572328125
0 0.8385225578125001 0.4213809109375 0.841197496875 0.4213809109375 0.841197496875 0.41385145312500005 0.8385225578125001 0.41385145312500005 0.8385225578125001 0.4213809109375
0 0.8525659859375001 0.440006409375 0.8556867484374999 0.440006409375 0.8556867484374999 0.4320806640625 0.8525659859375001 0.4320806640625 0.8525659859375001 0.440006409375
0 0.8563554828125 0.46299106874999996 0.8543492796875001 0.46299106874999996 0.8543492796875001 0.46933166406250004 0.8563554828125 0.46933166406250004 0.8563554828125 0.46299106874999996
0 0.8641573875 0.466557653125 0.8681697953124999 0.466557653125 0.8681697953124999 0.45744304687500004 0.8641573875 0.45744304687500004 0.8641573875 0.466557653125
0 0.8735196734375 0.45863190937500004 0.8712905578125 0.45863190937500004 0.8712905578125 0.4661613671875 0.8735196734375 0.4661613671875 0.8735196734375 0.45863190937500004
0 0.8214308140625001 0.41856231718750003 0.8235707640625 0.41856231718750003 0.8235707640625 0.410636571875 0.8214308140625001 0.410636571875 0.8214308140625001 0.41856231718750003
0 0.8282073249999999 0.429658359375 0.8253540578124999 0.429658359375 0.8253540578124999 0.43853519375000005 0.8282073249999999 0.43853519375000005 0.8282073249999999 0.429658359375
0 0.78915321875 0.39415102343749997 0.7918281578124999 0.39415102343749997 0.7918281578124999 0.386542309375 0.78915321875 0.386542309375 0.78915321875 0.39415102343749997
0 0.7376160656249999 0.397321321875 0.74118265 0.397321321875 0.74118265 0.3897126078125 0.7376160656249999 0.3897126078125 0.7376160656249999 0.397321321875
0 0.75348736875 0.42839024062500003 0.7579456 0.42839024062500003 0.7579456 0.42236667343749995 0.75348736875 0.42236667343749995 0.75348736875 0.42839024062500003
0 0.7424309546875001 0.4423395515625 0.74849415 0.4423395515625 0.74849415 0.43599895625 0.7424309546875001 0.43599895625 0.7424309546875001 0.4423395515625
0 0.7320878578125 0.455337771875 0.7413609796875 0.455337771875 0.7413609796875 0.4439247 0.7320878578125 0.4439247 0.7320878578125 0.455337771875
0 0.7304828953125 0.43980331250000004 0.73725940625 0.43980331250000004 0.73725940625 0.4353648953125 0.7304828953125 0.4353648953125 0.7304828953125 0.43980331250000004
0 0.78915321875 0.48640668906249995 0.792184815625 0.48640668906249995 0.792184815625 0.4724573796875 0.78915321875 0.4724573796875 0.78915321875 0.48640668906249995
0 0.8105527296874999 0.490211046875 0.8171509109375 0.490211046875 0.8171509109375 0.4794320359375 0.8105527296874999 0.4794320359375 0.8105527296874999 0.490211046875
0 0.8164375953125 0.4746765875 0.8189342046875 0.4746765875 0.8189342046875 0.46643381406250006 0.8164375953125 0.46643381406250006 0.8164375953125 0.4746765875
0 0.8048461937500001 0.4765787671875 0.80752113125 0.4765787671875 0.80752113125 0.470238171875 0.8048461937500001 0.470238171875 0.8048461937500001 0.4765787671875
0 0.7952164140625 0.4711892609375 0.8035978890625 0.4711892609375 0.8035978890625 0.4623124265625 0.7952164140625 0.4623124265625 0.7952164140625 0.4711892609375
0 0.789509878125 0.4724573796875 0.792184815625 0.4724573796875 0.792184815625 0.461995396875 0.789509878125 0.461995396875 0.789509878125 0.4724573796875
0 0.7522390640625 0.47435955781250005 0.7522390640625 0.48355342187500006 0.7575889421875 0.48355342187500006 0.7575889421875 0.47435955781250005 0.75509233125 0.47435955781250005 0.7522390640625 0.47435955781250005
0 0.7486724796875001 0.47435955781250005 0.75509233125 0.47435955781250005 0.75509233125 0.46770193281249994 0.7486724796875001 0.46770193281249994 0.7486724796875001 0.47435955781250005
0 0.7508124296875 0.45819103906249997 0.74457090625 0.45819103906249997 0.74457090625 0.4629464859375 0.7508124296875 0.4629464859375 0.7508124296875 0.45819103906249997
0 0.7695370015624999 0.4274391515625 0.7754218671875 0.4274391515625 0.7754218671875 0.4198304359375 0.7695370015624999 0.4198304359375 0.7695370015624999 0.4274391515625
0 0.8715413328125001 0.451216384375 0.8788528328125 0.451216384375 0.8788528328125 0.44075440156249995 0.8715413328125001 0.44075440156249995 0.8715413328125001 0.451216384375
0 0.8260673734375 0.4829193625 0.8292773 0.4829193625 0.8292773 0.4746765875 0.8260673734375 0.4746765875 0.8260673734375 0.4829193625
0 0.769358671875 0.40017458906250003 0.776670171875 0.40017458906250003 0.776670171875 0.39415102343749997 0.769358671875 0.39415102343749997 0.769358671875 0.40017458906250003
0 0.760977196875 0.45216747343749997 0.7690020140625 0.45216747343749997 0.7690020140625 0.4448757890625 0.760977196875 0.4448757890625 0.760977196875 0.45216747343749997
0 0.7636521359375 0.47721282656249997 0.7668620625 0.47721282656249997 0.7668620625 0.470238171875 0.7636521359375 0.470238171875 0.7636521359375 0.47721282656249997
0 0.8087694375 0.45628886093750004 0.8116227046875 0.45628886093750004 0.8116227046875 0.44836311718750005 0.8087694375 0.44836311718750005 0.8087694375 0.45628886093750004
0 0.8182208875000001 0.4480460875 0.8230357765624999 0.4480460875 0.8230357765624999 0.4388522234375 0.8182208875000001 0.4388522234375 0.8182208875000001 0.4480460875
0 0.7269306859375 0.4992351109375 0.7307825984375 0.4992351109375 0.7307825984375 0.48604667187499995 0.7269306859375 0.48604667187499995 0.7269306859375 0.4992351109375
0 0.7277866671875 0.45738718125 0.7233641015625001 0.45738718125 0.7233641015625001 0.46271328125 0.7277866671875 0.46271328125 0.7277866671875 0.45738718125
0 0.7203681703125 0.45434369375 0.7255040515625 0.45434369375 0.7255040515625 0.45028571250000005 0.7203681703125 0.45028571250000005 0.7203681703125 0.45434369375
0 0.7036765515625001 0.46880025312500007 0.7073858000000001 0.46880025312500007 0.7073858000000001 0.45966979375 0.7036765515625001 0.45966979375 0.7036765515625001 0.46880025312500007
0 0.6926914703125 0.505068459375 0.700965946875 0.505068459375 0.700965946875 0.49111914843750004 0.6926914703125 0.49111914843750004 0.6926914703125 0.505068459375
0 0.6794237734374999 0.5027858453125 0.6832756859375 0.5027858453125 0.6832756859375 0.49010465312499996 0.6794237734374999 0.49010465312499996 0.6794237734374999 0.5027858453125
0 0.6724332671875 0.491626396875 0.676285178125 0.491626396875 0.676285178125 0.4779307109375 0.6724332671875 0.4779307109375 0.6724332671875 0.491626396875
0 0.66686939375 0.490358278125 0.6700079890625 0.490358278125 0.6700079890625 0.4784379578125 0.66686939375 0.4784379578125 0.66686939375 0.490358278125
0 0.6580242640625 0.4959380015625 0.6631601453125 0.4959380015625 0.6631601453125 0.4845249296875 0.6580242640625 0.4845249296875 0.6580242640625 0.4959380015625
0 0.65488566875 0.4987278640625 0.6598788875 0.4987278640625 0.6598788875 0.4880756625 0.65488566875 0.4880756625 0.65488566875 0.4987278640625
0 0.6497497859375 0.4987278640625 0.65488566875 0.4987278640625 0.65488566875 0.490358278125 0.6497497859375 0.490358278125 0.6497497859375 0.4987278640625
0 0.6419032984374999 0.507858321875 0.645897875 0.507858321875 0.645897875 0.4934017640625 0.6419032984374999 0.4934017640625 0.6419032984374999 0.507858321875
0 0.6478951625 0.5088728171875 0.6513190828125001 0.5088728171875 0.6513190828125001 0.4934017640625 0.6478951625 0.4934017640625 0.6478951625 0.5088728171875
0 0.697542025 0.46322052812500003 0.7011086109375 0.46322052812500003 0.7011086109375 0.45764080468749996 0.697542025 0.45764080468749996 0.697542025 0.46322052812500003
0 0.6597362234374999 0.42365521250000004 0.656312303125 0.42365521250000004 0.656312303125 0.4317711734375 0.657310946875 0.4317711734375 0.658452253125 0.4317711734375 0.6597362234374999 0.4317711734375 0.6597362234374999 0.42365521250000004
0 0.6627321562499999 0.4317711734375 0.658452253125 0.4317711734375 0.658452253125 0.4365900265625 0.6627321562499999 0.4365900265625 0.6627321562499999 0.4317711734375
0 0.6471818453125 0.45738718125 0.654457678125 0.45738718125 0.654457678125 0.45053933749999997 0.6471818453125 0.45053933749999997 0.6471818453125 0.45738718125
0 0.6189344921875 0.4837640578125 0.622786403125 0.4837640578125 0.622786403125 0.47235098593749997 0.6189344921875 0.47235098593749997 0.6189344921875 0.4837640578125
0 0.6991863328125001 0.39835286718749996 0.7012406859375 0.39835286718749996 0.7012406859375 0.3910485015625 0.6991863328125001 0.3910485015625 0.6991863328125001 0.39835286718749996
0 0.6924526203125 0.40849781875 0.6947352343750001 0.40849781875 0.6947352343750001 0.398555765625 0.6924526203125 0.398555765625 0.6924526203125 0.40849781875
0 0.699528725 0.40870071875 0.7023819921875 0.40870071875 0.7023819921875 0.4003818578125 0.699528725 0.4003818578125 0.699528725 0.40870071875
0 0.6776851749999999 0.4499843375 0.686473240625 0.4499843375 0.686473240625 0.4447089609375 0.6776851749999999 0.4447089609375 0.6776851749999999 0.4499843375
0 0.3349736046875 0.8926058953125 0.340825034375 0.8926058953125 0.340825034375 0.8599121999999999 0.3349736046875 0.8599121999999999 0.3349736046875 0.8926058953125
0 0.371196734375 0.8450514281249999 0.3745404078125 0.8450514281249999 0.3745404078125 0.8262277859375 0.371196734375 0.8262277859375 0.371196734375 0.8450514281249999
0 0.3820636734375 0.862884353125 0.38791510156250003 0.862884353125 0.38791510156250003 0.8381164015625 0.3820636734375 0.8381164015625 0.3820636734375 0.862884353125
0 0.2563972796875 0.899540921875 0.26113415 0.899540921875 0.26113415 0.8782404828124999 0.2563972796875 0.8782404828124999 0.2563972796875 0.899540921875
0 0.2563972796875 0.9248042328125001 0.2605768703125 0.9248042328125001 0.2605768703125 0.9054852312499999 0.2563972796875 0.9054852312499999 0.2563972796875 0.9248042328125001
0 0.24051482968750001 0.8836894328125 0.24636625781250002 0.8836894328125 0.24636625781250002 0.863875071875 0.24051482968750001 0.863875071875 0.24051482968750001 0.8836894328125
0 0.25110312968750004 0.83217209375 0.254446803125 0.83217209375 0.254446803125 0.8168159640624999 0.25110312968750004 0.8168159640624999 0.25110312968750004 0.83217209375
0 0.26085551093750003 0.8222649125 0.2658710203125 0.8222649125 0.2658710203125 0.79997375625 0.26085551093750003 0.79997375625 0.26085551093750003 0.8222649125
0 0.239400271875 0.791552653125 0.2488740140625 0.791552653125 0.2488740140625 0.763812546875 0.239400271875 0.763812546875 0.239400271875 0.791552653125
0 0.20735673437500002 0.7633171875 0.21710911562500002 0.7633171875 0.21710911562500002 0.75192393125 0.20735673437500002 0.75192393125 0.20735673437500002 0.7633171875
0 0.197604353125 0.7435028265625 0.2054062578125 0.7435028265625 0.2054062578125 0.732604928125 0.197604353125 0.732604928125 0.197604353125 0.7435028265625
0 0.1898024484375 0.7509332125 0.197604353125 0.7509332125 0.197604353125 0.733595646875 0.1898024484375 0.733595646875 0.1898024484375 0.7509332125
0 0.18645877500000002 0.7900665765625 0.19258884375000002 0.7900665765625 0.19258884375000002 0.7742150875 0.18645877500000002 0.7742150875 0.18645877500000002 0.7900665765625
0 0.170019046875 0.7672800609375 0.1789355109375 0.7672800609375 0.1789355109375 0.7524192890625 0.170019046875 0.7524192890625 0.170019046875 0.7672800609375
0 0.1527434015625 0.8227602718749999 0.1608239453125 0.8227602718749999 0.1608239453125 0.79303873125 0.1527434015625 0.79303873125 0.1527434015625 0.8227602718749999
0 0.3163047625 0.7182395171875 0.3193697953125 0.7182395171875 0.3193697953125 0.70090195 0.3163047625 0.70090195 0.3163047625 0.7182395171875
0 0.31017469375 0.70536018125 0.3163047625 0.70536018125 0.3163047625 0.6850504609375 0.31017469375 0.6850504609375 0.31017469375 0.70536018125
0 0.30543782343750003 0.70536018125 0.31017469375 0.70536018125 0.31017469375 0.6711804078125 0.30543782343750003 0.6711804078125 0.30543782343750003 0.70536018125
0 0.309338775 0.66969433125 0.31546884375 0.66969433125 0.31546884375 0.65532891875 0.309338775 0.65532891875 0.309338775 0.66969433125
0 0.3171406796875 0.6627593046875 0.321320271875 0.6627593046875 0.321320271875 0.6350191984375 0.3171406796875 0.6350191984375 0.3171406796875 0.6627593046875
0 0.341660953125 0.6127280421875 0.350298775 0.6127280421875 0.350298775 0.6048022984375 0.341660953125 0.6048022984375 0.341660953125 0.6127280421875
0 0.3628375515625 0.6132234015625 0.37008217656250003 0.6132234015625 0.37008217656250003 0.605793015625 0.3628375515625 0.605793015625 0.3628375515625 0.6132234015625
0 0.367574421875 0.642449584375 0.380949115625 0.642449584375 0.380949115625 0.6305609671875 0.367574421875 0.6305609671875 0.367574421875 0.642449584375
0 0.3427755109375 0.6721711265625 0.34723374218749997 0.6721711265625 0.34723374218749997 0.66077786875 0.3427755109375 0.66077786875 0.3427755109375 0.6721711265625
0 0.38373551093749997 0.6974344375 0.38847238125 0.6974344375 0.38847238125 0.678115434375 0.38373551093749997 0.678115434375 0.38373551093749997 0.6974344375
0 0.4007325171875 0.696939078125 0.40296163281249997 0.696939078125 0.40296163281249997 0.67514328125 0.4007325171875 0.67514328125 0.4007325171875 0.696939078125
0 0.40769850312499994 0.6761339984375 0.40296163281249997 0.6761339984375 0.40296163281249997 0.69644371875 0.40769850312499994 0.69644371875 0.40769850312499994 0.6761339984375
0 0.40853442187500005 0.678115434375 0.4127140140625 0.678115434375 0.4127140140625 0.6617685859375 0.40853442187500005 0.6617685859375 0.40853442187500005 0.678115434375
0 0.42135183749999994 0.679106153125 0.42664598593749997 0.679106153125 0.42664598593749997 0.668208253125 0.42135183749999994 0.668208253125 0.42135183749999994 0.679106153125
0 0.439742040625 0.7043694625 0.44447891093749997 0.7043694625 0.44447891093749997 0.69297620625 0.439742040625 0.69297620625 0.439742040625 0.7043694625
0 0.44197115625 0.66077786875 0.4489371421875 0.66077786875 0.4489371421875 0.64294494375 0.44197115625 0.64294494375 0.44197115625 0.66077786875
0 0.3990606796875 0.669198971875 0.40268299374999994 0.669198971875 0.40268299374999994 0.6543382015625 0.3990606796875 0.6543382015625 0.3990606796875 0.669198971875
0 0.284261225 0.7385492375 0.2903912921875 0.7385492375 0.2903912921875 0.720220953125 0.284261225 0.720220953125 0.284261225 0.7385492375
0 0.2516604078125 0.7117998484375 0.26029823125 0.7117998484375 0.26029823125 0.6919854875 0.2516604078125 0.6919854875 0.2516604078125 0.7117998484375
0 0.2307624484375 0.7122952078125 0.2360565984375 0.7122952078125 0.2360565984375 0.6984251546875 0.2307624484375 0.6984251546875 0.2307624484375 0.7122952078125
0 0.22825469375 0.7256699015625 0.2332702046875 0.7256699015625 0.2332702046875 0.7127905671875 0.22825469375 0.7127905671875 0.22825469375 0.7256699015625
0 0.2310410890625 0.7350817234375 0.23800707499999998 0.7350817234375 0.23800707499999998 0.720220953125 0.2310410890625 0.720220953125 0.2310410890625 0.7350817234375
0 0.239400271875 0.7301281328125 0.2488740140625 0.7301281328125 0.2488740140625 0.714772003125 0.239400271875 0.714772003125 0.239400271875 0.7301281328125
0 0.185901496875 0.7083323359375 0.19231020468749999 0.7083323359375 0.19231020468749999 0.6954530015625 0.185901496875 0.6954530015625 0.185901496875 0.7083323359375
0 0.1920315640625 0.704864821875 0.1987189109375 0.704864821875 0.1987189109375 0.6900040515625 0.1920315640625 0.6900040515625 0.1920315640625 0.704864821875
0 0.23215564687499998 0.686041178125 0.2391216328125 0.686041178125 0.2391216328125 0.6721711265625 0.23215564687499998 0.6721711265625 0.23215564687499998 0.686041178125
0 0.23828571406250001 0.68752725625 0.2488740140625 0.68752725625 0.2488740140625 0.6687036125 0.23828571406250001 0.6687036125 0.23828571406250001 0.68752725625
0 0.25500408124999996 0.6850504609375 0.26001959218750004 0.6850504609375 0.26001959218750004 0.67316184375 0.25500408124999996 0.67316184375 0.25500408124999996 0.6850504609375
0 0.2622487078125 0.6904994109375 0.26810013593750004 0.6904994109375 0.26810013593750004 0.679106153125 0.2622487078125 0.679106153125 0.2622487078125 0.6904994109375
0 0.267821496875 0.683564384375 0.275066121875 0.683564384375 0.275066121875 0.6701896890625 0.267821496875 0.6701896890625 0.267821496875 0.683564384375
0 0.27868843593750003 0.68752725625 0.2881621765625 0.68752725625 0.2881621765625 0.6756386390625 0.27868843593750003 0.6756386390625 0.27868843593750003 0.68752725625
0 0.18924517031250002 0.614709478125 0.19258884375000002 0.614709478125 0.19258884375000002 0.5998487078125 0.18924517031250002 0.5998487078125 0.18924517031250002 0.614709478125
0 0.152186121875 0.6082698109375 0.158316190625 0.6082698109375 0.158316190625 0.586969371875 0.152186121875 0.586969371875 0.152186121875 0.6082698109375
0 0.2694933328125 0.61966306875 0.2733942859375 0.61966306875 0.2733942859375 0.6087651703125 0.2694933328125 0.6087651703125 0.2694933328125 0.61966306875
0 0.2756234015625 0.6300656078125 0.280360271875 0.6300656078125 0.280360271875 0.6097558875 0.2756234015625 0.6097558875 0.2756234015625 0.6300656078125
0 0.259740953125 0.63402848125 0.2650351015625 0.63402848125 0.2650351015625 0.6132234015625 0.259740953125 0.6132234015625 0.259740953125 0.63402848125
0 0.261691428125 0.6087651703125 0.2694933328125 0.6087651703125 0.2694933328125 0.5939043984375 0.261691428125 0.5939043984375 0.261691428125 0.6087651703125
0 0.253610884375 0.6077744515625 0.2594623125 0.6077744515625 0.2594623125 0.597867271875 0.253610884375 0.597867271875 0.253610884375 0.6077744515625
0 0.24051482968750001 0.6117373234375 0.24664489843749998 0.6117373234375 0.24664489843749998 0.601334784375 0.24051482968750001 0.601334784375 0.24051482968750001 0.6117373234375
0 0.2324342859375 0.615700196875 0.2413507484375 0.615700196875 0.2413507484375 0.601334784375 0.2324342859375 0.601334784375 0.2324342859375 0.615700196875
0 0.279524353125 0.5904368859375 0.279524353125 0.60183014375 0.2828680265625 0.60183014375 0.2889980953125 0.60183014375 0.2889980953125 0.5904368859375 0.279524353125 0.5904368859375
0 0.285654421875 0.6181769921875 0.290112653125 0.6181769921875 0.290112653125 0.61074660625 0.285654421875 0.61074660625 0.285654421875 0.6181769921875
0 0.2889980953125 0.6127280421875 0.2968 0.6127280421875 0.2968 0.60183014375 0.2889980953125 0.60183014375 0.2889980953125 0.6127280421875
0 0.303487346875 0.61421411875 0.3098960546875 0.61421411875 0.3098960546875 0.59836263125 0.303487346875 0.59836263125 0.303487346875 0.61421411875
0 0.3098960546875 0.609260528125 0.3157474828125 0.609260528125 0.3157474828125 0.5919229625 0.3098960546875 0.5919229625 0.3098960546875 0.609260528125
0 0.3040446265625 0.5919229625 0.3157474828125 0.5919229625 0.3157474828125 0.5825111421875 0.3040446265625 0.5825111421875 0.3040446265625 0.5919229625
0 0.3372027203125 0.62857953125 0.340825034375 0.62857953125 0.340825034375 0.6176816328125 0.3372027203125 0.6176816328125 0.3372027203125 0.62857953125
0 0.330236734375 0.63204704375 0.3358095234375 0.63204704375 0.3358095234375 0.621149146875 0.330236734375 0.621149146875 0.330236734375 0.63204704375
0 0.326614421875 0.621149146875 0.3358095234375 0.621149146875 0.3358095234375 0.6087651703125 0.326614421875 0.6087651703125 0.326614421875 0.621149146875
0 0.324942584375 0.602325503125 0.3366454421875 0.602325503125 0.3366454421875 0.5899415265625 0.324942584375 0.5899415265625 0.324942584375 0.602325503125
0 0.057863009374999996 0.965121271875 0.06428286250000001 0.965121271875 0.06428286250000001 0.947684634375 0.057863009374999996 0.947684634375 0.057863009374999996 0.965121271875
0 0.06321288750000001 0.9600487953125001 0.07355598437500001 0.9600487953125001 0.07355598437500001 0.9397588890625 0.06321288750000001 0.9397588890625 0.06321288750000001 0.9600487953125001
0 0.050016521875 0.8912533328125001 0.0569713625 0.8912533328125001 0.0569713625 0.8728656062500001 0.050016521875 0.8728656062500001 0.050016521875 0.8912533328125001
0 0.057863009374999996 0.8887170953125001 0.063747875 0.8887170953125001 0.063747875 0.870963428125 0.057863009374999996 0.870963428125 0.057863009374999996 0.8887170953125001
0 0.074625959375 0.8874489765625 0.0828291046875 0.8874489765625 0.0828291046875 0.8671590703125001 0.074625959375 0.8671590703125001 0.074625959375 0.8874489765625
0 0.1095784921875 0.8246770796874999 0.116176675 0.8246770796874999 0.116176675 0.8097766796875 0.1095784921875 0.8097766796875 0.1095784921875 0.8246770796874999
0 0.1151067 0.8215067812499999 0.12241819843749999 0.8215067812499999 0.12241819843749999 0.8043871734374999 0.1151067 0.8043871734374999 0.1151067 0.8215067812499999
0 0.0872873359375 0.7596859734375 0.0942421765625 0.7596859734375 0.0942421765625 0.746687753125 0.0872873359375 0.746687753125 0.0872873359375 0.7596859734375
0 0.049838193749999996 0.75017508125 0.056793034374999996 0.75017508125 0.056793034374999996 0.7206913109374999 0.049838193749999996 0.7206913109374999 0.049838193749999996 0.75017508125
0 0.070702715625 0.735908740625 0.0812241421875 0.735908740625 0.0812241421875 0.719740221875 0.070702715625 0.719740221875 0.070702715625 0.735908740625
0 0.0318715203125 0.7500760093750001 0.0374443109375 0.7500760093750001 0.0374443109375 0.7208498265625 0.0318715203125 0.7208498265625 0.0318715203125 0.7500760093750001
0 0.1438845828125 0.7530481625000001 0.1502932890625 0.7530481625000001 0.1502932890625 0.726794134375 0.1438845828125 0.726794134375 0.1438845828125 0.7530481625000001
0 0.1280021328125 0.7352152375000001 0.1408195484375 0.7352152375000001 0.1408195484375 0.723326621875 0.1280021328125 0.723326621875 0.1280021328125 0.7352152375000001
0 0.131624446875 0.708961209375 0.14917873125 0.708961209375 0.14917873125 0.6931097203125 0.131624446875 0.6931097203125 0.131624446875 0.708961209375
0 0.3312989171875 0.579540109375 0.3388779109375 0.579540109375 0.3388779109375 0.569632928125 0.3312989171875 0.569632928125 0.3312989171875 0.579540109375
0 0.3350884140625 0.5926175875 0.34578816875 0.5926175875 0.34578816875 0.5827104078125 0.3350884140625 0.5827104078125 0.3350884140625 0.5926175875
0 0.3654043859375 0.589843578125 0.37654996406249996 0.589843578125 0.37654996406249996 0.579143821875 0.3654043859375 0.579143821875 0.3654043859375 0.589843578125
0 0.3716459109375 0.5577443125 0.377664521875 0.5577443125 0.377664521875 0.5450631203125 0.3716459109375 0.5450631203125 0.3716459109375 0.5577443125
0 0.37944781562499996 0.5553665890625 0.3888101 0.5553665890625 0.3888101 0.542685396875 0.37944781562499996 0.542685396875 0.37944781562499996 0.5553665890625
0 0.40575137968749997 0.56606634375 0.4095408765625 0.56606634375 0.4095408765625 0.5514037171874999 0.40575137968749997 0.5514037171874999 0.40575137968749997 0.56606634375
0 0.411992903125 0.5728032265625 0.41734278125 0.5728032265625 0.41734278125 0.5553665890625 0.411992903125 0.5553665890625 0.411992903125 0.5728032265625
0 0.407757584375 0.587465853125 0.4146678421875 0.587465853125 0.4146678421875 0.5767660984375 0.407757584375 0.5767660984375 0.407757584375 0.587465853125
0 0.39728074062499996 0.5771623859375 0.40530555625 0.5771623859375 0.40530555625 0.56606634375 0.39728074062499996 0.56606634375 0.39728074062499996 0.5771623859375
0 0.39349124375 0.60371363125 0.40463682187499994 0.60371363125 0.40463682187499994 0.5942027375000001 0.39349124375 0.5942027375000001 0.39349124375 0.60371363125
0 0.426927978125 0.5961841734375 0.43539861718750006 0.5961841734375 0.43539861718750006 0.5819178328125 0.426927978125 0.5819178328125 0.426927978125 0.5961841734375
0 0.42291557031250004 0.5819178328125 0.43227785625 0.5819178328125 0.43227785625 0.56567005625 0.42291557031250004 0.56567005625 0.42291557031250004 0.5819178328125
0 0.43985684843749995 0.5636886203125 0.450779515625 0.5636886203125 0.450779515625 0.5537814390625 0.43985684843749995 0.5537814390625 0.43985684843749995 0.5636886203125
0 0.45479192343749997 0.570425503125 0.46593750156249997 0.570425503125 0.46593750156249997 0.560518321875 0.45479192343749997 0.560518321875 0.45479192343749997 0.570425503125
0 0.47752890312499996 0.5914287265625 0.4824329578125 0.5914287265625 0.4824329578125 0.5763698125000001 0.47752890312499996 0.5763698125000001 0.47752890312499996 0.5914287265625
0 0.49090359687499996 0.5866732796874999 0.501380440625 0.5866732796874999 0.501380440625 0.5763698125000001 0.49090359687499996 0.5763698125000001 0.49090359687499996 0.5866732796874999
0 0.46727497187499994 0.5450631203125 0.477751815625 0.5450631203125 0.477751815625 0.5379299515625 0.46727497187499994 0.5379299515625 0.46727497187499994 0.5450631203125
0 0.45479192343749997 0.5541777265625 0.464154209375 0.5541777265625 0.464154209375 0.5414965359374999 0.45479192343749997 0.5414965359374999 0.45479192343749997 0.5541777265625
0 0.4327236796875 0.54823341875 0.443200521875 0.54823341875 0.443200521875 0.5391188125 0.4327236796875 0.5391188125 0.4327236796875 0.54823341875
0 0.40263061718750004 0.5323819296875001 0.4222468359375 0.5323819296875001 0.4222468359375 0.5228710359375001 0.40263061718750004 0.5228710359375001 0.40263061718750004 0.5323819296875001
0 0.3616148890625 0.5236636109374999 0.3825685765625 0.5236636109374999 0.3825685765625 0.51177499375 0.3616148890625 0.51177499375 0.3616148890625 0.5236636109374999
0 0.337763353125 0.5395151 0.3460110796875 0.5395151 0.3460110796875 0.52881534375 0.337763353125 0.52881534375 0.337763353125 0.5395151
0 0.34868601875 0.5216821734375 0.3529213390625 0.5216821734375 0.3529213390625 0.5082084078125 0.34868601875 0.5082084078125 0.34868601875 0.5216821734375
0 0.3551504546875 0.5430816843749999 0.36250653593750004 0.5430816843749999 0.36250653593750004 0.5311930671875 0.3551504546875 0.5311930671875 0.3551504546875 0.5430816843749999
0 0.392822509375 0.5137564296875 0.40218479531250007 0.5137564296875 0.40218479531250007 0.5002826640625 0.392822509375 0.5002826640625 0.392822509375 0.5137564296875
0 0.419348984375 0.5042455359375 0.4249217734375 0.5042455359375 0.4249217734375 0.49473464375000004 0.419348984375 0.49473464375000004 0.419348984375 0.5042455359375
0 0.43673608750000004 0.5327782171875 0.44988786875000003 0.5327782171875 0.44988786875000003 0.5177193015625 0.43673608750000004 0.5177193015625 0.43673608750000004 0.5327782171875
0 0.495584740625 0.5276264828125 0.502049175 0.5276264828125 0.502049175 0.51137870625 0.495584740625 0.51137870625 0.495584740625 0.5276264828125
0 0.499820059375 0.49790494062499996 0.508959434375 0.49790494062499996 0.508959434375 0.484431175 0.499820059375 0.484431175 0.499820059375 0.49790494062499996
0 0.5180988078125 0.48562003750000005 0.5232257734375 0.48562003750000005 0.5232257734375 0.47769429218750004 0.5180988078125 0.47769429218750004 0.5180988078125 0.48562003750000005
0 0.5308047671875 0.48799776093749997 0.5363775562499999 0.48799776093749997 0.5363775562499999 0.479675728125 0.5308047671875 0.479675728125 0.5308047671875 0.48799776093749997
0 0.53927540625 0.48997919687499997 0.5468544 0.48997919687499997 0.5468544 0.480468303125 0.53927540625 0.480468303125 0.53927540625 0.48997919687499997
0 0.5310276796875 0.480468303125 0.53927540625 0.480468303125 0.53927540625 0.4642205265625 0.5310276796875 0.4642205265625 0.5310276796875 0.480468303125
0 0.5379379375 0.5228710359375001 0.54395655 0.5228710359375001 0.54395655 0.51137870625 0.5379379375 0.51137870625 0.5379379375 0.5228710359375001
0 0.550420984375 0.5018678125 0.5546563046874999 0.5018678125 0.5546563046874999 0.488394046875 0.550420984375 0.488394046875 0.550420984375 0.5018678125
0 0.52434033125 0.5018678125 0.5319193249999999 0.5018678125 0.5319193249999999 0.49354578125000004 0.52434033125 0.49354578125000004 0.52434033125 0.5018678125
0 0.507399053125 0.5197007375 0.5158696921875 0.5197007375 0.5158696921875 0.5105861328125 0.507399053125 0.5105861328125 0.507399053125 0.5197007375
0 0.486445365625 0.5244561859375 0.49045777343749997 0.5244561859375 0.49045777343749997 0.5129638562500001 0.486445365625 0.5129638562500001 0.486445365625 0.5244561859375
0 0.498482590625 0.5664626312500001 0.5047241140625001 0.5664626312500001 0.5047241140625001 0.5498185671875 0.498482590625 0.5498185671875 0.498482590625 0.5664626312500001
0 0.5559937734375 0.5200970265625 0.5606749171875001 0.5200970265625 0.5606749171875001 0.5046418234375001 0.5559937734375 0.5046418234375001 0.5559937734375 0.5200970265625
0 0.5432878156250001 0.5018678125 0.550420984375 0.5018678125 0.550420984375 0.49354578125000004 0.5432878156250001 0.49354578125000004 0.5432878156250001 0.5018678125
0 0.5635727671875 0.47769429218750004 0.56914555625 0.47769429218750004 0.56914555625 0.4646168140625 0.5635727671875 0.4646168140625 0.5635727671875 0.47769429218750004
0 0.5655789718750001 0.5220784625 0.5709288484374999 0.5220784625 0.5709288484374999 0.506226971875 0.5655789718750001 0.506226971875 0.5655789718750001 0.5220784625
0 0.5887617734374999 0.4868088984375 0.59611785625 0.4868088984375 0.59611785625 0.4737314203125 0.5887617734374999 0.4737314203125 0.5887617734374999 0.4868088984375
0 0.6054801421875 0.49433835625 0.61395078125 0.49433835625 0.61395078125 0.48641261093750005 0.6054801421875 0.48641261093750005 0.6054801421875 0.49433835625
0 0.6253192703125 0.4467838890625 0.6322295296875 0.4467838890625 0.6322295296875 0.44083958125 0.6253192703125 0.44083958125 0.6253192703125 0.4467838890625
0 0.6081550796874999 0.46937226093750006 0.6155111625 0.46937226093750006 0.6155111625 0.46065394218750005 0.6081550796874999 0.46065394218750005 0.6081550796874999 0.46937226093750006
0 0.41166811406250003 0.5492922484375 0.418801284375 0.5492922484375 0.418801284375 0.5405739296875 0.41166811406250003 0.5405739296875 0.41166811406250003 0.5492922484375
0 0.4323988890625 0.5683140359375 0.43819459062500005 0.5683140359375 0.43819459062500005 0.55761428125 0.4323988890625 0.55761428125 0.4323988890625 0.5683140359375
0 0.3887082234375 0.5901098328125001 0.399407978125 0.5901098328125001 0.399407978125 0.5809952265625 0.3887082234375 0.5809952265625 0.3887082234375 0.5901098328125001
0 0.4192471078125 0.6000170140625001 0.42704901250000005 0.6000170140625001 0.42704901250000005 0.5893172578125 0.4192471078125 0.5893172578125 0.4192471078125 0.6000170140625001
0 0.135023890625 0.6229494671875 0.1383675640625 0.6229494671875 0.1383675640625 0.605909115625 0.135023890625 0.605909115625 0.135023890625 0.6229494671875
0 0.142602884375 0.6281011999999999 0.1475069390625 0.6281011999999999 0.1475069390625 0.6082868390625 0.142602884375 0.6082868390625 0.142602884375 0.6281011999999999
0 0.1423799734375 0.5991722328125 0.1466152921875 0.5991722328125 0.1466152921875 0.5904539140625 0.1423799734375 0.5904539140625 0.1423799734375 0.5991722328125
0 0.117190965625 0.569054403125 0.12098046250000001 0.569054403125 0.12098046250000001 0.5587509359375 0.117190965625 0.5587509359375 0.117190965625 0.569054403125
0 0.09066448906249999 0.5888687640625 0.0937852515625 0.5888687640625 0.0937852515625 0.5773764359375 0.09066448906249999 0.5773764359375 0.09066448906249999 0.5888687640625
0 0.2134887625 0.559939796875 0.2235197828125 0.559939796875 0.2235197828125 0.5452771703125 0.2134887625 0.5452771703125 0.2134887625 0.559939796875
0 0.2411297953125 0.5571657875 0.2471484078125 0.5571657875 0.2471484078125 0.5417105859375 0.2411297953125 0.5417105859375 0.2411297953125 0.5571657875
0 0.2620834828125 0.559939796875 0.26943956406249997 0.559939796875 0.26943956406249997 0.5484474671874999 0.2620834828125 0.5484474671874999 0.2620834828125 0.559939796875
0 0.2718915921875 0.5440883078125001 0.275235265625 0.5440883078125001 0.275235265625 0.5314071171875 0.2718915921875 0.5314071171875 0.2718915921875 0.5440883078125001
0 0.28994742812499996 0.5413142984375 0.2973035109375 0.5413142984375 0.2973035109375 0.524670234375 0.28994742812499996 0.524670234375 0.28994742812499996 0.5413142984375
0 0.2814767890625 0.5131779046875 0.28526628593750003 0.5131779046875 0.28526628593750003 0.5012892875 0.2814767890625 0.5012892875 0.2814767890625 0.5131779046875
0 0.2977493328125 0.50961131875 0.3028763 0.50961131875 0.3028763 0.497722703125 0.2977493328125 0.497722703125 0.2977493328125 0.50961131875
0 0.320709225 0.5020818625000001 0.323607075 0.5020818625000001 0.323607075 0.4897969578125 0.320709225 0.4897969578125 0.320709225 0.5020818625000001
0 0.21794699374999998 0.5226887984374999 0.2219594015625 0.5226887984374999 0.2219594015625 0.515555628125 0.21794699374999998 0.515555628125 0.21794699374999998 0.5226887984374999
0 0.20992217656249998 0.525066521875 0.21393458437500001 0.525066521875 0.21393458437500001 0.5127816171874999 0.20992217656249998 0.5127816171874999 0.20992217656249998 0.525066521875
0 0.1686835375 0.5413142984375 0.17626253125 0.5413142984375 0.17626253125 0.5310108296875 0.1686835375 0.5310108296875 0.1686835375 0.5413142984375
0 0.17849164687500002 0.5278405328125 0.18607063906250002 0.5278405328125 0.18607063906250002 0.5171407765625 0.17849164687500002 0.5171407765625 0.17849164687500002 0.5278405328125
0 0.152856815625 0.525066521875 0.1631107484375 0.525066521875 0.1631107484375 0.51238533125 0.152856815625 0.51238533125 0.152856815625 0.525066521875
0 0.1405966796875 0.534181128125 0.14327161875 0.534181128125 0.14327161875 0.52744424375 0.1405966796875 0.52744424375 0.1405966796875 0.534181128125
0 0.160435809375 0.5539954890625001 0.16377948281250002 0.5539954890625001 0.16377948281250002 0.5456734578125 0.160435809375 0.5456734578125 0.160435809375 0.5539954890625001
0 0.16266492500000002 0.5912464875000001 0.167791890625 0.5912464875000001 0.167791890625 0.5757912859375 0.16266492500000002 0.5757912859375 0.16266492500000002 0.5912464875000001
0 0.1100577953125 0.5773764359375 0.11607640781249999 0.5773764359375 0.11607640781249999 0.5670729671875 0.1100577953125 0.5670729671875 0.1100577953125 0.5773764359375
0 0.0946768984375 0.6205717421875 0.10247880312499999 0.6205717421875 0.10247880312499999 0.60075738125 0.0946768984375 0.60075738125 0.0946768984375 0.6205717421875
0 0.08375423125 0.54646603125 0.087543728125 0.54646603125 0.087543728125 0.5365588515625 0.08375423125 0.5365588515625 0.08375423125 0.54646603125
0 0.1662315109375 0.51198904375 0.1704668296875 0.51198904375 0.1704668296875 0.5004967140625001 0.1662315109375 0.5004967140625001 0.1662315109375 0.51198904375
0 0.296634775 0.49415611718749997 0.2995326265625 0.49415611718749997 0.2995326265625 0.48226750156250003 0.296634775 0.48226750156250003 0.296634775 0.49415611718749997
0 0.291507809375 0.5004967140625001 0.2957431296875 0.5004967140625001 0.2957431296875 0.48504151249999994 0.291507809375 0.48504151249999994 0.291507809375 0.5004967140625001
0 0.269216653125 0.5012892875 0.2732290609375 0.5012892875 0.2732290609375 0.4901932453125 0.269216653125 0.4901932453125 0.269216653125 0.5012892875
0 0.258739809375 0.4997041390625 0.26342095312499997 0.4997041390625 0.26342095312499997 0.488608096875 0.258739809375 0.488608096875 0.258739809375 0.4997041390625
0 0.2373403 0.53021825625 0.24291308906250003 0.53021825625 0.24291308906250003 0.5211036484375 0.2373403 0.5211036484375 0.2373403 0.53021825625
0 0.22285104687500001 0.5500326171875 0.22730927968749998 0.5500326171875 0.22730927968749998 0.5385402874999999 0.22285104687500001 0.5385402874999999 0.22285104687500001 0.5500326171875
0 0.2045723 0.5397291484375 0.211036734375 0.5397291484375 0.211036734375 0.5278405328125 0.2045723 0.5278405328125 0.2045723 0.5397291484375
0 0.2500462578125 0.54765489375 0.2562877828125 0.54765489375 0.2562877828125 0.533784840625 0.2500462578125 0.533784840625 0.2500462578125 0.54765489375
0 0.0086965984375 0.6990337109375 0.0201904765625 0.6990337109375 0.0201904765625 0.68231534375 0.0086965984375 0.68231534375 0.0086965984375 0.6990337109375
0 0.042481632812499996 0.65011700625 0.0344707484375 0.65011700625 0.0344707484375 0.66993136875 0.042481632812499996 0.66993136875 0.042481632812499996 0.65011700625
0 0.0421333328125 0.6575473921875 0.051189115625 0.6575473921875 0.051189115625 0.6333986390625 0.0421333328125 0.6333986390625 0.0421333328125 0.6575473921875
0 0.0713904765625 0.681076946875 0.0773115640625 0.681076946875 0.0773115640625 0.66373938125 0.0713904765625 0.66373938125 0.0713904765625 0.681076946875
0 0.0713904765625 0.651974603125 0.0794013609375 0.651974603125 0.0794013609375 0.6284450484375 0.0713904765625 0.6284450484375 0.0713904765625 0.651974603125
0 0.08462585 0.6241106578125 0.0922884359375 0.6241106578125 0.0922884359375 0.6018195015625001 0.08462585 0.6018195015625001 0.08462585 0.6241106578125
0 0.1076136046875 0.6594049890625 0.1170176875 0.6594049890625 0.1170176875 0.6494978078125 0.1076136046875 0.6494978078125 0.1076136046875 0.6594049890625
0 0.060941496875 0.5702403625 0.0679074828125 0.5702403625 0.0679074828125 0.56095238125 0.060941496875 0.56095238125 0.060941496875 0.5702403625
0 0.048054421874999996 0.5844819359375 0.054323809375 0.5844819359375 0.054323809375 0.5690019640624999 0.048054421874999996 0.5690019640624999 0.048054421874999996 0.5844819359375
0 0.0459646265625 0.54856840625 0.0532789109375 0.54856840625 0.0532789109375 0.5343268328125 0.0459646265625 0.5343268328125 0.0459646265625 0.54856840625
0 0.030639456250000002 0.549806803125 0.0358639453125 0.549806803125 0.0358639453125 0.5380420265625 0.030639456250000002 0.5380420265625 0.030639456250000002 0.549806803125
0 0.0268081625 0.6470210125 0.0327292515625 0.6470210125 0.0327292515625 0.6333986390625 0.0268081625 0.6333986390625 0.0268081625 0.6470210125
0 0.460293878125 0.4671873015625 0.46335891093750003 0.4671873015625 0.46335891093750003 0.456289403125 0.460293878125 0.456289403125 0.460293878125 0.4671873015625
0 0.50984185 0.5587803484375 0.5138542578124999 0.5587803484375 0.5138542578124999 0.5457028687500001 0.50984185 0.5457028687500001 0.50984185 0.5587803484375
0 0.4828695515625 0.5567989109375 0.4879965171875 0.5567989109375 0.4879965171875 0.5476843062500001 0.4828695515625 0.5476843062500001 0.4828695515625 0.5567989109375
0 0.4879965171875 0.5556100500000001 0.49200892500000004 0.5556100500000001 0.49200892500000004 0.5476843062500001 0.4879965171875 0.5476843062500001 0.4879965171875 0.5556100500000001
0 0.6005668578125001 0.531436528125 0.6054709109374999 0.531436528125 0.6054709109374999 0.5195479125 0.6005668578125001 0.5195479125 0.6005668578125001 0.531436528125
0 0.5780527890625 0.5088481578125 0.5854088703125 0.5088481578125 0.5854088703125 0.5005261265625001 0.5780527890625 0.5005261265625001 0.5780527890625 0.5088481578125
0 0.5735945578125 0.4949781046875 0.5811735515625001 0.4949781046875 0.5811735515625001 0.4858634984375 0.5735945578125 0.4858634984375 0.5735945578125 0.4949781046875
0 0.3948194828125 0.47437116875 0.40239847656250005 0.47437116875 0.40239847656250005 0.4652565625 0.3948194828125 0.4652565625 0.3948194828125 0.47437116875
0 0.4117607625 0.46644542343750006 0.416664815625 0.46644542343750006 0.416664815625 0.45693453125000005 0.4117607625 0.45693453125000005 0.4117607625 0.46644542343750006
0 0.376763646875 0.4458384875 0.3821135234375 0.4458384875 0.3821135234375 0.433157296875 0.376763646875 0.433157296875 0.376763646875 0.4458384875
0 0.17820408125 0.91861224375 0.1681904765625 0.91861224375 0.1681904765625 0.9356402125000001 0.17820408125 0.9356402125000001 0.17820408125 0.91861224375
0 0.1681904765625 0.9279002265624999 0.1729795921875 0.9279002265624999 0.1729795921875 0.91861224375 0.1681904765625 0.91861224375 0.1681904765625 0.9279002265624999
0 0.22304761874999998 0.66009675 0.21477551093749997 0.66009675 0.21477551093749997 0.674802721875 0.22304761874999998 0.674802721875 0.22304761874999998 0.66009675
0 0.040636734375 0.5343268328125 0.0459646265625 0.5343268328125 0.0459646265625 0.517119878125 0.040636734375 0.517119878125 0.040636734375 0.5343268328125
0 0.022525170312500002 0.520835071875 0.0263564625 0.520835071875 0.0263564625 0.50349750625 0.022525170312500002 0.50349750625 0.022525170312500002 0.520835071875
0 0.0138176875 0.5264078609375 0.018345578125 0.5264078609375 0.018345578125 0.5121662890625001 0.0138176875 0.5121662890625001 0.0138176875 0.5264078609375
0 0.0381986390625 0.568513378125 0.0444680265625 0.568513378125 0.0444680265625 0.5524142109375 0.0381986390625 0.5524142109375 0.0381986390625 0.568513378125
0 0.27140593125 0.4736768921875 0.27519542812500003 0.4736768921875 0.27519542812500003 0.46218456249999995 0.27140593125 0.46218456249999995 0.27140593125 0.4736768921875
0 0.26404985000000003 0.46971401874999996 0.2680622578125 0.46971401874999996 0.2680622578125 0.45663654062500003 0.26404985000000003 0.45663654062500003 0.26404985000000003 0.46971401874999996
0 0.346972953125 0.48794323281249996 0.3500937140625 0.48794323281249996 0.3500937140625 0.47605461406250005 0.346972953125 0.47605461406250005 0.346972953125 0.48794323281249996
0 0.3264650890625 0.48913209375 0.3307004078125 0.48913209375 0.3307004078125 0.474073178125 0.3264650890625 0.474073178125 0.3264650890625 0.48913209375
