0 0.310396734375 0.768674225 0.3168054421875 0.768674225 0.3168054421875 0.7434109140625 0.310396734375 0.7434109140625 0.310396734375 0.768674225
0 0.24268734687500002 0.8083029484375001 0.25327564687500004 0.8083029484375001 0.25327564687500004 0.7939375359375 0.24268734687500002 0.7939375359375 0.24268734687500002 0.8083029484375001
0 0.20674285781249999 0.8786439312500001 0.2164952375 0.8786439312500001 0.2164952375 0.863783159375 0.20674285781249999 0.863783159375 0.20674285781249999 0.8786439312500001
0 0.19587591875000002 0.9083654718749999 0.2059069390625 0.9083654718749999 0.2059069390625 0.89449541875 0.19587591875000002 0.89449541875 0.19587591875000002 0.9083654718749999
0 0.3064957828125 0.9742482234375001 0.312068571875 0.9742482234375001 0.312068571875 0.9569106578125 0.3064957828125 0.9569106578125 0.3064957828125 0.9742482234375001
0 0.32460734687500004 0.9623596078125001 0.33435972812500003 0.9623596078125001 0.33435972812500003 0.9336287828125001 0.32460734687500004 0.9336287828125001 0.32460734687500004 0.9623596078125001
0 0.29702204062500004 0.9499756312500001 0.312068571875 0.9499756312500001 0.312068571875 0.9375916562500001 0.29702204062500004 0.9375916562500001 0.29702204062500004 0.9499756312500001
0 0.52801415 0.8087983062499999 0.5335869390625 0.8087983062499999 0.5335869390625 0.7860117921875001 0.52801415 0.7860117921875001 0.52801415 0.8087983062499999
0 0.4890046265625 0.768674225 0.496527890625 0.768674225 0.496527890625 0.7483645046875 0.4890046265625 0.7483645046875 0.4890046265625 0.768674225
0 0.3804745578125 1 0.3804745578125 0.9810594109374999 0.37350857187500003 0.9810594109374999 0.37350857187500003 1 0.3804745578125 1
0 0.088512653125 0.9788922140625 0.094607890625 0.9788922140625 0.094607890625 0.965734240625 0.088512653125 0.965734240625 0.088512653125 0.9788922140625
0 0.46542974687500005 0.75395060625 0.4679375015625 0.75395060625 0.4679375015625 0.7380991171875 0.46542974687500005 0.7380991171875 0.46542974687500005 0.75395060625
0 0.459299678125 0.7371083984375 0.4626433515625 0.7371083984375 0.4626433515625 0.7262105 0.459299678125 0.7262105 0.459299678125 0.7371083984375
0 0.6175668890625 0.898100084375 0.6242542359375001 0.898100084375 0.6242542359375001 0.8807625187499999 0.6175668890625 0.8807625187499999 0.6175668890625 0.898100084375
0 0.733480903125 0.862434234375 0.74016825 0.862434234375 0.74016825 0.8421245140625 0.733480903125 0.8421245140625 0.733480903125 0.862434234375
0 0.7354313796875 0.8421245140625 0.74016825 0.8421245140625 0.74016825 0.8237962296875001 0.7354313796875 0.8237962296875001 0.7354313796875 0.8421245140625
0 0.7652458 0.82181479375 0.7724904265625 0.82181479375 0.7724904265625 0.8079447406250001 0.7652458 0.8079447406250001 0.7652458 0.82181479375
0 0.8669492015625 0.8381616421875 0.8744724671874999 0.8381616421875 0.8744724671874999 0.8233008703125 0.8669492015625 0.8233008703125 0.8669492015625 0.8381616421875
0 0.836020221875 0.73413624375 0.8401998140625 0.73413624375 0.8401998140625 0.7247244234375 0.836020221875 0.7247244234375 0.836020221875 0.73413624375
0 0.829611515625 0.73413624375 0.836020221875 0.73413624375 0.836020221875 0.722247628125 0.829611515625 0.722247628125 0.829611515625 0.73413624375
0 0.9207266171875 0.6776653140625 0.9254634875000001 0.6776653140625 0.9254634875000001 0.6667674171875 0.9207266171875 0.6667674171875 0.9207266171875 0.6776653140625
0 0.7418400859375 0.618717590625 0.7488060734374999 0.618717590625 0.7488060734374999 0.608810409375 0.7418400859375 0.608810409375 0.7418400859375 0.618717590625
0 0.7259576375 0.6330830015625 0.7309731484374999 0.6330830015625 0.7309731484374999 0.618717590625 0.7259576375 0.618717590625 0.7259576375 0.6330830015625
0 0.64320171875 0.7068914984375 0.649889065625 0.7068914984375 0.649889065625 0.68608641875 0.64320171875 0.68608641875 0.64320171875 0.7068914984375
0 0.6646569578125 0.6618138265625 0.6691151890625 0.6618138265625 0.6691151890625 0.65042056875 0.6646569578125 0.65042056875 0.6646569578125 0.6618138265625
0 0.5431701546875 0.71828475625 0.550972059375 0.71828475625 0.550972059375 0.704414703125 0.5431701546875 0.704414703125 0.5431701546875 0.71828475625
0 0.42517006874999996 0.7075283437500001 0.4319727890625 0.7075283437500001 0.4319727890625 0.680922146875 0.42517006874999996 0.680922146875 0.42517006874999996 0.7075283437500001
0 0.3359407890625 0.6467028984375001 0.3410677546875 0.6467028984375001 0.3410677546875 0.6332291328124999 0.3359407890625 0.6332291328124999 0.3359407890625 0.6467028984375001
0 0.3270243265625 0.667706121875 0.33170546875 0.667706121875 0.33170546875 0.6518546328125 0.3270243265625 0.6518546328125 0.3270243265625 0.667706121875
0 0.49666002656249997 0.5404979234375 0.50178699375 0.5404979234375 0.50178699375 0.5194947 0.49666002656249997 0.5194947 0.49666002656249997 0.5404979234375
0 0.190183053125 0.6985190796875 0.19553293124999999 0.6985190796875 0.19553293124999999 0.6775951140625 0.190183053125 0.6775951140625 0.190183053125 0.6985190796875
0 0.184654846875 0.68869115625 0.190183053125 0.68869115625 0.190183053125 0.6709374890625 0.184654846875 0.6709374890625 0.184654846875 0.68869115625
0 0.181266590625 0.6956658124999999 0.1860814796875 0.6956658124999999 0.1860814796875 0.68203353125 0.181266590625 0.68203353125 0.181266590625 0.6956658124999999
0 0.1721717984375 0.6775951140625 0.176808359375 0.6775951140625 0.176808359375 0.6671331312500001 0.1721717984375 0.6671331312500001 0.1721717984375 0.6775951140625
0 0.1662869328125 0.682667590625 0.1705668359375 0.682667590625 0.1705668359375 0.663645803125 0.1662869328125 0.663645803125 0.1662869328125 0.682667590625
0 0.1686052140625 0.6775951140625 0.173420103125 0.6775951140625 0.173420103125 0.6576222375 0.1686052140625 0.6576222375 0.1686052140625 0.6775951140625
0 0.1705668359375 0.65223273125 0.176273371875 0.65223273125 0.176273371875 0.635430153125 0.1705668359375 0.635430153125 0.1705668359375 0.65223273125
0 0.1579054578125 0.630040646875 0.163433665625 0.630040646875 0.163433665625 0.60911668125 0.1579054578125 0.60911668125 0.1579054578125 0.630040646875
0 0.12562786406249998 0.6401856 0.1331176921875 0.6401856 0.1331176921875 0.6167253968749999 0.12562786406249998 0.6167253968749999 0.12562786406249998 0.6401856
0 0.1152847671875 0.6950317515625 0.12134796249999999 0.6950317515625 0.12134796249999999 0.6845697687500001 0.1152847671875 0.6845697687500001 0.1152847671875 0.6950317515625
0 0.18090993125 0.6211638125000001 0.1875081140625 0.6211638125000001 0.1875081140625 0.600556878125 0.18090993125 0.600556878125 0.18090993125 0.6211638125000001
0 0.19951743125000002 0.6011317265625 0.2039756625 0.6011317265625 0.2039756625 0.59066974375 0.19951743125000002 0.59066974375 0.19951743125000002 0.6011317265625
0 0.19220593125000002 0.59732736875 0.19666416250000002 0.59732736875 0.19666416250000002 0.5874994453125 0.19220593125000002 0.5874994453125 0.19220593125000002 0.59732736875
0 0.1982691265625 0.587182415625 0.202014040625 0.587182415625 0.202014040625 0.5767204328125 0.1982691265625 0.5767204328125 0.1982691265625 0.587182415625
0 0.20451065000000002 0.5874994453125 0.20736391875 0.5874994453125 0.20736391875 0.5808418203125 0.20451065000000002 0.5808418203125 0.20451065000000002 0.5874994453125
0 0.025109115625 0.6334635015625001 0.030637321875 0.6334635015625001 0.030637321875 0.6198312203125 0.025109115625 0.6198312203125 0.025109115625 0.6334635015625001
0 0.0188675921875 0.5827387359375 0.026000762500000003 0.5827387359375 0.026000762500000003 0.56339991875 0.0188675921875 0.56339991875 0.0188675921875 0.5827387359375
0 0.012447739062500001 0.6030286421875 0.016905970312499997 0.6030286421875 0.016905970312499997 0.5840068546875 0.012447739062500001 0.5840068546875 0.012447739062500001 0.6030286421875
0 0.0074545203125 0.6030286421875 0.012447739062500001 0.6030286421875 0.012447739062500001 0.5868601234375 0.0074545203125 0.5868601234375 0.0074545203125 0.6030286421875
0 0.00032135000000000003 0.6020775515625 0.0051362390625 0.6020775515625 0.0051362390625 0.5859090328125001 0.00032135000000000003 0.5859090328125001 0.00032135000000000003 0.6020775515625
0 0.9748248234375 0.6336239828125 0.9797227828124999 0.6336239828125 0.9797227828124999 0.61524151875 0.9748248234375 0.61524151875 0.9748248234375 0.6336239828125
0 0.953056115625 0.49333675781249997 0.957954075 0.49333675781249997 0.957954075 0.4720517984375 0.953056115625 0.4720517984375 0.953056115625 0.49333675781249997
0 0.633508571875 0.501721371875 0.6387330609374999 0.501721371875 0.6387330609374999 0.486241403125 0.633508571875 0.486241403125 0.633508571875 0.501721371875
0 0.63455346875 0.4577582578125 0.6387330609374999 0.4577582578125 0.6387330609374999 0.43794389687499996 0.63455346875 0.43794389687499996 0.63455346875 0.4577582578125
0 0.504986121875 0.42184472812499996 0.5102106125 0.42184472812499996 0.5102106125 0.4069839578125 0.504986121875 0.4069839578125 0.504986121875 0.42184472812499996
0 0.4273153734375 0.41689113750000006 0.43149496562499995 0.41689113750000006 0.43149496562499995 0.4020303671875 0.4273153734375 0.4020303671875 0.4273153734375 0.41689113750000006
0 0.3952718375 0.39150398750000004 0.40014802656250004 0.39150398750000004 0.40014802656250004 0.3747856203125 0.3952718375 0.3747856203125 0.3952718375 0.39150398750000004
0 0.473290884375 0.33763369375 0.478167075 0.33763369375 0.478167075 0.3159617359375 0.473290884375 0.3159617359375 0.473290884375 0.33763369375
0 0.6278168703125 0.37517856250000003 0.6312407906249999 0.37517856250000003 0.6312407906249999 0.361229253125 0.6278168703125 0.361229253125 0.6278168703125 0.37517856250000003
0 0.6353780296875 0.37314957187500003 0.639087278125 0.37314957187500003 0.639087278125 0.36224374843749996 0.6353780296875 0.36224374843749996 0.6353780296875 0.37314957187500003
0 0.6808876546875 0.394707596875 0.6848822296875 0.394707596875 0.6848822296875 0.3817727828125 0.6808876546875 0.3817727828125 0.6808876546875 0.394707596875
0 0.6458472546875 0.3550192484375 0.6489122890625 0.3550192484375 0.6489122890625 0.3361956046875 0.6458472546875 0.3361956046875 0.6458472546875 0.3550192484375
0 0.5603049421875 0.324802346875 0.5642058953125 0.324802346875 0.5642058953125 0.3079601390625 0.5603049421875 0.3079601390625 0.5603049421875 0.324802346875
0 0.5544535140625 0.3134090890625 0.5566826296875 0.3134090890625 0.5566826296875 0.2965668828125 0.5544535140625 0.2965668828125 0.5544535140625 0.3134090890625
0 0.5519457578125 0.2965668828125 0.5566826296875 0.2965668828125 0.5566826296875 0.28368754687500003 0.5519457578125 0.28368754687500003 0.5519457578125 0.2965668828125
0 0.54637296875 0.29309936875 0.5519457578125 0.29309936875 0.5519457578125 0.27675252031249997 0.54637296875 0.27675252031249997 0.54637296875 0.29309936875
0 0.5527816765625 0.28368754687500003 0.5566826296875 0.28368754687500003 0.5566826296875 0.26436854374999996 0.5527816765625 0.26436854374999996 0.5527816765625 0.28368754687500003
0 0.5552894312500001 0.2762571625 0.5594690234375 0.2762571625 0.5594690234375 0.25941495468750003 0.5552894312500001 0.25941495468750003 0.5552894312500001 0.2762571625
0 0.5298734125 0.320249196875 0.5335255953125 0.320249196875 0.5335255953125 0.2975245015625 0.5298734125 0.2975245015625 0.5298734125 0.320249196875
0 0.4639573078125 0.12984728437499998 0.46730098125 0.12984728437499998 0.46730098125 0.1139957953125 0.4639573078125 0.1139957953125 0.4639573078125 0.12984728437499998
0 0.46005635468749995 0.12984728437499998 0.4639573078125 0.12984728437499998 0.4639573078125 0.116472590625 0.46005635468749995 0.116472590625 0.46005635468749995 0.12984728437499998
0 0.4433379875 0.07684386875 0.44723894062499997 0.07684386875 0.44723894062499997 0.059010942187500005 0.4433379875 0.059010942187500005 0.4433379875 0.07684386875
0 0.7384133312500001 0.04094401875 0.740838609375 0.04094401875 0.740838609375 0.0300381953125 0.7384133312500001 0.0300381953125 0.7384133312500001 0.04094401875
0 0.7090246703124999 0.048552734375 0.7123059281249999 0.048552734375 0.7123059281249999 0.0376469109375 0.7090246703124999 0.0376469109375 0.7090246703124999 0.048552734375
0 0.7917221 0.3966844375 0.796536990625 0.3966844375 0.796536990625 0.377028590625 0.7917221 0.377028590625 0.7917221 0.3966844375
0 0.761406128125 0.3874905734375 0.76729099375 0.3874905734375 0.76729099375 0.372907203125 0.761406128125 0.372907203125 0.761406128125 0.3874905734375
0 0.702557475 0.3786137390625 0.7057674015625001 0.3786137390625 0.7057674015625001 0.3643474 0.702557475 0.3643474 0.702557475 0.3786137390625
0 0.1261581 0.5177414687499999 0.1307837953125 0.5177414687499999 0.1307837953125 0.507260590625 0.1261581 0.507260590625 0.1261581 0.5177414687499999
0 0.2155289140625 0.5616220421875 0.221064796875 0.5616220421875 0.221064796875 0.54941849375 0.2155289140625 0.54941849375 0.2155289140625 0.5616220421875
0 0.1843065328125 0.5974453578125 0.190506721875 0.5974453578125 0.190506721875 0.5864227984375 0.1843065328125 0.5864227984375 0.1843065328125 0.5974453578125
0 0.23668218749999997 0.7080715343749999 0.2408543828125 0.7080715343749999 0.2408543828125 0.6925920828125001 0.23668218749999997 0.6925920828125001 0.23668218749999997 0.7080715343749999
0 0.25527566875 0.7285495578125001 0.2617153625 0.7285495578125001 0.2617153625 0.71452130625 0.25527566875 0.71452130625 0.25527566875 0.7285495578125001
0 0.44039455156249996 0.5847943484375 0.4494734 0.5847943484375 0.4494734 0.5729844640625 0.44039455156249996 0.5729844640625 0.44039455156249996 0.5847943484375
0 0.3916787796875 0.5725908015625001 0.39655035625 0.5725908015625001 0.39655035625 0.5607809171875 0.3916787796875 0.5607809171875 0.3916787796875 0.5725908015625001
0 0.2108237140625 0.4902709578125 0.21465341875 0.4902709578125 0.21465341875 0.47569679843749996 0.2108237140625 0.47569679843749996 0.2108237140625 0.4902709578125
0 0.012795107812500001 0.5861442625 0.019209864062500002 0.5861442625 0.019209864062500002 0.57371899375 0.012795107812500001 0.57371899375 0.012795107812500001 0.5861442625
0 0.45641240781250003 0.7719120125 0.46052634843750007 0.7719120125 0.46052634843750007 0.7649307765625 0.45641240781250003 0.7649307765625 0.45641240781250003 0.7719120125
0 0.9633639859375001 0.481033928125 0.9667533125000001 0.481033928125 0.9667533125000001 0.4712685109375 0.9633639859375001 0.4712685109375 0.9633639859375001 0.481033928125
0 0.5628337546875 0.339110425 0.570924009375 0.339110425 0.570924009375 0.313068425 0.5628337546875 0.313068425 0.5628337546875 0.339110425
0 0.56375524375 0.26912780625 0.5673455921875 0.26912780625 0.5673455921875 0.2620800828125 0.56375524375 0.2620800828125 0.56375524375 0.26912780625
0 0.194881346875 0.414047053125 0.1987147921875 0.414047053125 0.1987147921875 0.398256165625 0.194881346875 0.398256165625 0.194881346875 0.414047053125
