0 0.15 0.025 0.13063107812500002 0.025 0.12952904999999998 0.02502565 0.1310286484375 0.1109375 0.15 0.1109375 0.15 0.025
0 0.201760765625 0 0.2015625 0.01703895625 0.2015625 0.0421875 0.2186385203125 0.0421875 0.21875 0.0326069515625 0.21875 0 0.201760765625 0
0 0.163856521875 0 0.163956515625 0.0171875 0.178125 0.0171875 0.178125 0 0.163856521875 0
0 0.215625 0.033256584374999995 0.16635838281249998 0.0323966328125 0.165625 0.09542338593750001 0.165625 0.159375 0.2150125390625 0.159375 0.215625 0.1067402109375 0.215625 0.033256584374999995
0 0.2256195546875 0 0.225 0.0354942109375 0.225 0.04375 0.2453125 0.04375 0.2453125 0 0.2256195546875 0
0 0.23925368906250002 0.0104165828125 0.24018699687499998 0.090625 0.24574650468749998 0.090625 0.2734375 0.09014165156250001 0.2734375 0.0098199015625 0.23925368906250002 0.0104165828125
0 0.21563482656250002 0 0.21631470937500002 0.023366059375 0.2224543578125 0.0234375 0.225 0.0234375 0.225 0 0.21563482656250002 0
0 0.3227127296875 0.045020853124999996 0.32459969375000003 0.153125 0.35625 0.153125 0.35625 0.044825739062499995 0.3227127296875 0.045020853124999996
0 0.3444741234375 0.018039206250000002 0.3438791140625 0.1203125 0.3698635921875 0.1203125 0.3703125 0.0431518125 0.3703125 0.0183398625 0.3444741234375 0.018039206250000002
0 0.42482949999999997 0.01674886875 0.42433091875000006 0.0453125 0.4390625 0.0453125 0.4390625 0.01633473125 0.42482949999999997 0.01674886875
0 0.45 0.010423331249999999 0.4360764953125 0.010504335937500001 0.4366451578125 0.059375 0.45 0.059375 0.45 0.010423331249999999
0 0.0068180703125000006 0 0.0065853828125 0.019997040625 0.024823575 0.020103146875 0.025 0.004941225 0.025 0 0.0068180703125000006 0
0 0.11177435625000001 0 0.1126471796875 0.0375 0.1296875 0.0375 0.1296875 0 0.11177435625000001 0
0 0.0726331546875 0.01186785625 0.0732169328125 0.0453125 0.096875 0.0453125 0.096875 0.0124320921875 0.0726331546875 0.01186785625
0 0.10107689687500002 0.041762495312499995 0.10204545312499999 0.125 0.1453125 0.125 0.1453125 0.0412477671875 0.10107689687500002 0.041762495312499995
0 0.4617474078125 0.3164630265625 0.4628596265625 0.3546875 0.4703125 0.3546875 0.4703125 0.3163633625 0.4617474078125 0.3164630265625
0 0.472840225 0.3010887890625 0.47250745 0.3296875 0.48106899218750004 0.3296875 0.48125 0.31413175312499997 0.48125 0.3012355828125 0.472840225 0.3010887890625
0 0.496875 0.3306250109375 0.48927782343750004 0.3308018359375 0.4890625 0.343137715625 0.4890625 0.38125 0.49658947500000006 0.38125 0.496875 0.36489225625 0.496875 0.3306250109375
0 0.4979716609375 0.3109375 0.4984807390625 0.3546875 0.5046875 0.3546875 0.5046875 0.3109375 0.4979716609375 0.3109375
0 0.49032551093750004 0.3101723109375 0.489439428125 0.340625 0.49375 0.340625 0.49375 0.31023208593749996 0.49032551093750004 0.3101723109375
0 0.48400719687500005 0.303931978125 0.4845747484375 0.3234375 0.4890625 0.3234375 0.4890625 0.3039908015625 0.48400719687500005 0.303931978125
0 0.45 0.32476137656250004 0.45258574218750003 0.3247011921875 0.453125 0.3061680890625 0.453125 0.29719939375000004 0.45 0.29727212812500003 0.45 0.32476137656250004
0 0.453620375 0.2974089734375 0.4532205921875 0.3203125 0.45625 0.3203125 0.45625 0.297378375 0.453620375 0.2974089734375
0 0.5234375 0.30879587656249996 0.5233510203125 0.30136381874999996 0.5177051921875 0.30136381874999996 0.5180165859375 0.328125 0.5234375 0.328125 0.5234375 0.30879587656249996
0 0.5230377609375 0.3016557390625 0.522938309375 0.31875 0.525 0.31875 0.525 0.30164432343750003 0.5230377609375 0.3016557390625
0 0.5272114703125 0.2934250375 0.5268986046874999 0.3203125 0.5328125 0.3203125 0.5328125 0.2934250375 0.5272114703125 0.2934250375
0 0.540139215625 0.291830171875 0.5405272828125 0.3140625 0.54375 0.3140625 0.54375 0.2918091640625 0.540139215625 0.291830171875
0 0.544051753125 0.317132265625 0.546875 0.317115840625 0.546875 0.29154969531249997 0.544051753125 0.2915661203125 0.544051753125 0.317132265625
0 0.5513186609374999 0.2922084046875 0.55157295625 0.3140625 0.5546875 0.3140625 0.5546875 0.29218880468749997 0.5513186609374999 0.2922084046875
0 0.555374553125 0.2923752359375 0.555915696875 0.315625 0.559375 0.315625 0.559375 0.2923519625 0.555374553125 0.2923752359375
0 0.5640625 0.284747809375 0.5625 0.2847841765625 0.5625 0.30625 0.5640625 0.30625 0.5640625 0.284747809375
0 0.5645339578125 0.287126078125 0.5649790734375 0.30625 0.56875 0.30625 0.56875 0.28707702031250004 0.5645339578125 0.287126078125
0 0.583930575 0.28757275937500004 0.5836587015625 0.3109375 0.5859375 0.3109375 0.5859375 0.2875961125 0.583930575 0.28757275937500004
0 0.5891084156249999 0.2953125 0.5895175921875 0.309375 0.590625 0.309375 0.590625 0.2953125 0.5891084156249999 0.2953125
0 0.5871798953125 0.287113 0.586902671875 0.3109375 0.5890625 0.3109375 0.5890625 0.287123953125 0.5871798953125 0.287113
0 0.6024565625 0.290783221875 0.6020502203125 0.3140625 0.60625 0.3140625 0.60625 0.290805290625 0.6024565625 0.290783221875
0 0.6140625 0.2934394984375 0.6139358390625 0.28799762812499996 0.609564875 0.2879213328125 0.6100642140625 0.309375 0.6140625 0.309375 0.6140625 0.2934394984375
0 0.613908846875 0.2903993609375 0.614386878125 0.3109375 0.6171875 0.3109375 0.6171875 0.2904375125 0.613908846875 0.2903993609375
0 0.5899623046875 0.309881896875 0.5905262 0.3421875 0.5953125 0.3421875 0.5953125 0.3100064234375 0.5899623046875 0.309881896875
0 0.5961095234375 0.3101066515625 0.596428275 0.3375 0.5984375 0.3375 0.5984375 0.3100795625 0.5961095234375 0.3101066515625
0 0.615625 0.33125 0.615625 0.314971378125 0.60944163125 0.314827459375 0.609375 0.326280365625 0.609375 0.33125 0.615625 0.33125
0 0.6188675953125 0.32134212500000003 0.618443225 0.3578125 0.621875 0.3578125 0.621875 0.32128962968749997 0.6188675953125 0.32134212500000003
0 0.62777034375 0.3209815125 0.622853009375 0.3209815125 0.622853009375 0.3565799421875 0.62777034375 0.3565799421875 0.62777034375 0.3209815125
0 0.630348271875 0.3421584234375 0.6345735375 0.3421584234375 0.6345735375 0.30228818281250003 0.630348271875 0.30228818281250003 0.630348271875 0.3421584234375
0 0.641712778125 0.30798393125 0.6358848265625 0.30798393125 0.6358848265625 0.3403461390625 0.641712778125 0.3403461390625 0.641712778125 0.30798393125
0 0.6418584765625 0.287531015625 0.6444810546874999 0.287531015625 0.6444810546874999 0.269408178125 0.6418584765625 0.269408178125 0.6418584765625 0.287531015625
0 0.6387988015625 0.2852009359375 0.6418584765625 0.2852009359375 0.6418584765625 0.2725149515625 0.6387988015625 0.2725149515625 0.6387988015625 0.2852009359375
0 0.6392358984375 0.29529794531250003 0.6392358984375 0.2782107 0.63530203125 0.2782107 0.63530203125 0.29529794531250003 0.6361762234375 0.29529794531250003 0.6392358984375 0.29529794531250003
0 0.6335536453125 0.281317471875 0.63530203125 0.281317471875 0.63530203125 0.2683725875 0.6335536453125 0.2683725875 0.6335536453125 0.281317471875
0 0.6399643921875 0.29529794531250003 0.6361762234375 0.29529794531250003 0.6361762234375 0.30565385156249997 0.6399643921875 0.30565385156249997 0.6399643921875 0.29529794531250003
0 0.6484149218749999 0.3237766890625 0.65191169375 0.3237766890625 0.65191169375 0.306171646875 0.6484149218749999 0.306171646875 0.6484149218749999 0.3237766890625
0 0.6580310421875 0.3108318046875 0.6532229828125 0.3108318046875 0.6532229828125 0.3369804703125 0.6580310421875 0.3369804703125 0.6580310421875 0.3108318046875
0 0.6532229828125 0.3108318046875 0.6580310421875 0.3108318046875 0.6580310421875 0.2973691265625 0.6532229828125 0.2973691265625 0.6532229828125 0.3108318046875
0 0.6523487906250001 0.2950390484375 0.657448246875 0.2950390484375 0.657448246875 0.2787284953125 0.6523487906250001 0.2787284953125 0.6523487906250001 0.2950390484375
0 0.6586138375 0.3017703875 0.6616735125 0.3017703875 0.6616735125 0.2820941640625 0.6586138375 0.2820941640625 0.6586138375 0.3017703875
0 0.6616735125 0.2921911734375 0.6648788859375 0.2921911734375 0.6648788859375 0.2820941640625 0.6616735125 0.2820941640625 0.6616735125 0.2921911734375
0 0.66924985 0.31445637187500003 0.66924985 0.294521253125 0.6653159828125 0.294521253125 0.6653159828125 0.3178220421875 0.66924985 0.3178220421875 0.66924985 0.31445637187500003
0 0.660070825 0.29607463749999996 0.660070825 0.32041101875 0.6648788859375 0.32041101875 0.6648788859375 0.3183398375 0.6648788859375 0.29607463749999996 0.660070825 0.29607463749999996
0 0.6698326453125001 0.31937542812499997 0.6619649093750001 0.31937542812499997 0.6619649093750001 0.358210078125 0.6698326453125001 0.358210078125 0.6698326453125001 0.31937542812499997
0 0.67449500625 0.3129029875 0.66924985 0.3129029875 0.66924985 0.3576922828125 0.67449500625 0.3576922828125 0.67449500625 0.3129029875
0 0.6675760921875 0.29369344062499997 0.671582809375 0.29369344062499997 0.671582809375 0.2781595796875 0.6675760921875 0.2781595796875 0.6675760921875 0.29369344062499997
0 0.6748610312500001 0.27945406875 0.6783213781249999 0.27945406875 0.6783213781249999 0.270069028125 0.6748610312500001 0.270069028125 0.6748610312500001 0.27945406875
0 0.68087110625 0.300489503125 0.68542419375 0.300489503125 0.68542419375 0.283984778125 0.68087110625 0.283984778125 0.68087110625 0.300489503125
0 0.681235353125 0.3467674625 0.68706330625 0.3467674625 0.68706330625 0.3124635203125 0.681235353125 0.3124635203125 0.681235353125 0.3467674625
0 0.6928912578124999 0.3690973859375 0.6983549625000001 0.3690973859375 0.6983549625000001 0.328644625 0.6928912578124999 0.328644625 0.6928912578124999 0.3690973859375
0 0.691980640625 0.328644625 0.6983549625000001 0.328644625 0.6983549625000001 0.3108454109375 0.691980640625 0.3108454109375 0.691980640625 0.328644625
0 0.6916163937500001 0.324113915625 0.6883381703125 0.324113915625 0.6883381703125 0.3506509265625 0.6916163937500001 0.3506509265625 0.6916163937500001 0.324113915625
0 0.711467853125 0.32023045156249996 0.716020940625 0.32023045156249996 0.716020940625 0.289809975 0.711467853125 0.289809975 0.711467853125 0.32023045156249996
0 0.697990715625 0.30631470156249996 0.7014510609375 0.30631470156249996 0.7014510609375 0.2813958015625 0.697990715625 0.2813958015625 0.697990715625 0.30631470156249996
0 0.7249449921875 0.35162179375 0.7313193140625 0.35162179375 0.7313193140625 0.32184856093750003 0.7249449921875 0.32184856093750003 0.7249449921875 0.35162179375
0 0.7296802031249999 0.3419131296875 0.737147265625 0.3419131296875 0.737147265625 0.30728556875 0.7296802031249999 0.30728556875 0.7296802031249999 0.3419131296875
0 0.7214846453125 0.3056674578125 0.726584103125 0.3056674578125 0.726584103125 0.2830139125 0.7214846453125 0.2830139125 0.7214846453125 0.3056674578125
0 0.7274947203125001 0.303725725 0.7320478078124999 0.303725725 0.7320478078124999 0.27524698281250004 0.7274947203125001 0.27524698281250004 0.7274947203125001 0.303725725
0 0.734779659375 0.27524698281250004 0.730408696875 0.27524698281250004 0.730408696875 0.2923989515625 0.734779659375 0.2923989515625 0.734779659375 0.27524698281250004
0 0.762098184375 0.33641155624999997 0.766287025 0.33641155624999997 0.766287025 0.3014603703125 0.762098184375 0.3014603703125 0.762098184375 0.33641155624999997
0 0.7717507296875 0.327673759375 0.7773965578124999 0.327673759375 0.7773965578124999 0.3021076140625 0.7717507296875 0.3021076140625 0.7717507296875 0.327673759375
0 0.77903566875 0.3360879328125 0.7848636203125 0.3360879328125 0.7848636203125 0.3079328125 0.77903566875 0.3079328125 0.77903566875 0.3360879328125
0 0.776485940625 0.3205540734375 0.7682903828125001 0.3205540734375 0.7682903828125001 0.3561525015625 0.776485940625 0.3561525015625 0.776485940625 0.3205540734375
0 0.7060379578125 0.28525256718750003 0.7077164078125 0.28525256718750003 0.7077164078125 0.27199700625 0.7060379578125 0.27199700625 0.7060379578125 0.28525256718750003
0 0.7097678484375 0.2854182625 0.7119125343749999 0.2854182625 0.7119125343749999 0.27050575625 0.7097678484375 0.27050575625 0.7097678484375 0.2854182625
0 0.6956875171875 0.28260145625 0.698671428125 0.28260145625 0.698671428125 0.27315686875 0.6956875171875 0.27315686875 0.6956875171875 0.28260145625
0 0.7001633828125 0.283429928125 0.7025878109375 0.283429928125 0.7025878109375 0.27464811875 0.7001633828125 0.27464811875 0.7001633828125 0.283429928125
0 0.682073421875 0.2824357609375 0.683751871875 0.2824357609375 0.683751871875 0.271334228125 0.682073421875 0.271334228125 0.682073421875 0.2824357609375
0 0.686456040625 0.2721627015625 0.683751871875 0.2721627015625 0.683751871875 0.27729923125 0.686456040625 0.27729923125 0.686456040625 0.2721627015625
0 0.6496233859375 0.28707520625 0.6513018359375 0.28707520625 0.6513018359375 0.2714999234375 0.6496233859375 0.2714999234375 0.6496233859375 0.28707520625
0 0.7166681421875 0.277464925 0.7191858171875 0.277464925 0.7191858171875 0.2675232546875 0.7166681421875 0.2675232546875 0.7166681421875 0.277464925
0 0.7131247484375 0.27796200937500004 0.7149896921875 0.27796200937500004 0.7149896921875 0.26768895000000004 0.7131247484375 0.26768895000000004 0.7131247484375 0.27796200937500004
0 0.74099803125 0.2994823921875 0.74538065 0.2994823921875 0.74538065 0.28059321875 0.74099803125 0.28059321875 0.74099803125 0.2994823921875
0 0.737734378125 0.29716266875 0.74099803125 0.29716266875 0.74099803125 0.2795990515625 0.737734378125 0.2795990515625 0.737734378125 0.29716266875
0 0.76748024375 0.2966655859375 0.7704641546875 0.2966655859375 0.7704641546875 0.2777764125 0.76748024375 0.2777764125 0.76748024375 0.2966655859375
0 0.7561973296875 0.3014603703125 0.7630976234375 0.3014603703125 0.7630976234375 0.2824158578125 0.7561973296875 0.2824158578125 0.7561973296875 0.3014603703125
0 0.8106124140625 0.3385814296875 0.81632380625 0.3385814296875 0.81632380625 0.3085493 0.8106124140625 0.3085493 0.8106124140625 0.3385814296875
0 0.8241332609375001 0.3110347171875 0.81632380625 0.3110347171875 0.81632380625 0.34375938125 0.8241332609375001 0.34375938125 0.8241332609375001 0.3110347171875
0 0.824832615625 0.33775295625 0.830077771875 0.33775295625 0.830077771875 0.3039927 0.824832615625 0.3039927 0.824832615625 0.33775295625
0 0.834740134375 0.3039927 0.830077771875 0.3039927 0.830077771875 0.3327821203125 0.834740134375 0.3327821203125 0.834740134375 0.3039927
0 0.8413839984375 0.32304756874999996 0.847328509375 0.32304756874999996 0.847328509375 0.292808321875 0.8413839984375 0.292808321875 0.8413839984375 0.32304756874999996
0 0.8329917484375 0.284316478125 0.8363719609375 0.284316478125 0.8363719609375 0.27126803593750004 0.8329917484375 0.27126803593750004 0.8329917484375 0.284316478125
0 0.8406846453125001 0.2762388703125 0.8435986203125001 0.2762388703125 0.8435986203125001 0.2671256734375 0.8406846453125001 0.2671256734375 0.8406846453125001 0.2762388703125
0 0.7895152281250001 0.31931944218749997 0.792895440625 0.31931944218749997 0.792895440625 0.294672384375 0.7895152281250001 0.294672384375 0.7895152281250001 0.31931944218749997
0 0.7970915656249999 0.3162126703125 0.8004717781250001 0.3162126703125 0.8004717781250001 0.2998503375 0.7970915656249999 0.2998503375 0.7970915656249999 0.3162126703125
0 0.8019870453125 0.3180767328125 0.8047844625 0.3180767328125 0.8047844625 0.29239408437500003 0.8019870453125 0.29239408437500003 0.8019870453125 0.3180767328125
0 0.80874746875 0.2942581484375 0.8047844625 0.2942581484375 0.8047844625 0.32076926875 0.80874746875 0.32076926875 0.80874746875 0.2942581484375
0 0.8107289734375 0.3085493 0.81632380625 0.3085493 0.81632380625 0.2930154390625 0.8107289734375 0.2930154390625 0.8107289734375 0.3085493
0 0.8172562781250001 0.3110347171875 0.8212192859374999 0.3110347171875 0.8212192859374999 0.2994361015625 0.8172562781250001 0.2994361015625 0.8172562781250001 0.3110347171875
0 0.825881646875 0.3039927 0.830077771875 0.3039927 0.830077771875 0.2880446046875 0.825881646875 0.2880446046875 0.825881646875 0.3039927
0 0.824832615625 0.284316478125 0.820869609375 0.284316478125 0.820869609375 0.3039927 0.824832615625 0.3039927 0.824832615625 0.284316478125
0 0.8249491750000001 0.2783100515625 0.8278631515624999 0.2783100515625 0.8278631515624999 0.2691968546875 0.8249491750000001 0.2691968546875 0.8249491750000001 0.2783100515625
0 0.820636490625 0.275617515625 0.8233173484374999 0.275617515625 0.8233173484374999 0.26319042812500004 0.820636490625 0.26319042812500004 0.820636490625 0.275617515625
0 0.816440365625 0.27478904375 0.8186549875000001 0.27478904375 0.8186549875000001 0.2648473734375 0.816440365625 0.2648473734375 0.816440365625 0.27478904375
0 0.8129435953125 0.27706734375000003 0.815391334375 0.27706734375000003 0.815391334375 0.262983309375 0.8129435953125 0.262983309375 0.8129435953125 0.27706734375000003
0 0.8088640281250001 0.2754103984375 0.8116614453125 0.2754103984375 0.8116614453125 0.2658829640625 0.8088640281250001 0.2658829640625 0.8088640281250001 0.2754103984375
0 0.8516193390625 0.28022330625 0.85441675625 0.28022330625 0.85441675625 0.2663049671875 0.8516193390625 0.2663049671875 0.8516193390625 0.28022330625
0 0.8559087109375 0.28088608437499996 0.8591723640625 0.28088608437499996 0.8591723640625 0.2646480234375 0.8559087109375 0.2646480234375 0.8559087109375 0.28088608437499996
0 0.8626225109375 0.28701678125 0.8648604453125 0.28701678125 0.8648604453125 0.273926915625 0.8626225109375 0.273926915625 0.8626225109375 0.28701678125
0 0.8790340234375 0.2835371953125 0.8816449468750001 0.2835371953125 0.8816449468750001 0.2663049671875 0.8790340234375 0.2663049671875 0.8790340234375 0.2835371953125
0 0.8491949109375 0.3350681875 0.8560019593749999 0.3350681875 0.8560019593749999 0.2962956734375 0.8491949109375 0.2962956734375 0.8491949109375 0.3350681875
0 0.8671916265625 0.33109151875 0.8702687843749999 0.33109151875 0.8702687843749999 0.3014322015625 0.8671916265625 0.3014322015625 0.8671916265625 0.33109151875
0 0.8615035453125 0.3226411 0.8646739515625 0.3226411 0.8646739515625 0.297455534375 0.8615035453125 0.297455534375 0.8615035453125 0.3226411
0 0.8567479359375 0.3238009609375 0.8605710734375001 0.3238009609375 0.8605710734375001 0.298781090625 0.8567479359375 0.298781090625 0.8567479359375 0.3238009609375
0 0.8601980843749999 0.2991124796875 0.8629955015625 0.2991124796875 0.8629955015625 0.28701678125 0.8601980843749999 0.28701678125 0.8601980843749999 0.2991124796875
0 0.8640212203125 0.298781090625 0.8681240984375 0.298781090625 0.8681240984375 0.28850803125 0.8640212203125 0.28850803125 0.8640212203125 0.298781090625
0 0.8842345937499999 0.2978239140625 0.8886638375 0.2978239140625 0.8886638375 0.28808936093750004 0.8842345937499999 0.28808936093750004 0.8842345937499999 0.2978239140625
0 0.8878479234375 0.32972010625000003 0.8922771671875 0.32972010625000003 0.8922771671875 0.2996879765625 0.8878479234375 0.2996879765625 0.8878479234375 0.32972010625000003
0 0.8933261984375 0.33593365 0.8964732921875 0.33593365 0.8964732921875 0.3092154109375 0.8933261984375 0.3092154109375 0.8933261984375 0.33593365
0 0.8976388828124999 0.30030933125 0.8976388828124999 0.2911961328125 0.8947249062499999 0.2911961328125 0.8947249062499999 0.31066523749999997 0.8976388828124999 0.31066523749999997 0.8976388828124999 0.30030933125
0 0.8907619 0.2841541171875 0.8929765218749999 0.2841541171875 0.8929765218749999 0.267584665625 0.8907619 0.267584665625 0.8907619 0.2841541171875
0 0.8953077015625001 0.2829114078125 0.897988559375 0.2829114078125 0.897988559375 0.266549075 0.8953077015625001 0.266549075 0.8953077015625001 0.2829114078125
0 0.9190857453125 0.3450468484375 0.9264289640625 0.3450468484375 0.9264289640625 0.30900829375 0.9190857453125 0.30900829375 0.9190857453125 0.3450468484375
0 0.9059145734375 0.3386261859375 0.9129081156249998 0.3386261859375 0.9129081156249998 0.3038303390625 0.9059145734375 0.3038303390625 0.9059145734375 0.3386261859375
0 0.9099941406250001 0.310043884375 0.9144233828124999 0.310043884375 0.9144233828124999 0.290989015625 0.9099941406250001 0.290989015625 0.9099941406250001 0.310043884375
0 0.90148533125 0.324542153125 0.9048655421875 0.324542153125 0.9048655421875 0.2976167953125 0.90148533125 0.2976167953125 0.90148533125 0.324542153125
0 0.9016018906250001 0.30030933125 0.8976388828124999 0.30030933125 0.8976388828124999 0.32702757031249996 0.9016018906250001 0.32702757031249996 0.9016018906250001 0.30030933125
0 0.9150061781249998 0.2787690453125 0.9176870359375 0.2787690453125 0.9176870359375 0.26717042968750004 0.9150061781249998 0.26717042968750004 0.9150061781249998 0.2787690453125
0 0.9188526265625001 0.2769049828125 0.9208341296875 0.2769049828125 0.9208341296875 0.2661348390625 0.9188526265625001 0.2661348390625 0.9188526265625001 0.2769049828125
0 0.923631546875 0.28104734531250003 0.926778640625 0.28104734531250003 0.926778640625 0.2694487296875 0.923631546875 0.2694487296875 0.923631546875 0.28104734531250003
0 0.9224659562500002 0.2661348390625 0.9208341296875 0.2661348390625 0.9208341296875 0.27897616406250003 0.9224659562500002 0.27897616406250003 0.9224659562500002 0.2661348390625
0 0.9078960781250001 0.27897616406250003 0.9108100531249999 0.27897616406250003 0.9108100531249999 0.26675619375 0.9078960781250001 0.26675619375 0.9078960781250001 0.27897616406250003
0 0.9027674796875 0.278147690625 0.9060311328124999 0.278147690625 0.9060311328124999 0.2661348390625 0.9027674796875 0.2661348390625 0.9027674796875 0.278147690625
0 0.89938726875 0.2820829359375 0.90230124375 0.2820829359375 0.90230124375 0.27069143906250004 0.89938726875 0.27069143906250004 0.89938726875 0.2820829359375
0 0.92503025625 0.31874284531249997 0.9295760578125 0.31874284531249997 0.9295760578125 0.29430290625 0.92503025625 0.29430290625 0.92503025625 0.31874284531249997
0 0.9706100796874999 0.3385025359375 0.978259265625 0.3385025359375 0.978259265625 0.3051694625 0.9706100796874999 0.3051694625 0.9706100796874999 0.3385025359375
0 0.9542189656249999 0.3417387578125 0.96132178125 0.3417387578125 0.96132178125 0.3106710375 0.9542189656249999 0.3106710375 0.9542189656249999 0.3417387578125
0 0.9826302296874999 0.3239395421875 0.9886403046875 0.3239395421875 0.9886403046875 0.29772615468749997 0.9826302296874999 0.29772615468749997 0.9826302296874999 0.3239395421875
0 1 0.29934426406250003 0.997200109375 0.29934426406250003 0.997200109375 0.331059228125 1 0.331059228125 1 0.29934426406250003
0 0.9928291453125 0.3093765484375 0.997200109375 0.3093765484375 0.997200109375 0.2906064671875 0.9928291453125 0.2906064671875 0.9928291453125 0.3093765484375
0 0.9873654406250001 0.306787571875 0.9928291453125 0.306787571875 0.9928291453125 0.28834111406249996 0.9873654406250001 0.28834111406249996 0.9873654406250001 0.306787571875
0 0.9848157109375 0.28834111406249996 0.9886403046875 0.28834111406249996 0.9886403046875 0.2737781203125 0.9848157109375 0.2737781203125 0.9848157109375 0.28834111406249996
0 0.9780771421875001 0.29254820000000004 0.981355365625 0.29254820000000004 0.981355365625 0.276043475 0.9780771421875001 0.276043475 0.9780771421875001 0.29254820000000004
0 0.9546830249999999 0.2833522765625 0.956577109375 0.2833522765625 0.956577109375 0.27040739375 0.9546830249999999 0.27040739375 0.9546830249999999 0.2833522765625
0 0.958762590625 0.2854234578125 0.9621136625 0.2854234578125 0.9621136625 0.2742908578125 0.958762590625 0.2742908578125 0.958762590625 0.2854234578125
0 0.956577109375 0.28309337968750004 0.958762590625 0.28309337968750004 0.958762590625 0.27040739375 0.956577109375 0.27040739375 0.956577109375 0.28309337968750004
0 0.964736240625 0.32477590312500004 0.9670674218750002 0.32477590312500004 0.9670674218750002 0.3025107046875 0.964736240625 0.3025107046875 0.964736240625 0.32477590312500004
0 0.9586168921875 0.311313225 0.96284215625 0.311313225 0.96284215625 0.288789128125 0.9586168921875 0.288789128125 0.9586168921875 0.311313225
0 0.95074915625 0.3106710375 0.955848615625 0.3106710375 0.955848615625 0.2906014109375 0.95074915625 0.2906014109375 0.95074915625 0.3106710375
0 0.93719916875 0.34186315 0.9450669046875 0.34186315 0.9450669046875 0.3056174765625 0.93719916875 0.3056174765625 0.93719916875 0.34186315
0 0.942881421875 0.281022196875 0.9453583015625 0.281022196875 0.9453583015625 0.2683362125 0.942881421875 0.2683362125 0.942881421875 0.281022196875
0 0.9473980843749998 0.283611175 0.9508948562499999 0.283611175 0.9508948562499999 0.26678282656249996 0.9473980843749998 0.26678282656249996 0.9473980843749998 0.283611175
0 0.9380733625000002 0.2851645609375 0.9415701328124999 0.2851645609375 0.9415701328124999 0.267300621875 0.9380733625000002 0.267300621875 0.9380733625000002 0.2851645609375
0 0.9283115437500001 0.283611175 0.9300599281250002 0.283611175 0.9300599281250002 0.2711840875 0.9283115437500001 0.2711840875 0.9283115437500001 0.283611175
0 0.9300599281250002 0.28594125312499996 0.9325368078124999 0.28594125312499996 0.9325368078124999 0.2711840875 0.9300599281250002 0.2711840875 0.9300599281250002 0.28594125312499996
0 0.9329739046875 0.2849056625 0.934576590625 0.2849056625 0.934576590625 0.2683362125 0.9329739046875 0.2683362125 0.9329739046875 0.2849056625
0 0.934576590625 0.2851645609375 0.9380733625000002 0.2851645609375 0.9380733625000002 0.2683362125 0.934576590625 0.2683362125 0.934576590625 0.2851645609375
0 0.935450784375 0.3056174765625 0.9386561578125001 0.3056174765625 0.9386561578125001 0.29396708125000004 0.935450784375 0.29396708125000004 0.935450784375 0.3056174765625
0 0.933119603125 0.318562359375 0.9361792781249999 0.318562359375 0.9361792781249999 0.3030284984375 0.933119603125 0.3030284984375 0.933119603125 0.318562359375
0 0.943027121875 0.30639416875 0.94637819375 0.30639416875 0.94637819375 0.2934492859375 0.943027121875 0.2934492859375 0.943027121875 0.30639416875
0 0.95074915625 0.30639416875 0.94637819375 0.30639416875 0.94637819375 0.326847084375 0.95074915625 0.326847084375 0.95074915625 0.30639416875
0 0.9471066875 0.30639416875 0.95074915625 0.30639416875 0.95074915625 0.28749464062499996 0.9471066875 0.28749464062499996 0.9471066875 0.30639416875
0 0.45 0.294371103125 0.4808920171875 0.294371103125 0.4808920171875 0.26403153281249997 0.45 0.26403153281249997 0.45 0.294371103125
0 0.49191902499999995 0.2913424390625 0.5445527593749999 0.2913424390625 0.5445527593749999 0.26529568124999997 0.49191902499999995 0.26529568124999997 0.49191902499999995 0.2913424390625
0 0.591677078125 0.2728483390625 0.630105134375 0.2728483390625 0.630105134375 0.25699085625 0.591677078125 0.25699085625 0.591677078125 0.2728483390625
0 0.6372079515625 0.2683176296875 0.665619215625 0.2683176296875 0.665619215625 0.252136525 0.6372079515625 0.252136525 0.6372079515625 0.2683176296875
0 0.6894773937500001 0.2654050296875 0.7211668812500001 0.2654050296875 0.7211668812500001 0.2508420375 0.6894773937500001 0.2508420375 0.6894773937500001 0.2654050296875
0 0.7286453265625 0.2793095609375 0.801565865625 0.2793095609375 0.801565865625 0.25007612031250004 0.7286453265625 0.25007612031250004 0.7286453265625 0.2793095609375
0 0.489860665625 0.42777296875 0.50001831875 0.42777296875 0.50001831875 0.38171833125 0.489860665625 0.38171833125 0.489860665625 0.42777296875
0 0.46144939999999995 0.40308256406250004 0.4708389875 0.40308256406250004 0.4708389875 0.3551813203125 0.46144939999999995 0.3551813203125 0.46144939999999995 0.40308256406250004
0 0.5895244109375 0.3808611984375 0.6007564859375 0.3808611984375 0.6007564859375 0.3423405703125 0.5895244109375 0.3423405703125 0.5895244109375 0.3808611984375
0 0.6190284171875 0.399379003125 0.6299358171875 0.399379003125 0.6299358171875 0.35787443125 0.6190284171875 0.35787443125 0.6190284171875 0.399379003125
0 0.6688415921875001 0.40555160468749996 0.67717854375 0.40555160468749996 0.67717854375 0.367281475 0.6688415921875001 0.367281475 0.6688415921875001 0.40555160468749996
0 0.69246295625 0.4141932453125 0.7007999078125 0.4141932453125 0.7007999078125 0.379626678125 0.69246295625 0.379626678125 0.69246295625 0.4141932453125
0 0.7249449921875 0.3833302390625 0.7376214453125 0.3833302390625 0.7376214453125 0.35162179375 0.7249449921875 0.35162179375 0.7249449921875 0.3833302390625
0 0.7682903828125001 0.395675440625 0.7813904421875 0.395675440625 0.7813904421875 0.3561525015625 0.7682903828125001 0.3561525015625 0.7682903828125001 0.395675440625
0 0.8106124140625 0.3771576375 0.831412153125 0.3771576375 0.831412153125 0.3385814296875 0.8106124140625 0.3385814296875 0.8106124140625 0.3771576375
0 0.8491949109375 0.3709850359375 0.8751811499999999 0.3709850359375 0.8751811499999999 0.3350681875 0.8491949109375 0.3350681875 0.8491949109375 0.3709850359375
0 0.88490759375 0.36357791562499997 0.901581496875 0.36357791562499997 0.901581496875 0.3376529890625 0.88490759375 0.3376529890625 0.88490759375 0.36357791562499997
0 0.9793930468750001 0.3450601109375 0.901581496875 0.3450601109375 0.901581496875 0.3709850359375 0.9793930468750001 0.3709850359375 0.9793930468750001 0.3450601109375
0 1 0.3524672328125 0.9946774578124999 0.3524672328125 0.9946774578124999 0.395675440625 1 0.395675440625 1 0.3524672328125
0 0.4333323421875 0.7476490015625 0.43295031406250006 0.7640625 0.440625 0.7640625 0.440625 0.7476490015625 0.4333323421875 0.7476490015625
0 0.4280496578125 0.7273715375 0.4273003078125 0.753125 0.4359375 0.753125 0.4359375 0.727187946875 0.4280496578125 0.7273715375
0 0.45 0.706931078125 0.4317601625 0.70714331875 0.43144847343750004 0.725 0.4333312375 0.725 0.45 0.724806040625 0.45 0.706931078125
0 0.41988685468750003 0.6956550578125 0.4202464953125 0.7265625 0.4296875 0.7265625 0.4296875 0.6956550578125 0.41988685468750003 0.6956550578125
0 0.3986555578125 0.6570427109375 0.398605628125 0.665625 0.4015625 0.665625 0.4015625 0.6570257984375 0.3986555578125 0.6570427109375
0 0.28159106875 0.6563145453125 0.2812827375 0.6828125 0.2859375 0.6828125 0.2859375 0.6563145453125 0.28159106875 0.6563145453125
0 0.27674935624999997 0.640625 0.2770220921875 0.65625 0.2796875 0.65625 0.2796875 0.640625 0.27674935624999997 0.640625
0 0.26877091875 0.6399887203125 0.26877091875 0.653125 0.271875 0.653125 0.271875 0.6399706609375 0.26877091875 0.6399887203125
0 0.263130228125 0.6795146140625 0.265625 0.6795001 0.265625 0.6601547375 0.2629051390625 0.6601705609375 0.263130228125 0.6795146140625
0 0.25625 0.67125963125 0.2559013078125 0.656278421875 0.2504582203125 0.6563100890625 0.250856865625 0.6734375 0.25625 0.6734375 0.25625 0.67125963125
0 0.26129148125 0.637513421875 0.261536709375 0.6515625 0.2640625 0.6515625 0.2640625 0.6374489265625 0.26129148125 0.637513421875
0 0.2582511046875 0.6361722265624999 0.2586093171875 0.6515625 0.2609375 0.6515625 0.2609375 0.6361409671875 0.2582511046875 0.6361722265624999
0 0.254537475 0.636089321875 0.25435742656250004 0.6515625 0.2578125 0.6515625 0.2578125 0.6361274296875 0.254537475 0.636089321875
0 0.2513902609375 0.6432143609375001 0.2517240953125 0.6546875 0.2546875 0.6546875 0.2546875 0.64317599375 0.2513902609375 0.6432143609375001
0 0.24771698125000002 0.6408227921874999 0.2475374703125 0.65625 0.25 0.65625 0.25 0.640836075 0.24771698125000002 0.6408227921874999
0 0.244335034375 0.6385255671875 0.2440529265625 0.6546875 0.246875 0.6546875 0.246875 0.63854034375 0.244335034375 0.6385255671875
0 0.244917171875 0.6992267640625001 0.2467171796875 0.7765625 0.259375 0.7765625 0.259375 0.6994791250000001 0.244917171875 0.6992267640625001
0 0.24627551250000002 0.6681974281249999 0.2470884609375 0.703125 0.25625 0.703125 0.25625 0.6683134921875 0.24627551250000002 0.6681974281249999
0 0.2438717984375 0.6589513828125 0.24431556875 0.684375 0.2484375 0.684375 0.2484375 0.65905765 0.2438717984375 0.6589513828125
0 0.23945246406249998 0.646875 0.239707003125 0.66875 0.2421875 0.66875 0.2421875 0.646875 0.23945246406249998 0.646875
0 0.35112430625 0.71208640625 0.350476484375 0.8234375 0.36875 0.8234375 0.36875 0.7124966484375 0.35112430625 0.71208640625
0 0.3208480671875 0.6812241984374999 0.3265625 0.681124453125 0.3265625 0.6578394125 0.32111906874999996 0.657934428125 0.3208480671875 0.6812241984374999
0 0.29839632968749996 0.6969312484375 0.3071116015625 0.6969312484375 0.3071116015625 0.66199659375 0.29839632968749996 0.66199659375 0.29839632968749996 0.6969312484375
0 0.308935728125 0.6845660609374999 0.3188670859375 0.6845660609374999 0.3188670859375 0.6456697453125 0.308935728125 0.6456697453125 0.308935728125 0.6845660609374999
0 0.3257582328125 0.6562341765624999 0.3421078140625 0.6562341765624999 0.3421078140625 0.6480707531250001 0.3257582328125 0.6480707531250001 0.3257582328125 0.6562341765624999
0 0.3310279328125 0.6927294859375001 0.36102468593750003 0.6927294859375001 0.36102468593750003 0.65779483125 0.3310279328125 0.65779483125 0.3310279328125 0.6927294859375001
0 0.21089263749999998 0.79567985 0.2236981953125 0.79567985 0.2236981953125 0.6847686859375 0.21089263749999998 0.6847686859375 0.21089263749999998 0.79567985
0 0.1678047546875 0.8879865609375 0.1859258265625 0.8879865609375 0.1859258265625 0.74344426875 0.1678047546875 0.74344426875 0.1678047546875 0.8879865609375
0 0.21041001874999998 0.6847686859375 0.21891484218750001 0.6847686859375 0.21891484218750001 0.6475053468749999 0.21041001874999998 0.6475053468749999 0.21041001874999998 0.6847686859375
0 0.2256156109375 0.6777304281250001 0.229996884375 0.6777304281250001 0.229996884375 0.659870153125 0.2256156109375 0.659870153125 0.2256156109375 0.6777304281250001
0 0.21814167499999998 0.6566644625 0.2398716484375 0.6566644625 0.2398716484375 0.6278132484375 0.21814167499999998 0.6278132484375 0.21814167499999998 0.6566644625
0 0.1851532703125 0.6690292687499999 0.2080905203125 0.6690292687499999 0.2080905203125 0.6314768953125001 0.1851532703125 0.6314768953125001 0.1851532703125 0.6690292687499999
0 0.1562884140625 0.708871421875 0.182833771875 0.708871421875 0.182833771875 0.63193485 0.1562884140625 0.63193485 0.1562884140625 0.708871421875
0 0.1495876453125 0.65712241875 0.1562884140625 0.65712241875 0.1562884140625 0.6388041875 0.1495876453125 0.6388041875 0.1495876453125 0.65712241875
0 0.13902104531249998 0.6690292687499999 0.14546409375 0.6690292687499999 0.14546409375 0.642467834375 0.13902104531249998 0.642467834375 0.13902104531249998 0.6690292687499999
0 0.1367015484375 0.6612440203125 0.141598265625 0.6612440203125 0.141598265625 0.6351405421875 0.1367015484375 0.6351405421875 0.1367015484375 0.6612440203125
0 0.13077394375 0.6612440203125 0.1367015484375 0.6612440203125 0.1367015484375 0.629187115625 0.13077394375 0.629187115625 0.13077394375 0.6612440203125
0 0.1230422859375 0.6763565609375 0.1302585 0.6763565609375 0.1302585 0.6530008171875 0.1230422859375 0.6530008171875 0.1230422859375 0.6763565609375
0 0.098043259375 0.6699451812499999 0.1230422859375 0.6699451812499999 0.1230422859375 0.6392621421875 0.098043259375 0.6392621421875 0.098043259375 0.6699451812499999
0 0.039540384375 0.702917996875 0.0488183734375 0.702917996875 0.0488183734375 0.6781883843750001 0.039540384375 0.6781883843750001 0.039540384375 0.702917996875
0 0.0663434640625 0.67544065 0.0663434640625 0.6209439125 0.019438075 0.6209439125 0.019438075 0.67544065 0.054278857812500005 0.67544065 0.0663434640625 0.67544065
0 0.00526336875 0.6960486593749999 0.0168608546875 0.6960486593749999 0.0168608546875 0.665823578125 0.00526336875 0.665823578125 0.00526336875 0.6960486593749999
0 0.002428428125 0.6772724718750001 0.0168608546875 0.6772724718750001 0.0168608546875 0.649795125 0.002428428125 0.649795125 0.002428428125 0.6772724718750001
0 0.37599305312500003 0.681723490625 0.38067242968750004 0.681723490625 0.38067242968750004 0.66887309375 0.37599305312500003 0.66887309375 0.37599305312500003 0.681723490625
0 0.391449178125 0.6754242765625 0.3961285546875 0.6754242765625 0.3961285546875 0.6693770328124999 0.391449178125 0.6693770328124999 0.391449178125 0.6754242765625
0 0.366776096875 0.6683691578125 0.397688346875 0.6683691578125 0.397688346875 0.6469518328125 0.366776096875 0.6469518328125 0.366776096875 0.6683691578125
0 0.40530861093750004 0.72892415625 0.41140763125 0.72892415625 0.41140763125 0.6977661234375 0.40530861093750004 0.6977661234375 0.40530861093750004 0.72892415625
0 0.087437121875 1 0.087437121875 0.7139954671875 0.033816465625 0.7139954671875 0.033816465625 1 0.087437121875 1
0 0.171612459375 1 0.171612459375 0.7824956203125 0.0704057421875 0.7824956203125 0.0704057421875 1 0.171612459375 1
0 0.27514576874999996 0.7359857859375 0.21089263749999998 0.7359857859375 0.21089263749999998 0.9943737500000001 0.27514576874999996 0.9943737500000001 0.27514576874999996 0.7359857859375
0 0.09183364375 0.8596367578125002 0.158467215625 0.8596367578125002 0.158467215625 0.7557854671875 0.09183364375 0.7557854671875 0.09183364375 0.8596367578125002
0 0.0488183734375 0.8126721609375 0.09183364375 0.8126721609375 0.09183364375 0.6781883843750001 0.0488183734375 0.6781883843750001 0.0488183734375 0.8126721609375
0 0.114484725 0.6939563265625 0.10246233906249999 0.6939563265625 0.10246233906249999 0.724336221875 0.114484725 0.724336221875 0.114484725 0.6939563265625
0 0.15320617812499998 0.74344426875 0.184511225 0.74344426875 0.184511225 0.7137934265625 0.15320617812499998 0.7137934265625 0.15320617812499998 0.74344426875
0 0.1875353609375 0.700978840625 0.1924067703125 0.700978840625 0.1924067703125 0.6741224578125 0.1875353609375 0.6741224578125 0.1875353609375 0.700978840625
0 0.19421793437499998 0.6945421875 0.1991517984375 0.6945421875 0.1991517984375 0.6715699921875 0.19421793437499998 0.6715699921875 0.19421793437499998 0.6945421875
0 0.19927670625 0.7132972640624999 0.20770799062499998 0.7132972640624999 0.20770799062499998 0.670682178125 0.19927670625 0.670682178125 0.19927670625 0.7132972640624999
0 0.2740655015625 0.6900790015625 0.2805607140625 0.6900790015625 0.2805607140625 0.666108015625 0.2740655015625 0.666108015625 0.2740655015625 0.6900790015625
0 0.233626565625 0.6769492984375 0.23784220781249998 0.6769492984375 0.23784220781249998 0.660996384375 0.233626565625 0.660996384375 0.233626565625 0.6769492984375
0 0.229996884375 0.6754233671875001 0.2326116890625 0.6754233671875001 0.2326116890625 0.66155126875 0.229996884375 0.66155126875 0.229996884375 0.6754233671875001
0 0.23081613750000002 0.6991446546875 0.2441656703125 0.6991446546875 0.2441656703125 0.6791688328125 0.23081613750000002 0.6791688328125 0.23081613750000002 0.6991446546875
0 0.12229994687500001 0.6859271453125 0.11168277499999998 0.6859271453125 0.11168277499999998 0.726017509375 0.12229994687500001 0.726017509375 0.12229994687500001 0.6859271453125
0 0.0929465875 0.692724475 0.1109021 0.692724475 0.1109021 0.67177760625 0.0929465875 0.67177760625 0.0929465875 0.692724475
0 0.08467143906249999 0.6874530765625 0.09183364375 0.6874530765625 0.09183364375 0.6694193484375 0.08467143906249999 0.6694193484375 0.08467143906249999 0.6874530765625
0 0.438489296875 0.6951623453125 0.44696305000000003 0.6951623453125 0.44696305000000003 0.67570145625 0.438489296875 0.67570145625 0.438489296875 0.6951623453125
0 0.4441651125 0.6693091921875001 0.447882371875 0.6693091921875001 0.447882371875 0.6617095015625 0.4441651125 0.6617095015625 0.4441651125 0.6693091921875001
0 0.437250209375 0.6725053234375 0.442566290625 0.6725053234375 0.442566290625 0.6599338734375 0.437250209375 0.6599338734375 0.437250209375 0.6725053234375
0 0.40999030625 0.681312440625 0.4126283625 0.681312440625 0.4126283625 0.6763406812499999 0.40999030625 0.6763406812499999 0.40999030625 0.681312440625
0 0.42046258593749997 0.674280953125 0.4251391390625 0.674280953125 0.4251391390625 0.66987739375 0.42046258593749997 0.66987739375 0.42046258593749997 0.674280953125
0 0.42010285156249993 0.668243815625 0.433173215625 0.668243815625 0.433173215625 0.6599338734375 0.42010285156249993 0.6599338734375 0.42010285156249993 0.668243815625
0 0.13445935 0.7007777125000001 0.1454236578125 0.7007777125000001 0.1454236578125 0.6730520578125 0.13445935 0.6730520578125 0.13445935 0.7007777125000001
0 0.24739699843750002 0.6888069734375 0.22555272187500003 0.6888069734375 0.22555272187500003 0.7937148546875 0.24739699843750002 0.7937148546875 0.24739699843750002 0.6888069734375
0 1 1 1 0.9697999875000001 0.9890625 0.9700545609375 0.9890625 1 1 1
0 1 1 1 0.9635501140624999 0.9934999984375 0.963663571875 0.989502159375 0.9637333546875 0.989924159375 1 1 1
0 0.965625 1 0.965625 0.9680757296875001 0.9397733046875001 0.9676244875 0.9390625 0.9920532718749999 0.9390625 1 0.965625 1
0 0.9603559374999999 0.9501327500000001 0.9616705328125 0.9953125 0.9703125 0.9953125 0.9703125 0.9502486046874999 0.9603559374999999 0.9501327500000001
0 0.86875 0.9875 0.86875 0.934375 0.8612444734375 0.934375 0.846875 0.9344585984375 0.846875 0.9634892875000001 0.847294109375 0.9875 0.86875 0.9875
0 0.8291541468750001 0.9317138968750001 0.8288568640625 0.9828125 0.8421875 0.9828125 0.8421875 0.931865553125 0.8291541468750001 0.9317138968750001
0 0.8426877703125001 1 0.8435681781250001 0.924337865625 0.8252800953125 0.9245506656250001 0.825 0.9486219968749999 0.825 1 0.8426877703125001 1
0 0.853125 1 0.853125 0.9865300640625 0.8418122703125 0.9868592296875001 0.8415828968750001 1 0.853125 1
0 0.8699107156250001 0.9506048640625 0.8704491171875001 0.996875 0.878125 0.996875 0.878125 0.9505570750000001 0.8699107156250001 0.9506048640625
0 0.871875 0.9502374734375 0.8671875 0.950373865625 0.8671875 0.95923546875 0.867326303125 0.9671875 0.871875 0.9671875 0.871875 0.9502374734375
0 0.646875 1 0.646875 0.9787244218750001 0.62017995 0.9787244218750001 0.6196847546875001 1 0.646875 1
0 0.612478496875 1 0.6125 0.9987681078125 0.6125 0.9563398937500001 0.5903335000000001 0.956597825 0.5895759125 1 0.612478496875 1
0 0.65 1 0.65 0.9462651234375 0.629359946875 0.9462651234375 0.629985209375 1 0.65 1
0 0.6796875 1 0.6796875 0.9818865671874999 0.6685293515625 0.9819514828125 0.6684243484375 1 0.6796875 1
0 0.540625 1 0.540625 0.9926102890624999 0.5273994203125 0.9926102890624999 0.5273134328125 1 0.540625 1
0 0.4984375 1 0.4984375 0.991034421875 0.4794661921875 0.9911447921875001 0.4796207609375 1 0.4984375 1
0 0.4671875 1 0.4671875 0.9948069703125 0.4545738484375 0.9948803546875 0.4545738484375 1 0.4671875 1
0 0.7484375 1 0.7484375 0.9569823140625001 0.7336826421875 0.9573257375 0.734427525 1 0.7484375 1
0 0.4974356765625 0.9754518187500001 0.5050978171875 0.9754518187500001 0.5050978171875 0.958084465625 0.4974356765625 0.958084465625 0.4974356765625 0.9754518187500001
0 0.5602898265625 0.9627049968750001 0.5646337171875 0.9627049968750001 0.5646337171875 0.953806909375 0.5602898265625 0.953806909375 0.5602898265625 0.9627049968750001
0 0.58001833125 0.9657067625 0.5847845453125 0.9657067625 0.5847845453125 0.9569158796874999 0.58001833125 0.9569158796874999 0.58001833125 0.9657067625
0 0.5510590578125 0.9409422031249999 0.5556442765625 0.9409422031249999 0.5556442765625 0.93279455625 0.5510590578125 0.93279455625 0.5510590578125 0.9409422031249999
0 0.5193989921875 0.9301495859375001 0.5247081921875 0.9301495859375001 0.5247081921875 0.9237172328125001 0.5193989921875 0.9237172328125001 0.5193989921875 0.9301495859375001
0 0.6671252421875 0.96500043125 0.6780453015625 0.96500043125 0.6780453015625 0.9527789625 0.6671252421875 0.9527789625 0.6671252421875 0.96500043125
0 0.6786486203125 0.96500043125 0.67056415625 0.96500043125 0.67056415625 0.9781867562500001 0.6786486203125 0.9781867562500001 0.6786486203125 0.96500043125
0 0.6835727328125 0.9874816734374999 0.6940365328125 0.9874816734374999 0.6940365328125 0.9747509749999999 0.6835727328125 0.9747509749999999 0.6835727328125 0.9874816734374999
0 0.68611798125 0.9652029515624999 0.6953562921875001 0.9652029515624999 0.6953562921875001 0.951802215625 0.68611798125 0.951802215625 0.68611798125 0.9652029515624999
0 0.9098793468749999 0.9597144609375 0.9148868875 0.9597144609375 0.9148868875 0.9518884312499999 0.9098793468749999 0.9518884312499999 0.9098793468749999 0.9597144609375
0 0.921825046875 0.9629306375000001 0.9283408828125002 0.9629306375000001 0.9283408828125002 0.952531665625 0.921825046875 0.952531665625 0.921825046875 0.9629306375000001
0 0.89437406875 0.9528532828125 0.9040271593749999 0.9528532828125 0.9040271593749999 0.9402029890625 0.89437406875 0.9402029890625 0.89437406875 0.9528532828125
0 0.88609446875 0.921286228125 0.8923689781250002 0.921286228125 0.8923689781250002 0.9145965796875 0.88609446875 0.9145965796875 0.88609446875 0.921286228125
0 0.9934294453125 0.9668027046875001 0.9870584046875 0.9668027046875001 0.9870584046875 0.9740927046875001 0.9934294453125 0.9740927046875001 0.9934294453125 0.9668027046875001
0 0.9812182843749999 0.963095025 0.9924641359375 0.963095025 0.9924641359375 0.948963646875 0.9812182843749999 0.948963646875 0.9812182843749999 0.963095025
0 0.994491284375 0.937814234375 0.989375146875 0.937814234375 0.989375146875 0.9462191765625001 0.994491284375 0.9462191765625001 0.994491284375 0.937814234375
0 0.9851277859375 0.9462191765625001 0.9899060671874998 0.9462191765625001 0.9899060671874998 0.9384145875 0.9851277859375 0.9384145875 0.9851277859375 0.9462191765625001
0 0.8968314124999999 0.9144087593750001 0.8933321671875 0.9144087593750001 0.8933321671875 0.9194474359375 0.8968314124999999 0.9194474359375 0.8968314124999999 0.9144087593750001
0 0.8533406546875 0.9183905593749999 0.849841409375 0.9183905593749999 0.849841409375 0.9241796765625001 0.8533406546875 0.9241796765625001 0.8533406546875 0.9183905593749999
0 0.8626317546875001 0.9093852640625 0.8597358281249999 0.9093852640625 0.8597358281249999 0.9141023234375 0.8626317546875001 0.9141023234375 0.8626317546875001 0.9093852640625
0 0.81770519375 0.9433769562500001 0.8128786484375 0.9433769562500001 0.8128786484375 0.9522214421874999 0.81770519375 0.9522214421874999 0.81770519375 0.9433769562500001
0 0.799792284375 0.9448678812499999 0.7961723765625 0.9448678812499999 0.7961723765625 0.9559904921874999 0.799792284375 0.9559904921874999 0.799792284375 0.9448678812499999
0 0.816621846875 0.9011514671875 0.81208489375 0.9011514671875 0.81208489375 0.9118720546875 0.816621846875 0.9118720546875 0.816621846875 0.9011514671875
0 0.8095011828124999 0.9019072687499999 0.804481575 0.9019072687499999 0.804481575 0.91211326875 0.8095011828124999 0.91211326875 0.8095011828124999 0.9019072687499999
0 0.8116248640624999 0.9019072687499999 0.8081497499999999 0.9019072687499999 0.8081497499999999 0.9127993859375 0.8116248640624999 0.9127993859375 0.8116248640624999 0.9019072687499999
0 0.8110847 0.90468211875 0.8148223781249999 0.90468211875 0.8148223781249999 0.8932102328125 0.8110847 0.8932102328125 0.8110847 0.90468211875
0 0.8000210515624999 0.909911965625 0.804481575 0.909911965625 0.804481575 0.8996202 0.8000210515624999 0.8996202 0.8000210515624999 0.909911965625
0 0.7963175828125 0.9093972687499999 0.8000210515624999 0.9093972687499999 0.8000210515624999 0.90107809375 0.7963175828125 0.90107809375 0.7963175828125 0.9093972687499999
0 0.755963371875 0.907597753125 0.75819565 0.907597753125 0.75819565 0.9032023109375 0.755963371875 0.9032023109375 0.755963371875 0.907597753125
0 0.7332927484375 0.9073448125000001 0.735766353125 0.9073448125000001 0.735766353125 0.90198451875 0.7332927484375 0.90198451875 0.7332927484375 0.9073448125000001
0 0.479521953125 0.9115155296874999 0.48348122968750007 0.9115155296874999 0.48348122968750007 0.9044801453125 0.479521953125 0.9044801453125 0.479521953125 0.9115155296874999
0 0.517167378125 0.9049430109374998 0.5141507875 0.9049430109374998 0.5141507875 0.9101960984374999 0.517167378125 0.9101960984374999 0.517167378125 0.9049430109374998
0 0.7306890546875 0.9626478796875 0.7358534578125 0.9626478796875 0.7358534578125 0.9472102328125 0.7306890546875 0.9472102328125 0.7306890546875 0.9626478796875
0 0.7171747265625 0.9636770562500001 0.72499373125 0.9636770562500001 0.72499373125 0.9563012921875 0.7171747265625 0.9563012921875 0.7171747265625 0.9636770562500001
0 0.78904446875 0.958604090625 0.7951379828125 0.958604090625 0.7951379828125 0.94498894375 0.78904446875 0.94498894375 0.78904446875 0.958604090625
0 0.8123438640625 0.9831341359374999 0.8218159593750001 0.9831341359374999 0.8218159593750001 0.9746648718750001 0.8123438640625 0.9746648718750001 0.8123438640625 0.9831341359374999
0 0.8114388859374999 0.9774522234375 0.817170409375 0.9774522234375 0.817170409375 0.969090165625 0.8114388859374999 0.969090165625 0.8114388859374999 0.9774522234375
0 0.8048023859375 0.982062078125 0.8110768953124999 0.982062078125 0.8110768953124999 0.96823251875 0.8048023859375 0.96823251875 0.8048023859375 0.982062078125
0 0.7672457265625 0.915865684375 0.7702623187500001 0.915865684375 0.7702623187500001 0.9096678453125 0.7672457265625 0.9096678453125 0.7672457265625 0.915865684375
0 0.759974384375 0.9142713046875001 0.7626000265625 0.9142713046875001 0.7626000265625 0.91063488125 0.759974384375 0.91063488125 0.759974384375 0.9142713046875001
0 0.8970998828125001 0.9053299625000001 0.899918584375 0.9053299625000001 0.899918584375 0.9001154671875 0.8970998828125001 0.9001154671875 0.8970998828125001 0.9053299625000001
0 0.8771761375 0.90528883125 0.8804943875 0.90528883125 0.8804943875 0.9018582437500001 0.8771761375 0.9018582437500001 0.8771761375 0.90528883125
0 0.876934809375 0.9159022140624999 0.8790464234375002 0.9159022140624999 0.8790464234375002 0.9108635375 0.876934809375 0.9108635375 0.876934809375 0.9159022140624999
