0 0.391014078125 0.3094672375 0.3913948140625 0.3421875 0.4 0.3421875 0.4 0.309205775 0.391014078125 0.3094672375
0 0.4905080640625 0.41875 0.490449225 0.4086364921875 0.4834217609375 0.408513828125 0.48348131250000004 0.41875 0.4905080640625 0.41875
0 0.537194440625 0.41875 0.5373788953124999 0.4108251140625 0.528495121875 0.41077342968749997 0.5283094640625 0.41875 0.537194440625 0.41875
0 0.4703125 0.1734375 0.4703125 0.154848753125 0.45960801093750003 0.155097903125 0.459375 0.16510901875 0.459375 0.1734375 0.4703125 0.1734375
0 0.47663440156250003 0.1453125 0.4770708109375 0.1640625 0.4828125 0.1640625 0.4828125 0.1453125 0.47663440156250003 0.1453125
0 0.8376186156250001 0.362283209375 0.8445092546874999 0.362283209375 0.8445092546874999 0.3442615359375 0.8376186156250001 0.3442615359375 0.8376186156250001 0.362283209375
0 0.832848171875 0.362283209375 0.8392087625 0.362283209375 0.8392087625 0.34373148750000004 0.832848171875 0.34373148750000004 0.832848171875 0.362283209375
0 0.8340849531250001 0.350357103125 0.8407989109375 0.350357103125 0.8407989109375 0.33419060156249997 0.8340849531250001 0.33419060156249997 0.8340849531250001 0.350357103125
0 0.8567003875000001 0.33790094531250003 0.8600573656249999 0.33790094531250003 0.8600573656249999 0.32040932187500004 0.8567003875000001 0.32040932187500004 0.8567003875000001 0.33790094531250003
0 0.8600573656249999 0.3442615359375 0.8644744421875 0.3442615359375 0.8644744421875 0.3265048875 0.8600573656249999 0.3265048875 0.8600573656249999 0.3442615359375
0 0.8644744421875 0.3442615359375 0.8688915187500001 0.3442615359375 0.8688915187500001 0.3270349375 0.8644744421875 0.3270349375 0.8644744421875 0.3442615359375
0 0.8217766734375 0.3327206265625 0.829692075 0.3327206265625 0.829692075 0.31406289374999996 0.8217766734375 0.31406289374999996 0.8217766734375 0.3327206265625
0 0.8198543609375001 0.33865717812499996 0.8258474515625001 0.33865717812499996 0.8258474515625001 0.3237309921875 0.8198543609375001 0.3237309921875 0.8198543609375001 0.33865717812499996
0 0.8258474515625001 0.33865717812499996 0.831501309375 0.33865717812499996 0.831501309375 0.3240702234375 0.8258474515625001 0.3240702234375 0.8258474515625001 0.33865717812499996
0 0.7898079703125 0.26950430625 0.79334163125 0.26950430625 0.79334163125 0.25932736093750003 0.7898079703125 0.25932736093750003 0.7898079703125 0.26950430625
0 0.7951791359375 0.270140365625 0.7989954890625001 0.270140365625 0.7989954890625001 0.258691303125 0.7951791359375 0.258691303125 0.7951791359375 0.270140365625
0 0.8040839625 0.2682321890625 0.8074762765625 0.2682321890625 0.8074762765625 0.2578432234375 0.8040839625 0.2578432234375 0.8040839625 0.2682321890625
0 0.841116734375 0.27586489687500004 0.8446503953125 0.27586489687500004 0.8446503953125 0.267172090625 0.841116734375 0.267172090625 0.841116734375 0.27586489687500004
0 0.8469843078124999 0.2767027984375 0.8508922546875001 0.2767027984375 0.8508922546875001 0.26476185 0.8469843078124999 0.26476185 0.8469843078124999 0.2767027984375
0 0.8291090703125 0.273011959375 0.832293321875 0.273011959375 0.832293321875 0.2621565515625 0.8291090703125 0.2621565515625 0.8291090703125 0.273011959375
0 0.8237537359375 0.27355473125 0.828023528125 0.27355473125 0.828023528125 0.2655217296875 0.8237537359375 0.2655217296875 0.8237537359375 0.27355473125
0 0.9060226734375 0.29966927656250003 0.9100985187500001 0.29966927656250003 0.9100985187500001 0.28313431875 0.9060226734375 0.28313431875 0.9060226734375 0.29966927656250003
0 0.9008352359374999 0.2973071390625 0.9041237015625001 0.2973071390625 0.9041237015625001 0.2884838640625 0.9008352359374999 0.2884838640625 0.9008352359374999 0.2973071390625
0 0.8980099359375 0.295848171875 0.9008352359374999 0.295848171875 0.9008352359374999 0.2879280671875 0.8980099359375 0.2879280671875 0.8980099359375 0.295848171875
0 0.8943046234375001 0.29876610625 0.89736150625 0.29876610625 0.89736150625 0.284940659375 0.8943046234375001 0.284940659375 0.8943046234375001 0.29876610625
0 0.88981193125 0.29765451249999997 0.8936098765625001 0.29765451249999997 0.8936098765625001 0.289248084375 0.88981193125 0.289248084375 0.88981193125 0.29765451249999997
0 0.886801365625 0.29765451249999997 0.8901824625 0.29765451249999997 0.8901824625 0.2889701859375 0.886801365625 0.2889701859375 0.886801365625 0.29765451249999997
0 0.940401665625 0.3617466546875 0.9469036031249999 0.3617466546875 0.9469036031249999 0.336092271875 0.940401665625 0.336092271875 0.940401665625 0.3617466546875
0 0.934041075 0.355810103125 0.940401665625 0.355810103125 0.940401665625 0.3418168046875 0.934041075 0.3418168046875 0.934041075 0.355810103125
0 0.05835899375 0.6006774546875 0.05862383125 0.6234375 0.0621794609375 0.6234375 0.065625 0.6233372453125 0.065625 0.600466034375 0.05835899375 0.6006774546875
0 0.0346476640625 0.5942431390625 0.0348266015625 0.625 0.0421875 0.625 0.0421875 0.594374746875 0.0346476640625 0.5942431390625
0 0.10131738125 0.705343034375 0.09293339687499999 0.7052942578125 0.0924749265625 0.724992015625 0.09384732500000001 0.725 0.10085986093749999 0.725 0.10131738125 0.705343034375
0 0.753125 0.7582775421875001 0.74375 0.7585503265625 0.74375 0.7803466515624999 0.74388778125 0.7921875 0.753125 0.7921875 0.753125 0.7582775421875001
0 0.9671875 0.6605360171875001 0.9609375 0.6604269234375 0.9609375 0.6875 0.9671875 0.6875 0.9671875 0.6605360171875001
0 0.955205140625 0.63953854375 0.95448886875 0.6703125 0.960930128125 0.6703125 0.9609375 0.6699957765625 0.9609375 0.6395718953125 0.955205140625 0.63953854375
0 0.959375 0.5620383375 0.959375 0.554875534375 0.9501332390625 0.5550906375 0.95 0.5608151375 0.95 0.590625 0.9549127171875 0.590625 0.9587116968749999 0.5905365781249999 0.959375 0.5620383375
0 0.9378222921875 0.547945428125 0.9385247296875001 0.578125 0.9484375 0.578125 0.9484375 0.547945428125 0.9378222921875 0.547945428125
0 0.5890625 1 0.5988452843750001 1 0.5988452843750001 0.9654651125000001 0.5890625 0.9654651125000001 0.5890625 1
