0 0.3385386453125 0.4603922390625 0.3419884671875 0.4603922390625 0.3419884671875 0.44718266562500003 0.3385386453125 0.44718266562500003 0.3385386453125 0.4603922390625
0 0.32898529375 0.4160458125 0.3327004859375 0.4160458125 0.3327004859375 0.4000056140625 0.32898529375 0.4000056140625 0.32898529375 0.4160458125
0 0.3244739875 0.40755394375 0.32898529375 0.40755394375 0.32898529375 0.391041975 0.3244739875 0.391041975 0.3244739875 0.40755394375
0 0.32533005312499996 0.3947962125 0.3274170140625 0.3947962125 0.3274170140625 0.38412951875 0.32533005312499996 0.38412951875 0.32533005312499996 0.3947962125
0 0.3274170140625 0.3947962125 0.3299387609375 0.3947962125 0.3299387609375 0.3845932875 0.3274170140625 0.3845932875 0.3274170140625 0.3947962125
0 0.3325474625 0.380573953125 0.33559094843750004 0.380573953125 0.33559094843750004 0.367743003125 0.3325474625 0.367743003125 0.3325474625 0.380573953125
0 0.31150433906249997 0.334738453125 0.3134521703125 0.334738453125 0.3134521703125 0.3245973640625 0.31150433906249997 0.3245973640625 0.31150433906249997 0.334738453125
0 0.30698258906250003 0.31816643125 0.31011303125 0.31816643125 0.31011303125 0.30654128125 0.30698258906250003 0.30654128125 0.30698258906250003 0.31816643125
0 0.3142869546875 0.2889798828125 0.3165826125 0.2889798828125 0.3165826125 0.2793334828125 0.3142869546875 0.2793334828125 0.3142869546875 0.2889798828125
0 0.317765225 0.2994919875 0.32033914375 0.2994919875 0.32033914375 0.28860886875 0.317765225 0.28860886875 0.317765225 0.2994919875
0 0.3701304515625 0.538027303125 0.37463976718750003 0.538027303125 0.37463976718750003 0.5215046171875 0.3701304515625 0.5215046171875 0.3701304515625 0.538027303125
0 0.41475534999999997 0.9714882078124999 0.42362984062500003 0.9714882078124999 0.42362984062500003 0.9408906390625 0.41475534999999997 0.9408906390625 0.41475534999999997 0.9714882078124999
0 0.1136174078125 0.5665697296875 0.1200782296875 0.5665697296875 0.1200782296875 0.5470857828125 0.1136174078125 0.5470857828125 0.1136174078125 0.5665697296875
0 0.36646964375 0.5369000015625 0.3697677078125 0.5369000015625 0.3697677078125 0.5234446515625 0.36646964375 0.5234446515625 0.36646964375 0.5369000015625
0 0.359222921875 0.4590299265625 0.3635040625 0.4590299265625 0.3635040625 0.44380809218749995 0.359222921875 0.44380809218749995 0.359222921875 0.4590299265625
