0 0.2088289640625 0.1993282890625 0.2091095 0.2234375 0.21875 0.2234375 0.21875 0.1991551171875 0.2088289640625 0.1993282890625
0 0.1921487234375 0.2109375 0.1925851 0.2359375 0.2 0.2359375 0.2 0.2109375 0.1921487234375 0.2109375
0 0.2510296328125 0.27461352968749997 0.2515818484375 0.30625 0.2625 0.30625 0.2625 0.27441331406249997 0.2510296328125 0.27461352968749997
0 0.3671875 0 0.3671875 0.01875 0.38125 0.01875 0.38125 0 0.3671875 0
0 0.46778350937499996 0.6167335640625 0.46817059843750003 0.65 0.478125 0.65 0.478125 0.6165530515625 0.46778350937499996 0.6167335640625
0 0.46271006718749996 0.6206421390625 0.46316796406250005 0.646875 0.4703125 0.646875 0.4703125 0.620597909375 0.46271006718749996 0.6206421390625
0 0.8875 1 0.8875 0.8599253906250001 0.8212756531250001 0.8606959812499999 0.822896603125 1 0.8875 1
0 0.630252171875 0.7725882890625 0.63228018125 0.946875 0.664844209375 0.946875 0.671875 0.9468340953125001 0.671875 0.772346134375 0.630252171875 0.7725882890625
0 0.71875 0.749580415625 0.690153434375 0.7487483390625 0.6890625 0.795619328125 0.6890625 0.903125 0.7153478468750001 0.903125 0.71875 0.75695461875 0.71875 0.749580415625
0 0.5189505484375 0.6961943109375 0.5189505484375 0.84375 0.5421875 0.84375 0.5421875 0.6964646968749999 0.5189505484375 0.6961943109375
0 0.56052474375 0.6546851625000001 0.56052474375 0.7953125 0.5859375 0.7953125 0.5859375 0.6552766515624999 0.56052474375 0.6546851625000001
0 0.7162869515625 0.51875 0.7162869515625 0.703555634375 0.9880517890625 0.703555634375 0.9880517890625 0.51875 0.7162869515625 0.51875
0 0.5075899046875 0.51875 0.5075899046875 0.6239737453125 0.6853264015625 0.6239737453125 0.6853264015625 0.51875 0.5075899046875 0.51875
