0 0.515252415625 0.2465480359375 0.52445245 0.2465480359375 0.52445245 0.21179778593749998 0.515252415625 0.21179778593749998 0.515252415625 0.2465480359375
0 0.523877446875 0.209753653125 0.5284774640625 0.209753653125 0.5284774640625 0.1836909671875 0.523877446875 0.1836909671875 0.523877446875 0.209753653125
0 0.5365274921875 0.18931233125 0.5284774640625 0.18931233125 0.5284774640625 0.21281985312499999 0.5365274921875 0.21281985312499999 0.5365274921875 0.18931233125
0 0.5538758796875001 0.18817502656250001 0.5814759781250001 0.18817502656250001 0.5814759781250001 0.162112340625 0.5538758796875001 0.162112340625 0.5538758796875001 0.18817502656250001
0 0.6094038296875001 0.21085102500000003 0.6233878796875001 0.21085102500000003 0.6233878796875001 0.19286266093749999 0.6094038296875001 0.19286266093749999 0.6094038296875001 0.21085102500000003
0 0.6441799546875 0.19024617187499998 0.6557719953125 0.19024617187499998 0.6557719953125 0.1738931125 0.6441799546875 0.1738931125 0.6441799546875 0.19024617187499998
0 0.716657525 0.2025529421875 0.73937010625 0.2025529421875 0.73937010625 0.1816005859375 0.716657525 0.1816005859375 0.716657525 0.2025529421875
0 0.845254040625 0.1979940265625 0.8537640703125 0.1979940265625 0.8537640703125 0.174282090625 0.845254040625 0.174282090625 0.845254040625 0.1979940265625
0 0.850544059375 0.2409208046875 0.8556040781250001 0.2409208046875 0.8556040781250001 0.219253003125 0.850544059375 0.219253003125 0.850544059375 0.2409208046875
0 0.8418040281250001 0.24582672187500001 0.84962405625 0.24582672187500001 0.84962405625 0.21598239062500002 0.8418040281250001 0.21598239062500002 0.8418040281250001 0.24582672187500001
0 0.8765341531249999 0.19962933125 0.8829741765625 0.19962933125 0.8829741765625 0.177961528125 0.8765341531249999 0.177961528125 0.8765341531249999 0.19962933125
0 0.8742341453125 0.22579422500000002 0.878374159375 0.22579422500000002 0.878374159375 0.202082290625 0.8742341453125 0.202082290625 0.8742341453125 0.22579422500000002
0 0.8868841906250001 0.22375009218750003 0.89148420625 0.22375009218750003 0.89148420625 0.2012646375 0.8868841906250001 0.2012646375 0.8868841906250001 0.22375009218750003
0 0.8997642359375 0.26872100312499997 0.9114942781250001 0.26872100312499997 0.9114942781250001 0.238876671875 0.8997642359375 0.238876671875 0.8997642359375 0.26872100312499997
0 0.9697653703124999 0.2195551328125 0.9755061906249999 0.2195551328125 0.9755061906249999 0.20568773906249999 0.9697653703124999 0.20568773906249999 0.9697653703124999 0.2195551328125
0 0.9574971203124999 0.24972900625 0.9651338671874999 0.24972900625 0.9651338671874999 0.22816979843750002 0.9574971203124999 0.22816979843750002 0.9574971203124999 0.24972900625
0 0.61468044375 0.32125040625 0.62531798125 0.32125040625 0.62531798125 0.294165653125 0.61468044375 0.294165653125 0.61468044375 0.32125040625
0 0.6885682078124999 0.3136077234375 0.6977682406250001 0.3136077234375 0.6977682406250001 0.2829457390625 0.6885682078124999 0.2829457390625 0.6885682078124999 0.3136077234375
0 0.6816681828125 0.3066576734375 0.686958203125 0.3066576734375 0.686958203125 0.28785165625000003 0.6816681828125 0.28785165625000003 0.6816681828125 0.3066576734375
0 0.6768381671875 0.3066576734375 0.6816681828125 0.3066576734375 0.6816681828125 0.285398696875 0.6768381671875 0.285398696875 0.6768381671875 0.3066576734375
0 0.725368340625 0.3352755265625 0.730888359375 0.3352755265625 0.730888359375 0.3123812453125 0.725368340625 0.3123812453125 0.725368340625 0.3352755265625
0 0.7382483859375 0.3123812453125 0.730888359375 0.3123812453125 0.730888359375 0.33854613906250003 0.7382483859375 0.33854613906250003 0.7382483859375 0.3123812453125
0 0.7405483937499999 0.3381373109375 0.746298415625 0.3381373109375 0.746298415625 0.31401655 0.7405483937499999 0.31401655 0.7405483937499999 0.3381373109375
0 0.804258621875 0.32055777343749997 0.809318640625 0.32055777343749997 0.809318640625 0.29480170625 0.804258621875 0.29480170625 0.804258621875 0.32055777343749997
0 0.8157586640625001 0.325463690625 0.8238086921875001 0.325463690625 0.8238086921875001 0.2964370125 0.8157586640625001 0.2964370125 0.8157586640625001 0.325463690625
0 0.8116186484375 0.32055777343749997 0.8192086765625 0.32055777343749997 0.8192086765625 0.3070665 0.8116186484375 0.3070665 0.8116186484375 0.32055777343749997
0 0.777808528125 0.3119724171875 0.78585855625 0.3119724171875 0.78585855625 0.285807525 0.777808528125 0.285807525 0.777808528125 0.3119724171875
0 0.8695788562500001 0.32055777343749997 0.8783188875000001 0.32055777343749997 0.8783188875000001 0.30216058281249997 0.8695788562500001 0.30216058281249997 0.8695788562500001 0.32055777343749997
0 0.8663588453125 0.3315960890625 0.870498859375 0.3315960890625 0.870498859375 0.30870180625 0.8663588453125 0.30870180625 0.8663588453125 0.3315960890625
0 0.9546791609374999 0.311154765625 0.9588191765625 0.311154765625 0.9588191765625 0.29480170625 0.9546791609374999 0.29480170625 0.9546791609374999 0.311154765625
0 0.9447891265624999 0.3099282859375 0.952379153125 0.3099282859375 0.952379153125 0.290304615625 0.9447891265624999 0.290304615625 0.9447891265624999 0.3099282859375
0 0.5734465921874999 0.407325171875 0.5780466078125001 0.407325171875 0.5780466078125001 0.38024041875000003 0.5734465921874999 0.38024041875000003 0.5734465921874999 0.407325171875
0 0.583509128125 0.423167196875 0.5944341671875 0.423167196875 0.5944341671875 0.40017070937500004 0.583509128125 0.40017070937500004 0.583509128125 0.423167196875
0 0.5803466171875 0.361843228125 0.586959140625 0.361843228125 0.586959140625 0.33680260781250004 0.5803466171875 0.33680260781250004 0.5803466171875 0.361843228125
0 0.7568938109375 0.3566765609375 0.7647138390625 0.3566765609375 0.7647138390625 0.345638246875 0.7568938109375 0.345638246875 0.7568938109375 0.3566765609375
0 0.760573825 0.31538508906249996 0.7693138562499999 0.31538508906249996 0.7693138562499999 0.3043467734375 0.760573825 0.3043467734375 0.760573825 0.31538508906249996
0 1 0.3629878203125 0.9955771671874999 0.3629878203125 0.9955771671874999 0.375661440625 1 0.375661440625 1 0.3629878203125
0 0.9872971359375 0.342955321875 0.99649716875 0.342955321875 0.99649716875 0.3245581328125 0.9872971359375 0.3245581328125 0.9872971359375 0.342955321875
0 0.5 0.21900452656249997 0.5129192453125 0.21900452656249997 0.5129192453125 0.20372422812500002 0.5 0.20372422812500002 0.5 0.21900452656249997
0 0.5069134640625 0.19556078125 0.5206914328125001 0.19556078125 0.5206914328125001 0.18216435625 0.5069134640625 0.18216435625 0.5069134640625 0.19556078125
0 0.8371700359375 0.0410156953125 0.841032578125 0.0410156953125 0.841032578125 0.027451814062500003 0.8371700359375 0.027451814062500003 0.8371700359375 0.0410156953125
0 0.8508302453125001 0.053574843750000004 0.8533738703125 0.053574843750000004 0.8533738703125 0.041518059375 0.8508302453125001 0.041518059375 0.8508302453125001 0.053574843750000004
0 0.5787057859375 0.45 0.5787057859375 0.41347660625 0.5458156671875 0.41347660625 0.5458156671875 0.45 0.5787057859375 0.45
0 0.44952228125 0.941721703125 0.45867580625000004 0.941721703125 0.45867580625000004 0.9289130984374999 0.44952228125 0.9289130984374999 0.44952228125 0.941721703125
0 0.5 0.9278745624999999 0.4910052734375 0.9278745624999999 0.4910052734375 0.9462220218749999 0.5 0.9462220218749999 0.5 0.9278745624999999
0 0.43484050625000004 0.929179221875 0.44652585624999996 0.929179221875 0.44652585624999996 0.9016580328125 0.43484050625000004 0.9016580328125 0.43484050625000004 0.929179221875
0 0.466725384375 0.87306044375 0.4769500640625 0.87306044375 0.4769500640625 0.8406062109375 0.466725384375 0.8406062109375 0.466725384375 0.87306044375
0 0.4215246546875 0.8743534125 0.429626496875 0.8743534125 0.429626496875 0.8448590062499999 0.4215246546875 0.8448590062499999 0.4215246546875 0.8743534125
0 0.3425711265625 0.8858508656249999 0.35604823125 0.8858508656249999 0.35604823125 0.8686804125 0.3425711265625 0.8686804125 0.3425711265625 0.8858508656249999
0 0.3208363765625 0.855110215625 0.3300288515625 0.855110215625 0.3300288515625 0.8396014203125001 0.3208363765625 0.8396014203125001 0.3208363765625 0.855110215625
0 0.0574444421875 0.9844961968749999 0.0672165109375 0.9844961968749999 0.0672165109375 0.9682607031250001 0.0574444421875 0.9682607031250001 0.0574444421875 0.9844961968749999
0 0.0991056 0.8828354812499999 0.1066037 0.8828354812499999 0.1066037 0.8572182734375 0.0991056 0.8572182734375 0.0991056 0.8828354812499999
0 0.0752480109375 0.8882012484375 0.0752480109375 0.86050696875 0.06424430625000001 0.86050696875 0.06424430625000001 0.864776190625 0.06424430625000001 0.8882012484375 0.0752480109375 0.8882012484375
0 0.0003189921875 0.8598657812500001 0.007797615625 0.8598657812500001 0.007797615625 0.8291805203125 0.0003189921875 0.8291805203125 0.0003189921875 0.8598657812500001
0 0.013281939062500001 0.8230877781249999 0.005803315625 0.8230877781249999 0.005803315625 0.8543269265625 0.013281939062500001 0.8543269265625 0.013281939062500001 0.8230877781249999
0 0.0416882984375 0.8407490890625 0.055399109375 0.8407490890625 0.055399109375 0.8163781234374999 0.0416882984375 0.8163781234374999 0.0416882984375 0.8407490890625
0 0.043433310937500004 0.8229139734375 0.054651246875000004 0.8229139734375 0.054651246875000004 0.7864683015624999 0.043433310937500004 0.7864683015624999 0.043433310937500004 0.8229139734375
0 0.022617807812499998 0.8091776093749999 0.03782434375 0.8091776093749999 0.03782434375 0.775722921875 0.022617807812499998 0.775722921875 0.022617807812499998 0.8091776093749999
0 0.072202690625 0.8032331203125 0.08180025937499999 0.8032331203125 0.08180025937499999 0.7791944859375001 0.072202690625 0.7791944859375001 0.072202690625 0.8032331203125
0 0.1619676 0.823988946875 0.17163995468749998 0.823988946875 0.17163995468749998 0.8058214984375001 0.1619676 0.8058214984375001 0.1619676 0.823988946875
0 0.218582778125 0.8202137031250001 0.23114452968750002 0.8202137031250001 0.23114452968750002 0.7945964953125 0.218582778125 0.7945964953125 0.218582778125 0.8202137031250001
0 0.2716551796875 0.819219709375 0.2814708734375 0.819219709375 0.2814708734375 0.798449 0.2716551796875 0.798449 0.2716551796875 0.819219709375
0 0.2935457359375 0.798449 0.28256150625 0.798449 0.28256150625 0.819496653125 0.2935457359375 0.819496653125 0.2935457359375 0.798449
0 0.3055426953125 0.7991413578125 0.2953374890625 0.7991413578125 0.2953374890625 0.8206044234375 0.3055426953125 0.8206044234375 0.3055426953125 0.7991413578125
0 0.373479753125 0.8366453703125 0.3826089328125 0.8366453703125 0.3826089328125 0.796077578125 0.373479753125 0.796077578125 0.373479753125 0.8366453703125
0 0.3900644296875 0.8063547515625 0.3970634671875 0.8063547515625 0.3970634671875 0.77579368125 0.3900644296875 0.77579368125 0.3900644296875 0.8063547515625
0 0.41851703906250004 0.817984184375 0.4255160765625 0.817984184375 0.4255160765625 0.7876935671874999 0.41851703906250004 0.7876935671874999 0.41851703906250004 0.817984184375
0 0.4331237265625 0.7906685390625 0.4255160765625 0.7906685390625 0.4255160765625 0.8306954265625001 0.4331237265625 0.8306954265625001 0.4331237265625 0.7906685390625
0 0.45423008437499995 0.8326675625 0.47393937499999994 0.8326675625 0.47393937499999994 0.8053886968749999 0.45423008437499995 0.8053886968749999 0.45423008437499995 0.8326675625
0 0.3303921328125 0.7858799140625 0.3377461125 0.7858799140625 0.3377461125 0.7512066765625001 0.3303921328125 0.7512066765625001 0.3303921328125 0.7858799140625
0 0.3500235203125 0.7574101953125 0.3555078453125 0.7574101953125 0.3555078453125 0.726392603125 0.3500235203125 0.726392603125 0.3500235203125 0.7574101953125
0 0.35426140781250004 0.752868334375 0.358436971875 0.752868334375 0.358436971875 0.73148835 0.35426140781250004 0.73148835 0.35426140781250004 0.752868334375
0 0.36535470000000003 0.733260784375 0.3593718 0.733260784375 0.3593718 0.758185634375 0.36535470000000003 0.758185634375 0.36535470000000003 0.733260784375
0 0.35800071875 0.7482156953125 0.364045940625 0.7482156953125 0.364045940625 0.7265033796875 0.35800071875 0.7265033796875 0.35800071875 0.7482156953125
0 0.170401159375 0.7761268343750001 0.18198913125 0.7761268343750001 0.18198913125 0.749990359375 0.170401159375 0.749990359375 0.170401159375 0.7761268343750001
0 0.208183790625 0.751375071875 0.2164609140625 0.751375071875 0.2164609140625 0.7357970406250001 0.208183790625 0.7357970406250001 0.208183790625 0.751375071875
0 0.140993028125 0.7733574062499999 0.16338995 0.7733574062499999 0.16338995 0.73371996875 0.140993028125 0.73371996875 0.140993028125 0.7733574062499999
0 0.100757615625 0.743949678125 0.119142565625 0.743949678125 0.119142565625 0.7123782000000001 0.100757615625 0.7123782000000001 0.100757615625 0.743949678125
0 0.09514864843750001 0.7644434453125 0.11220925781249999 0.7644434453125 0.11220925781249999 0.7479653484375 0.09514864843750001 0.7479653484375 0.09514864843750001 0.7644434453125
0 0.0588461609375 0.770120771875 0.0787112546875 0.770120771875 0.0787112546875 0.7472729921875001 0.0588461609375 0.7472729921875001 0.0588461609375 0.770120771875
0 0.035238540624999995 0.7514841921875 0.0199696828125 0.7514841921875 0.0199696828125 0.76721454375 0.035238540624999995 0.76721454375 0.035238540624999995 0.7514841921875
0 0.020655223437500002 0.7481608796874999 0.049884178125 0.7481608796874999 0.049884178125 0.727777890625 0.020655223437500002 0.727777890625 0.020655223437500002 0.7481608796874999
0 0.0018505359374999999 0.7530623375 0.00739718125 0.7530623375 0.00739718125 0.731350021875 0.0018505359374999999 0.731350021875 0.0018505359374999999 0.7530623375
0 0.331166378125 0.6966975765625 0.3437304671875 0.6966975765625 0.3437304671875 0.6664775781250001 0.331166378125 0.6664775781250001 0.331166378125 0.6966975765625
0 0.49143352656249994 0.7633015328124999 0.49788481406249996 0.7633015328124999 0.49788481406249996 0.7375545078125001 0.49143352656249994 0.7375545078125001 0.49143352656249994 0.7633015328124999
0 0.5 0.7189474140625001 0.49666758906249997 0.7189474140625001 0.49666758906249997 0.7310636609375 0.5 0.7310636609375 0.5 0.7189474140625001
0 0.27100010625 0.71815803125 0.278843153125 0.71815803125 0.278843153125 0.703184346875 0.27100010625 0.703184346875 0.27100010625 0.71815803125
0 0.1847330390625 0.7735862234375 0.1937198640625 0.7735862234375 0.1937198640625 0.7419607703125 0.1847330390625 0.7419607703125 0.1847330390625 0.7735862234375
0 0.22288165625 0.7725028453125 0.24024256875 0.7725028453125 0.24024256875 0.7573758734375 0.22288165625 0.7573758734375 0.22288165625 0.7725028453125
0 0.4675130765625 0.7261222015625 0.47450282968749996 0.7261222015625 0.47450282968749996 0.7001441484375001 0.4675130765625 0.7001441484375001 0.4675130765625 0.7261222015625
0 0.5 0.703298753125 0.4974368921875 0.703298753125 0.4974368921875 0.7189474140625001 0.5 0.7189474140625001 0.5 0.703298753125
0 0.056592021874999995 0.9744698125 0.06612350312500001 0.9744698125 0.06612350312500001 0.9528483281250001 0.056592021874999995 0.9528483281250001 0.056592021874999995 0.9744698125
0 0.6926614609375 1 0.6926614609375 0.9817027406250001 0.686406215625 0.9817027406250001 0.686406215625 1 0.6926614609375 1
0 0.6704553421874999 0.9589094125 0.6760850625 0.9589094125 0.6760850625 0.9352821812500001 0.6704553421874999 0.9352821812500001 0.6704553421874999 0.9589094125
0 0.5428025421875 0.6553027531250001 0.5756425765625 0.6553027531250001 0.5756425765625 0.580529515625 0.5428025421875 0.580529515625 0.5428025421875 0.6553027531250001
0 0.5866185749999999 0.778268590625 0.6156956875 0.778268590625 0.6156956875 0.6901008 0.5866185749999999 0.6901008 0.5866185749999999 0.778268590625
0 0.5 0.45 0.5 0.5197612781250001 0.53291355 0.5197612781250001 0.53291355 0.45 0.5 0.45
0 0.6196799671875001 0.818528240625 0.624765284375 0.818528240625 0.624765284375 0.8015455890625001 0.6196799671875001 0.8015455890625001 0.6196799671875001 0.818528240625
