0 0.46475937343749996 0.8703125 0.45519046875 0.8703125 0.4546875 0.8991275203125 0.4546875 0.98125 0.487476153125 0.98125 0.4890625 0.89036825625 0.4890625 0.8707367125000001 0.46475937343749996 0.8703125
0 0.9375 0.9499291671875 0.928403834375 0.9497703937499999 0.928125 0.9657447937499999 0.928125 0.990625 0.9373904453125 0.990625 0.9375 0.9843486078125 0.9375 0.9499291671875
0 0.9688102640625 0.8694519078125001 0.9607613531249999 0.8694519078125001 0.9607613531249999 0.9005176437500001 0.9688102640625 0.9005176437500001 0.9688102640625 0.8694519078125001
0 1 0.9040516921874999 0.9955522109375 0.9040516921874999 0.9955522109375 0.9365072203124999 1 0.9365072203124999 1 0.9040516921874999
0 1 0.7632196734375001 0.9953044406250001 0.7632196734375001 0.9953044406250001 0.791928696875 1 0.791928696875 1 0.7632196734375001
0 0.6598897218750001 0.6616143734375 0.663560628125 0.6616143734375 0.663560628125 0.6532587624999999 0.6598897218750001 0.6532587624999999 0.6598897218750001 0.6616143734375
0 0.650077571875 0.6846695875 0.654651159375 0.6846695875 0.654651159375 0.664101928125 0.650077571875 0.664101928125 0.650077571875 0.6846695875
0 0.7042061203125 0.687278825 0.7099231046875 0.687278825 0.7099231046875 0.670139109375 0.7042061203125 0.670139109375 0.7042061203125 0.687278825
0 0.87951356875 0.749969778125 0.885230553125 0.749969778125 0.885230553125 0.738989646875 0.87951356875 0.738989646875 0.87951356875 0.749969778125
0 0.874358253125 0.7740530890625 0.8636012953125001 0.7740530890625 0.8636012953125001 0.7898537640625001 0.874358253125 0.7898537640625001 0.874358253125 0.7740530890625
0 0.9085849359375 0.783024659375 0.9027927281250001 0.783024659375 0.9027927281250001 0.803378071875 0.9085849359375 0.803378071875 0.9085849359375 0.783024659375
0 0.8867424453125 0.7567219281249999 0.8919804062499999 0.7567219281249999 0.8919804062499999 0.7492490125 0.8867424453125 0.7492490125 0.8867424453125 0.7567219281249999
0 0.89471493125 0.7628236671875 0.8997218046875 0.7628236671875 0.8997218046875 0.7391708593749999 0.89471493125 0.7391708593749999 0.89471493125 0.7628236671875
0 0.8912486328125 0.775712734375 0.8958703625 0.775712734375 0.8958703625 0.764263403125 0.8912486328125 0.764263403125 0.8912486328125 0.775712734375
0 0.8934439546874999 0.7792777953125001 0.9000299203125 0.7792777953125001 0.9000299203125 0.7620695203125 0.8934439546874999 0.7620695203125 0.8934439546874999 0.7792777953125001
0 0.90827200625 0.785263840625 0.9131633375 0.785263840625 0.9131633375 0.7703180078125 0.90827200625 0.7703180078125 0.90827200625 0.785263840625
0 0.9113531609375001 0.8017179671874999 0.9184783281250001 0.8017179671874999 0.9184783281250001 0.77744813125 0.9113531609375001 0.77744813125 0.9113531609375001 0.8017179671874999
0 0.830033571875 0.773635384375 0.8361958796875001 0.773635384375 0.8361958796875001 0.7630087609375 0.830033571875 0.7630087609375 0.830033571875 0.773635384375
0 0.79866959375 0.7564848046875 0.806553015625 0.7564848046875 0.806553015625 0.7399878265625001 0.79866959375 0.7399878265625001 0.79866959375 0.7564848046875
0 0.9281798375000001 0.654093796875 0.9347242796874999 0.654093796875 0.9347242796874999 0.642042434375 0.9281798375000001 0.642042434375 0.9281798375000001 0.654093796875
0 0.9726164078125 0.7076415609375 0.977960284375 0.7076415609375 0.977960284375 0.6880165859374999 0.9726164078125 0.6880165859374999 0.9726164078125 0.7076415609375
0 0.860322725 0.7095927515625 0.8653175640625002 0.7095927515625 0.8653175640625002 0.6882752296875 0.860322725 0.6882752296875 0.860322725 0.7095927515625
0 0.8665724796875001 0.7106622640625 0.8732643609374999 0.7106622640625 0.8732643609374999 0.6881235359375 0.8665724796875001 0.6881235359375 0.8665724796875001 0.7106622640625
0 0.9612531171875001 0.6877960578125 0.9555722390625 0.6877960578125 0.9555722390625 0.7081066218750001 0.9612531171875001 0.7081066218750001 0.9612531171875001 0.6877960578125
0 0.8627876531249999 0.63713464375 0.866927953125 0.63713464375 0.866927953125 0.620337721875 0.8627876531249999 0.620337721875 0.8627876531249999 0.63713464375
0 0.8524411531249999 0.62102414375 0.8564081375000001 0.62102414375 0.8564081375000001 0.6050499281249999 0.8524411531249999 0.6050499281249999 0.8524411531249999 0.62102414375
0 0.8274892546875 0.6211614171875001 0.8311558281250001 0.6211614171875001 0.8311558281250001 0.613757059375 0.8274892546875 0.613757059375 0.8274892546875 0.6211614171875001
0 0.7834201734375 0.7601014375 0.788234475 0.7601014375 0.788234475 0.7337062750000001 0.7834201734375 0.7337062750000001 0.7834201734375 0.7601014375
0 0.78000201875 0.7577875749999999 0.7854903234374999 0.7577875749999999 0.7854903234374999 0.7309639203125 0.78000201875 0.7309639203125 0.78000201875 0.7577875749999999
0 0.7933376359375 0.737991203125 0.7868864703125 0.737991203125 0.7868864703125 0.7517029765625 0.7933376359375 0.7517029765625 0.7933376359375 0.737991203125
0 0.74903385 0.7083003812499999 0.7538481515625 0.7083003812499999 0.7538481515625 0.697810875 0.74903385 0.697810875 0.74903385 0.7083003812499999
0 0.8327792578125 0.62090893125 0.8363147609375 0.62090893125 0.8363147609375 0.6107322234375 0.8327792578125 0.6107322234375 0.8327792578125 0.62090893125
