0 0.0125 0.2860056984375 0.008749337499999999 0.2860711671875 0.0072225234375 0.28609781875 0.0072852234375 0.296875 0.0125 0.296875 0.0125 0.2860056984375
0 0.00093528125 0.28595065000000003 0.000744596875 0.296875 0.00582525 0.296875 0.006013871875 0.2860688546875 0.00093528125 0.28595065000000003
0 0.0038537859374999997 0.27751990625 0.0038537859374999997 0.284375 0.0059430828125 0.284375 0.0059430828125 0.2774591140625 0.0038537859374999997 0.27751990625
0 0.00657078125 0.2796875 0.006516235937500001 0.284375 0.0078125 0.284375 0.0078125 0.2796875 0.00657078125 0.2796875
0 0.49952750312500005 0.29460081250000003 0.49952750312500005 0.303125 0.503125 0.303125 0.503125 0.29460081250000003 0.49952750312500005 0.29460081250000003
0 0.341965303125 0.2884127390625 0.33670429999999996 0.2882902890625 0.3365321453125 0.2981529671875 0.34179314843749997 0.2982754171875 0.341965303125 0.2884127390625
0 0.3289567078125 0.2812938796875 0.328594053125 0.296875 0.3334297984375 0.296875 0.33379114374999996 0.2813501328125 0.3289567078125 0.2812938796875
0 0.3225518609375 0.2812837734375 0.322188971875 0.296875 0.328125 0.296875 0.328125 0.28125135 0.3225518609375 0.2812837734375
0 0.316655559375 0.286984334375 0.31638898437499996 0.2984375 0.3203125 0.2984375 0.3203125 0.2870481671875 0.316655559375 0.286984334375
0 0.3880320484375 0.2953125 0.3877138 0.30625 0.3921875 0.30625 0.3921875 0.2953125 0.3880320484375 0.2953125
0 0.365606946875 0.2963376921875 0.36557655 0.3015625 0.36875 0.3015625 0.36875 0.296355978125 0.365606946875 0.2963376921875
0 0.321875 0.309375 0.321875 0.30688339062500003 0.3188456046875 0.306848140625 0.3188014984375 0.309375 0.321875 0.309375
0 0.3171875 0.309375 0.3171875 0.30533103281249996 0.31565334375 0.305375671875 0.31563007656250003 0.309375 0.3171875 0.309375
0 0.278125 0.309375 0.278125 0.305130575 0.27566747343750003 0.305116278125 0.27566747343750003 0.309375 0.278125 0.309375
0 0.225 0.309375 0.225 0.30371279375000004 0.22460319375 0.3037174109375 0.2247019484375 0.309375 0.225 0.309375
0 0.2234375 0.309375 0.2234375 0.3078125 0.2222676515625 0.3078125 0.222231284375 0.309375 0.2234375 0.309375
0 0.1425410046875 0.3017925265625 0.1425410046875 0.30625 0.1453125 0.30625 0.1453125 0.3018247765625 0.1425410046875 0.3017925265625
0 0.137065225 0.30173054375 0.1372421921875 0.3078125 0.1390625 0.3078125 0.1390625 0.30177703125 0.137065225 0.30173054375
0 0.1843452734375 0.3 0.1843270921875 0.296875 0.1816335515625 0.296875 0.1816517328125 0.3 0.1843452734375 0.3
0 0.1625 0.3015625 0.1578125 0.3015625 0.1578125 0.30625 0.1625 0.30625 0.1625 0.3015625
0 0.173441175 0.29013491406249997 0.1733814515625 0.2921875 0.175 0.2921875 0.175 0.2900895578125 0.173441175 0.29013491406249997
0 0.23368457187499997 0.30112191093749996 0.233663828125 0.3046875 0.2359375 0.3046875 0.2359375 0.301069475 0.23368457187499997 0.30112191093749996
0 0.1209624828125 0.3007439453125 0.1209624828125 0.3046875 0.1234375 0.3046875 0.1234375 0.300715146875 0.1209624828125 0.3007439453125
0 0.5098806 0.297486425 0.509975471875 0.3015625 0.5125 0.3015625 0.5125 0.29744070312500004 0.5098806 0.297486425
0 0.4274340859375 0.2987129 0.427328203125 0.3078125 0.4296875 0.3078125 0.4296875 0.2986735671875 0.4274340859375 0.2987129
0 0.0203125 0.309375 0.0203125 0.2977523015625 0.013540673437500001 0.2975946859375 0.0138148625 0.309375 0.0203125 0.309375
0 0.1046875 0.2828125 0.067991115625 0.2828125 0.0413799625 0.283277 0.0410270984375 0.2984375 0.1046875 0.2984375 0.1046875 0.2828125
0 0.90871068125 0.12900813125 0.908185721875 0.1515625 0.9203125 0.1515625 0.9203125 0.12900813125 0.90871068125 0.12900813125
0 0.6 0.3729656875 0.55331868125 0.3716074 0.553125 0.3827033875 0.553125 0.4609375 0.59868995625 0.4609375 0.6 0.3858851296875 0.6 0.3729656875
0 0.83412921875 0.33511443124999996 0.8329099328125 0.3875 0.85087420625 0.3875 0.8515625 0.357928040625 0.8515625 0.33511443124999996 0.83412921875 0.33511443124999996
0 0.8734375 0.38811301875000004 0.853125 0.3885857953125 0.853125 0.4078125 0.8734375 0.4078125 0.8734375 0.38811301875000004
0 0.8874740875 0.36164128125 0.8867732046875 0.421875 0.9046875 0.421875 0.9046875 0.36204192968750004 0.8874740875 0.36164128125
0 0.951927928125 0.352584528125 0.9516429828125 0.4015625 0.9700606687499999 0.4015625 0.9703125 0.35827637343749996 0.9703125 0.3524775703125 0.951927928125 0.352584528125
0 0.7929159296874999 0.309375 0.7929159296874999 0.35625 0.80625 0.35625 0.80625 0.309375 0.7929159296874999 0.309375
0 0.7609375 0.3242864984375 0.7453125 0.3242864984375 0.7453125 0.3258750953125 0.7457619265625001 0.403125 0.7609375 0.403125 0.7609375 0.3242864984375
