0 0.503277096875 0.02722984375 0.5029069171875 0.0484375 0.50625 0.0484375 0.50625 0.027299039062500002 0.503277096875 0.02722984375
0 0.5109375 0.0312877171875 0.506458996875 0.031183479687499998 0.50625 0.0431569234375 0.50625 0.05 0.51070985 0.05 0.5109375 0.036957887499999995 0.5109375 0.0312877171875
0 0.6086698171875 0.0463077671875 0.6091921671875 0.06875 0.6140625 0.06875 0.6140625 0.04624501875 0.6086698171875 0.0463077671875
0 0.57650785 0.2058843296875 0.5761196390625 0.228125 0.58125 0.228125 0.58125 0.2059947046875 0.57650785 0.2058843296875
0 0.655226875 0.5032401156249999 0.6550827625 0.515625 0.6609375 0.515625 0.6609375 0.5031404359375 0.655226875 0.5032401156249999
0 0.64624428125 0.5360419249999999 0.6459557703125001 0.5484375 0.65 0.5484375 0.65 0.53597636875 0.64624428125 0.5360419249999999
0 0.623110821875 0.213184040625 0.62276820625 0.2328125 0.628125 0.2328125 0.628125 0.21324238593749997 0.623110821875 0.213184040625
0 0.688693896875 0.6 0.688693896875 0.6108547078125001 0.6944358328125 0.6108547078125001 0.6944358328125 0.6 0.688693896875 0.6
0 0.6944358328125 0.6 0.6944358328125 0.6160621921875 0.7022870484375 0.6160621921875 0.7022870484375 0.6 0.6944358328125 0.6
0 0.70299014375 0.6 0.70299014375 0.610021509375 0.7082633484375 0.610021509375 0.7082633484375 0.6 0.70299014375 0.6
0 0.7718500015624999 0.6 0.7718500015624999 0.6081918265625 0.775013925 0.6081918265625 0.775013925 0.6 0.7718500015624999 0.6
0 0.7977472999999999 0.6 0.7977472999999999 0.6173570015625 0.8051297875 0.6173570015625 0.8051297875 0.6 0.7977472999999999 0.6
0 0.7845056953125 0.6 0.7845056953125 0.6108997203125 0.7915366359375 0.6108997203125 0.7915366359375 0.6 0.7845056953125 0.6
0 0.849547165625 0.6 0.849547165625 0.6107753640625 0.85723725625 0.6107753640625 0.85723725625 0.6 0.849547165625 0.6
0 0.8330683984375 0.6 0.8330683984375 0.6140300421875 0.840209196875 0.6140300421875 0.840209196875 0.6 0.8330683984375 0.6
0 0.8825046999999999 0.6 0.8825046999999999 0.625746884375 0.8901947921875 0.625746884375 0.8901947921875 0.6 0.8825046999999999 0.6
0 0.8159575875 0.6 0.8159575875 0.61415514375 0.8238673953125 0.61415514375 0.8238673953125 0.6 0.8159575875 0.6
0 0.688693896875 0.6496509328125 0.7096048640625 0.6496509328125 0.7096048640625 0.6108547078125001 0.688693896875 0.6108547078125001 0.688693896875 0.6496509328125
0 0.7274827187499999 0.643443125 0.7536079203125 0.643443125 0.7536079203125 0.607321428125 0.7274827187499999 0.607321428125 0.7274827187499999 0.643443125
0 0.763386378125 0.6359937578125 0.7801494453125 0.6359937578125 0.7801494453125 0.609920971875 0.763386378125 0.609920971875 0.763386378125 0.6359937578125
0 0.8583771015625 0.6173703390624999 0.7801494453125 0.6173703390624999 0.7801494453125 0.643443125 0.8583771015625 0.643443125 0.8583771015625 0.6173703390624999
0 0.873743246875 0.66827435 0.8905063156249999 0.66827435 0.8905063156249999 0.6248197078125 0.873743246875 0.6248197078125 0.873743246875 0.66827435
0 0.9556260109375 0.634752196875 0.9917831906250001 0.634752196875 0.9917831906250001 0.601445021875 0.9556260109375 0.601445021875 0.9556260109375 0.634752196875
0 0.91076714375 0.6 0.91076714375 0.6248197078125 0.9198416859374999 0.6248197078125 0.9198416859374999 0.6 0.91076714375 0.6
