0 0.059375 0.10117426874999999 0.0546875 0.10117426874999999 0.0546875 0.1140625 0.059375 0.1140625 0.059375 0.10117426874999999
0 0.249887453125 0.44821750156249995 0.250147146875 0.459375 0.253125 0.459375 0.253125 0.44829285781249995 0.249887453125 0.44821750156249995
0 0.23403975937500002 0.4890625 0.23398851406249999 0.48025417187499997 0.225708484375 0.48025417187499997 0.22575972968750002 0.4890625 0.23403975937500002 0.4890625
0 0.253125 0.12791621250000001 0.25 0.12784347812500002 0.25 0.140625 0.253125 0.140625 0.253125 0.12791621250000001
0 0.225 0.1504831484375 0.220592190625 0.15043185781249999 0.22031140468750002 0.16249559062500002 0.2206903390625 0.1625 0.225 0.1625 0.225 0.1504831484375
0 0.209375 0.00807445625 0.203125 0.0081108171875 0.203125 0.0234375 0.209375 0.0234375 0.209375 0.00807445625
0 0.2130188375 0.16198434687500002 0.21308547031249997 0.1734375 0.225 0.1734375 0.225 0.16170548125 0.2130188375 0.16198434687500002
0 0.2552269625 0.2564684890625 0.2555231578125 0.2734375 0.2640625 0.2734375 0.2640625 0.25657129843750004 0.2552269625 0.2564684890625
0 0.7908002734374999 0.26537196875 0.7908002734374999 0.3046875 0.8 0.3046875 0.8 0.26537196875 0.7908002734374999 0.26537196875
0 0.77940566875 0.26693446718749997 0.7792133 0.3 0.7859375 0.3 0.7859375 0.26693446718749997 0.77940566875 0.26693446718749997
0 0.7700432984375001 0.2650201453125 0.7708210953125001 0.2984375 0.7765625 0.2984375 0.7765625 0.2651718828125 0.7700432984375001 0.2650201453125
0 0.76667464375 0.26221275 0.76688539375 0.2984375 0.7734375 0.2984375 0.7734375 0.26221275 0.76667464375 0.26221275
0 0.76875 0.25169962031250004 0.7671875 0.2516632515625 0.7671875 0.253125 0.76875 0.253125 0.76875 0.25169962031250004
0 0.4412221578125 0.7875 0.4412221578125 0.8328125 0.4578125 0.8328125 0.4578125 0.7875 0.4412221578125 0.7875
0 0.4611025640625 0.6833799203125 0.46132652187499995 0.721875 0.475 0.721875 0.475 0.6833799203125 0.4611025640625 0.6833799203125
0 0.5725853515624999 0.522462671875 0.573226290625 0.55 0.5828125 0.55 0.5828125 0.5224031734375 0.5725853515624999 0.522462671875
0 0.8230770296875001 0.642175203125 0.82378635625 0.6828125 0.8328125 0.6828125 0.8328125 0.6421185640625 0.8230770296875001 0.642175203125
0 0.8047844828125001 0.62925823125 0.80538800625 0.65 0.8125 0.65 0.8125 0.62925823125 0.8047844828125001 0.62925823125
0 0.7554229125 0.4890625 0.7549592625 0.515625 0.7671875 0.515625 0.7671875 0.4890625 0.7554229125 0.4890625
0 0.43205181406250004 0.7150532859375 0.4327197390625 0.74375 0.4421875 0.74375 0.4421875 0.7152891968749999 0.43205181406250004 0.7150532859375
0 0.5833749734375 0.9008375015624999 0.583724625 0.9609375 0.5999150859375 0.9609375 0.6140625 0.960608215625 0.6140625 0.9001232421874998 0.5833749734375 0.9008375015624999
0 0.60514959375 0.802908240625 0.6061079515625 0.8578125 0.621875 0.8578125 0.621875 0.8031028593749999 0.60514959375 0.802908240625
0 0.6061642109375 0.849682403125 0.60517489375 0.8921875 0.6234375 0.8921875 0.6234375 0.849682403125 0.6061642109375 0.849682403125
0 0.6429339953125 0.9069329859374999 0.6429339953125 0.9578125 0.66875 0.9578125 0.66875 0.9070831796875 0.6429339953125 0.9069329859374999
0 0.6364009453125 0.8102760109375 0.6378295796875 0.859375 0.6578125 0.859375 0.6578125 0.8107743703124999 0.6364009453125 0.8102760109375
0 0.6728839546875001 0.8083623359375001 0.673404815625 0.853125 0.6890625 0.853125 0.6890625 0.80817408125 0.6728839546875001 0.8083623359375001
0 0.76875 0.7363475578124999 0.7562774703125 0.7366378593749999 0.75625 0.7375819515625001 0.75625 0.7733999515625 0.7685314640625001 0.773114096875 0.76875 0.7656035109375 0.76875 0.7363475578124999
0 0.8078125 0.5876505359374999 0.796875 0.5876505359374999 0.796875 0.615625 0.8078125 0.615625 0.8078125 0.5876505359374999
0 0.7921875 0.5241263578125 0.7828125 0.5240172703125 0.7828125 0.546875 0.7921875 0.546875 0.7921875 0.5241263578125
