0 0.14193605 0 0.1426451609375 0.040625 0.1609375 0.040625 0.1609375 0 0.14193605 0
0 0.3797584015625 0.1251073515625 0.38046563906249997 0.165625 0.3953125 0.165625 0.3953125 0.12537885 0.3797584015625 0.1251073515625
0 0.5194840093749999 0.9512914171875 0.5265625 0.951414971875 0.5265625 0.929058140625 0.5190936515625 0.928927771875 0.5194840093749999 0.9512914171875
0 0.403125 0.928125 0.403125 0.90965264375 0.3996168203125 0.9095914078125 0.3984375 0.9095708218749999 0.3984375 0.9220348031250001 0.3985792515625 0.928125 0.403125 0.928125
0 0.50850741875 0.9550687609375 0.5086644046875 0.9640625 0.5140625 0.9640625 0.5140625 0.9551010796875001 0.50850741875 0.9550687609375
0 0.5234594328125 0.8425476796875 0.523834975 0.8640625 0.528125 0.8640625 0.528125 0.8426291171875 0.5234594328125 0.8425476796875
0 0.4637546125 0.686947434375 0.4639824453125 0.7 0.465625 0.7 0.465625 0.6869039 0.4637546125 0.686947434375
0 0.4603571140625 0.7027170046875 0.4625 0.7027544078125001 0.4625 0.6882585046875 0.4601040109375 0.688216684375 0.4603571140625 0.7027170046875
0 0.434375 0.709375 0.43125 0.709375 0.43125 0.7234375 0.434375 0.7234375 0.434375 0.709375
0 0.348140415625 0.7893259015625 0.35305010000000003 0.7893259015625 0.35305010000000003 0.7768525078125 0.348140415625 0.7768525078125 0.348140415625 0.7893259015625
0 0.178116921875 0.968069425 0.1884184921875 0.968069425 0.1884184921875 0.9522827859374999 0.178116921875 0.9522827859374999 0.178116921875 0.968069425
0 0.1486368953125 0.9934060078125 0.155102775 0.9934060078125 0.155102775 0.9809326140625 0.1486368953125 0.9809326140625 0.1486368953125 0.9934060078125
0 0.1629933390625 0.9939906984375 0.1680345328125 0.9939906984375 0.1680345328125 0.983466271875 0.1629933390625 0.983466271875 0.1629933390625 0.9939906984375
0 0.141403878125 0.96241741875 0.14611629843750001 0.96241741875 0.14611629843750001 0.93591145625 0.141403878125 0.93591145625 0.141403878125 0.96241741875
0 0.1633221125 0.9158370859375001 0.169897584375 0.9158370859375001 0.169897584375 0.8889413312500001 0.1633221125 0.8889413312500001 0.1633221125 0.9158370859375001
0 0.122773378125 0.9327931078125001 0.1282529359375 0.9327931078125001 0.1282529359375 0.9109646671875 0.122773378125 0.9109646671875 0.122773378125 0.9327931078125001
0 0.12496520156249999 0.8460058671875 0.12496520156249999 0.8261845640625 0.12036237187500001 0.8261845640625 0.12036237187500001 0.8484027984375 0.12496520156249999 0.8484027984375 0.12496520156249999 0.8460058671875
0 0.1122526234375 0.8367089921875 0.1170746359375 0.8367089921875 0.1170746359375 0.8328715421874999 0.1170746359375 0.8326279218749999 0.1170746359375 0.8150754484375 0.1122526234375 0.8150754484375 0.1122526234375 0.8367089921875
0 0.1167458625 0.7844766515625 0.12156787499999999 0.7844766515625 0.12156787499999999 0.7659614578125 0.1167458625 0.7659614578125 0.1167458625 0.7844766515625
0 0.1306433921875 0.653316334375 0.13543800625 0.653316334375 0.13543800625 0.6371764437499999 0.1306433921875 0.6371764437499999 0.1306433921875 0.653316334375
0 0.10632785 0.6551434921875 0.110095046875 0.6551434921875 0.110095046875 0.640830759375 0.10632785 0.640830759375 0.10632785 0.6551434921875
0 0.101362 0.6539253875 0.10632785 0.6539253875 0.10632785 0.6417443374999999 0.101362 0.6417443374999999 0.101362 0.6539253875
0 0.0965673859375 0.6539253875 0.101362 0.6539253875 0.101362 0.6423533906250001 0.0965673859375 0.6423533906250001 0.0965673859375 0.6539253875
0 0.106670321875 0.647225809375 0.102560653125 0.647225809375 0.102560653125 0.6627566484375 0.106670321875 0.6627566484375 0.106670321875 0.647225809375
0 0.0970810953125 0.6249953953125 0.10067705468749999 0.6249953953125 0.10067705468749999 0.611291715625 0.0970810953125 0.611291715625 0.0970810953125 0.6249953953125
0 0.0931426625 0.6249953953125 0.0970810953125 0.6249953953125 0.0970810953125 0.611291715625 0.0931426625 0.611291715625 0.0931426625 0.6249953953125
0 0.087663103125 0.6262135 0.09143029999999999 0.6262135 0.09143029999999999 0.6158596078125 0.087663103125 0.6158596078125 0.087663103125 0.6262135
0 0.090060409375 0.611291715625 0.09485502343749999 0.611291715625 0.09485502343749999 0.6055057171875 0.090060409375 0.6055057171875 0.090060409375 0.611291715625
0 0.1094101015625 0.5890613 0.114375953125 0.5890613 0.114375953125 0.5817526703125 0.1094101015625 0.5817526703125 0.1094101015625 0.5890613
0 0.096053678125 0.582057196875 0.0994784015625 0.582057196875 0.0994784015625 0.56591730625 0.096053678125 0.56591730625 0.096053678125 0.582057196875
0 0.1977673203125 0.6651881 0.1977673203125 0.6539206281250001 0.19468506875 0.6539206281250001 0.19468506875 0.67006051875 0.1977673203125 0.67006051875 0.1977673203125 0.6651881
0 0.20256193437499997 0.6651881 0.1977673203125 0.6651881 0.1977673203125 0.681632515625 0.20256193437499997 0.681632515625 0.20256193437499997 0.6651881
0 0.2041030609375 0.7839707312499999 0.21108949843749997 0.7839707312499999 0.21108949843749997 0.774225890625 0.2041030609375 0.774225890625 0.2041030609375 0.7839707312499999
0 0.2701317453125 0.7274506625 0.27314550312499997 0.7274506625 0.27314550312499997 0.71039719375 0.2701317453125 0.71039719375 0.2701317453125 0.7274506625
0 0.265063153125 0.740118953125 0.26889884375 0.740118953125 0.26889884375 0.7225782437499999 0.265063153125 0.7225782437499999 0.265063153125 0.740118953125
0 0.25958359375 0.7352465328125 0.263967240625 0.7352465328125 0.263967240625 0.7252580734375 0.25958359375 0.7252580734375 0.25958359375 0.7352465328125
0 0.26643304218749997 0.7225782437499999 0.26889884375 0.7225782437499999 0.26889884375 0.7140515078125 0.26643304218749997 0.7140515078125 0.26643304218749997 0.7225782437499999
0 0.244103840625 0.7128334031250001 0.2488984546875 0.7128334031250001 0.2488984546875 0.7004087328125 0.244103840625 0.7004087328125 0.244103840625 0.7128334031250001
0 0.253967046875 0.6926128625000001 0.258624671875 0.6926128625000001 0.258624671875 0.6823807796875 0.253967046875 0.6823807796875 0.253967046875 0.6926128625000001
0 0.25889865 0.690907515625 0.2628713296875 0.690907515625 0.2628713296875 0.6804318125 0.25889865 0.6804318125 0.25889865 0.690907515625
0 0.257528759375 0.678726465625 0.263556275 0.678726465625 0.263556275 0.6682507640625 0.257528759375 0.6682507640625 0.257528759375 0.678726465625
0 0.2468436203125 0.6789700859375 0.2504053328125 0.6789700859375 0.2504053328125 0.6704433515625 0.2468436203125 0.6704433515625 0.2468436203125 0.6789700859375
0 0.253967046875 0.671905078125 0.2515012453125 0.671905078125 0.2515012453125 0.6799445703125 0.253967046875 0.6799445703125 0.253967046875 0.671905078125
0 0.2402681484375 0.698459765625 0.245336740625 0.698459765625 0.245336740625 0.6870095796875 0.2402681484375 0.6870095796875 0.2402681484375 0.698459765625
0 0.24876146562499998 0.7062556375 0.2530081234375 0.7062556375 0.2530081234375 0.6987033859375 0.24876146562499998 0.6987033859375 0.24876146562499998 0.7062556375
0 0.3477187671875 0.6574795078125 0.3513352765625 0.6574795078125 0.3513352765625 0.6430571453125 0.3477187671875 0.6430571453125 0.3477187671875 0.6574795078125
0 0.34421185 0.65455605625 0.345417353125 0.65455605625 0.345417353125 0.647344875 0.34421185 0.647344875 0.34421185 0.65455605625
0 0.2955533671875 0.654750953125 0.29949865 0.654750953125 0.29949865 0.6434469390625 0.2955533671875 0.6434469390625 0.2955533671875 0.654750953125
0 0.06629849531250001 0.5279918 0.069551984375 0.5279918 0.069551984375 0.5185514875 0.06629849531250001 0.5185514875 0.06629849531250001 0.5279918
0 0.062873771875 0.5279918 0.06629849531250001 0.5279918 0.06629849531250001 0.51976959375 0.062873771875 0.51976959375 0.062873771875 0.5279918
0 0.059791518749999994 0.5243374859375 0.062873771875 0.5243374859375 0.062873771875 0.5152017 0.059791518749999994 0.5152017 0.059791518749999994 0.5243374859375
0 0.059791518749999994 0.539259271875 0.0630450078125 0.539259271875 0.0630450078125 0.527078221875 0.059791518749999994 0.527078221875 0.059791518749999994 0.539259271875
0 0.066127259375 0.530123484375 0.0630450078125 0.530123484375 0.0630450078125 0.54017285 0.066127259375 0.54017285 0.066127259375 0.530123484375
0 0.2013896625 0.5272248109375 0.20567056718750001 0.5272248109375 0.20567056718750001 0.514434709375 0.2013896625 0.514434709375 0.2013896625 0.5272248109375
0 0.19830741093749998 0.5272248109375 0.2013896625 0.5272248109375 0.2013896625 0.5153482890625 0.19830741093749998 0.5153482890625 0.19830741093749998 0.5272248109375
0 0.19248537968749999 0.5257021796875 0.1962525765625 0.5257021796875 0.1962525765625 0.5147392359375 0.19248537968749999 0.5147392359375 0.19248537968749999 0.5257021796875
0 0.2007047171875 0.5257021796875 0.1962525765625 0.5257021796875 0.1962525765625 0.5369696515625 0.2007047171875 0.5369696515625 0.2007047171875 0.5257021796875
0 0.1945402140625 0.5369696515625 0.19727999375 0.5369696515625 0.19727999375 0.52265691875 0.1945402140625 0.52265691875 0.1945402140625 0.5369696515625
0 0.1757042296875 0.543060175 0.1878620015625 0.543060175 0.1878620015625 0.525093128125 0.1757042296875 0.525093128125 0.1757042296875 0.543060175
0 0.186834584375 0.534533440625 0.1895743640625 0.534533440625 0.1895743640625 0.5223523921875 0.186834584375 0.5223523921875 0.186834584375 0.534533440625
0 0.1895743640625 0.534533440625 0.1945402140625 0.534533440625 0.1945402140625 0.5223523921875 0.1895743640625 0.5223523921875 0.1895743640625 0.534533440625
0 0.2839890234375 0.5887040171875 0.28740826875000003 0.5887040171875 0.28740826875000003 0.5762306234375 0.2839890234375 0.5762306234375 0.2839890234375 0.5887040171875
0 0.2803067609375 0.5887040171875 0.2839890234375 0.5887040171875 0.2839890234375 0.5816877328125 0.2803067609375 0.5816877328125 0.2803067609375 0.5887040171875
0 0.26733116562500003 0.60258066875 0.269435315625 0.60258066875 0.269435315625 0.592601953125 0.26733116562500003 0.592601953125 0.26733116562500003 0.60258066875
0 0.27763082968749997 0.6061589281249999 0.2819268046875 0.6061589281249999 0.2819268046875 0.5989867265625 0.27763082968749997 0.5989867265625 0.27763082968749997 0.6061589281249999
0 0.312967684375 0.55743876875 0.3151419734375 0.55743876875 0.3151419734375 0.545464309375 0.312967684375 0.545464309375 0.312967684375 0.55743876875
0 0.3100920109375 0.556440896875 0.31240657656250004 0.556440896875 0.31240657656250004 0.5453395765625 0.3100920109375 0.5453395765625 0.3100920109375 0.556440896875
0 0.307356615625 0.556440896875 0.3100920109375 0.556440896875 0.3100920109375 0.54646218125 0.307356615625 0.54646218125 0.307356615625 0.556440896875
0 0.3089697984375 0.5434685671875 0.3120558859375 0.5434685671875 0.3120558859375 0.5314941078125 0.3089697984375 0.5314941078125 0.3089697984375 0.5434685671875
0 0.30665523125 0.5417222921875 0.308408690625 0.5417222921875 0.308408690625 0.5308704390625 0.30665523125 0.5308704390625 0.30665523125 0.5417222921875
0 0.31506904062499996 0.509375 0.31506904062499996 0.51319360625 0.31708902499999997 0.51319360625 0.31708902499999997 0.509375 0.31506904062499996 0.509375
0 0.3254437765625 0.5290480140625 0.3281616375 0.5290480140625 0.3281616375 0.5182897109375 0.3254437765625 0.5182897109375 0.3254437765625 0.5290480140625
0 0.3580293421875 0.5701541828125001 0.3607472046875 0.5701541828125001 0.3607472046875 0.56142280625 0.3580293421875 0.56142280625 0.3580293421875 0.5701541828125001
0 0.3631143734375 0.566256246875 0.365306196875 0.566256246875 0.365306196875 0.555965696875 0.3631143734375 0.555965696875 0.3631143734375 0.566256246875
0 0.39035463125000003 0.605661940625 0.39421224062500004 0.605661940625 0.39421224062500004 0.5936562984375 0.39035463125000003 0.5936562984375 0.39035463125000003 0.605661940625
0 0.2346509421875 0.700548396875 0.23944555625000002 0.700548396875 0.23944555625000002 0.6917171375 0.2346509421875 0.6917171375 0.2346509421875 0.700548396875
0 0.257254121875 0.7456182796874999 0.2635898625 0.7456182796874999 0.2635898625 0.7349598609375001 0.257254121875 0.7349598609375001 0.257254121875 0.7456182796874999
0 0.274035271875 0.740118953125 0.26889884375 0.740118953125 0.26889884375 0.7474454359375 0.274035271875 0.7474454359375 0.274035271875 0.740118953125
0 0.2783161765625 0.7274506625 0.27314550312499997 0.7274506625 0.27314550312499997 0.7340462828125001 0.2783161765625 0.7340462828125001 0.2783161765625 0.7274506625
0 0.168302121875 0.9208451468749999 0.175491303125 0.9208451468749999 0.175491303125 0.9110223484375 0.168302121875 0.9110223484375 0.168302121875 0.9208451468749999
0 0.1453359203125 0.966541134375 0.1529634671875 0.966541134375 0.1529634671875 0.9587452625000001 0.1453359203125 0.9587452625000001 0.1453359203125 0.966541134375
0 0.155908109375 0.9972538609375 0.159064334375 0.9972538609375 0.159064334375 0.9891461546875 0.155908109375 0.9891461546875 0.155908109375 0.9972538609375
0 0.1299603203125 0.8484027984375 0.12496520156249999 0.8484027984375 0.12496520156249999 0.8535793265624999 0.1299603203125 0.8535793265624999 0.1299603203125 0.8484027984375
0 0.116133640625 0.8383441109374999 0.1196349484375 0.8383441109374999 0.1196349484375 0.8328358609375 0.116133640625 0.8328358609375 0.116133640625 0.8383441109374999
0 0.127210546875 0.931094584375 0.1302988796875 0.931094584375 0.1302988796875 0.9249636625000001 0.127210546875 0.9249636625000001 0.127210546875 0.931094584375
0 0.1910676546875 0.793140290625 0.1998970203125 0.793140290625 0.1998970203125 0.7703008234375 0.1910676546875 0.7703008234375 0.1910676546875 0.793140290625
0 0.4030192875 0.9327096156250001 0.407402934375 0.9327096156250001 0.407402934375 0.9216004984375001 0.4030192875 0.9216004984375001 0.4030192875 0.9327096156250001
