0 0 0.21875 0.0027813234375 0.21875 0.0512885546875 0.21762098124999998 0.0515625 0.20192667343749998 0.0515625 0.1421875 0 0.1421875 0 0.21875
0 0 0.303125 0.0140625 0.303125 0.0140625 0.285960003125 0.0101945734375 0.2859375 0 0.2859375 0 0.303125
0 0.0578125 0.2265625 0.0419124109375 0.2265625 0.0333176703125 0.22681258125 0.03281434375 0.2484375 0.057774221875 0.2484375 0.0578125 0.246792946875 0.0578125 0.2265625
0 0.0425432015625 0.27108315625 0.04225664375 0.2875 0.071321378125 0.2875 0.071604984375 0.2712522328125 0.0425432015625 0.27108315625
0 0.1079912203125 0.26412156875 0.1082450703125 0.2859375 0.1296875 0.2859375 0.1296875 0.26412156875 0.1079912203125 0.26412156875
0 0.0582439984375 0.0529472453125 0.0582439984375 0.1421875 0.1234375 0.1421875 0.1234375 0.0529472453125 0.0582439984375 0.0529472453125
0 0.20001267500000003 0.2635423828125 0.20034903593750003 0.2828125 0.225 0.2828125 0.225 0.2635423828125 0.20001267500000003 0.2635423828125
0 0.2466883734375 0.2698873234375 0.2703125 0.2700247640625 0.2703125 0.254056246875 0.24659546875 0.253918265625 0.2466883734375 0.2698873234375
0 0.387541565625 0.165431796875 0.4 0.165504278125 0.4 0.139512090625 0.3876927796875 0.1394404890625 0.387541565625 0.165431796875
0 0.2421875 0.39687423125 0.2421419984375 0.38905315156250003 0.20986328593749998 0.3886775546875 0.209992790625 0.4109375 0.2421875 0.4109375 0.2421875 0.39687423125
0 0.45147611718749997 0.261877653125 0.452072484375 0.2875 0.45625 0.2875 0.45625 0.26198876718749997 0.45147611718749997 0.261877653125
0 0.42773105468750006 0.22852190156250002 0.427774196875 0.2359375 0.4328125 0.2359375 0.4328125 0.2284627734375 0.42773105468750006 0.22852190156250002
0 0.41875 0.2078125 0.4203125 0.2078125 0.4203125 0.2 0.41875 0.2 0.41875 0.2078125
0 0.7337529765624999 0.385580553125 0.73356909375 0.4171875 0.7421875 0.4171875 0.7421875 0.385825971875 0.7337529765624999 0.385580553125
0 0.4365481578125 0.20389640781249999 0.436384275 0.2109375 0.4390625 0.2109375 0.4390625 0.2038232484375 0.4365481578125 0.20389640781249999
0 0.42488684218749995 0.207497040625 0.4296875 0.207497040625 0.4296875 0.195858365625 0.4246836890625 0.195858365625 0.42488684218749995 0.207497040625
0 0.4462289140625 0.19533378125 0.4459112828125 0.20625 0.4493354421875 0.20625 0.44965133437500004 0.19539352031249999 0.4462289140625 0.19533378125
0 0.46734159374999995 0.198108809375 0.46715210625000003 0.20625 0.46875 0.20625 0.46875 0.198076028125 0.46734159374999995 0.198108809375
0 0.43288743749999997 0.18733173125 0.43626232500000006 0.18733173125 0.43626232500000006 0.173280675 0.43288743749999997 0.173280675 0.43288743749999997 0.18733173125
0 0.4204621484375 0.182453765625 0.422553628125 0.182453765625 0.422553628125 0.179135684375 0.4204621484375 0.179135684375 0.4204621484375 0.182453765625
0 0.4284097703125 0.1844175265625 0.4284097703125 0.1807608671875 0.42616618281249996 0.1807608671875 0.42616618281249996 0.18270553750000001 0.42616618281249996 0.1844175265625 0.4284097703125 0.1844175265625
0 0.43000689999999997 0.1863812890625 0.43190824531249994 0.1863812890625 0.43190824531249994 0.1828600609375 0.43000689999999997 0.1828600609375 0.43000689999999997 0.1863812890625
0 0.4243408921875 0.18008370625 0.4266985609375 0.18008370625 0.4266985609375 0.1745987171875 0.4243408921875 0.1745987171875 0.4243408921875 0.18008370625
0 0.44996119375 0.18244203750000001 0.452385409375 0.18244203750000001 0.452385409375 0.17482399531249998 0.44996119375 0.17482399531249998 0.44996119375 0.18244203750000001
0 0.5113106593750001 0.76640065625 0.511483446875 0.78125 0.515625 0.78125 0.515625 0.76640065625 0.5113106593750001 0.76640065625
0 0.7605953546875 0.8337413484375 0.7605098546875 0.8484375 0.7640625 0.8484375 0.7640625 0.8338018671875 0.7605953546875 0.8337413484375
0 0.7732059203125 0.830171996875 0.772927228125 0.8301638875 0.7695889359375 0.8300667531249999 0.7695889359375 0.8453125 0.7732059203125 0.8453125 0.7732059203125 0.830171996875
0 0.7765625 0.836742684375 0.7734375 0.8367972328125 0.7734375 0.846875 0.7765625 0.846875 0.7765625 0.836742684375
