0 0.40140662968749996 0.621698790625 0.47219120312499996 0.621698790625 0.47219120312499996 0.4835491875 0.40140662968749996 0.4835491875 0.40140662968749996 0.621698790625
0 0.6243025953125 0.6024100296875 0.54415701875 0.6024100296875 0.54415701875 0.8246804296875 0.6243025953125 0.8246804296875 0.6243025953125 0.6024100296875
0 0.604097896875 0.61528115625 0.48561067500000005 0.61528115625 0.48561067500000005 0.8870209671874999 0.604097896875 0.8870209671874999 0.604097896875 0.61528115625
0 0.5416377875 0.6089136749999999 0.4669549328125 0.6089136749999999 0.4669549328125 0.7871077734374999 0.5416377875 0.7871077734374999 0.5416377875 0.6089136749999999
0 0.0526193765625 0.6221068328125 0.20649888437500002 0.6221068328125 0.20649888437500002 0.5659351140625 0.0526193765625 0.5659351140625 0.0526193765625 0.6221068328125
0 0.8479792296875001 0.4335915609375 0.8633425609375 0.4335915609375 0.8633425609375 0.35889046874999997 0.8479792296875001 0.35889046874999997 0.8479792296875001 0.4335915609375
0 0.8036112140625 0.4027218765625 0.8194104953125001 0.4027218765625 0.8194104953125001 0.3541661671875 0.8036112140625 0.3541661671875 0.8036112140625 0.4027218765625
0 0.827566190625 0.44484862343750003 0.8437016265624999 0.44484862343750003 0.8437016265624999 0.35939057343749997 0.827566190625 0.35939057343749997 0.827566190625 0.44484862343750003
0 0.963256478125 0.4259641421875 0.978488496875 0.4259641421875 0.978488496875 0.3783421953125 0.963256478125 0.3783421953125 0.963256478125 0.4259641421875
0 0.995690175 0.390481121875 0.9770440812500001 0.390481121875 0.9770440812500001 0.43530177812500004 0.995690175 0.43530177812500004 0.995690175 0.390481121875
0 0.8397731390625 0.3987450359375 0.8491854765625 0.3987450359375 0.8491854765625 0.36169329375000003 0.8397731390625 0.36169329375000003 0.8397731390625 0.3987450359375
0 0.7122525546875 0.36945332343750004 0.723681821875 0.36945332343750004 0.723681821875 0.3454294515625 0.7122525546875 0.3454294515625 0.7122525546875 0.36945332343750004
0 0.63500835625 0.382442509375 0.6471939718749999 0.382442509375 0.6471939718749999 0.354653703125 0.63500835625 0.354653703125 0.63500835625 0.382442509375
0 0.6350251640625 0.35187055312500004 0.6229908187500001 0.35187055312500004 0.6229908187500001 0.37398207656250004 0.6350251640625 0.37398207656250004 0.6350251640625 0.35187055312500004
0 0.6015588421875 0.37053702187500004 0.6118956046874999 0.37053702187500004 0.6118956046874999 0.3198896828125 0.6015588421875 0.3198896828125 0.6015588421875 0.37053702187500004
0 0.616013503125 0.32556696406249996 0.6101307921875 0.32556696406249996 0.6101307921875 0.3605270765625 0.616013503125 0.3605270765625 0.616013503125 0.32556696406249996
0 0.5139211546875 0.3409940734375 0.523669646875 0.3409940734375 0.523669646875 0.311472203125 0.5139211546875 0.311472203125 0.5139211546875 0.3409940734375
0 0 0.27836781718750003 0.01922551875 0.27836781718750003 0.01922551875 0.24481068593750002 0 0.24481068593750002 0 0.27836781718750003
0 0.039493296875 0.246406421875 0.04716183125 0.246406421875 0.04716183125 0.21577897343750002 0.039493296875 0.21577897343750002 0.039493296875 0.246406421875
0 0.097122609375 0.29275267656250004 0.10594667499999999 0.29275267656250004 0.10594667499999999 0.2506212609375 0.097122609375 0.2506212609375 0.097122609375 0.29275267656250004
0 0.11172454843749999 0.2891191078125 0.120158003125 0.2891191078125 0.120158003125 0.26005141875 0.11172454843749999 0.26005141875 0.11172454843749999 0.2891191078125
0 0.121346646875 0.2880973671875 0.129145440625 0.2880973671875 0.129145440625 0.255348409375 0.121346646875 0.255348409375 0.121346646875 0.2880973671875
0 0.1311623703125 0.28654358593749996 0.13835608593749998 0.28654358593749996 0.13835608593749998 0.2531970171875 0.1311623703125 0.2531970171875 0.1311623703125 0.28654358593749996
0 0.1395040546875 0.27933450312499997 0.14472117812500002 0.27933450312499997 0.14472117812500002 0.26833850312499996 0.1395040546875 0.26833850312499996 0.1395040546875 0.27933450312499997
0 0.1435916984375 0.2907129734375 0.15225104843749998 0.2907129734375 0.15225104843749998 0.2575337359375 0.1435916984375 0.2575337359375 0.1435916984375 0.2907129734375
0 0.1442909 0.27866518125 0.15305782031249998 0.27866518125 0.15305782031249998 0.2507449015625 0.1442909 0.2507449015625 0.1442909 0.27866518125
0 0.288779121875 0.2935297046875 0.2935121828125 0.2935297046875 0.2935121828125 0.2851918671875 0.288779121875 0.2851918671875 0.288779121875 0.2935297046875
0 0.2997646640625 0.3307453609375 0.308908078125 0.3307453609375 0.308908078125 0.3024187078125 0.2997646640625 0.3024187078125 0.2997646640625 0.3307453609375
0 0.2887387828125 0.3307453609375 0.3019832859375 0.3307453609375 0.3019832859375 0.2996697078125 0.2887387828125 0.2996697078125 0.2887387828125 0.3307453609375
0 0.3236523078125 0.2977505359375 0.3324299859375 0.2977505359375 0.3324299859375 0.2733489765625 0.3236523078125 0.2733489765625 0.3236523078125 0.2977505359375
0 0.2967350390625 0.29550984375 0.302543796875 0.29550984375 0.302543796875 0.27667321718750004 0.2967350390625 0.27667321718750004 0.2967350390625 0.29550984375
0 0.3427430921875 0.342272353125 0.357264984375 0.342272353125 0.357264984375 0.30851941250000003 0.3427430921875 0.30851941250000003 0.3427430921875 0.342272353125
0 0.319346709375 0.35604125937500003 0.331502071875 0.35604125937500003 0.331502071875 0.3146389265625 0.319346709375 0.3146389265625 0.319346709375 0.35604125937500003
0 0.3271959265625 0.34629916875 0.3460206015625 0.34629916875 0.3460206015625 0.289167775 0.3271959265625 0.289167775 0.3271959265625 0.34629916875
0 0.3592362171875 0.3387515578125 0.3688502484375 0.3387515578125 0.3688502484375 0.3169986 0.3592362171875 0.3169986 0.3592362171875 0.3387515578125
0 0.3591689859375 0.290464771875 0.3591689859375 0.338273471875 0.37920381875000003 0.338273471875 0.37920381875000003 0.31510021875 0.37920381875000003 0.290464771875 0.3591689859375 0.290464771875
0 0.37671627343749997 0.3330145140625 0.3868009203125 0.3330145140625 0.3868009203125 0.2867595984375 0.37671627343749997 0.2867595984375 0.37671627343749997 0.3330145140625
0 0.396054371875 0.3128591859375 0.37920381875000003 0.3128591859375 0.37920381875000003 0.3481181015625 0.396054371875 0.3481181015625 0.396054371875 0.3128591859375
0 0.3940907546875 0.32632795312499996 0.402911459375 0.32632795312499996 0.402911459375 0.2913319859375 0.3940907546875 0.2913319859375 0.3940907546875 0.32632795312499996
0 0.4004478640625 0.32626749843749997 0.407843271875 0.32626749843749997 0.407843271875 0.2984189328125 0.4004478640625 0.2984189328125 0.4004478640625 0.32626749843749997
0 0.41214605468750004 0.3387920125 0.42365868906250004 0.3387920125 0.42365868906250004 0.29076953906249997 0.41214605468750004 0.29076953906249997 0.41214605468750004 0.3387920125
0 0.4323706484375 0.3094076328125 0.437103709375 0.3094076328125 0.437103709375 0.29496940625 0.4323706484375 0.29496940625 0.4323706484375 0.3094076328125
0 0.44059972031249994 0.31571838125 0.44829094375 0.31571838125 0.44829094375 0.2936307625 0.44059972031249994 0.2936307625 0.44059972031249994 0.31571838125
0 0.451894525 0.31131998125 0.4589941171875 0.31131998125 0.4589941171875 0.29496940625 0.451894525 0.29496940625 0.451894525 0.31131998125
0 0.4657713671875 0.33759256875 0.4723263875 0.33759256875 0.4723263875 0.30173604374999996 0.4657713671875 0.30173604374999996 0.4657713671875 0.33759256875
0 0.4779569828125 0.33415631874999996 0.48425988750000004 0.33415631874999996 0.48425988750000004 0.296805771875 0.4779569828125 0.296805771875 0.4779569828125 0.33415631874999996
0 0.48106641562499997 0.3404312109375 0.48778951406250004 0.3404312109375 0.48778951406250004 0.300391425 0.48106641562499997 0.300391425 0.48106641562499997 0.3404312109375
0 0.24860313750000002 0.2989818515625 0.2707946140625 0.2989818515625 0.2707946140625 0.2679342109375 0.24860313750000002 0.2679342109375 0.24860313750000002 0.2989818515625
0 0.5123570359375 0.3143972765625 0.51665981875 0.3143972765625 0.51665981875 0.3022060578125 0.5123570359375 0.3022060578125 0.5123570359375 0.3143972765625
0 0.5090627171875 0.3143972765625 0.5132310390625 0.3143972765625 0.5132310390625 0.3043574484375 0.5090627171875 0.3043574484375 0.5090627171875 0.3143972765625
0 0.6195552625 0.3412091640625 0.6254379734375 0.3412091640625 0.6254379734375 0.3253351828125 0.6195552625 0.3253351828125 0.6195552625 0.3412091640625
0 0.7440216234375 0.38627411875 0.7486174921875001 0.38627411875 0.7486174921875001 0.37635287968750003 0.7440216234375 0.37635287968750003 0.7440216234375 0.38627411875
0 0.779335740625 0.36299344218749996 0.7847982578125 0.36299344218749996 0.7847982578125 0.353095546875 0.779335740625 0.353095546875 0.779335740625 0.36299344218749996
0 0.6978408234375 0.3559236828125 0.70461770625 0.3559236828125 0.70461770625 0.33297550625 0.6978408234375 0.33297550625 0.6978408234375 0.3559236828125
0 0.7247171953125 0.3478705578125 0.7306839453125 0.3478705578125 0.7306839453125 0.3311375125 0.7247171953125 0.3311375125 0.7247171953125 0.3478705578125
0 0.716649478125 0.34219327499999996 0.7206833359375 0.34219327499999996 0.7206833359375 0.33307974218749997 0.716649478125 0.33307974218749997 0.716649478125 0.34219327499999996
0 0.735053959375 0.34353789375 0.7390037796875 0.34353789375 0.7390037796875 0.3371136 0.735053959375 0.3371136 0.735053959375 0.34353789375
0 0.902653753125 0.4053678984375 0.9093505890625 0.4053678984375 0.9093505890625 0.3925286484375 0.902653753125 0.3925286484375 0.902653753125 0.4053678984375
0 0.890704496875 0.3878598296875 0.8976639531249999 0.3878598296875 0.8976639531249999 0.3722192890625 0.890704496875 0.3722192890625 0.890704496875 0.3878598296875
0 0.9017345796875 0.386459184375 0.906987 0.386459184375 0.906987 0.3775884296875 0.9017345796875 0.3775884296875 0.9017345796875 0.386459184375
0 0.9631649203125001 0.370428984375 0.9676820015625 0.370428984375 0.9676820015625 0.363145628125 0.9631649203125001 0.363145628125 0.9631649203125001 0.370428984375
0 0.9452824796874999 0.40847370312500003 0.9506990375000001 0.40847370312500003 0.9506990375000001 0.40030327187500003 0.9452824796874999 0.40030327187500003 0.9452824796874999 0.40847370312500003
0 0.9823777 0.38279520312500004 0.9756480359375 0.38279520312500004 0.9756480359375 0.397093459375 0.9823777 0.397093459375 0.9823777 0.38279520312500004
0 0.6102942234375 0.2986703890625 0.6137398125 0.2986703890625 0.6137398125 0.2831325609375 0.6102942234375 0.2831325609375 0.6102942234375 0.2986703890625
0 0.616597128125 0.3003138125 0.6202948328125 0.3003138125 0.6202948328125 0.28358076875 0.616597128125 0.28358076875 0.616597128125 0.3003138125
0 0.6378589265625 0.302256040625 0.6418927859375 0.302256040625 0.6418927859375 0.2873158234375 0.6378589265625 0.2873158234375 0.6378589265625 0.302256040625
0 0.6436996734375 0.3027279375 0.6469805453124999 0.3027279375 0.6469805453124999 0.2924968765625 0.6436996734375 0.2924968765625 0.6436996734375 0.3027279375
0 0.6504227703125001 0.2935486671875 0.6462275578125001 0.2935486671875 0.6462275578125001 0.303779728125 0.6504227703125001 0.303779728125 0.6504227703125001 0.2935486671875
0 0.6639361984375001 0.3020167828125 0.66823898125 0.3020167828125 0.66823898125 0.2859530609375 0.6639361984375001 0.2859530609375 0.6639361984375001 0.3020167828125
0 0.670934103125 0.28844508750000003 0.665985903125 0.28844508750000003 0.665985903125 0.3051781328125 0.670934103125 0.3051781328125 0.670934103125 0.28844508750000003
0 0.6776341171875 0.302019403125 0.6805384953125 0.302019403125 0.6805384953125 0.28920667187500004 0.6776341171875 0.28920667187500004 0.6776341171875 0.302019403125
0 0.6808033859375 0.308813275 0.6940559578125 0.308813275 0.6940559578125 0.2909136984375 0.6808033859375 0.2909136984375 0.6808033859375 0.308813275
0 0.7390753015625 0.290887753125 0.7210573984375 0.290887753125 0.7210573984375 0.31801918906250004 0.7390753015625 0.31801918906250004 0.7390753015625 0.290887753125
0 0.6997377890625 0.300430278125 0.7034812109375 0.300430278125 0.7034812109375 0.28796176875 0.6997377890625 0.28796176875 0.6997377890625 0.300430278125
0 0.6997377890625 0.300430278125 0.706364075 0.300430278125 0.706364075 0.28559045781250003 0.6997377890625 0.28559045781250003 0.6997377890625 0.300430278125
0 0.8734320078125 0.33014124375 0.8762683140625 0.33014124375 0.8762683140625 0.3252856734375 0.8734320078125 0.3252856734375 0.8734320078125 0.33014124375
0 0.89534510625 0.3313684765625 0.8982024234375 0.3313684765625 0.8982024234375 0.3230019546875 0.89534510625 0.3230019546875 0.89534510625 0.3313684765625
0 0.938709090625 0.3337589125 0.9424908328124999 0.3337589125 0.9424908328124999 0.32808162812499997 0.938709090625 0.32808162812499997 0.938709090625 0.3337589125
0 0.968031884375 0.33752811562499996 0.9709362625000001 0.33752811562499996 0.9709362625000001 0.33207792343750003 0.968031884375 0.33207792343750003 0.968031884375 0.33752811562499996
0 0.9568446484375001 0.334850828125 0.9593725328125 0.334850828125 0.9593725328125 0.3301655765625 0.9568446484375001 0.3301655765625 0.9568446484375001 0.334850828125
0 0.643204565625 0.3571901625 0.6501965890625 0.3571901625 0.6501965890625 0.3332858125 0.643204565625 0.3332858125 0.643204565625 0.3571901625
0 0.5345096796875 0.3352954171875 0.5384090765625 0.3352954171875 0.5384090765625 0.3270484171875 0.5345096796875 0.3270484171875 0.5345096796875 0.3352954171875
0 0.5474041265625 0.2626424375 0.5474041265625 0.2697441515625 0.5474041265625 0.2802121328125 0.5523119875 0.2802121328125 0.5523119875 0.2626424375 0.5474041265625 0.2626424375
0 0.6748229359375 0.3670811421875 0.6846554671875 0.3670811421875 0.6846554671875 0.3406369546875 0.6748229359375 0.3406369546875 0.6748229359375 0.3670811421875
0 0.6529374125 0.3460111640625 0.658450353125 0.3460111640625 0.658450353125 0.33393946875 0.6529374125 0.33393946875 0.6529374125 0.3460111640625
0 0.66228488125 0.354847403125 0.6691155484375 0.354847403125 0.6691155484375 0.3277876796875 0.66228488125 0.3277876796875 0.66228488125 0.354847403125
0 0.7056009624999999 0.3483204484375 0.7095675906250001 0.3483204484375 0.7095675906250001 0.341985796875 0.7056009624999999 0.341985796875 0.7056009624999999 0.3483204484375
0 0.57179985625 0.2813270125 0.57179985625 0.28673497812500004 0.57179985625 0.2932600640625 0.5751990546875 0.2932600640625 0.5751990546875 0.2813270125 0.57179985625 0.2813270125
0 0.5893731953125 0.2826689859375 0.5893731953125 0.2941430734375 0.5911266796875 0.2941430734375 0.592922990625 0.2941430734375 0.592922990625 0.2826689859375 0.5893731953125 0.2826689859375
0 0.6866611984375 0.34709046093749996 0.6931584015625 0.34709046093749996 0.6931584015625 0.33867612812500003 0.6866611984375 0.33867612812500003 0.6866611984375 0.34709046093749996
0 0.6358966390624999 0.34989683125000004 0.6396830875 0.34989683125000004 0.6396830875 0.342706403125 0.6358966390624999 0.342706403125 0.6358966390624999 0.34989683125000004
0 0.6492888828125001 0.3592201671875 0.6542370828124999 0.3592201671875 0.6542370828124999 0.3420090359375 0.6492888828125001 0.3420090359375 0.6492888828125001 0.3592201671875
0 0.667535203125 0.344711828125 0.6818634703125 0.344711828125 0.6818634703125 0.3257413359375 0.667535203125 0.3257413359375 0.667535203125 0.344711828125
0 0.6380669343750001 0.3310873875 0.6348398468750001 0.3310873875 0.6348398468750001 0.33283955781249996 0.6348398468750001 0.334882165625 0.6348398468750001 0.3376610828125 0.6380669343750001 0.3376610828125 0.6380669343750001 0.3310873875
0 0.49236399999999997 0.29826671562499996 0.5088355906250001 0.29826671562499996 0.5088355906250001 0.276902203125 0.49236399999999997 0.276902203125 0.49236399999999997 0.29826671562499996
0 0.40568513125 0.305671315625 0.41214605468750004 0.305671315625 0.41214605468750004 0.29207571718750003 0.40568513125 0.29207571718750003 0.40568513125 0.305671315625
0 0.5783960203125 0.2895495375 0.6038900093749999 0.2895495375 0.6038900093749999 0.27319896250000003 0.5783960203125 0.27319896250000003 0.5783960203125 0.2895495375
0 0.509741421875 0.28403954531250003 0.5164645203125 0.28403954531250003 0.5164645203125 0.27650967656250003 0.509741421875 0.27650967656250003 0.509741421875 0.28403954531250003
0 0.36930444375000004 0.29983741249999996 0.37430642812500003 0.29983741249999996 0.37430642812500003 0.2849210984375 0.36930444375000004 0.2849210984375 0.36930444375000004 0.29983741249999996
0 0.3312365 0.343286828125 0.3384638296875 0.343286828125 0.3384638296875 0.2841235625 0.3312365 0.2841235625 0.3312365 0.343286828125
0 0 0 0 0.0602448734375 0.10651182031249999 0.0602448734375 0.10651182031249999 0 0 0
0 0.3198136078125 0.2977505359375 0.3236523078125 0.2977505359375 0.3236523078125 0.2818959265625 0.3198136078125 0.2818959265625 0.3198136078125 0.2977505359375
0 0.3636419046875 0.2956185171875 0.3681060421875 0.2956185171875 0.3681060421875 0.2825189328125 0.3636419046875 0.2825189328125 0.3636419046875 0.2956185171875
0 0.7011987109375 0.364469134375 0.7086781578125 0.364469134375 0.7086781578125 0.357596634375 0.7011987109375 0.357596634375 0.7011987109375 0.364469134375
