0 0.0719703046875 0.976102796875 0.1052521 0.976102796875 0.1052521 0.9193667078125 0.0719703046875 0.9193667078125 0.0719703046875 0.976102796875
0 0.137850021875 0.980155375 0.172043646875 0.980155375 0.172043646875 0.8841092828124999 0.137850021875 0.8841092828124999 0.137850021875 0.980155375
0 0.2208265515625 0.8772199 0.2459018765625 0.8772199 0.2459018765625 0.8160259765625 0.2208265515625 0.8160259765625 0.2208265515625 0.8772199
0 0.53638408125 0.5877957515625 0.5572467515625 0.5877957515625 0.5572467515625 0.5403319609375 0.53638408125 0.5403319609375 0.53638408125 0.5877957515625
0 0.9481413249999999 0.6011406890625001 0.9729886921875 0.6011406890625001 0.9729886921875 0.5362994453125001 0.9481413249999999 0.5362994453125001 0.9481413249999999 0.6011406890625001
0 0.3686623390625 0.2168917515625 0.37996903125000003 0.2168917515625 0.37996903125000003 0.1834985109375 0.3686623390625 0.1834985109375 0.3686623390625 0.2168917515625
0 0.3280155109375 0.20035854843749998 0.33931345 0.20035854843749998 0.33931345 0.170147715625 0.3280155109375 0.170147715625 0.3280155109375 0.20035854843749998
0 0.2558576625 0.16487554843750002 0.26534069374999997 0.16487554843750002 0.26534069374999997 0.14983237968750002 0.2558576625 0.14983237968750002 0.2558576625 0.16487554843750002
0 0.27061373125 0.1583296640625 0.2814681546875 0.1583296640625 0.2814681546875 0.1292807875 0.27061373125 0.1292807875 0.27061373125 0.1583296640625
0 0.1328508859375 0 0.1328508859375 0.048328021875 0.14889909375 0.048328021875 0.14889909375 0 0.1328508859375 0
0 0.010515357812499999 0.05721575156249999 0.021311425000000002 0.05721575156249999 0.021311425000000002 0.033872903125 0.010515357812499999 0.033872903125 0.010515357812499999 0.05721575156249999
0 0 0.11888162656250001 0.014178634374999999 0.11888162656250001 0.014178634374999999 0.08289473593749999 0 0.08289473593749999 0 0.11888162656250001
0 0.5841181984375 0.059297453124999996 0.5915879109375 0.059297453124999996 0.5915879109375 0.0436807765625 0.5841181984375 0.0436807765625 0.5841181984375 0.059297453124999996
0 0.8677008703125001 0 0.8677008703125001 0.007505231249999999 0.8722849859374999 0.007505231249999999 0.875907340625 0.007505231249999999 0.875907340625 0 0.8724901578125 0 0.8677008703125001 0
0 0.888844653125 0 0.888844653125 0.0080454578125 0.8980884203124999 0.0080454578125 0.8980884203124999 0 0.888844653125 0
0 0.25794549375 0.0800696421875 0.26460136093750003 0.0800696421875 0.26460136093750003 0.0688345984375 0.25794549375 0.0688345984375 0.25794549375 0.0800696421875
0 0.43104114375 0.0375239796875 0.436903684375 0.0375239796875 0.436903684375 0.026623596875 0.43104114375 0.026623596875 0.43104114375 0.0375239796875
