0 0.5143861546874999 0.1553301765625 0.514651396875 0.178125 0.5203125 0.178125 0.5203125 0.1552612171875 0.5143861546874999 0.1553301765625
0 0.7111097515625 0.5483632468749999 0.7204858828124999 0.5483632468749999 0.7204858828124999 0.4968817796875 0.7111097515625 0.4968817796875 0.7111097515625 0.5483632468749999
0 0.7202017578125 0.5453849796875 0.7111097515625 0.5453849796875 0.7111097515625 0.58410244375 0.7202017578125 0.58410244375 0.7202017578125 0.5453849796875
0 0.7332715171874999 0.5407048453125001 0.7244636359375 0.5407048453125001 0.7244636359375 0.5875061781250001 0.7332715171874999 0.5875061781250001 0.7332715171874999 0.5407048453125001
0 0.7466254 0.5398539109375 0.7392381453125 0.5398539109375 0.7392381453125 0.58665524375 0.7466254 0.58665524375 0.7466254 0.5398539109375
0 0.7228242140625 0.54452445625 0.7348479015625 0.54452445625 0.7348479015625 0.49594195937499996 0.7228242140625 0.49594195937499996 0.7228242140625 0.54452445625
0 0.7367136453125 0.5456109640625 0.7484263765625 0.5456109640625 0.7484263765625 0.5001327812499999 0.7367136453125 0.5001327812499999 0.7367136453125 0.5456109640625
0 0.025717284375 0.946035153125 0.03335655625 0.946035153125 0.03335655625 0.91538798125 0.025717284375 0.91538798125 0.025717284375 0.946035153125
0 0.3981317875 0.8073931796875 0.4074080453125 0.8073931796875 0.4074080453125 0.795718065625 0.3981317875 0.795718065625 0.3981317875 0.8073931796875
0 0.4611557796875 0.8210141468749999 0.47288751875 0.8210141468749999 0.47288751875 0.8039879390625 0.4611557796875 0.8039879390625 0.4611557796875 0.8210141468749999
0 0.3476580265625 0.7981503828125 0.3536603109375 0.7981503828125 0.3536603109375 0.783556490625 0.3476580265625 0.783556490625 0.3476580265625 0.7981503828125
0 0.43441832812500003 0.8244193875000001 0.44096627499999996 0.8244193875000001 0.44096627499999996 0.80787964375 0.43441832812500003 0.80787964375 0.43441832812500003 0.8244193875000001
0 0.59375 0.609375 0.59375 0.615625 0.5984375 0.615625 0.5984375 0.609375 0.59375 0.609375
0 0.6467403796875 0.7477480203125 0.6543752015625 0.7477480203125 0.6543752015625 0.7197785828125001 0.6467403796875 0.7197785828125001 0.6467403796875 0.7477480203125
0 0.6405421890625 0.745839734375 0.6461262125 0.745839734375 0.6461262125 0.7230626546875 0.6405421890625 0.7230626546875 0.6405421890625 0.745839734375
