0 0.0138757640625 0.671348096875 0.0184005359375 0.671348096875 0.0184005359375 0.6547868390625 0.0138757640625 0.6547868390625 0.0138757640625 0.671348096875
0 0.0271839171875 0.668982203125 0.0327733421875 0.668982203125 0.0327733421875 0.657152734375 0.0271839171875 0.657152734375 0.0271839171875 0.668982203125
0 0.0388950921875 0.6637772375 0.0452830046875 0.6637772375 0.0452830046875 0.652894125 0.0388950921875 0.652894125 0.0388950921875 0.6637772375
0 0.0327733421875 0.6685090234375 0.0375642765625 0.6685090234375 0.0375642765625 0.657152734375 0.0327733421875 0.657152734375 0.0327733421875 0.6685090234375
0 0.0508724296875 0.6699285609375 0.05752650625 0.6699285609375 0.05752650625 0.6514745890625 0.0508724296875 0.6514745890625 0.0508724296875 0.6699285609375
0 0.0668422140625 0.6666163093749999 0.0718993109375 0.6666163093749999 0.0718993109375 0.6519477671875 0.0668422140625 0.6519477671875 0.0668422140625 0.6666163093749999
0 0.11783479999999999 0.6472933109375 0.120424034375 0.6472933109375 0.120424034375 0.6359067375 0.11783479999999999 0.6359067375 0.11783479999999999 0.6472933109375
0 0.12437602343750001 0.6446283687500001 0.1284642875 0.6446283687500001 0.1284642875 0.6317881890625 0.12437602343750001 0.6317881890625 0.12437602343750001 0.6446283687500001
0 0.1950087796875 0.6053393875 0.200050971875 0.6053393875 0.200050971875 0.592256940625 0.1950087796875 0.592256940625 0.1950087796875 0.6053393875
0 0.2142309703125 0.5500198953125001 0.2171745203125 0.5500198953125001 0.2171745203125 0.537615796875 0.2142309703125 0.537615796875 0.2142309703125 0.5500198953125001
0 0.26315798749999997 0.623223225 0.266755659375 0.623223225 0.266755659375 0.60985005625 0.26315798749999997 0.60985005625 0.26315798749999997 0.623223225
0 0.265883496875 0.6154706640625001 0.2694811703125 0.6154706640625001 0.2694811703125 0.6067490328125 0.265883496875 0.6067490328125 0.265883496875 0.6154706640625001
0 0.2804922296875 0.61915313125 0.2834357796875 0.61915313125 0.2834357796875 0.6048108921875001 0.2804922296875 0.6048108921875001 0.2804922296875 0.61915313125
0 0.2865973703125 0.6048108921875001 0.2834357796875 0.6048108921875001 0.2834357796875 0.6176026171875 0.2865973703125 0.6176026171875 0.2865973703125 0.6048108921875001
0 0.25509047812499996 0.6290376453125 0.258361090625 0.6290376453125 0.258361090625 0.617408803125 0.25509047812499996 0.617408803125 0.25509047812499996 0.6290376453125
0 0.17104481093749999 0.6301733390625001 0.173500821875 0.6301733390625001 0.173500821875 0.6205477609375001 0.17104481093749999 0.6205477609375001 0.17104481093749999 0.6301733390625001
0 0.175175375 0.630570271875 0.1783012078125 0.630570271875 0.1783012078125 0.6215400875 0.175175375 0.6215400875 0.175175375 0.630570271875
0 0.1818735875 0.6185631046875 0.1837714140625 0.6185631046875 0.1837714140625 0.610426015625 0.1818735875 0.610426015625 0.1818735875 0.6185631046875
0 0.1633852546875 0.61956379375 0.18041969062500002 0.61956379375 0.18041969062500002 0.5980019828125 0.1633852546875 0.5980019828125 0.1633852546875 0.61956379375
0 0.1390685953125 0.6227954687499999 0.160574571875 0.6227954687499999 0.160574571875 0.59364765625 0.1390685953125 0.59364765625 0.1390685953125 0.6227954687499999
0 0.3954364375 0.605143725 0.4004935359375 0.605143725 0.4004935359375 0.589055646875 0.3954364375 0.589055646875 0.3954364375 0.605143725
0 0.290302028125 0.6212318031249999 0.29402831093750004 0.6212318031249999 0.29402831093750004 0.609402334375 0.290302028125 0.609402334375 0.290302028125 0.6212318031249999
0 0.2716706140625 0.6377930609375 0.275663059375 0.6377930609375 0.275663059375 0.6183927312499999 0.2716706140625 0.6183927312499999 0.2716706140625 0.6377930609375
0 0.36163372968749996 0.5989924015625 0.3664246640625 0.5989924015625 0.3664246640625 0.5862165734375 0.36163372968749996 0.5862165734375 0.36163372968749996 0.5989924015625
0 0.37094943593749996 0.60277783125 0.376272696875 0.60277783125 0.376272696875 0.586689753125 0.37094943593749996 0.586689753125 0.37094943593749996 0.60277783125
0 0.378668165625 0.6056169031249999 0.3834591 0.6056169031249999 0.3834591 0.5914215406250001 0.378668165625 0.5914215406250001 0.378668165625 0.6056169031249999
0 0.34459929375 0.61366094375 0.3515195328125 0.61366094375 0.3515195328125 0.5942606125000001 0.34459929375 0.5942606125000001 0.34459929375 0.61366094375
0 0.46863127968749996 0.6226513390624999 0.47235756249999994 0.6226513390624999 0.47235756249999994 0.6079827984375 0.46863127968749996 0.6079827984375 0.46863127968749996 0.6226513390624999
0 0.4771484984375 0.6245440546875 0.48060861875 0.6245440546875 0.48060861875 0.6056169031249999 0.4771484984375 0.6056169031249999 0.4771484984375 0.6245440546875
0 0.37733735 0.6269099484375 0.3807974703125 0.6269099484375 0.3807974703125 0.6131877640625001 0.37733735 0.6131877640625001 0.37733735 0.6269099484375
0 0.370150946875 0.6269099484375 0.37733735 0.6269099484375 0.37733735 0.60892915625 0.370150946875 0.60892915625 0.370150946875 0.6269099484375
0 0.5504197171875 0.5782856953125 0.5547805328125001 0.5782856953125 0.5547805328125001 0.5678681921875001 0.5504197171875 0.5678681921875001 0.5504197171875 0.5782856953125
0 0.52657150625 0.5768320890624999 0.5290244656249999 0.5768320890624999 0.5290244656249999 0.5639919109375 0.52657150625 0.5639919109375 0.52657150625 0.5768320890624999
0 0.52316461875 0.5826465109375001 0.5272528828125 0.5826465109375001 0.5272528828125 0.565445515625 0.52316461875 0.565445515625 0.52316461875 0.5826465109375001
0 0.5206113328125 0.5672715078125 0.5243790765624999 0.5672715078125 0.5243790765624999 0.5533789171875 0.5206113328125 0.5533789171875 0.5206113328125 0.5672715078125
0 0.5747175375 0.5849567078125 0.5784651140625 0.5849567078125 0.5784651140625 0.57163199375 0.5747175375 0.57163199375 0.5747175375 0.5849567078125
0 0.61151191875 0.5598214515625 0.6154298390624999 0.5598214515625 0.6154298390624999 0.54831374375 0.61151191875 0.54831374375 0.61151191875 0.5598214515625
0 0.5920926625 0.55013075 0.5978843703125001 0.55013075 0.5978843703125001 0.5392287109375 0.5920926625 0.5392287109375 0.5920926625 0.55013075
0 0.747327425 0.5390449890625 0.7519062812499999 0.5390449890625 0.7519062812499999 0.5243151234375001 0.747327425 0.5243151234375001 0.747327425 0.5390449890625
0 0.7779877046875 0.5422143671875 0.7822463140625 0.5422143671875 0.7822463140625 0.5293439046875 0.7779877046875 0.5293439046875 0.7779877046875 0.5422143671875
0 0.7886342265625 0.5372933078125001 0.791828184375 0.5372933078125001 0.791828184375 0.5251799312500001 0.7886342265625 0.5251799312500001 0.7886342265625 0.5372933078125001
0 0.7969385140624999 0.550163771875 0.8014100546874999 0.550163771875 0.8014100546874999 0.5365362218749999 0.7969385140624999 0.5365362218749999 0.7969385140624999 0.550163771875
0 0.670244896875 0.5622771484375 0.6732259234375 0.5622771484375 0.6732259234375 0.552435028125 0.670244896875 0.552435028125 0.670244896875 0.5622771484375
0 0.681956071875 0.5649269484375 0.6849370984375 0.5649269484375 0.6849370984375 0.5543277437499999 0.681956071875 0.5543277437499999 0.681956071875 0.5649269484375
0 0.6511271515625 0.5431423390625 0.6570142515625 0.5431423390625 0.6570142515625 0.5299629859375 0.6511271515625 0.5299629859375 0.6511271515625 0.5431423390625
0 0.6336838890625 0.5598103453125 0.6372815609375 0.5598103453125 0.6372815609375 0.54992583125 0.6336838890625 0.54992583125 0.6336838890625 0.5598103453125
0 0.6386988265625 0.5605856015625 0.6421874796875 0.5605856015625 0.6421874796875 0.55011964375 0.6386988265625 0.55011964375 0.6386988265625 0.5605856015625
0 0.6432776828125 0.5605856015625 0.6461122125000001 0.5605856015625 0.6461122125000001 0.5508949000000001 0.6432776828125 0.5508949000000001 0.6432776828125 0.5605856015625
0 0.6498189062499999 0.5491505734375 0.6465482953125 0.5491505734375 0.6465482953125 0.5603917875 0.6498189062499999 0.5603917875 0.6498189062499999 0.5491505734375
0 0.6573849218750001 0.57369850625 0.6607863578125001 0.57369850625 0.6607863578125001 0.5614494578125 0.6573849218750001 0.5614494578125 0.6573849218750001 0.57369850625
0 0.8446053062500001 0.5106040796875 0.8491300781250001 0.5106040796875 0.8491300781250001 0.4973550734375 0.8446053062500001 0.4973550734375 0.8446053062500001 0.5106040796875
0 0.8650998624999999 0.5257458015625 0.8698907968749999 0.5257458015625 0.8698907968749999 0.5124967953125 0.8650998624999999 0.5124967953125 0.8650998624999999 0.5257458015625
0 0.8975824031249999 0.4869370296875 0.8975824031249999 0.49541639374999996 0.8999122578125001 0.49541639374999996 0.9006486015625 0.49541639374999996 0.9006486015625 0.4869370296875 0.8975824031249999 0.4869370296875
0 0.90354445625 0.49814190312499995 0.906099621875 0.49814190312499995 0.906099621875 0.48935970624999997 0.90354445625 0.48935970624999997 0.90354445625 0.49814190312499995
0 0.87560798125 0.49359938750000004 0.878333490625 0.49359938750000004 0.878333490625 0.48542285781250005 0.87560798125 0.48542285781250005 0.87560798125 0.49359938750000004
0 0.8883838078125 0.5066212671875 0.89145000625 0.5066212671875 0.89145000625 0.49753623437499994 0.8883838078125 0.49753623437499994 0.8883838078125 0.5066212671875
0 0.9241561234375 0.5284253453125001 0.927051978125 0.5284253453125001 0.927051978125 0.519037478125 0.9241561234375 0.519037478125 0.9241561234375 0.5284253453125001
0 0.9582249953125 0.519037478125 0.9618022281249999 0.519037478125 0.9618022281249999 0.5087411078125 0.9582249953125 0.5087411078125 0.9582249953125 0.519037478125
0 0.9716822 0.5154034640625 0.9747483984375 0.5154034640625 0.9747483984375 0.5041985921875 0.9716822 0.5041985921875 0.9716822 0.5154034640625
0 0.9958710999999999 0.5078326046875 0.99791523125 0.5078326046875 0.99791523125 0.49814190312499995 0.9958710999999999 0.49814190312499995 0.9958710999999999 0.5078326046875
0 0.9273926671874999 0.50268441875 0.9292664546875 0.50268441875 0.9292664546875 0.49481072499999995 0.9273926671874999 0.49481072499999995 0.9273926671874999 0.50268441875
0 0.9328436859375 0.49783906875 0.9292664546875 0.49783906875 0.9292664546875 0.5075297703125 0.9328436859375 0.5075297703125 0.9328436859375 0.49783906875
0 0.0490795765625 0.8112085765625 0.055733653125000004 0.8112085765625 0.055733653125000004 0.7964217390624999 0.0490795765625 0.7964217390624999 0.0490795765625 0.8112085765625
0 0.0018356328125000002 0.8194892046875 0.0078243015625 0.8194892046875 0.0078243015625 0.8076597359375001 0.0018356328125000002 0.8076597359375001 0.0018356328125000002 0.8194892046875
0 0.051075800000000005 0.7496953359375 0.0597260984375 0.7496953359375 0.0597260984375 0.7402317593750001 0.051075800000000005 0.7402317593750001 0.051075800000000005 0.7496953359375
0 0.0783575140625 0.7301767109374999 0.0846788859375 0.7301767109374999 0.0846788859375 0.7142069265625001 0.0783575140625 0.7142069265625001 0.0783575140625 0.7301767109374999
0 0.090002146875 0.6852247265625 0.0993178546875 0.6852247265625 0.0993178546875 0.668071996875 0.090002146875 0.668071996875 0.090002146875 0.6852247265625
0 0.1186146765625 0.6875906203125 0.1259341609375 0.6875906203125 0.1259341609375 0.6686634687499999 0.1186146765625 0.6686634687499999 0.1186146765625 0.6875906203125
0 0.21243715624999998 0.7603418578125 0.219756640625 0.7603418578125 0.219756640625 0.7402317593750001 0.21243715624999998 0.7402317593750001 0.21243715624999998 0.7603418578125
0 0.1748416234375 0.8248124656250001 0.1808302921875 0.8248124656250001 0.1808302921875 0.8088426828124999 0.1748416234375 0.8088426828124999 0.1748416234375 0.8248124656250001
0 0.12127630781250001 0.766848065625 0.126932271875 0.766848065625 0.126932271875 0.7550185968750001 0.12127630781250001 0.7550185968750001 0.12127630781250001 0.766848065625
0 0.24138238906249998 0.68818209375 0.24670565 0.68818209375 0.24670565 0.6704378890625 0.24138238906249998 0.6704378890625 0.24138238906249998 0.68818209375
0 0.2177604171875 0.6662975765625 0.223083678125 0.6662975765625 0.223083678125 0.6485533718750001 0.2177604171875 0.6485533718750001 0.2177604171875 0.6662975765625
0 0.1868189609375 0.6521022125 0.1911441109375 0.6521022125 0.1911441109375 0.6379068484375 0.1868189609375 0.6379068484375 0.1868189609375 0.6521022125
0 0.18149569999999998 0.6739867312500001 0.1878170734375 0.6739867312500001 0.1878170734375 0.6615657875000001 0.18149569999999998 0.6615657875000001 0.18149569999999998 0.6739867312500001
0 0.1745089203125 0.6615657875000001 0.18149569999999998 0.6615657875000001 0.18149569999999998 0.6420471625 0.1745089203125 0.6420471625 0.1745089203125 0.6615657875000001
0 0.16486050937500002 0.6716208375 0.1735108078125 0.6716208375 0.1735108078125 0.66393168125 0.16486050937500002 0.66393168125 0.16486050937500002 0.6716208375
0 0.15920454374999998 0.66393168125 0.16486050937500002 0.66393168125 0.16486050937500002 0.6515107390625 0.15920454374999998 0.6515107390625 0.15920454374999998 0.66393168125
0 0.1984635953125 0.66452315625 0.20345415312499998 0.66452315625 0.20345415312499998 0.6550595796875001 0.1984635953125 0.6550595796875001 0.1984635953125 0.66452315625
0 0.357828728125 0.6319921140625 0.36514821249999996 0.6319921140625 0.36514821249999996 0.6154308578125 0.357828728125 0.6154308578125 0.357828728125 0.6319921140625
0 0.3594922484375 0.6538766328125 0.3638173984375 0.6538766328125 0.3638173984375 0.639089796875 0.3594922484375 0.639089796875 0.3594922484375 0.6538766328125
0 0.3139118234375 0.6296262203125 0.31890238125 0.6296262203125 0.31890238125 0.6154308578125 0.3139118234375 0.6154308578125 0.3139118234375 0.6296262203125
0 0.3052615234375 0.6367239015624999 0.3122483046875 0.6367239015624999 0.3122483046875 0.62548590625 0.3052615234375 0.62548590625 0.3052615234375 0.6367239015624999
0 0.304596115625 0.658016946875 0.3079231546875 0.658016946875 0.3079231546875 0.6479618984375 0.304596115625 0.6479618984375 0.304596115625 0.658016946875
0 0.3109174890625 0.6739867312500001 0.3169061578125 0.6739867312500001 0.3169061578125 0.6633402078125 0.3109174890625 0.6633402078125 0.3109174890625 0.6739867312500001
0 0.2992728546875 0.6852247265625 0.30559422812500003 0.6852247265625 0.30559422812500003 0.6781270453125 0.2992728546875 0.6781270453125 0.2992728546875 0.6852247265625
0 0.2869628140625 0.64500453125 0.2889590359375 0.64500453125 0.2889590359375 0.6408642171875 0.2869628140625 0.6408642171875 0.2869628140625 0.64500453125
0 0.290955259375 0.646187478125 0.2962785203125 0.646187478125 0.2962785203125 0.6337665343750001 0.290955259375 0.6337665343750001 0.290955259375 0.646187478125
0 0.30972665625 0.77880065 0.3144111265625 0.77880065 0.3144111265625 0.7632803859374999 0.30972665625 0.7632803859374999 0.30972665625 0.77880065
0 0.3167533609375 0.7829646234375 0.322076621875 0.7829646234375 0.322076621875 0.7685799890625 0.3167533609375 0.7685799890625 0.3167533609375 0.7829646234375
0 0.332084353125 0.7822075374999999 0.3374076140625 0.7822075374999999 0.3374076140625 0.76630873125 0.332084353125 0.76630873125 0.332084353125 0.7822075374999999
0 0.323141275 0.8015132312500001 0.327186953125 0.8015132312500001 0.327186953125 0.7909140265625 0.323141275 0.7909140265625 0.323141275 0.8015132312500001
0 0.2604434703125 0.8069336640625 0.26576673125 0.8069336640625 0.26576673125 0.7927383015625 0.2604434703125 0.7927383015625 0.2604434703125 0.8069336640625
0 0.3667373515625 0.7493411531249999 0.3707297984375 0.7493411531249999 0.3707297984375 0.73869463125 0.3667373515625 0.73869463125 0.3667373515625 0.7493411531249999
0 0.3281437078125 0.7162186390625 0.333134265625 0.7162186390625 0.333134265625 0.7091209578125001 0.3281437078125 0.7091209578125001 0.3281437078125 0.7162186390625
0 0.3381248234375 0.71444421875 0.333134265625 0.71444421875 0.333134265625 0.72390779375 0.3381248234375 0.72390779375 0.3381248234375 0.71444421875
0 0.3860341734375 0.742243471875 0.3913574359375 0.742243471875 0.3913574359375 0.732779896875 0.3860341734375 0.732779896875 0.3860341734375 0.742243471875
0 0.3401004234375 0.6564142015625001 0.3436776546875 0.6564142015625001 0.3436776546875 0.6391526390625 0.3401004234375 0.6391526390625 0.3401004234375 0.6564142015625001
0 0.345040409375 0.6527801890625 0.34929901874999997 0.6527801890625 0.34929901874999997 0.6406668125 0.345040409375 0.6406668125 0.345040409375 0.6527801890625
0 0.3457217875 0.64006114375 0.3504914296875 0.64006114375 0.3504914296875 0.62340525 0.3457217875 0.62340525 0.3457217875 0.64006114375
0 0.339589390625 0.6327931171875 0.3457217875 0.6327931171875 0.3457217875 0.61916556875 0.339589390625 0.61916556875 0.339589390625 0.6327931171875
0 0.33192389375000003 0.642180984375 0.3341383703125 0.642180984375 0.3341383703125 0.6355186265625 0.33192389375000003 0.6355186265625 0.33192389375000003 0.642180984375
0 0.16582433593749998 0.728248390625 0.1722122484375 0.728248390625 0.1722122484375 0.7176491859375 0.16582433593749998 0.7176491859375 0.16582433593749998 0.728248390625
0 0.22778709687499998 0.6854730296875 0.232684496875 0.6854730296875 0.232684496875 0.67184548125 0.22778709687499998 0.67184548125 0.22778709687499998 0.6854730296875
0 0.6540527796875 0.6854746046875 0.66001483125 0.6854746046875 0.66001483125 0.673361228125 0.6540527796875 0.673361228125 0.6540527796875 0.6854746046875
0 0.647026075 0.644213415625 0.6529881265624999 0.644213415625 0.6529881265624999 0.6309644109375 0.647026075 0.6309644109375 0.647026075 0.644213415625
0 0.6123184109375 0.6233935484375001 0.6174287421875 0.6233935484375001 0.6174287421875 0.6158226890625 0.6123184109375 0.6158226890625 0.6123184109375 0.6233935484375001
0 0.5923029484375 0.6105230875000001 0.595283975 0.6105230875000001 0.595283975 0.6014380546875 0.5923029484375 0.6014380546875 0.5923029484375 0.6105230875000001
0 0.6106149671875001 0.65291990625 0.6152994374999999 0.65291990625 0.6152994374999999 0.6411850718750001 0.6106149671875001 0.6411850718750001 0.6106149671875001 0.65291990625
0 0.729430159375 0.65291990625 0.732624115625 0.65291990625 0.732624115625 0.644213415625 0.729430159375 0.644213415625 0.729430159375 0.65291990625
0 0.7577499078125001 0.6567053359374999 0.7637119609374999 0.6567053359374999 0.7637119609374999 0.65216281875 0.7577499078125001 0.65216281875 0.7577499078125001 0.6567053359374999
0 0.987469259375 0.633060634375 0.99513475625 0.633060634375 0.99513475625 0.6227642640625 0.987469259375 0.6227642640625 0.987469259375 0.633060634375
0 0.9958161328124999 0.523737409375 0.9985416421875 0.523737409375 0.9985416421875 0.5146523765625 0.9958161328124999 0.5146523765625 0.9958161328124999 0.523737409375
0 0.9760561875 0.5270685875 0.97963341875 0.5270685875 0.97963341875 0.5158637140625 0.9760561875 0.5158637140625 0.9760561875 0.5270685875
0 0.9459052359375001 0.5300969328125 0.948971434375 0.5300969328125 0.948971434375 0.52161756875 0.9459052359375001 0.52161756875 0.9459052359375001 0.5300969328125
0 0.9530596984375 0.52161756875 0.948971434375 0.52161756875 0.948971434375 0.524948746875 0.9530596984375 0.524948746875 0.9530596984375 0.52161756875
0 0.89923088125 0.5046588421875 0.9036598343750001 0.5046588421875 0.9036598343750001 0.4989049875 0.89923088125 0.4989049875 0.89923088125 0.5046588421875
0 0.88372954375 0.500116325 0.8883838078125 0.500116325 0.8883838078125 0.49224263125 0.88372954375 0.49224263125 0.88372954375 0.500116325
0 0.868568896875 0.500419159375 0.874019915625 0.500419159375 0.874019915625 0.49193979531250004 0.868568896875 0.49193979531250004 0.868568896875 0.500419159375
0 0.33608075625 0.5448640484375 0.33900855 0.5448640484375 0.33900855 0.534454115625 0.33608075625 0.534454115625 0.33608075625 0.5448640484375
0 0.41167106562500005 0.5354004734375 0.415929675 0.5354004734375 0.415929675 0.527356434375 0.41167106562500005 0.527356434375 0.41167106562500005 0.5354004734375
0 0.3456093953125 0.5426375734375 0.3911765109375 0.5426375734375 0.3911765109375 0.5237104234375 0.3456093953125 0.5237104234375 0.3456093953125 0.5426375734375
0 0.285350078125 0.54225903125 0.32921374999999997 0.54225903125 0.32921374999999997 0.5229533375 0.285350078125 0.5229533375 0.285350078125 0.54225903125
0 0.19293826249999999 0.5445302890625 0.21231493281249997 0.5445302890625 0.21231493281249997 0.521060621875 0.19293826249999999 0.521060621875 0.19293826249999999 0.5445302890625
0 0.2274329953125 0.5524796921874999 0.25085534531250003 0.5524796921874999 0.25085534531250003 0.5365808859375 0.2274329953125 0.5365808859375 0.2274329953125 0.5524796921874999
0 0.08966699375 0.5464230031249999 0.10222989062500001 0.5464230031249999 0.10222989062500001 0.5293885687500001 0.08966699375 0.5293885687500001 0.08966699375 0.5464230031249999
0 0.3946091703125 0.5296759921875 0.44704329375 0.5296759921875 0.44704329375 0.51264155625 0.3946091703125 0.51264155625 0.3946091703125 0.5296759921875
0 0.45156806562499996 0.521631953125 0.47978135 0.521631953125 0.47978135 0.5050706953125 0.45156806562499996 0.5050706953125 0.45156806562499996 0.521631953125
0 0.5673489984375 0.5164269859374999 0.5724060953125 0.5164269859374999 0.5724060953125 0.5050706953125 0.5673489984375 0.5050706953125 0.5673489984375 0.5164269859374999
0 0.5452574640625001 0.5254173828125001 0.5484514203125 0.5254173828125001 0.5484514203125 0.5150074499999999 0.5452574640625001 0.5150074499999999 0.5452574640625001 0.5254173828125001
0 0.55377468125 0.5150074499999999 0.5484514203125 0.5150074499999999 0.5484514203125 0.5239978468750001 0.55377468125 0.5239978468750001 0.55377468125 0.5150074499999999
0 0.5306184953125 0.5239978468750001 0.5354094296875 0.5239978468750001 0.5354094296875 0.514534271875 0.5306184953125 0.514534271875 0.5306184953125 0.5239978468750001
0 0.6980350609375 0.4866167234375 0.7563247718749999 0.4866167234375 0.7563247718749999 0.473840896875 0.6980350609375 0.473840896875 0.6980350609375 0.4866167234375
0 0.6240417296875 0.5003389078125 0.674878875 0.5003389078125 0.674878875 0.48992897500000004 0.6240417296875 0.48992897500000004 0.6240417296875 0.5003389078125
0 0.972324734375 0.47149113906249995 0.9751156562500001 0.47149113906249995 0.9751156562500001 0.4629323109375 0.972324734375 0.4629323109375 0.972324734375 0.47149113906249995
0 0.977906578125 0.465537171875 0.9751156562500001 0.465537171875 0.9751156562500001 0.47409599843750005 0.977906578125 0.47409599843750005 0.977906578125 0.465537171875
0 0.981046365625 0.46193998281250004 0.9783252156250001 0.46193998281250004 0.9783252156250001 0.47235942499999994 0.981046365625 0.47235942499999994 0.981046365625 0.46193998281250004
0 0.2142737359375 0.6311951078125 0.2188730328125 0.6311951078125 0.2188730328125 0.6160533874999999 0.2142737359375 0.6160533874999999 0.2142737359375 0.6311951078125
0 0.1916179359375 0.6215044078124999 0.1916179359375 0.63270928125 0.196557921875 0.63270928125 0.196557921875 0.6245327515625 0.196557921875 0.6215044078124999 0.1916179359375 0.6215044078124999
0 0.20251997500000002 0.635434790625 0.192810346875 0.635434790625 0.192810346875 0.6445198234375 0.20251997500000002 0.6445198234375 0.20251997500000002 0.635434790625
0 0.1979206765625 0.636646128125 0.20507514062499999 0.636646128125 0.20507514062499999 0.6242299171875 0.1979206765625 0.6242299171875 0.1979206765625 0.636646128125
0 0.2343903390625 0.5888334390625001 0.2503601234375 0.5888334390625001 0.2503601234375 0.5748273484374999 0.2343903390625 0.5748273484374999 0.2343903390625 0.5888334390625001
0 0.2761247078125 0.5858050968749999 0.2891134640625 0.5858050968749999 0.2891134640625 0.570663375 0.2761247078125 0.570663375 0.2761247078125 0.5858050968749999
0 0.2967789609375 0.5736917187499999 0.3302090421875 0.5736917187499999 0.3302090421875 0.5540074828125 0.2967789609375 0.5540074828125 0.2967789609375 0.5736917187499999
0 0.35959344375 0.5793698640625 0.381951140625 0.5793698640625 0.381951140625 0.5570358265625 0.35959344375 0.5570358265625 0.35959344375 0.5793698640625
0 0.407715725 0.5717990046875 0.423472578125 0.5717990046875 0.423472578125 0.5551431109375 0.407715725 0.5551431109375 0.407715725 0.5717990046875
0 0.48543533906249997 0.5615783421875 0.4896939484375 0.5615783421875 0.4896939484375 0.5521147671875 0.48543533906249997 0.5521147671875 0.48543533906249997 0.5615783421875
0 0.49459134843749997 0.5521147671875 0.4896939484375 0.5521147671875 0.4896939484375 0.5611998 0.49459134843749997 0.5611998 0.49459134843749997 0.5521147671875
0 0.5154585328125 0.5672715078125 0.5206113328125 0.5672715078125 0.5206113328125 0.54795079375 0.5154585328125 0.54795079375 0.5154585328125 0.5672715078125
0 0.6338885859375 0.54622355625 0.6415540828124999 0.54622355625 0.6415540828124999 0.5268421531249999 0.6338885859375 0.5268421531249999 0.6338885859375 0.54622355625
0 0.610551409375 0.5380470265625 0.6154913953125 0.5380470265625 0.6154913953125 0.5271449875 0.610551409375 0.5271449875 0.610551409375 0.5380470265625
0 0.6204313828125 0.529264828125 0.6154913953125 0.529264828125 0.6154913953125 0.5398640328125001 0.6204313828125 0.5398640328125001 0.6204313828125 0.529264828125
0 0.7158242234375 0.5295676640625 0.727407640625 0.5295676640625 0.727407640625 0.5098834265625001 0.7158242234375 0.5098834265625001 0.7158242234375 0.5295676640625
0 0.551176865625 0.608124178125 0.556627884375 0.608124178125 0.556627884375 0.5974644078125 0.551176865625 0.5974644078125 0.551176865625 0.608124178125
0 0.610145984375 0.728142315625 0.616001571875 0.728142315625 0.616001571875 0.7186787406249999 0.610145984375 0.7186787406249999 0.610145984375 0.728142315625
0 0.6708311625000001 0.7305082109375001 0.6761544234375 0.7305082109375001 0.6761544234375 0.721044634375 0.6708311625000001 0.721044634375 0.6708311625000001 0.7305082109375001
0 0.6788160546875 0.6760926515625 0.6825423374999999 0.6760926515625 0.6825423374999999 0.666155896875 0.6788160546875 0.666155896875 0.6788160546875 0.6760926515625
0 0.20555791874999998 0.9066159375 0.21179611562499998 0.9066159375 0.21179611562499998 0.8970044921874999 0.20555791874999998 0.8970044921874999 0.20555791874999998 0.9066159375
0 0.5975327375 0.8853454187500001 0.6062662140625 0.8853454187500001 0.6062662140625 0.860207796875 0.5975327375 0.860207796875 0.5975327375 0.8853454187500001
0 0.7739405625 0.5678151140625001 0.78245778125 0.5678151140625001 0.78245778125 0.5498343203125 0.7739405625 0.5498343203125 0.7739405625 0.5678151140625001
0 0.2777044859375 0.676483578125 0.283293909375 0.676483578125 0.283293909375 0.6665468234375 0.2777044859375 0.6665468234375 0.2777044859375 0.676483578125
0 0.2372477 0.638156096875 0.24070782031250001 0.638156096875 0.24070782031250001 0.6230143765625 0.2372477 0.6230143765625 0.2372477 0.638156096875
0 0.278502975 0.6305852359374999 0.2838262359375 0.6305852359374999 0.2838262359375 0.6192289453125001 0.278502975 0.6192289453125001 0.278502975 0.6305852359374999
0 0.0120059765625 0.6850796203125 0.07605545625 0.6850796203125 0.07605545625 0.671270371875 0.0120059765625 0.671270371875 0.0120059765625 0.6850796203125
0 0.0827505171875 0.69677984375 0.1006333484375 0.69677984375 0.1006333484375 0.6827323484375001 0.0827505171875 0.6827323484375001 0.0827505171875 0.69677984375
