0 0.7109375 0.2890625 0.7109375 0.26428863125 0.6924719765624999 0.264718421875 0.6921875 0.27449524687500004 0.6921875 0.2890625 0.7109375 0.2890625
0 0.7734375 0.296363875 0.752085075 0.2959911671875 0.7515625 0.3139509125 0.7515625 0.325 0.773279996875 0.325 0.7734375 0.3195869671875 0.7734375 0.296363875
0 0.6887279484375 0.330531496875 0.710004803125 0.330531496875 0.710004803125 0.305638009375 0.6887279484375 0.305638009375 0.6887279484375 0.330531496875
0 0.7325332390625 0.3545359328125 0.7540604109375 0.3545359328125 0.7540604109375 0.3283088640625 0.7325332390625 0.3283088640625 0.7325332390625 0.3545359328125
0 0.6574384546875001 0.3963214328125 0.6837216296874999 0.3963214328125 0.6837216296874999 0.3665381515625 0.6574384546875001 0.3665381515625 0.6574384546875001 0.3963214328125
0 0.69166329375 0.5475438234375 0.71638199375 0.5475438234375 0.71638199375 0.5136486703124999 0.69166329375 0.5136486703124999 0.69166329375 0.5475438234375
0 0.7317138453125 0.508647746875 0.7545551749999999 0.508647746875 0.7545551749999999 0.473641278125 0.7317138453125 0.473641278125 0.7317138453125 0.508647746875
0 0.7479843828125 0.5186495953125 0.770199921875 0.5186495953125 0.770199921875 0.4864214171875 0.7479843828125 0.4864214171875 0.7479843828125 0.5186495953125
0 0.7223269984374999 0.554211721875 0.753616490625 0.554211721875 0.753616490625 0.5214278859375 0.7223269984374999 0.5214278859375 0.7223269984374999 0.554211721875
0 0.733591215625 0.5769937109375001 0.761751759375 0.5769937109375001 0.761751759375 0.5436542156249999 0.733591215625 0.5436542156249999 0.733591215625 0.5769937109375001
0 0.6900988187499999 0.6775678515625 0.7242043671875 0.6775678515625 0.7242043671875 0.639783090625 0.6900988187499999 0.639783090625 0.6900988187499999 0.6775678515625
0 0.7066822515625001 0.7 0.7066822515625001 0.691459309375 0.6760185468750001 0.691459309375 0.6760185468750001 0.7 0.7066822515625001 0.7
0 0.48014632031249993 0.19247820625 0.510497128125 0.19247820625 0.510497128125 0.1624726625 0.48014632031249993 0.1624726625 0.48014632031249993 0.19247820625
0 0.3890938953125 0.1752528015625 0.40379995625 0.1752528015625 0.40379995625 0.1541377875 0.3890938953125 0.1541377875 0.3890938953125 0.1752528015625
0 0.4413473484375 0.2413761328125 0.4601210453125 0.2413761328125 0.4601210453125 0.2080366375 0.4413473484375 0.2080366375 0.4413473484375 0.2413761328125
0 0.4682563125 0.336393690625 0.49798133125 0.336393690625 0.49798133125 0.2997202484375 0.4682563125 0.2997202484375 0.4682563125 0.336393690625
0 0.6090590328125 0.36862186874999997 0.6356551015624999 0.36862186874999997 0.6356551015624999 0.3452842234375 0.6090590328125 0.3452842234375 0.6090590328125 0.36862186874999997
0 0.433524975 0.36973318593750004 0.4610597296875 0.36973318593750004 0.4610597296875 0.344728565625 0.433524975 0.344728565625 0.433524975 0.36973318593750004
0 0.397854953125 0.3852916171875 0.41788022812500003 0.3852916171875 0.41788022812500003 0.35750870468749996 0.397854953125 0.35750870468749996 0.397854953125 0.3852916171875
0 0.40536443125000005 0.40251702187499994 0.4319605015625 0.40251702187499994 0.4319605015625 0.37362279374999996 0.40536443125000005 0.37362279374999996 0.40536443125000005 0.40251702187499994
0 0.4019225875 0.4558602140625 0.43164760625 0.4558602140625 0.43164760625 0.433633884375 0.4019225875 0.433633884375 0.4019225875 0.4558602140625
0 0.5977948140625 0.53198539375 0.6287714125 0.53198539375 0.6287714125 0.5030911640625 0.5977948140625 0.5030911640625 0.5977948140625 0.53198539375
0 0.64848379375 0.4436357328125 0.6760185468750001 0.4436357328125 0.6760185468750001 0.4208537453125 0.64848379375 0.4208537453125 0.64848379375 0.4436357328125
0 0.41558670937500003 0.50807778125 0.4441027015625 0.50807778125 0.4441027015625 0.476783109375 0.41558670937500003 0.476783109375 0.41558670937500003 0.50807778125
0 0.44490371250000005 0.471946659375 0.46877384062500005 0.471946659375 0.46877384062500005 0.4369535265625 0.44490371250000005 0.4369535265625 0.44490371250000005 0.471946659375
0 0.4697350546875 0.4961289046875 0.4697350546875 0.4685326953125 0.4503505875 0.4685326953125 0.4503505875 0.4961289046875 0.464866290625 0.4961289046875 0.4697350546875 0.4961289046875
0 0.3890625 0.6316567640625 0.4064359984375 0.6316567640625 0.4064359984375 0.59893960625 0.3890625 0.59893960625 0.3890625 0.6316567640625
0 0.6068494046875 0.7 0.6068494046875 0.6632069328125 0.570041346875 0.6632069328125 0.570041346875 0.7 0.6068494046875 0.7
0 0.58306258125 0.6604757625000001 0.608694934375 0.6604757625000001 0.608694934375 0.6229676734375 0.58306258125 0.6229676734375 0.58306258125 0.6604757625000001
0 0.6777839625000001 0.4490595125 0.709183596875 0.4490595125 0.709183596875 0.42607215312499996 0.6777839625000001 0.42607215312499996 0.6777839625000001 0.4490595125
0 0.6451027140625 0.49344104843750003 0.676246021875 0.49344104843750003 0.676246021875 0.46430855312499997 0.6451027140625 0.46430855312499997 0.6451027140625 0.49344104843750003
0 0.6252728609375 0.5378049 0.652340625 0.5378049 0.652340625 0.5094007171875 0.6252728609375 0.5094007171875 0.6252728609375 0.5378049
0 0.43743166406249995 0.5923739828125 0.45825794999999997 0.5923739828125 0.45825794999999997 0.5660580093750001 0.43743166406249995 0.5660580093750001 0.43743166406249995 0.5923739828125
0 0.4442402578125 0.6133556375 0.46506654531249997 0.6133556375 0.46506654531249997 0.5856171796874999 0.4442402578125 0.5856171796874999 0.4442402578125 0.6133556375
0 0.4650173296875 0.5223796359375 0.48496545312499995 0.5223796359375 0.48496545312499995 0.49884058124999997 0.4650173296875 0.49884058124999997 0.4650173296875 0.5223796359375
0 0.47085740625000005 0.544403803125 0.4977611234375 0.544403803125 0.4977611234375 0.5110762296875 0.47085740625000005 0.5110762296875 0.47085740625000005 0.544403803125
0 0.48139788906250003 0.45129163281249995 0.4932913015625 0.45129163281249995 0.4932913015625 0.431080965625 0.48139788906250003 0.431080965625 0.48139788906250003 0.45129163281249995
0 0.5744477984375 0.5900500953125001 0.604309490625 0.5900500953125001 0.604309490625 0.5547724656249999 0.5744477984375 0.5547724656249999 0.5744477984375 0.5900500953125001
0 0.623918240625 0.592326071875 0.65377993125 0.592326071875 0.65377993125 0.558414028125 0.623918240625 0.558414028125 0.623918240625 0.592326071875
0 0.6182791218749999 0.6228241515625 0.6449367703125001 0.6228241515625 0.6449367703125001 0.5891397046875 0.6182791218749999 0.5891397046875 0.6182791218749999 0.6228241515625
0 0.5049841234375 0.5417994015625001 0.518312946875 0.5417994015625001 0.518312946875 0.5213156156250001 0.5049841234375 0.5213156156250001 0.5049841234375 0.5417994015625001
0 0.717413590625 0.614436390625 0.7383839828125 0.614436390625 0.7383839828125 0.5849198265625 0.717413590625 0.5849198265625 0.717413590625 0.614436390625
0 0.6883657109375 0.62353963125 0.7085594234375 0.62353963125 0.7085594234375 0.597333334375 0.6883657109375 0.597333334375 0.6883657109375 0.62353963125
0 0.6608711953124999 0.6105744125 0.6847929781250001 0.6105744125 0.6847929781250001 0.5851956828125 0.6608711953124999 0.5851956828125 0.6608711953124999 0.6105744125
0 0.9104470359375 0.35966205 0.8918066859374999 0.35966205 0.8918066859374999 0.3834959875 0.9104470359375 0.3834959875 0.9104470359375 0.35966205
0 0.7734171625 0.45179787187500003 0.7976884515625 0.45179787187500003 0.7976884515625 0.4242122984375 0.7734171625 0.4242122984375 0.7734171625 0.45179787187500003
0 0.8070086265625 0.3652481296875 0.7858440625 0.3652481296875 0.7858440625 0.38628213125 0.8070086265625 0.38628213125 0.8070086265625 0.3652481296875
0 0.7042925312499999 0.396971540625 0.732641396875 0.396971540625 0.732641396875 0.37283416406250003 0.7042925312499999 0.37283416406250003 0.7042925312499999 0.396971540625
0 0.709183596875 0.4444876953125 0.6880987265625 0.4444876953125 0.6880987265625 0.47593525156250005 0.709183596875 0.47593525156250005 0.709183596875 0.4444876953125
0 0.670856403125 0.4800730875 0.650662690625 0.4800730875 0.650662690625 0.5040725375 0.670856403125 0.5040725375 0.670856403125 0.4800730875
0 0.5088540421875 0.6558072125 0.48555360625 0.6558072125 0.48555360625 0.6842203546875 0.5088540421875 0.6842203546875 0.5088540421875 0.6558072125
0 0.4961164703125 0.6582899140625 0.513048121875 0.6582899140625 0.513048121875 0.6373248765625 0.4961164703125 0.6373248765625 0.4961164703125 0.6582899140625
0 0.4502922765625 0.691944315625 0.476544103125 0.691944315625 0.476544103125 0.6654621640625 0.4502922765625 0.6654621640625 0.4502922765625 0.691944315625
0 0.5339874484375 0.679100471875 0.5510868625 0.679100471875 0.5510868625 0.6605629656249999 0.5339874484375 0.6605629656249999 0.5339874484375 0.679100471875
0 0.5344741359375 0.63717195 0.556743140625 0.63717195 0.556743140625 0.6018624124999999 0.5344741359375 0.6018624124999999 0.5344741359375 0.63717195
0 0.522444896875 0.6196937296875 0.5405384625 0.6196937296875 0.5405384625 0.59462395625 0.522444896875 0.59462395625 0.522444896875 0.6196937296875
0 0.508626184375 0.608747771875 0.5307957734375 0.608747771875 0.5307957734375 0.5833249046875 0.508626184375 0.5833249046875 0.508626184375 0.608747771875
0 0.5498834921875 0.6018624124999999 0.5762285203124999 0.6018624124999999 0.5762285203124999 0.5695541859375 0.5498834921875 0.5695541859375 0.5498834921875 0.6018624124999999
0 0.542029690625 0.5789112140625 0.56052091875 0.5789112140625 0.56052091875 0.55472418125 0.542029690625 0.55472418125 0.542029690625 0.5789112140625
0 0.526819165625 0.5752037125 0.5396437265625 0.5752037125 0.5396437265625 0.5564896593750001 0.526819165625 0.5564896593750001 0.526819165625 0.5752037125
0 0.504748990625 0.5647873984375 0.512304546875 0.5647873984375 0.512304546875 0.54995739375 0.504748990625 0.54995739375 0.504748990625 0.5647873984375
0 0.5579361234375 0.5483684640625001 0.5719536671875 0.5483684640625001 0.5719536671875 0.5270061953125 0.5579361234375 0.5270061953125 0.5579361234375 0.5483684640625001
0 0.561117409375 0.52047393125 0.5712577609375 0.52047393125 0.5712577609375 0.500170946875 0.561117409375 0.500170946875 0.561117409375 0.52047393125
0 0.5448133171875 0.49840547031250004 0.5556495734375 0.49840547031250004 0.5556495734375 0.48057415312499996 0.5448133171875 0.48057415312499996 0.5448133171875 0.49840547031250004
0 0.5289068859375 0.52718274375 0.5382519140625 0.52718274375 0.5382519140625 0.5167664296875001 0.5289068859375 0.5167664296875001 0.5289068859375 0.52718274375
0 0.53586595 0.5446609640625 0.5457080546874999 0.5446609640625 0.5457080546874999 0.526829646875 0.53586595 0.526829646875 0.53586595 0.5446609640625
0 0.5457080546874999 0.5220628609375 0.5584332 0.5220628609375 0.5584332 0.505467378125 0.5457080546874999 0.505467378125 0.5457080546874999 0.5220628609375
0 0.5866671171875 0.49699308750000004 0.6039653609375 0.49699308750000004 0.6039653609375 0.48004451093749995 0.5866671171875 0.48004451093749995 0.5866671171875 0.49699308750000004
0 0.5915384609375 0.4690985546875 0.605058928125 0.4690985546875 0.605058928125 0.452149978125 0.5915384609375 0.452149978125 0.5915384609375 0.4690985546875
0 0.48041712187499996 0.486543671875 0.507259225 0.486543671875 0.507259225 0.46323937812500005 0.48041712187499996 0.46323937812500005 0.48041712187499996 0.486543671875
0 0.4857855421875 0.460944259375 0.49622413749999994 0.460944259375 0.49622413749999994 0.4434660375 0.4857855421875 0.4434660375 0.4857855421875 0.460944259375
0 0.536387878125 0.46306283125 0.5560720890625 0.46306283125 0.5560720890625 0.44682044374999996 0.536387878125 0.44682044374999996 0.536387878125 0.46306283125
0 0.5471247203124999 0.4703012859375 0.56273290625 0.4703012859375 0.56273290625 0.45582437656249997 0.5471247203124999 0.45582437656249997 0.5471247203124999 0.4703012859375
0 0.5247563 0.4358744875 0.5424522062499999 0.4358744875 0.5424522062499999 0.420338290625 0.5247563 0.420338290625 0.5247563 0.4358744875
0 0.5349960656249999 0.450881040625 0.5471247203124999 0.450881040625 0.5471247203124999 0.43375591562500004 0.5349960656249999 0.43375591562500004 0.5349960656249999 0.450881040625
0 0.5114346640624999 0.44275984687500003 0.5213761828125 0.44275984687500003 0.5213761828125 0.42439888750000004 0.5114346640624999 0.42439888750000004 0.5114346640624999 0.44275984687500003
0 0.6211890453125 0.4168073375 0.631130565625 0.4168073375 0.631130565625 0.3998587609375 0.6211890453125 0.3998587609375 0.6211890453125 0.4168073375
0 0.5756568828125 0.43993508437499995 0.58848144375 0.43993508437499995 0.58848144375 0.4215741265625 0.5756568828125 0.4215741265625 0.5756568828125 0.43993508437499995
0 0.61403115 0.4224568640625 0.6209902140625 0.4224568640625 0.6209902140625 0.41345293125 0.61403115 0.41345293125 0.61403115 0.4224568640625
0 0.579534075 0.38873625624999997 0.5897738421875001 0.38873625624999997 0.5897738421875001 0.37831994375 0.579534075 0.37831994375 0.579534075 0.38873625624999997
0 0.5839083453125 0.3520143375 0.601902496875 0.3520143375 0.601902496875 0.33206445 0.5839083453125 0.33206445 0.5839083453125 0.3520143375
0 0.648428809375 0.34318695312499997 0.6685106796875 0.34318695312499997 0.6685106796875 0.3189999203125 0.648428809375 0.3189999203125 0.648428809375 0.34318695312499997
0 0.5823177015625001 0.2826310984375 0.5998147765625 0.2826310984375 0.5998147765625 0.25667858906249996 0.5823177015625001 0.25667858906249996 0.5823177015625001 0.2826310984375
0 0.66761594375 0.23178536562500002 0.6832241296875 0.23178536562500002 0.6832241296875 0.21836774062500003 0.66761594375 0.21836774062500003 0.66761594375 0.23178536562500002
0 0.66165103125 0.29781420000000003 0.6824288078125 0.29781420000000003 0.6824288078125 0.27627538125 0.66165103125 0.27627538125 0.66165103125 0.29781420000000003
0 0.78224166875 0.1978882109375 0.7734931328125001 0.1978882109375 0.7734931328125001 0.2081279765625 0.78224166875 0.2081279765625 0.78224166875 0.1978882109375
0 0.40392382812500005 0.5889746125 0.413554675 0.5889746125 0.413554675 0.566630296875 0.40392382812500005 0.566630296875 0.40392382812500005 0.5889746125
0 0.41479736562499997 0.5498030953125 0.4278456109375 0.5498030953125 0.4278456109375 0.5335276046875 0.41479736562499997 0.5335276046875 0.41479736562499997 0.5498030953125
0 0.4157651734375 0.5602547171875 0.42480002656250004 0.5602547171875 0.42480002656250004 0.545904921875 0.4157651734375 0.545904921875 0.4157651734375 0.5602547171875
0 0.43695253906250003 0.54488800625 0.4505684453125 0.54488800625 0.4505684453125 0.5248886859375 0.43695253906250003 0.5248886859375 0.43695253906250003 0.54488800625
0 0.434564834375 0.64955341875 0.46501074062500003 0.64955341875 0.46501074062500003 0.616726584375 0.434564834375 0.616726584375 0.434564834375 0.64955341875
0 0.41389890156250003 0.6960626984375 0.43557141406250005 0.6960626984375 0.43557141406250005 0.65934078125 0.41389890156250003 0.65934078125 0.41389890156250003 0.6960626984375
0 0.5367760890625 0.664813759375 0.5455246265625 0.664813759375 0.5455246265625 0.6430983953125 0.5367760890625 0.6430983953125 0.5367760890625 0.664813759375
0 0.3890625 0.52471139375 0.3928079828125 0.52471139375 0.3928079828125 0.494643115625 0.3890625 0.494643115625 0.3890625 0.52471139375
0 0.5620676421875 0.403530115625 0.57749688125 0.403530115625 0.57749688125 0.3862990625 0.5620676421875 0.3862990625 0.5620676421875 0.403530115625
0 0.5956302140625 0.39844554374999996 0.6049354765625 0.39844554374999996 0.6049354765625 0.38220315625 0.5956302140625 0.38220315625 0.5956302140625 0.39844554374999996
0 0.58457524375 0.374858771875 0.59817524375 0.374858771875 0.59817524375 0.36299476875000003 0.58457524375 0.36299476875000003 0.58457524375 0.374858771875
0 0.6035038984375 0.40466002031250004 0.6168653015625 0.40466002031250004 0.6168653015625 0.38997125312500003 0.6035038984375 0.38997125312500003 0.6035038984375 0.40466002031250004
0 0.8931532140625 0.77439963125 0.9066794015624999 0.77439963125 0.9066794015624999 0.75338156875 0.8931532140625 0.75338156875 0.8931532140625 0.77439963125
0 0.9046995546875 0.9528602562499999 0.8998282109375001 0.9528602562499999 0.8998282109375001 0.9602752593750001 0.9046995546875 0.9602752593750001 0.9046995546875 0.9528602562499999
0 0.9523182718750001 0.9197699796875 0.9370273593749999 0.9197699796875 0.9370273593749999 0.9331317437500001 0.9523182718750001 0.9331317437500001 0.9523182718750001 0.9197699796875
0 0.63319891875 0.97966456875 0.6229392703125 0.97966456875 0.6229392703125 0.9992966703124999 0.63319891875 0.9992966703124999 0.63319891875 0.97966456875
0 0.639561490625 0.9778284718750001 0.63152874375 0.9778284718750001 0.63152874375 0.9946358125 0.639561490625 0.9946358125 0.639561490625 0.9778284718750001
0 0.5435850171875 0.8706544828125 0.5296668890625 0.8706544828125 0.5296668890625 0.8853079390625 0.5435850171875 0.8853079390625 0.5435850171875 0.8706544828125
0 0.6492309468749999 0.745253903125 0.6583294265624999 0.745253903125 0.6583294265624999 0.7366666234375 0.6492309468749999 0.7366666234375 0.6492309468749999 0.745253903125
0 0.8420049984375 0.8498689109375 0.8478585656250001 0.8498689109375 0.8478585656250001 0.8381178968749999 0.8420049984375 0.8381178968749999 0.8420049984375 0.8498689109375
0 0.4137074453125 0.7 0.4137074453125 0.712814284375 0.4221378546875 0.712814284375 0.4221378546875 0.7 0.4137074453125 0.7
0 0.4520576046875 0.8430327656250001 0.45772029375 0.8430327656250001 0.45772029375 0.8320726859375001 0.4520576046875 0.8320726859375001 0.4520576046875 0.8430327656250001
0 0.455238890625 0.853314903125 0.46700964999999994 0.853314903125 0.46700964999999994 0.8466484624999999 0.455238890625 0.8466484624999999 0.455238890625 0.853314903125
0 0.451930353125 0.7867634875 0.44066859843749995 0.7867634875 0.44066859843749995 0.799079453125 0.451930353125 0.799079453125 0.451930353125 0.7867634875
