0 0.0128995109375 0.1077642078125 0.15460147500000002 0.1077642078125 0.15460147500000002 0.024249040625000003 0.0128995109375 0.024249040625000003 0.0128995109375 0.1077642078125
0 0.7552945828125 0.8306495875 0.7783981640625 0.8306495875 0.7783981640625 0.7307052078125 0.7552945828125 0.7307052078125 0.7552945828125 0.8306495875
0 0.6775125265625 0.9607141921875 0.6952252718749999 0.9607141921875 0.6952252718749999 0.8320186890624999 0.6775125265625 0.8320186890624999 0.6775125265625 0.9607141921875
0 0.6821332421874999 0.856662509375 0.703696584375 0.856662509375 0.703696584375 0.795052959375 0.6821332421874999 0.795052959375 0.6821332421874999 0.856662509375
0 0.6390065578125 0.97714340625 0.6705814515624999 0.97714340625 0.6705814515624999 0.8429714984375 0.6390065578125 0.8429714984375 0.6390065578125 0.97714340625
0 0.5927993953125 0.9675596984375 0.6212938125 0.9675596984375 0.6212938125 0.856662509375 0.5927993953125 0.856662509375 0.5927993953125 0.9675596984375
0 0.6604111859375 0.818805696875 0.6780758765625 0.818805696875 0.6780758765625 0.7721484843749999 0.6604111859375 0.7721484843749999 0.6604111859375 0.818805696875
0 0.649812371875 0.8429714984375 0.66167295 0.8429714984375 0.66167295 0.80444963125 0.649812371875 0.80444963125 0.649812371875 0.8429714984375
0 0.636185325 0.8429714984375 0.649812371875 0.8429714984375 0.649812371875 0.8152166812500001 0.636185325 0.8152166812500001 0.636185325 0.8429714984375
0 0.61574475625 0.795477090625 0.6349235625 0.795477090625 0.6349235625 0.764073196875 0.61574475625 0.764073196875 0.61574475625 0.795477090625
0 0.5915188953125 0.7725971109375 0.6106977015624999 0.7725971109375 0.6106977015624999 0.7402959640625 0.5915188953125 0.7402959640625 0.5915188953125 0.7725971109375
0 0.5874812515625 0.8048982578125001 0.605903 0.8048982578125001 0.605903 0.7730457375 0.5874812515625 0.7730457375 0.5874812515625 0.8048982578125001
0 0.576630084375 0.7779806359375 0.590509484375 0.7779806359375 0.590509484375 0.744782234375 0.576630084375 0.744782234375 0.576630084375 0.7779806359375
0 0.560984215625 0.7820182796874999 0.57511596875 0.7820182796874999 0.57511596875 0.7492685046875 0.560984215625 0.7492685046875 0.560984215625 0.7820182796874999
0 0.55013305 0.8807162296875 0.566788328125 0.8807162296875 0.566788328125 0.8452746921875001 0.55013305 0.8452746921875001 0.55013305 0.8807162296875
0 0.55770363125 0.83989116875 0.5723400890625 0.83989116875 0.5723400890625 0.8035523781249999 0.55770363125 0.8035523781249999 0.55770363125 0.83989116875
0 0.5549277515625 0.8111790375 0.5677977390625 0.8111790375 0.5677977390625 0.7757375015625 0.5549277515625 0.7757375015625 0.5549277515625 0.8111790375
0 0.5445812906249999 0.7950284640625 0.5589653953125 0.7950284640625 0.5589653953125 0.7564465375 0.5445812906249999 0.7564465375 0.5445812906249999 0.7950284640625
0 0.541805409375 0.76900809375 0.560984215625 0.76900809375 0.560984215625 0.7241453890625 0.541805409375 0.7241453890625 0.541805409375 0.76900809375
0 0.5387771781249999 0.8452746921875001 0.5602271578125 0.8452746921875001 0.5602271578125 0.8066927671874999 0.5387771781249999 0.8066927671874999 0.5387771781249999 0.8452746921875001
0 0.5337301234375 0.8161139359374999 0.54836658125 0.8161139359374999 0.54836658125 0.7788778890625 0.5337301234375 0.7788778890625 0.5337301234375 0.8161139359374999
0 0.513794259375 0.8057955124999999 0.527168953125 0.8057955124999999 0.527168953125 0.773494365625 0.513794259375 0.773494365625 0.513794259375 0.8057955124999999
0 0.5064760296874999 0.8708464359375 0.5248977781249999 0.8708464359375 0.5248977781249999 0.8273296109375 0.5064760296874999 0.8273296109375 0.5064760296874999 0.8708464359375
0 0.49032545625 0.87533270625 0.50420485625 0.87533270625 0.50420485625 0.8358535249999999 0.49032545625 0.8358535249999999 0.49032545625 0.87533270625
0 0.4819978171875 0.8493123359375 0.5001672125 0.8493123359375 0.5001672125 0.78650455 0.4819978171875 0.78650455 0.4819978171875 0.8493123359375
0 0.46231430468749996 0.881613484375 0.48426899062500006 0.881613484375 0.48426899062500006 0.83181588125 0.46231430468749996 0.83181588125 0.46231430468749996 0.881613484375
0 0.4625666578125 0.83181588125 0.47972664218750005 0.83181588125 0.47972664218750005 0.7990661078125 0.4625666578125 0.7990661078125 0.4625666578125 0.83181588125
0 0.367429684375 0.6958818859375 0.384842021875 0.6958818859375 0.384842021875 0.6299337109375001 0.367429684375 0.6299337109375001 0.367429684375 0.6958818859375
0 0.3525408734375 0.70305991875 0.36818674218749997 0.70305991875 0.36818674218749997 0.6335227265625 0.3525408734375 0.6335227265625 0.3525408734375 0.70305991875
0 0.42622786718750005 0.7874018031250001 0.44035961874999996 0.7874018031250001 0.44035961874999996 0.7470253687499999 0.42622786718750005 0.7470253687499999 0.42622786718750005 0.7874018031250001
0 0.41991904843750005 0.7533061484375 0.43531256406249996 0.7533061484375 0.43531256406249996 0.7129297140624999 0.41991904843750005 0.7129297140624999 0.41991904843750005 0.7533061484375
0 0.41007729375 0.7775320078125 0.4224425765625 0.7775320078125 0.4224425765625 0.7349124390624999 0.41007729375 0.7349124390624999 0.41007729375 0.7775320078125
0 0.39241260312500004 0.7604841812500001 0.41007729375 0.7604841812500001 0.41007729375 0.72773440625 0.39241260312500004 0.72773440625 0.39241260312500004 0.7604841812500001
0 0.37878555625 0.7407445906250001 0.39241260312500004 0.7407445906250001 0.39241260312500004 0.7129297140624999 0.37878555625 0.7129297140624999 0.37878555625 0.7407445906250001
0 0.3628873359375 0.846171946875 0.3818137890625 0.846171946875 0.3818137890625 0.802206496875 0.3628873359375 0.802206496875 0.3628873359375 0.846171946875
0 0.3828232 0.8430315578125 0.402254359375 0.8430315578125 0.402254359375 0.7963743437499999 0.3828232 0.7963743437499999 0.3828232 0.8430315578125
0 0.3994784796875 0.8223947140625001 0.4211808125 0.8223947140625001 0.4211808125 0.7694567218749999 0.3994784796875 0.7694567218749999 0.3994784796875 0.8223947140625001
0 0.34168970781249997 0.84258293125 0.3553167546875 0.84258293125 0.3553167546875 0.799514734375 0.34168970781249997 0.799514734375 0.34168970781249997 0.84258293125
0 0.32680089687499997 0.8327131359375001 0.33916617968749996 0.8327131359375001 0.33916617968749996 0.8066927671874999 0.32680089687499997 0.8066927671874999 0.32680089687499997 0.8327131359375001
0 0.31418326093750004 0.8170111890625 0.32680089687499997 0.8170111890625 0.32680089687499997 0.7788778890625 0.31418326093750004 0.7788778890625 0.31418326093750004 0.8170111890625
0 0.39039378125 0.8004119875000001 0.3994784796875 0.8004119875000001 0.3994784796875 0.7631759437500001 0.39039378125 0.7631759437500001 0.39039378125 0.8004119875000001
0 0.37878555625 0.7882990578125 0.39039378125 0.7882990578125 0.39039378125 0.7407445906250001 0.37878555625 0.7407445906250001 0.37878555625 0.7882990578125
0 0.3449702921875 0.7869531765625 0.3568308703125 0.7869531765625 0.3568308703125 0.7546520296875 0.3449702921875 0.7546520296875 0.3449702921875 0.7869531765625
0 0.31948266875 0.7806723984375 0.33235265625 0.7806723984375 0.33235265625 0.746128115625 0.31948266875 0.746128115625 0.31948266875 0.7806723984375
0 0.3341191265625 0.774840246875 0.3449702921875 0.774840246875 0.3449702921875 0.7367069468749999 0.3341191265625 0.7367069468749999 0.3341191265625 0.774840246875
0 0.3262961921875 0.7367069468749999 0.34042794375 0.7367069468749999 0.34042794375 0.7012654109375 0.3262961921875 0.7012654109375 0.3262961921875 0.7367069468749999
0 0.2821344671875 0.7972715984375001 0.2934903390625 0.7972715984375001 0.2934903390625 0.7568951640625 0.2821344671875 0.7568951640625 0.2821344671875 0.7972715984375001
0 0.30005150937499997 0.7959257171874999 0.3073697375 0.7959257171874999 0.3073697375 0.7595869265624999 0.30005150937499997 0.7595869265624999 0.30005150937499997 0.7959257171874999
0 0.30863150156249997 0.8111790375 0.31695914062499997 0.8111790375 0.31695914062499997 0.7721484843749999 0.30863150156249997 0.7721484843749999 0.30863150156249997 0.8111790375
0 0.7297032406249999 0.8600444859374999 0.756534690625 0.8600444859374999 0.756534690625 0.7718711015624999 0.7297032406249999 0.7718711015624999 0.7297032406249999 0.8600444859374999
0 0.25672948125 0.76499953125 0.2727791140625 0.76499953125 0.2727791140625 0.7162285546875 0.25672948125 0.7162285546875 0.25672948125 0.76499953125
0 0.40901436875 0.7349124390624999 0.419651915625 0.7349124390624999 0.419651915625 0.7072706203125 0.40901436875 0.7072706203125 0.40901436875 0.7349124390624999
0 0.445219353125 0.8774713765625 0.4605224921875 0.8774713765625 0.4605224921875 0.8280368484375 0.445219353125 0.8280368484375 0.445219353125 0.8774713765625
0 0.5248977781249999 0.8708358687500001 0.5402107843749999 0.8708358687500001 0.5402107843749999 0.8273296109375 0.5248977781249999 0.8273296109375 0.5248977781249999 0.8708358687500001
0 0.527168953125 0.8313546015625001 0.5370381828124999 0.8313546015625001 0.5370381828124999 0.8057955124999999 0.527168953125 0.8057955124999999 0.527168953125 0.8313546015625001
0 0.584627209375 0.7746210171875 0.569324071875 0.7746210171875 0.569324071875 0.8048125734375 0.584627209375 0.8048125734375 0.584627209375 0.7746210171875
0 0.5947048859375 0.8280368484375 0.5947048859375 0.7918733359375 0.5749227796875 0.7918733359375 0.5749227796875 0.8280368484375 0.5861201984375 0.8280368484375 0.5947048859375 0.8280368484375
0 0.5877998109375 0.8253826453125 0.5704438125 0.8253826453125 0.5704438125 0.8655274625 0.5877998109375 0.8655274625 0.5877998109375 0.8253826453125
0 0.5902259187500001 0.8602190578125001 0.6088882812499999 0.8602190578125001 0.6088882812499999 0.81078453125 0.5902259187500001 0.81078453125 0.5902259187500001 0.8602190578125001
0 0.62941688125 0.790878009375 0.6133672484375 0.790878009375 0.6133672484375 0.8300275015624999 0.62941688125 0.8300275015624999 0.62941688125 0.790878009375
0 0.6348289671875 0.8011630453125 0.6523715890624999 0.8011630453125 0.6523715890624999 0.75272384375 0.6348289671875 0.75272384375 0.6348289671875 0.8011630453125
0 0.6113143890625 0.7759481187499999 0.6264309031249999 0.7759481187499999 0.6264309031249999 0.732817321875 0.6113143890625 0.732817321875 0.6113143890625 0.7759481187499999
0 0.3072440171875 0.77504315625 0.32025095625 0.77504315625 0.32025095625 0.7339348078125 0.3072440171875 0.7339348078125 0.3072440171875 0.77504315625
0 0.356481446875 0.8004305421875 0.378882284375 0.8004305421875 0.378882284375 0.7415208125 0.356481446875 0.7415208125 0.356481446875 0.8004305421875
