0 0.7463244312499999 0.397180140625 0.7510109625 0.397180140625 0.7510109625 0.3888407234375 0.7463244312499999 0.3888407234375 0.7463244312499999 0.397180140625
0 0.7547601890625 0.3921764890625 0.7588218484375 0.3921764890625 0.7588218484375 0.3860609171875 0.7547601890625 0.3860609171875 0.7547601890625 0.3921764890625
0 0.7588218484375 0.38355909062500004 0.7622586390625 0.38355909062500004 0.7622586390625 0.373273809375 0.7588218484375 0.373273809375 0.7588218484375 0.38355909062500004
0 0.7638208171875001 0.40023792656249996 0.77210035625 0.40023792656249996 0.77210035625 0.393844371875 0.7638208171875001 0.393844371875 0.7638208171875001 0.40023792656249996
0 0.7102381359375001 0.390230625 0.7146122312500001 0.390230625 0.7146122312500001 0.383837071875 0.7102381359375001 0.383837071875 0.7102381359375001 0.390230625
0 0.701333725 0.3860609171875 0.7052391671875 0.3860609171875 0.7052391671875 0.378555440625 0.701333725 0.378555440625 0.701333725 0.3860609171875
0 0.7464806484375 0.37994534375 0.7499174390625 0.37994534375 0.7499174390625 0.3752196734375 0.7464806484375 0.3752196734375 0.7464806484375 0.37994534375
0 0.7441373828125 0.3752196734375 0.7480428265625 0.3752196734375 0.7480428265625 0.3677141984375 0.7441373828125 0.3677141984375 0.7441373828125 0.3752196734375
0 0.709457046875 0.36688025625 0.7135187078125 0.36688025625 0.7135187078125 0.3607646828125 0.709457046875 0.3607646828125 0.709457046875 0.36688025625
0 0.71648684375 0.37799947968750003 0.7196111984375 0.37799947968750003 0.7196111984375 0.373273809375 0.71648684375 0.373273809375 0.71648684375 0.37799947968750003
0 0.701646159375 0.3677141984375 0.70414564375 0.3677141984375 0.70414564375 0.36410045 0.701646159375 0.36410045 0.701646159375 0.3677141984375
0 0.7460119953125 0.360486703125 0.74913635 0.360486703125 0.74913635 0.35603901250000003 0.7460119953125 0.35603901250000003 0.7460119953125 0.360486703125
0 0.7580407609375001 0.360486703125 0.761165115625 0.360486703125 0.761165115625 0.3535371875 0.7580407609375001 0.3535371875 0.7580407609375001 0.360486703125
0 0.76647651875 0.3716059265625 0.7700695265624999 0.3716059265625 0.7700695265624999 0.3646564109375 0.76647651875 0.3646564109375 0.76647651875 0.3716059265625
0 0.8079377359375 0.38050530625 0.8245742984375 0.38050530625 0.8245742984375 0.372990490625 0.8079377359375 0.372990490625 0.8079377359375 0.38050530625
0 0.75711349375 0.3484040328125 0.7625523703125 0.3484040328125 0.7625523703125 0.34168624375 0.75711349375 0.34168624375 0.75711349375 0.3484040328125
0 0.772214375 0.34589909531249996 0.7776532515625 0.34589909531249996 0.7776532515625 0.339295165625 0.772214375 0.339295165625 0.772214375 0.34589909531249996
0 0.763256225 0.340206053125 0.772214375 0.340206053125 0.772214375 0.3326912359375 0.763256225 0.3326912359375 0.763256225 0.340206053125
0 0.7882750578125 0.3515921375 0.7918583171875 0.3515921375 0.7918583171875 0.344077321875 0.7882750578125 0.344077321875 0.7882750578125 0.3515921375
0 0.888111525 0.38011840625 0.8922356734375001 0.38011840625 0.8922356734375001 0.36544103125 0.888111525 0.36544103125 0.888111525 0.38011840625
0 0.7379613671875 0.3460652109375 0.7450639 0.3460652109375 0.7450639 0.337981090625 0.7379613671875 0.337981090625 0.7379613671875 0.3460652109375
0 0.49474603906250003 0.397917590625 0.49914513125000004 0.397917590625 0.49914513125000004 0.3879547671875 0.49474603906250003 0.3879547671875 0.49474603906250003 0.397917590625
0 0.514981859375 0.3925092 0.519061015625 0.3925092 0.519061015625 0.38268870312500003 0.514981859375 0.38268870312500003 0.514981859375 0.3925092
0 0.5348977453125 0.37770729062499997 0.53889691875 0.37770729062499997 0.53889691875 0.36888307343750004 0.5348977453125 0.36888307343750004 0.5348977453125 0.37770729062499997
0 0.5447357125 0.3775649640625 0.5496946890625 0.3775649640625 0.5496946890625 0.368456096875 0.5447357125 0.368456096875 0.5447357125 0.3775649640625
0 0.5177012968750001 0.380269159375 0.5229002234375 0.380269159375 0.5229002234375 0.37215657343749997 0.5177012968750001 0.37215657343749997 0.5177012968750001 0.380269159375
0 0.51530179375 0.377849615625 0.5192209828125 0.377849615625 0.5192209828125 0.3694523796875 0.51530179375 0.3694523796875 0.51530179375 0.377849615625
0 0.568961646875 0.391543596875 0.5731207875 0.391543596875 0.5731207875 0.380869140625 0.568961646875 0.380869140625 0.568961646875 0.391543596875
0 0.5899973015625 0.3943901171875 0.5937565234375001 0.3943901171875 0.5937565234375001 0.386704509375 0.5899973015625 0.386704509375 0.5899973015625 0.3943901171875
0 0.57871963125 0.37318353437499996 0.581759003125 0.37318353437499996 0.581759003125 0.3663518828125 0.57871963125 0.3663518828125 0.57871963125 0.37318353437499996
0 0.5744005234375 0.3935361609375 0.5804792671875 0.3935361609375 0.5804792671875 0.38442729375 0.5744005234375 0.38442729375 0.5744005234375 0.3935361609375
0 0.5926367562499999 0.3788765765625 0.596156028125 0.3788765765625 0.596156028125 0.36862910000000004 0.5926367562499999 0.36862910000000004 0.5926367562499999 0.3788765765625
0 0.5882376640625 0.37446446875 0.5919968875 0.37446446875 0.5919968875 0.36606723125 0.5882376640625 0.36606723125 0.5882376640625 0.37446446875
0 0.596795896875 0.37603005624999997 0.6016748890625 0.37603005624999997 0.6016748890625 0.3679174703125 0.596795896875 0.3679174703125 0.596795896875 0.37603005624999997
0 0.6079136 0.3751761 0.61199275625 0.3751761 0.61199275625 0.36692118749999997 0.6079136 0.36692118749999997 0.6079136 0.3751761
0 0.615432046875 0.3770263390625 0.6200710890625001 0.3770263390625 0.6200710890625001 0.3701946875 0.615432046875 0.3701946875 0.615432046875 0.3770263390625
0 0.6611942640625 0.37146673125 0.66509970625 0.37146673125 0.66509970625 0.36257135156250003 0.6611942640625 0.36257135156250003 0.6611942640625 0.37146673125
0 0.6861891 0.3731346140625 0.697280559375 0.3731346140625 0.697280559375 0.36090346875 0.6861891 0.36090346875 0.6861891 0.3731346140625
0 0.6352621203125001 0.343668671875 0.6397924343750001 0.343668671875 0.6397924343750001 0.33477329375 0.6352621203125001 0.33477329375 0.6352621203125001 0.343668671875
0 0.633075071875 0.33783107968750004 0.633075071875 0.33115954531249997 0.630106934375 0.33115954531249997 0.630106934375 0.3338492265625 0.630106934375 0.33783107968750004 0.633075071875 0.33783107968750004
0 0.6630688765625 0.3275457984375 0.6671305375000001 0.3275457984375 0.6671305375000001 0.32143022656250003 0.6630688765625 0.32143022656250003 0.6630688765625 0.3275457984375
0 0.685876665625 0.3114229234375 0.691500503125 0.3114229234375 0.691500503125 0.304751390625 0.685876665625 0.304751390625 0.685876665625 0.3114229234375
0 0.6897821078125 0.3353292546875 0.6985303015625 0.3353292546875 0.6985303015625 0.3194843625 0.6897821078125 0.3194843625 0.6897821078125 0.3353292546875
0 0.7196196953125 0.3186504203125 0.721181871875 0.3186504203125 0.721181871875 0.312534846875 0.7196196953125 0.312534846875 0.7196196953125 0.3186504203125
0 0.7396155640625001 0.3078091765625 0.7419588296875 0.3078091765625 0.7419588296875 0.3036394671875 0.7396155640625001 0.3036394671875 0.7396155640625001 0.3078091765625
0 0.752737853125 0.30002572031249997 0.7569557328125 0.30002572031249997 0.7569557328125 0.296689953125 0.752737853125 0.296689953125 0.752737853125 0.30002572031249997
0 0.8394116328125001 0.3106027890625 0.8422860390625001 0.3106027890625 0.8422860390625001 0.306822253125 0.8394116328125001 0.306822253125 0.8394116328125001 0.3106027890625
0 0.8497844890625 0.30748940625 0.852533921875 0.30748940625 0.852533921875 0.3028193328125 0.8497844890625 0.3028193328125 0.8497844890625 0.30748940625
0 0.8766539390624999 0.29192249531250003 0.8802781906250001 0.29192249531250003 0.8802781906250001 0.2885867265625 0.8766539390624999 0.2885867265625 0.8766539390624999 0.29192249531250003
0 0.82428975625 0.2943687234375 0.8276640593749999 0.2943687234375 0.8276640593749999 0.29125534062499997 0.82428975625 0.29125534062499997 0.82428975625 0.2943687234375
0 0.832413078125 0.29525826093749996 0.8347875874999999 0.29525826093749996 0.8347875874999999 0.290365803125 0.832413078125 0.290365803125 0.832413078125 0.29525826093749996
0 0.1409740359375 0.7322928375 0.1443217328125 0.7322928375 0.1443217328125 0.7144217265625 0.1409740359375 0.7144217265625 0.1409740359375 0.7322928375
0 0.13299106562500002 0.72266993125 0.1353087015625 0.72266993125 0.1353087015625 0.7066317546875001 0.13299106562500002 0.7066317546875001 0.13299106562500002 0.72266993125
0 0.125523125 0.7345840046875 0.1291283375 0.7345840046875 0.1291283375 0.7162546609375 0.125523125 0.7162546609375 0.125523125 0.7345840046875
0 0.996497440625 0.5838903796875 0.9995122515624999 0.5838903796875 0.9995122515624999 0.5777593109375 0.996497440625 0.5777593109375 0.996497440625 0.5838903796875
0 0.9898217859375 0.5846567640625 0.993913315625 0.5846567640625 0.993913315625 0.575460159375 0.9898217859375 0.575460159375 0.9898217859375 0.5846567640625
0 0.98486888125 0.5854231484375 0.9880990359374999 0.5854231484375 0.9880990359374999 0.575460159375 0.98486888125 0.575460159375 0.98486888125 0.5854231484375
0 0.9772868531250001 0.5871571375 0.9806739171875 0.5871571375 0.9806739171875 0.575730784375 0.9772868531250001 0.575730784375 0.9772868531250001 0.5871571375
0 0.97545219375 0.5871571375 0.9782747468749999 0.5871571375 0.9782747468749999 0.582636821875 0.97545219375 0.582636821875 0.97545219375 0.5871571375
0 0.9689603218750001 0.586027059375 0.972559078125 0.586027059375 0.972559078125 0.5794977140625 0.9689603218750001 0.5794977140625 0.9689603218750001 0.586027059375
0 0.9667728437499999 0.5950676890625 0.9695953968750001 0.5950676890625 0.9695953968750001 0.5855248015625 0.9667728437499999 0.5855248015625 0.9667728437499999 0.5950676890625
0 0.972276821875 0.5940631749999999 0.9746759921875 0.5940631749999999 0.9746759921875 0.5827623859375001 0.972276821875 0.5827623859375001 0.972276821875 0.5940631749999999
0 0.9657849500000001 0.5855248015625 0.9688191953124999 0.5855248015625 0.9688191953124999 0.575228528125 0.9657849500000001 0.575228528125 0.9657849500000001 0.5855248015625
0 0.9606337921874999 0.5961977671875001 0.9639502906249999 0.5961977671875001 0.9639502906249999 0.581381178125 0.9606337921874999 0.581381178125 0.9606337921874999 0.5961977671875001
0 0.955553196875 0.5935609171875 0.958940259375 0.5935609171875 0.958940259375 0.580878921875 0.955553196875 0.580878921875 0.955553196875 0.5935609171875
0 0.9626222578124999 0.5829208125 0.9650919921875001 0.5829208125 0.9650919921875001 0.5745080046875 0.9626222578124999 0.5745080046875 0.9626222578124999 0.5829208125
0 0.9367958999999999 0.6055223890625 0.9399007078124999 0.6055223890625 0.9399007078124999 0.5902035437500001 0.9367958999999999 0.5902035437500001 0.9367958999999999 0.6055223890625
0 0.9452635578125002 0.5891990296875 0.9483683671875 0.5891990296875 0.9483683671875 0.5799072703125 0.9452635578125002 0.5799072703125 0.9452635578125002 0.5891990296875
0 0.941664803125 0.5900779796875 0.9441345375000001 0.5900779796875 0.9441345375000001 0.5796561406249999 0.941664803125 0.5796561406249999 0.941664803125 0.5900779796875
0 0.9434994624999999 0.58593435625 0.9452635578125002 0.58593435625 0.9452635578125002 0.5772704187500001 0.9434994624999999 0.5772704187500001 0.9434994624999999 0.58593435625
0 0.9392656328125 0.59158475 0.9418764953124998 0.59158475 0.9418764953124998 0.5785260625 0.9392656328125 0.5785260625 0.9392656328125 0.59158475
0 0.9370781546875001 0.5875666921875 0.9392656328125 0.5875666921875 0.9392656328125 0.5773959828125 0.9370781546875001 0.5773959828125 0.9370781546875001 0.5875666921875
0 0.9341850390625 0.5902035437500001 0.9367958999999999 0.5902035437500001 0.9367958999999999 0.5819162984374999 0.9341850390625 0.5819162984374999 0.9341850390625 0.5902035437500001
0 0.93115079375 0.5864366140625 0.9341850390625 0.5864366140625 0.9341850390625 0.5761403406250001 0.93115079375 0.5761403406250001 0.93115079375 0.5864366140625
0 0.928257678125 0.58769225625 0.9309391015624999 0.58769225625 0.9309391015624999 0.5785260625 0.928257678125 0.5785260625 0.928257678125 0.58769225625
0 0.923953284375 0.5881945140625 0.9276226031250001 0.5881945140625 0.9276226031250001 0.5796561406249999 0.923953284375 0.5796561406249999 0.923953284375 0.5881945140625
0 0.92381215625 0.5806606546874999 0.9267052734375 0.5806606546874999 0.9267052734375 0.5742568765625 0.92381215625 0.5742568765625 0.92381215625 0.5806606546874999
0 0.9213424234375001 0.5825441203125 0.923953284375 0.5825441203125 0.923953284375 0.57551251875 0.9213424234375001 0.57551251875 0.9213424234375001 0.5825441203125
0 0.918590434375 0.5947238593749999 0.9219069328125 0.5947238593749999 0.9219069328125 0.5819162984374999 0.918590434375 0.5819162984374999 0.918590434375 0.5947238593749999
0 0.9168263375000001 0.6011276390625 0.9202839656249999 0.6011276390625 0.9202839656249999 0.59196144375 0.9168263375000001 0.59196144375 0.9168263375000001 0.6011276390625
0 0.9097238953125 0.6009192375 0.91232064375 0.6009192375 0.91232064375 0.5869564859375 0.9097238953125 0.5869564859375 0.9097238953125 0.6009192375
0 0.9130545078125 0.5972025343749999 0.9157077078124999 0.5972025343749999 0.9157077078124999 0.5824361703125 0.9130545078125 0.5824361703125 0.9130545078125 0.5972025343749999
0 0.912151290625 0.5837420390625 0.9162157671875001 0.5837420390625 0.9162157671875001 0.57369689375 0.912151290625 0.57369689375 0.912151290625 0.5837420390625
0 0.9095545421875 0.5826370734374999 0.912151290625 0.5826370734374999 0.912151290625 0.5730941859375001 0.9095545421875 0.5730941859375001 0.9095545421875 0.5826370734374999
0 0.9068448921875 0.5813312046875 0.9086513249999999 0.5813312046875 0.9086513249999999 0.572391025 0.9068448921875 0.572391025 0.9068448921875 0.5813312046875
0 0.905998125 0.594590796875 0.9086513249999999 0.594590796875 0.9086513249999999 0.580828946875 0.905998125 0.580828946875 0.905998125 0.594590796875
0 0.9023288062500001 0.5917781546875001 0.9050949078125001 0.5917781546875001 0.9050949078125001 0.5818334609375 0.9023288062500001 0.5818334609375 0.9023288062500001 0.5917781546875001
0 0.9039094375000001 0.5820343640625 0.9063932828125001 0.5820343640625 0.9063932828125001 0.573897796875 0.9039094375000001 0.573897796875 0.9039094375000001 0.5820343640625
0 0.9017078453125 0.5820343640625 0.9039094375000001 0.5820343640625 0.9039094375000001 0.574701409375 0.9017078453125 0.574701409375 0.9017078453125 0.5820343640625
0 0.8986594890624999 0.58745874375 0.9023288062500001 0.58745874375 0.9023288062500001 0.5781167578125 0.8986594890624999 0.5781167578125 0.8986594890624999 0.58745874375
0 0.8951030718750002 0.592079509375 0.898094978125 0.592079509375 0.898094978125 0.5805275937500001 0.8951030718750002 0.5805275937500001 0.8951030718750002 0.592079509375
0 0.8918853609374999 0.5793221749999999 0.8952724249999999 0.5793221749999999 0.8952724249999999 0.5703819953125 0.8918853609374999 0.5703819953125 0.8918853609374999 0.5793221749999999
0 0.891151496875 0.591175446875 0.8943692078125001 0.591175446875 0.8943692078125001 0.5792217234375 0.891151496875 0.5792217234375 0.891151496875 0.591175446875
0 0.8809784 0.6083506828124999 0.8845065906249999 0.6083506828124999 0.8845065906249999 0.5964220734375 0.8809784 0.5964220734375 0.8809784 0.6083506828124999
0 0.8759683687500001 0.6106108406249999 0.8797788140625 0.6106108406249999 0.8797788140625 0.5965476375 0.8759683687500001 0.5965476375 0.8759683687500001 0.6106108406249999
0 0.8742748375 0.5965476375 0.8768856984374999 0.5965476375 0.8768856984374999 0.589013778125 0.8742748375 0.589013778125 0.8742748375 0.5965476375
0 0.8787203578125 0.5973010234375 0.8809784 0.5973010234375 0.8809784 0.59089724375 0.8787203578125 0.59089724375 0.8787203578125 0.5973010234375
0 0.8787909218750001 0.59227845 0.88267193125 0.59227845 0.88267193125 0.5836145125 0.8787909218750001 0.5836145125 0.8787909218750001 0.59227845
0 0.8842243359375 0.59441304375 0.887470271875 0.59441304375 0.887470271875 0.5834889484375 0.8842243359375 0.5834889484375 0.8842243359375 0.59441304375
0 0.88732914375 0.5819821765625 0.8897988765625 0.5819821765625 0.8897988765625 0.5730671109375 0.88732914375 0.5730671109375 0.88732914375 0.5819821765625
0 0.8846477187499999 0.5780896828125 0.8878936546875 0.5780896828125 0.8878936546875 0.569551309375 0.8846477187499999 0.569551309375 0.8846477187499999 0.5780896828125
0 0.885847303125 0.5853724125 0.887470271875 0.5853724125 0.887470271875 0.5750761390625 0.885847303125 0.5750761390625 0.885847303125 0.5853724125
0 0.8816134734375 0.5826099984375 0.88401264375 0.5826099984375 0.88401264375 0.5713092093750001 0.8816134734375 0.5713092093750001 0.8816134734375 0.5826099984375
0 0.8791437406250001 0.5798475828124999 0.8816134734375 0.5798475828124999 0.8816134734375 0.5711836453125001 0.8791437406250001 0.5711836453125001 0.8791437406250001 0.5798475828124999
0 0.8768151343749999 0.5836145125 0.8787909218750001 0.5836145125 0.8787909218750001 0.5748250109375 0.8768151343749999 0.5748250109375 0.8768151343749999 0.5836145125
0 0.8652784312499999 0.609557215625 0.8695122609375 0.609557215625 0.8695122609375 0.5944894984375 0.8652784312499999 0.5944894984375 0.8652784312499999 0.609557215625
0 0.8704825140625001 0.5965476375 0.8742748375 0.5965476375 0.8742748375 0.5828748 0.8704825140625001 0.5828748 0.8704825140625001 0.5965476375
0 0.8657194562499999 0.5944894984375 0.8686302140625 0.5944894984375 0.8686302140625 0.5814622015625 0.8657194562499999 0.5814622015625 0.8657194562499999 0.5944894984375
0 0.8708851515625 0.58135220625 0.8728361 0.58135220625 0.8728361 0.5710659781249999 0.8708851515625 0.5710659781249999 0.8708851515625 0.58135220625
0 0.8686451734375 0.580645028125 0.8705599921874999 0.580645028125 0.8705599921874999 0.5710659781249999 0.8686451734375 0.5710659781249999 0.8686451734375 0.580645028125
0 0.8660077796875001 0.5791663828125 0.86835614375 0.5791663828125 0.86835614375 0.5706159546875 0.8660077796875001 0.5706159546875 0.8660077796875001 0.5791663828125
0 0.8629007140624999 0.5792949609375 0.86503230625 0.5792949609375 0.86503230625 0.5699730656249999 0.8629007140624999 0.5699730656249999 0.8629007140624999 0.5792949609375
0 0.8604439640624999 0.581223628125 0.8626478125 0.581223628125 0.8626478125 0.5714517109375 0.8604439640624999 0.5714517109375 0.8604439640624999 0.581223628125
0 0.8581317281249999 0.5891311671875 0.8605523500000001 0.5891311671875 0.8605523500000001 0.577880603125 0.8581317281249999 0.577880603125 0.8581317281249999 0.5891311671875
0 0.8500176796875 0.615795015625 0.8549791984375 0.615795015625 0.8549791984375 0.5917612203125 0.8500176796875 0.5917612203125 0.8500176796875 0.615795015625
0 0.842851040625 0.609418703125 0.8461587203125 0.609418703125 0.8461587203125 0.58906355 0.842851040625 0.58906355 0.842851040625 0.609418703125
0 0.8402324609375 0.609418703125 0.8434023203125001 0.609418703125 0.8434023203125001 0.5969113187499999 0.8402324609375 0.5969113187499999 0.8402324609375 0.609418703125
0 0.8377517015624999 0.604268603125 0.8402324609375 0.604268603125 0.8402324609375 0.5917612203125 0.8377517015624999 0.5917612203125 0.8377517015624999 0.604268603125
0 0.8490913031249999 0.5839335421875 0.8512082187499999 0.5839335421875 0.8512082187499999 0.5682380031250001 0.8490913031249999 0.5682380031250001 0.8490913031249999 0.5839335421875
0 0.8467979796874999 0.5776553265625 0.8490913031249999 0.5776553265625 0.8490913031249999 0.570592334375 0.8467979796874999 0.570592334375 0.8467979796874999 0.5776553265625
0 0.8424759453124999 0.574987084375 0.8452102937500001 0.574987084375 0.8452102937500001 0.5688658249999999 0.8424759453124999 0.5688658249999999 0.8424759453124999 0.574987084375
0 0.8402708265625 0.5815792109375 0.8424759453124999 0.5815792109375 0.8424759453124999 0.5702784234375 0.8402708265625 0.5702784234375 0.8402708265625 0.5815792109375
0 0.8382421156250001 0.5765566390625001 0.8409764640624999 0.5765566390625001 0.8409764640624999 0.5666684484375 0.8382421156250001 0.5666684484375 0.8382421156250001 0.5765566390625001
0 0.8428990468750002 0.5885131234375 0.845175153125 0.5885131234375 0.845175153125 0.5782268953124999 0.8428990468750002 0.5782268953124999 0.8428990468750002 0.5885131234375
0 0.8452835390625001 0.58658445625 0.8481377046875 0.58658445625 0.8481377046875 0.5765553828125001 0.8452835390625001 0.5765553828125001 0.8452835390625001 0.58658445625
0 0.830870771875 0.5860436515625 0.8333405062499999 0.5860436515625 0.8333405062499999 0.573644175 0.830870771875 0.573644175 0.830870771875 0.5860436515625
0 0.828312834375 0.5769402375 0.830870771875 0.5769402375 0.830870771875 0.567209003125 0.828312834375 0.567209003125 0.828312834375 0.5769402375
0 0.8263723281249999 0.58149194375 0.8292830859375 0.58149194375 0.8292830859375 0.570662021875 0.8263723281249999 0.570662021875 0.8263723281249999 0.58149194375
0 0.8184432828125001 0.6153077078125 0.8220817296875002 0.6153077078125 0.8220817296875002 0.598631196875 0.8184432828125001 0.598631196875 0.8184432828125001 0.6153077078125
0 0.8166791875000001 0.6056941890624999 0.8184432828125001 0.6056941890624999 0.8184432828125001 0.5947073125 0.8166791875000001 0.5947073125 0.8166791875000001 0.6056941890624999
0 0.8174509796875 0.598631196875 0.820317634375 0.598631196875 0.820317634375 0.5901948453125 0.8174509796875 0.5901948453125 0.8174509796875 0.598631196875
0 0.8205381468749999 0.6005931390625 0.8234048015625 0.6005931390625 0.8234048015625 0.588232903125 0.8205381468749999 0.588232903125 0.8205381468749999 0.6005931390625
0 0.822653578125 0.5756431953125001 0.824676784375 0.5756431953125001 0.824676784375 0.5691500140625 0.822653578125 0.5691500140625 0.822653578125 0.5756431953125001
0 0.82236455 0.585222246875 0.8243877546875 0.585222246875 0.8243877546875 0.577057553125 0.82236455 0.577057553125 0.82236455 0.585222246875
0 0.8204136015625 0.5742288390625 0.8229787375000001 0.5742288390625 0.8229787375000001 0.5677356578125 0.8204136015625 0.5677356578125 0.8204136015625 0.5742288390625
0 0.8179929796875001 0.5779575968749999 0.8204497296875001 0.5779575968749999 0.8204497296875001 0.57127155 0.8179929796875001 0.57127155 0.8179929796875001 0.5779575968749999
0 0.8140910828125001 0.5752574625 0.8169091187500002 0.5752574625 0.8169091187500002 0.5656784125 0.8140910828125001 0.5656784125 0.8140910828125001 0.5752574625
0 0.8085867171875 0.5765620124999999 0.81039315 0.5765620124999999 0.81039315 0.568525896875 0.8085867171875 0.568525896875 0.8085867171875 0.5765620124999999
0 0.8047480437499999 0.5750351515625 0.807231890625 0.5750351515625 0.807231890625 0.5658739781250001 0.8047480437499999 0.5658739781250001 0.8047480437499999 0.5750351515625
0 0.7993287437500001 0.5707760093750001 0.8020835546875 0.5707760093750001 0.8020835546875 0.5629809765625 0.7993287437500001 0.5629809765625 0.7993287437500001 0.5707760093750001
0 0.8100644609375 0.5717835453125 0.8128870124999998 0.5717835453125 0.8128870124999998 0.5637474296875 0.8100644609375 0.5637474296875 0.8100644609375 0.5717835453125
0 0.8012720734375 0.6054829484375001 0.804588571875 0.6054829484375001 0.804588571875 0.5909174875 0.8012720734375 0.5909174875 0.8012720734375 0.6054829484375001
0 0.798731775 0.6022182765624999 0.8021188375000001 0.6022182765624999 0.8021188375000001 0.5911686171875 0.798731775 0.5911686171875 0.798731775 0.6022182765624999
0 0.7997902328125 0.60510625625 0.7997902328125 0.5911686171875 0.796544296875 0.5911686171875 0.796544296875 0.60510625625 0.7978392125 0.60510625625 0.7997902328125 0.60510625625
0 0.7988023390625 0.587150559375 0.802189403125 0.587150559375 0.802189403125 0.5769798484375 0.7988023390625 0.5769798484375 0.7988023390625 0.587150559375
0 0.7961209140625 0.5856437875 0.79971966875 0.5856437875 0.79971966875 0.57409186875 0.7961209140625 0.57409186875 0.7961209140625 0.5856437875
0 0.7940039984375 0.5856437875 0.796544296875 0.5856437875 0.796544296875 0.5747196921875 0.7940039984375 0.5747196921875 0.7940039984375 0.5856437875
0 0.793510053125 0.5747196921875 0.796544296875 0.5747196921875 0.796544296875 0.5689437328125 0.793510053125 0.5689437328125 0.793510053125 0.5747196921875
0 0.7901935531250001 0.57409186875 0.793510053125 0.57409186875 0.793510053125 0.5650512390625 0.7901935531250001 0.5650512390625 0.7901935531250001 0.57409186875
0 0.7888528406249999 0.577230978125 0.7888528406249999 0.5651768031250001 0.7859597234375 0.5651768031250001 0.7859597234375 0.577230978125 0.7865242343750001 0.577230978125 0.7888528406249999 0.577230978125
0 0.7898407328125 0.577230978125 0.7865242343750001 0.577230978125 0.7865242343750001 0.5880295078125 0.7898407328125 0.5880295078125 0.7898407328125 0.577230978125
0 0.7824315328125 0.5739663046875 0.78504239375 0.5739663046875 0.78504239375 0.5644234171875 0.7824315328125 0.5644234171875 0.7824315328125 0.5739663046875
0 0.77967954375 0.5719572765625001 0.7824315328125 0.5719572765625001 0.7824315328125 0.563795596875 0.77967954375 0.563795596875 0.77967954375 0.5719572765625001
0 0.77234090625 0.5718317125000001 0.7760807875 0.5718317125000001 0.7760807875 0.5620376953124999 0.77234090625 0.5620376953124999 0.77234090625 0.5718317125000001
0 0.7626030984375001 0.5683159109375 0.7655667796875 0.5683159109375 0.7655667796875 0.561284309375 0.7626030984375001 0.561284309375 0.7626030984375001 0.5683159109375
0 0.7597805453124999 0.5749708203124999 0.7626736625 0.5749708203124999 0.7626736625 0.56454898125 0.7597805453124999 0.56454898125 0.7597805453124999 0.5749708203124999
0 0.760839003125 0.5730873546875 0.760839003125 0.563042209375 0.7580164500000001 0.563042209375 0.7580164500000001 0.5730873546875 0.7584586421874999 0.5730873546875 0.760839003125 0.5730873546875
0 0.75032499375 0.5806212140625 0.754841078125 0.5806212140625 0.754841078125 0.5701993765625 0.75032499375 0.5701993765625 0.75032499375 0.5806212140625
0 0.7893467875 0.60259496875 0.793368925 0.60259496875 0.793368925 0.5917964375 0.7893467875 0.5917964375 0.7893467875 0.60259496875
0 0.7837722453125 0.6073664125 0.7865947984375 0.6073664125 0.7865947984375 0.59480998125 0.7837722453125 0.59480998125 0.7837722453125 0.6073664125
0 0.78172589375 0.6073664125 0.7845484468749999 0.6073664125 0.7845484468749999 0.598702475 0.78172589375 0.598702475 0.78172589375 0.6073664125
0 0.78109081875 0.598702475 0.7831371703125 0.598702475 0.7831371703125 0.590666359375 0.78109081875 0.590666359375 0.78109081875 0.598702475
0 0.7784799578125 0.596316753125 0.78109081875 0.596316753125 0.78109081875 0.5892851515624999 0.7784799578125 0.5892851515624999 0.7784799578125 0.596316753125
0 0.777844884375 0.612263421875 0.7806674375 0.612263421875 0.7806674375 0.5965678828125001 0.777844884375 0.5965678828125001 0.777844884375 0.612263421875
0 0.7759396609375 0.6076175421875 0.7784093953125 0.6076175421875 0.7784093953125 0.5961911890625 0.7759396609375 0.5961911890625 0.7759396609375 0.6076175421875
0 0.7696707703125 0.6031675421875 0.7719288140625 0.6031675421875 0.7719288140625 0.5951314265625001 0.7696707703125 0.5951314265625001 0.7696707703125 0.6031675421875
0 0.7717481703125 0.6079892124999999 0.7749545890625 0.6079892124999999 0.7749545890625 0.5968190109375 0.7717481703125 0.5968190109375 0.7717481703125 0.6079892124999999
0 0.7644321125 0.611123296875 0.7679094984375 0.611123296875 0.7679094984375 0.5977029843749999 0.7644321125 0.5977029843749999 0.7644321125 0.611123296875
0 0.7555973453125 0.6159251906250001 0.7585742578125 0.6159251906250001 0.7585742578125 0.60179920625 0.7555973453125 0.60179920625 0.7555973453125 0.6159251906250001
0 0.760117840625 0.6137670546875 0.7635357765624999 0.6137670546875 0.7635357765624999 0.5976791265625 0.760117840625 0.5976791265625 0.760117840625 0.6137670546875
0 0.747658915625 0.6161213859375 0.75184864375 0.6161213859375 0.75184864375 0.5951286015624999 0.747658915625 0.5951286015624999 0.747658915625 0.6161213859375
0 0.7426973984374999 0.6133746656250001 0.7452332859374999 0.6133746656250001 0.7452332859374999 0.5990524859375 0.7426973984374999 0.5990524859375 0.7426973984374999 0.6133746656250001
0 0.73905895 0.6176909390625 0.7421461171875 0.6176909390625 0.7421461171875 0.60219159375 0.73905895 0.60219159375 0.73905895 0.6176909390625
0 0.7383974140625 0.6043497312499999 0.7421461171875 0.6043497312499999 0.7421461171875 0.5931666578125 0.7383974140625 0.5931666578125 0.7383974140625 0.6043497312499999
0 0.739499975 0.5778635078125001 0.7423666296875 0.5778635078125001 0.7423666296875 0.56687663125 0.739499975 0.56687663125 0.739499975 0.5778635078125001
0 0.7370743421875 0.56962335 0.740492278125 0.56962335 0.740492278125 0.556282140625 0.7370743421875 0.556282140625 0.7370743421875 0.56962335
0 0.732884615625 0.6188681046875001 0.736743575 0.6188681046875001 0.736743575 0.5990524859375 0.732884615625 0.5990524859375 0.732884615625 0.6188681046875001
0 0.7300179609375 0.610824140625 0.7338769203125 0.610824140625 0.7338769203125 0.5961095734375 0.7300179609375 0.5961095734375 0.7300179609375 0.610824140625
0 0.7261590015625 0.610824140625 0.7300179609375 0.610824140625 0.7300179609375 0.5974829328125 0.7261590015625 0.5974829328125 0.7261590015625 0.610824140625
0 0.7204256906250001 0.614748025 0.7249461859374999 0.614748025 0.7249461859374999 0.59924868125 0.7204256906250001 0.59924868125 0.7204256906250001 0.614748025
0 0.7165667328125 0.614748025 0.7204256906250001 0.614748025 0.7204256906250001 0.5988562921875 0.7165667328125 0.5988562921875 0.7165667328125 0.614748025
0 0.71006163125 0.61415944375 0.7143616125000001 0.61415944375 0.7143616125000001 0.5982677093750001 0.71006163125 0.5982677093750001 0.71006163125 0.61415944375
0 0.714582125 0.5943438249999999 0.718330828125 0.5943438249999999 0.718330828125 0.5819835875 0.714582125 0.5819835875 0.714582125 0.5943438249999999
0 0.71237700625 0.5919894937500001 0.715684684375 0.5919894937500001 0.715684684375 0.5823759749999999 0.71237700625 0.5823759749999999 0.71237700625 0.5919894937500001
0 0.7310680203125 0.579881828125 0.7335609 0.579881828125 0.7335609 0.5666383093749999 0.7310680203125 0.5666383093749999 0.7310680203125 0.579881828125
0 0.7295867453125 0.5791103625 0.73153769375 0.5791103625 0.73153769375 0.5659311312499999 0.7295867453125 0.5659311312499999 0.7295867453125 0.5791103625
0 0.7257209765625 0.5728100453125 0.7285390140625 0.5728100453125 0.7285390140625 0.5577021484375 0.7257209765625 0.5577021484375 0.7257209765625 0.5728100453125
0 0.720491915625 0.5730963328125 0.7239495421875 0.5730963328125 0.7239495421875 0.5584053078125 0.720491915625 0.5584053078125 0.720491915625 0.5730963328125
0 0.7175880265625 0.5650828515625 0.719987196875 0.5650828515625 0.719987196875 0.556544478125 0.7175880265625 0.556544478125 0.7175880265625 0.5650828515625
0 0.714977165625 0.5640783375 0.7175880265625 0.5640783375 0.7175880265625 0.5567956078125 0.714977165625 0.5567956078125 0.714977165625 0.5640783375
0 0.712648559375 0.562571565625 0.714977165625 0.562571565625 0.714977165625 0.5560422203125001 0.712648559375 0.5560422203125001 0.712648559375 0.562571565625
0 0.7103905171875 0.5615670500000001 0.712648559375 0.5615670500000001 0.712648559375 0.5544098843749999 0.7103905171875 0.5544098843749999 0.7103905171875 0.5615670500000001
0 0.707003453125 0.5626971296875001 0.7100376984375 0.5626971296875001 0.7100376984375 0.556167784375 0.707003453125 0.556167784375 0.707003453125 0.5626971296875001
0 0.7009349640625 0.5952182875 0.7043925921875 0.5952182875 0.7043925921875 0.5827874203125 0.7009349640625 0.5827874203125 0.7009349640625 0.5952182875
0 0.6968422624999999 0.5953438515625 0.69980594375 0.5953438515625 0.69980594375 0.5824107265625 0.6968422624999999 0.5824107265625 0.6968422624999999 0.5953438515625
0 0.6921144875 0.6100348765625 0.6941608375 0.6100348765625 0.6941608375 0.595469415625 0.6921144875 0.595469415625 0.6921144875 0.6100348765625
0 0.6995942515625 0.6030032734375 0.7034046984375 0.6030032734375 0.7034046984375 0.5962228015625 0.6995942515625 0.5962228015625 0.6995942515625 0.6030032734375
0 0.6985357953125 0.613676240625 0.7010055281249999 0.613676240625 0.7010055281249999 0.600240859375 0.6985357953125 0.600240859375 0.6985357953125 0.613676240625
0 0.6953604234374999 0.606267946875 0.6995236890625 0.606267946875 0.6995236890625 0.593711515625 0.6953604234374999 0.593711515625 0.6953604234374999 0.606267946875
0 0.704293803125 0.5633249499999999 0.7062695890625 0.5633249499999999 0.7062695890625 0.5553892859375 0.704293803125 0.5553892859375 0.704293803125 0.5633249499999999
0 0.7020357609375 0.561717728125 0.7037857437499999 0.561717728125 0.7037857437499999 0.5546861265625 0.7020357609375 0.5546861265625 0.7020357609375 0.561717728125
0 0.699608365625 0.5620190828125 0.7013583484375 0.5620190828125 0.7013583484375 0.55508793125 0.699608365625 0.55508793125 0.699608365625 0.5620190828125
0 0.69582614375 0.5621195328125 0.69780193125 0.5621195328125 0.69780193125 0.55508793125 0.69582614375 0.55508793125 0.69582614375 0.5621195328125
0 0.6915923140625 0.56282269375 0.6935116515625 0.56282269375 0.6935116515625 0.5559919953125 0.6915923140625 0.5559919953125 0.6915923140625 0.56282269375
0 0.8014556078125 0.6022182765624999 0.7975745984375 0.6022182765624999 0.7975745984375 0.6206487218750001 0.8014556078125 0.6206487218750001 0.8014556078125 0.6022182765624999
0 0.6861642625 0.6198919546875 0.6902988609375 0.6198919546875 0.6902988609375 0.602234471875 0.6861642625 0.602234471875 0.6861642625 0.6198919546875
0 0.682994403125 0.617439525 0.6861642625 0.617439525 0.6861642625 0.5961034015625 0.682994403125 0.5961034015625 0.682994403125 0.617439525
0 0.6780328843750001 0.5916890312499999 0.68189184375 0.5916890312499999 0.68189184375 0.5831055328125 0.6780328843750001 0.5831055328125 0.6780328843750001 0.5916890312499999
0 0.678859803125 0.62062768125 0.678859803125 0.5988010734375 0.6711418859375 0.5988010734375 0.6711418859375 0.619485590625 0.6711418859375 0.62062768125 0.678859803125 0.62062768125
0 0.68051364375 0.605422628125 0.683821321875 0.605422628125 0.683821321875 0.5880103890624999 0.68051364375 0.5880103890624999 0.68051364375 0.605422628125
0 0.6862825406249999 0.5622941390625 0.6880466359375 0.5622941390625 0.6880466359375 0.5542894125 0.6862825406249999 0.5542894125 0.6862825406249999 0.5622941390625
0 0.6895461171874999 0.564334559375 0.69095739375 0.564334559375 0.69095739375 0.5575854781249999 0.6895461171874999 0.5575854781249999 0.6895461171874999 0.564334559375
0 0.6811666640625 0.56260805 0.6839010125 0.56260805 0.6839010125 0.5535046375 0.6811666640625 0.5535046375 0.6811666640625 0.56260805
0 0.6659954421875 0.5637067375 0.66811235625 0.5637067375 0.66811235625 0.5588411203125 0.6659954421875 0.5588411203125 0.6659954421875 0.5637067375
0 0.6778148828124999 0.563078915625 0.6804610265625 0.563078915625 0.6804610265625 0.5575854781249999 0.6778148828124999 0.5575854781249999 0.6778148828124999 0.563078915625
0 0.6595632828125 0.5631118921875 0.6611068671875 0.5631118921875 0.6611068671875 0.5544793453125 0.6595632828125 0.5544793453125 0.6595632828125 0.5631118921875
0 0.661658146875 0.5650738343749999 0.663532496875 0.5650738343749999 0.663532496875 0.5582070359375 0.661658146875 0.5582070359375 0.661658146875 0.5650738343749999
0 0.6546017640625 0.562523309375 0.6577991875 0.562523309375 0.6577991875 0.557422259375 0.6546017640625 0.557422259375 0.6546017640625 0.562523309375
0 0.649199221875 0.562523309375 0.6530581812499999 0.562523309375 0.6530581812499999 0.5564412875 0.649199221875 0.5564412875 0.649199221875 0.562523309375
0 0.6472146140625 0.562523309375 0.649199221875 0.562523309375 0.649199221875 0.55663748125 0.6472146140625 0.55663748125 0.6472146140625 0.562523309375
0 0.6453402625 0.562523309375 0.6472146140625 0.562523309375 0.6472146140625 0.5578146484375 0.6453402625 0.5578146484375 0.6453402625 0.562523309375
0 0.6377326 0.5633080875 0.64037874375 0.5633080875 0.64037874375 0.5554603171875 0.6377326 0.5554603171875 0.6377326 0.5633080875
0 0.6351967140625 0.5633080875 0.6377326 0.5633080875 0.6377326 0.55663748125 0.6351967140625 0.55663748125 0.6351967140625 0.5633080875
0 0.6513664390624999 0.5962673656249999 0.6552253984374999 0.5962673656249999 0.6552253984374999 0.5798360984375 0.6513664390624999 0.5798360984375 0.6513664390624999 0.5962673656249999
0 0.6519177203125001 0.5741955140625 0.6543984796875 0.5741955140625 0.6543984796875 0.5661025015625001 0.6519177203125001 0.5661025015625001 0.6519177203125001 0.5741955140625
0 0.6455780015625 0.5817980406250001 0.6483344000000001 0.5817980406250001 0.6483344000000001 0.5685549296875 0.6455780015625 0.5685549296875 0.6455780015625 0.5817980406250001
0 0.6430972421875 0.5928339671875 0.6470940203125 0.5928339671875 0.6470940203125 0.5795908546875 0.6430972421875 0.5795908546875 0.6430972421875 0.5928339671875
0 0.6395139234375 0.5911172671875 0.6430972421875 0.5911172671875 0.6430972421875 0.5756669703125 0.6395139234375 0.5756669703125 0.6395139234375 0.5911172671875
0 0.6282126859374999 0.5862124109375 0.632622925 0.5862124109375 0.632622925 0.572233571875 0.6282126859374999 0.572233571875 0.6282126859374999 0.5862124109375
0 0.6767253125 0.5734597859375 0.6793438921874999 0.5734597859375 0.6793438921874999 0.5658572578125 0.6767253125 0.5658572578125 0.6767253125 0.5734597859375
0 0.68375413125 0.5739502703125 0.68664835 0.5739502703125 0.68664835 0.5665929875 0.68375413125 0.5665929875 0.68375413125 0.5739502703125
0 0.6878887296875 0.5827790125 0.6903694890625001 0.5827790125 0.6903694890625001 0.5707621140625 0.6878887296875 0.5707621140625 0.6878887296875 0.5827790125
0 0.6945040875 0.5824107265625 0.6968422624999999 0.5824107265625 0.6968422624999999 0.57272405625 0.6945040875 0.57272405625 0.6945040875 0.5824107265625
0 0.70015470625 0.5734597859375 0.70291110625 0.5734597859375 0.70291110625 0.565612015625 0.70015470625 0.565612015625 0.70015470625 0.5734597859375
0 0.701119446875 0.5734597859375 0.701119446875 0.5665929875 0.6978117671875 0.5665929875 0.6978117671875 0.5734597859375 0.6985206296875 0.5734597859375 0.701119446875 0.5734597859375
0 0.714977165625 0.5739502703125 0.718209121875 0.5739502703125 0.718209121875 0.5640783375 0.714977165625 0.5640783375 0.714977165625 0.5739502703125
0 0.70086900625 0.5481045359375 0.716589096875 0.5481045359375 0.716589096875 0.53890793125 0.70086900625 0.53890793125 0.70086900625 0.5481045359375
0 0.6595316312499999 0.60185869375 0.665595709375 0.60185869375 0.665595709375 0.587144125 0.6595316312499999 0.587144125 0.6595316312499999 0.60185869375
0 0.65443229375 0.6048016078125 0.657739971875 0.6048016078125 0.657739971875 0.5925394671875 0.65443229375 0.5925394671875 0.65443229375 0.6048016078125
0 0.651262434375 0.617799475 0.6542944734375 0.617799475 0.6542944734375 0.6035753921875 0.651262434375 0.6035753921875 0.651262434375 0.617799475
0 0.6451983562500001 0.62442103125 0.6501598749999999 0.62442103125 0.6501598749999999 0.6099517062500001 0.6451983562500001 0.6099517062500001 0.6451983562500001 0.62442103125
0 0.639961196875 0.617063746875 0.6440957953125 0.617063746875 0.6440957953125 0.6089707343749999 0.639961196875 0.6089707343749999 0.639961196875 0.617063746875
0 0.639134278125 0.6182899609375 0.639134278125 0.6008777234375 0.6348618578125 0.6008777234375 0.6348618578125 0.6182899609375 0.635220696875 0.6182899609375 0.639134278125 0.6182899609375
0 0.6249388203125 0.6217233609375 0.6305894390625 0.6217233609375 0.6305894390625 0.5989157796875 0.6249388203125 0.5989157796875 0.6249388203125 0.6217233609375
0 0.6210798625 0.6114231625000001 0.6249388203125 0.6114231625000001 0.6249388203125 0.5974443234375 0.6210798625 0.5974443234375 0.6210798625 0.6114231625000001
0 0.6169452625 0.5900870390625 0.6209420421875 0.5900870390625 0.6209420421875 0.58223926875 0.6169452625 0.58223926875 0.6169452625 0.5900870390625
0 0.6136375843749999 0.6207423890625 0.6168074421874999 0.6207423890625 0.6168074421874999 0.6074992781249999 0.6136375843749999 0.6074992781249999 0.6136375843749999 0.6207423890625
0 0.6154292437500001 0.605782578125 0.6176343624999999 0.605782578125 0.6176343624999999 0.5979348078125 0.6154292437500001 0.5979348078125 0.6154292437500001 0.605782578125
0 0.6169452625 0.6035753921875 0.6210798625 0.6035753921875 0.6210798625 0.5947466515625 0.6169452625 0.5947466515625 0.6169452625 0.6035753921875
0 0.6219067812500001 0.6035753921875 0.6169452625 0.6035753921875 0.6169452625 0.622949575 0.6219067812500001 0.622949575 0.6219067812500001 0.6035753921875
0 0.6081247859375 0.6119136484375 0.6136375843749999 0.6119136484375 0.6136375843749999 0.60333015 0.6081247859375 0.60333015 0.6081247859375 0.6119136484375
0 0.6053683859375 0.6217233609375 0.610467725 0.6217233609375 0.610467725 0.6074992781249999 0.6053683859375 0.6074992781249999 0.6053683859375 0.6217233609375
0 0.601647246875 0.6200066609375 0.6053683859375 0.6200066609375 0.6053683859375 0.6094612203125 0.601647246875 0.6094612203125 0.601647246875 0.6200066609375
0 0.5969613687499999 0.6200066609375 0.601647246875 0.6200066609375 0.601647246875 0.60333015 0.5969613687499999 0.60333015 0.5969613687499999 0.6200066609375
0 0.5857428234375 0.630110665625 0.5897396015625 0.630110665625 0.5897396015625 0.6104912390624999 0.5857428234375 0.6104912390624999 0.5857428234375 0.630110665625
0 0.5904287015625 0.607057840625 0.592633821875 0.607057840625 0.592633821875 0.5938147296875 0.5904287015625 0.5938147296875 0.5904287015625 0.607057840625
0 0.5924960015625 0.6063221125 0.5953902203125001 0.6063221125 0.5953902203125001 0.5906265734375 0.5924960015625 0.5906265734375 0.5924960015625 0.6063221125
0 0.6021729468749999 0.591393809375 0.6052213046875 0.591393809375 0.6052213046875 0.570700809375 0.6021729468749999 0.570700809375 0.6021729468749999 0.591393809375
0 0.59929394375 0.5884807171875 0.6021729468749999 0.5884807171875 0.6021729468749999 0.572408484375 0.59929394375 0.572408484375 0.59929394375 0.5884807171875
0 0.5935359359375 0.576727896875 0.596753646875 0.576727896875 0.596753646875 0.56999765 0.5935359359375 0.56999765 0.5935359359375 0.576727896875
0 0.5894150093749999 0.5679886203125 0.5869876125 0.5679886203125 0.5869876125 0.575823834375 0.5894150093749999 0.575823834375 0.5894150093749999 0.5679886203125
0 0.499361775 0.6349447234375 0.5033585546875 0.6349447234375 0.5033585546875 0.61973966875 0.499361775 0.61973966875 0.499361775 0.6349447234375
0 0.5130059515625 0.6133633546875 0.51714055 0.6133633546875 0.51714055 0.599384515625 0.5130059515625 0.599384515625 0.5130059515625 0.6133633546875
0 0.51714055 0.6143443265625 0.520999509375 0.6143443265625 0.520999509375 0.5957058734375 0.51714055 0.5957058734375 0.51714055 0.6143443265625
0 0.52416936875 0.597667815625 0.520999509375 0.597667815625 0.520999509375 0.6143443265625 0.52416936875 0.6143443265625 0.52416936875 0.597667815625
0 0.5212751484375 0.5991392734375001 0.52416936875 0.5991392734375001 0.52416936875 0.5903105328125 0.5212751484375 0.5903105328125 0.5212751484375 0.5991392734375001
0 0.52995780625 0.6150800562500001 0.5329898453125 0.6150800562500001 0.5329898453125 0.6015917015625 0.52995780625 0.6015917015625 0.52995780625 0.6150800562500001
0 0.5324385656249999 0.6096847140625 0.534919325 0.6096847140625 0.534919325 0.5949701453125 0.5324385656249999 0.5949701453125 0.5324385656249999 0.6096847140625
0 0.536021884375 0.6241540390625 0.5389161046875 0.6241540390625 0.5389161046875 0.6104204421875 0.536021884375 0.6104204421875 0.536021884375 0.6241540390625
0 0.5376757249999999 0.6165515125000001 0.540845584375 0.6165515125000001 0.540845584375 0.6008559734375 0.5376757249999999 0.6008559734375 0.5376757249999999 0.6165515125000001
0 0.547323121875 0.60870374375 0.547323121875 0.59374393125 0.5444289031249999 0.59374393125 0.5444289031249999 0.6055810140625 0.5444289031249999 0.60870374375 0.547323121875 0.60870374375
0 0.5580730796875001 0.6263612249999999 0.5616563984375 0.6263612249999999 0.5616563984375 0.60992995625 0.5580730796875001 0.60992995625 0.5580730796875001 0.6263612249999999
0 0.5622076781249999 0.62145636875 0.5649640781249999 0.62145636875 0.5649640781249999 0.6064965578125 0.5622076781249999 0.6064965578125 0.5622076781249999 0.62145636875
0 0.5645506171875001 0.6165515125000001 0.5677204765624999 0.6165515125000001 0.5677204765624999 0.5988940296875 0.5645506171875001 0.5988940296875 0.5645506171875001 0.6165515125000001
0 0.5696499562499999 0.6025726718750001 0.5729576359375 0.6025726718750001 0.5729576359375 0.5871223765625 0.5696499562499999 0.5871223765625 0.5696499562499999 0.6025726718750001
0 0.5790217140625 0.5969320875 0.5830184921875 0.5969320875 0.5830184921875 0.58393421875 0.5790217140625 0.58393421875 0.5790217140625 0.5969320875
0 0.5765409546875 0.5969320875 0.5790217140625 0.5969320875 0.5790217140625 0.5854056765625 0.5765409546875 0.5854056765625 0.5765409546875 0.5969320875
0 0.577781334375 0.6224373390625 0.5835697718749999 0.6224373390625 0.5835697718749999 0.60355364375 0.577781334375 0.60355364375 0.577781334375 0.6224373390625
0 0.572544175 0.6150800562500001 0.575714034375 0.6150800562500001 0.575714034375 0.6045346140625 0.572544175 0.6045346140625 0.572544175 0.6150800562500001
0 0.577781334375 0.6077227703125 0.575989675 0.6077227703125 0.575989675 0.6258707390625 0.577781334375 0.6258707390625 0.577781334375 0.6077227703125
0 0.5605538390625 0.5957058734375 0.56248331875 0.5957058734375 0.56248331875 0.5876128625 0.5605538390625 0.5876128625 0.5605538390625 0.5957058734375
0 0.557935259375 0.5998750015625001 0.560691659375 0.5998750015625001 0.560691659375 0.5866318890625 0.557935259375 0.5866318890625 0.557935259375 0.5998750015625001
0 0.555041040625 0.597667815625 0.557935259375 0.597667815625 0.557935259375 0.584669946875 0.555041040625 0.584669946875 0.555041040625 0.597667815625
0 0.55118208125 0.5969320875 0.55324938125 0.5969320875 0.55324938125 0.588348590625 0.55118208125 0.588348590625 0.55118208125 0.5969320875
0 0.5533872000000001 0.5895748046875 0.555041040625 0.5895748046875 0.555041040625 0.58393421875 0.5533872000000001 0.58393421875 0.5533872000000001 0.5895748046875
0 0.5489769625 0.5868771328125 0.55049298125 0.5868771328125 0.55049298125 0.5773126640624999 0.5489769625 0.5773126640624999 0.5489769625 0.5868771328125
0 0.5623454984375 0.5770674203125 0.5651018984375 0.5770674203125 0.5651018984375 0.5697101375 0.5623454984375 0.5697101375 0.5623454984375 0.5770674203125
0 0.5677204765624999 0.573388778125 0.5693743171875 0.573388778125 0.5693743171875 0.5643147953125001 0.5677204765624999 0.5643147953125001 0.5677204765624999 0.573388778125
0 0.5051502140624999 0.6106656859375 0.5101117328125 0.6106656859375 0.5101117328125 0.5920272328125 0.5051502140624999 0.5920272328125 0.5051502140624999 0.6106656859375
0 0.49495153593749996 0.612627628125 0.49853485625000005 0.612627628125 0.49853485625000005 0.6006107296875001 0.49495153593749996 0.6006107296875001 0.49495153593749996 0.612627628125
0 0.5001886953125 0.6079680140625 0.5051502140624999 0.6079680140625 0.5051502140624999 0.5934986890625 0.5001886953125 0.5934986890625 0.5001886953125 0.6079680140625
0 0.4884739984375 0.622192096875 0.491781678125 0.622192096875 0.491781678125 0.6084585 0.4884739984375 0.6084585 0.4884739984375 0.622192096875
0 0.4862688796875 0.6133633546875 0.4884739984375 0.6133633546875 0.4884739984375 0.6033084 0.4862688796875 0.6033084 0.4862688796875 0.6133633546875
0 0.483374659375 0.6202301546875 0.48654451875000004 0.6202301546875 0.48654451875000004 0.6055155859375 0.483374659375 0.6055155859375 0.483374659375 0.6202301546875
0 0.4795157 0.6150800562500001 0.481996459375 0.6150800562500001 0.481996459375 0.6023274296875 0.4795157 0.6023274296875 0.4795157 0.6150800562500001
0 0.443544690625 0.63420899375 0.4480927484375 0.63420899375 0.4480927484375 0.6199849109375 0.443544690625 0.6199849109375 0.443544690625 0.63420899375
0 0.47482982187499995 0.5812365484375001 0.47482982187499995 0.570445865625 0.47193560312500005 0.570445865625 0.47193560312500005 0.5755959640625 0.47193560312500005 0.5812365484375001 0.47482982187499995 0.5812365484375001
0 0.46325294531250005 0.5554860546875 0.46600934375 0.5554860546875 0.46600934375 0.547638284375 0.46325294531250005 0.547638284375 0.46325294531250005 0.5554860546875
0 0.4679388234375 0.5824627625 0.47069522343750003 0.5824627625 0.47069522343750003 0.571917321875 0.4679388234375 0.571917321875 0.4679388234375 0.5824627625
0 0.462012565625 0.5836889765625 0.46504460468750003 0.5836889765625 0.46504460468750003 0.575105478125 0.462012565625 0.575105478125 0.462012565625 0.5836889765625
0 0.501176809375 0.5718812234375 0.50303969375 0.5718812234375 0.50303969375 0.5646487171875 0.501176809375 0.5646487171875 0.501176809375 0.5718812234375
0 0.5034913015625 0.5718812234375 0.5054106390625 0.5718812234375 0.5054106390625 0.5634433 0.5034913015625 0.5634433 0.5034913015625 0.5718812234375
0 0.509249309375 0.56906858125 0.5112815484375 0.56906858125 0.5112815484375 0.5626396890625001 0.509249309375 0.5626396890625001 0.509249309375 0.56906858125
0 0.5117896078124999 0.5694703875 0.5139347484375 0.5694703875 0.5139347484375 0.5643473625000001 0.5117896078124999 0.5643473625000001 0.5117896078124999 0.5694703875
0 0.514555709375 0.568365421875 0.5167573015625 0.568365421875 0.5167573015625 0.5628405921875 0.514555709375 0.5628405921875 0.514555709375 0.568365421875
0 0.5177169687500001 0.56685865 0.5198056578125 0.56685865 0.5198056578125 0.5610324656250001 0.5177169687500001 0.5610324656250001 0.5177169687500001 0.56685865
0 0.5211604828125 0.5664568437499999 0.5227411125 0.5664568437499999 0.5227411125 0.5611329171875 0.5211604828125 0.5611329171875 0.5211604828125 0.5664568437499999
0 0.5289507296875 0.5656532328124999 0.5321684390625 0.5656532328124999 0.5321684390625 0.558521178125 0.5289507296875 0.558521178125 0.5289507296875 0.5656532328124999
0 0.5334103625 0.5641464609375 0.5349909921875 0.5641464609375 0.5349909921875 0.558018921875 0.5334103625 0.558018921875 0.5334103625 0.5641464609375
0 0.5368873953125 0.5808873218749999 0.5394232828125001 0.5808873218749999 0.5394232828125001 0.5710776109375 0.5368873953125 0.5710776109375 0.5368873953125 0.5808873218749999
0 0.5344617640625 0.585203596875 0.537438675 0.585203596875 0.537438675 0.5710776109375 0.5344617640625 0.5710776109375 0.5344617640625 0.585203596875
0 0.49234398281249997 0.5952095015625 0.4956516625 0.5952095015625 0.4956516625 0.5832416546875 0.49234398281249997 0.5832416546875 0.49234398281249997 0.5952095015625
0 0.545597615625 0.5498886328125 0.545597615625 0.5671537265625 0.5604821718749999 0.5671537265625 0.5604821718749999 0.548319078125 0.5476924796875 0.548319078125 0.545597615625 0.548319078125 0.545597615625 0.5498886328125
0 0.575587240625 0.5485152734375001 0.5639001078125 0.5485152734375001 0.5639001078125 0.5632298406249999 0.575587240625 0.5632298406249999 0.575587240625 0.5485152734375001
0 0.524417271875 0.5584464578125 0.527063415625 0.5584464578125 0.527063415625 0.546870996875 0.524417271875 0.546870996875 0.524417271875 0.5584464578125
0 0.50633529375 0.5626396890625001 0.509249309375 0.5626396890625001 0.509249309375 0.5515796578125001 0.50633529375 0.5515796578125001 0.50633529375 0.5626396890625001
0 0.5255198328125 0.5684523625 0.5289377671875 0.5684523625 0.5289377671875 0.5604084 0.5255198328125 0.5604084 0.5255198328125 0.5684523625
0 0.5246377843750001 0.5611329171875 0.5227411125 0.5611329171875 0.5227411125 0.57080669375 0.5246377843750001 0.57080669375 0.5246377843750001 0.5611329171875
0 0.5200070328124999 0.5876794000000001 0.5273941828125001 0.5876794000000001 0.5273941828125001 0.5761039390625 0.5200070328124999 0.5761039390625 0.5200070328124999 0.5876794000000001
0 0.5042404296875 0.5876794000000001 0.5164788421875001 0.5876794000000001 0.5164788421875001 0.5792430453125 0.5042404296875 0.5792430453125 0.5042404296875 0.5876794000000001
0 0.47723350781249996 0.59789366875 0.48825910468749995 0.59789366875 0.48825910468749995 0.58379220625 0.47723350781249996 0.58379220625 0.47723350781249996 0.59789366875
0 0.4581109875 0.6153672171875 0.471548434375 0.6153672171875 0.471548434375 0.5948281328125 0.4581109875 0.5948281328125 0.4581109875 0.6153672171875
0 0.43623206875000003 0.6129147890625 0.4555268640625 0.6129147890625 0.4555268640625 0.6000395421875 0.43623206875000003 0.6000395421875 0.43623206875000003 0.6129147890625
0 0.422105521875 0.6236441609375 0.43347566875000004 0.6236441609375 0.43347566875000004 0.6031050765625 0.422105521875 0.6031050765625 0.422105521875 0.6236441609375
0 0.42545551562499995 0.5938599921875001 0.4309683140625 0.5938599921875001 0.4309683140625 0.5774287250000001 0.42545551562499995 0.5774287250000001 0.42545551562499995 0.5938599921875001
0 0.431933053125 0.592879021875 0.434827271875 0.592879021875 0.434827271875 0.5779192109375 0.431933053125 0.5779192109375 0.431933053125 0.592879021875
0 0.434827271875 0.591162321875 0.4378593109375 0.591162321875 0.4378593109375 0.5779192109375 0.434827271875 0.5779192109375 0.434827271875 0.591162321875
0 0.4378593109375 0.591162321875 0.44213172968750003 0.591162321875 0.44213172968750003 0.5771834828125 0.4378593109375 0.5771834828125 0.4378593109375 0.591162321875
0 0.4462663296875 0.5771834828125 0.44213172968750003 0.5771834828125 0.44213172968750003 0.5899361078125 0.4462663296875 0.5899361078125 0.4462663296875 0.5771834828125
0 0.44792016874999996 0.586502709375 0.4519169484375 0.586502709375 0.4519169484375 0.574976296875 0.44792016874999996 0.574976296875 0.44792016874999996 0.586502709375
0 0.36769056875 0.609222825 0.3744092921875 0.609222825 0.3744092921875 0.5948148109375 0.36769056875 0.5948148109375 0.36769056875 0.609222825
0 0.3613163953125 0.609222825 0.36769056875 0.609222825 0.36769056875 0.5969606859375001 0.3613163953125 0.5969606859375001 0.3613163953125 0.609222825
0 0.357354071875 0.609222825 0.3613163953125 0.609222825 0.3613163953125 0.59665413125 0.357354071875 0.59665413125 0.357354071875 0.609222825
0 0.3513244484375 0.608303165625 0.355803596875 0.608303165625 0.355803596875 0.5951213640625 0.3513244484375 0.5951213640625 0.3513244484375 0.608303165625
0 0.3761320421875 0.6073835046875 0.379060715625 0.6073835046875 0.379060715625 0.58899029375 0.3761320421875 0.58899029375 0.3761320421875 0.6073835046875
0 0.33755842343750003 0.6162473796875 0.3401425484375 0.6162473796875 0.3401425484375 0.6049049 0.33755842343750003 0.6049049 0.33755842343750003 0.6162473796875
0 0.33187335 0.6131818453125 0.335491125 0.6131818453125 0.335491125 0.6036786859375 0.33187335 0.6036786859375 0.33187335 0.6131818453125
0 0.325499178125 0.6168604875 0.3294615015625 0.6168604875 0.3294615015625 0.6036786859375 0.325499178125 0.6036786859375 0.325499178125 0.6168604875
0 0.320330928125 0.6168604875 0.325499178125 0.6168604875 0.325499178125 0.6052114546875 0.320330928125 0.6052114546875 0.320330928125 0.6168604875
0 0.3149904046875 0.612875290625 0.320330928125 0.612875290625 0.320330928125 0.5993869375 0.3149904046875 0.5993869375 0.3149904046875 0.612875290625
0 0.3031034328125 0.61532771875 0.30689348125000004 0.61532771875 0.30689348125000004 0.6003065968750001 0.3031034328125 0.6003065968750001 0.3031034328125 0.61532771875
0 0.2877709625 0.6171670406249999 0.2920778359375 0.6171670406249999 0.2920778359375 0.6036786859375 0.2877709625 0.6036786859375 0.2877709625 0.6171670406249999
0 0.3053430078125 0.6472092843749999 0.31120035625 0.6472092843749999 0.31120035625 0.62084568125 0.3053430078125 0.62084568125 0.3053430078125 0.6472092843749999
0 0.3161963296875 0.62084568125 0.31120035625 0.62084568125 0.31120035625 0.6487420515625001 0.3161963296875 0.6487420515625001 0.3161963296875 0.62084568125
0 0.2796875 0.65242069375 0.29173328593750003 0.65242069375 0.29173328593750003 0.622071896875 0.2796875 0.622071896875 0.2796875 0.65242069375
0 0.37879253749999997 0.6305995328125 0.4115936890625 0.6305995328125 0.4115936890625 0.612451565625 0.37879253749999997 0.612451565625 0.37879253749999997 0.6305995328125
0 0.3239803 0.64787756875 0.34654831875 0.64787756875 0.34654831875 0.6218205203125 0.3239803 0.6218205203125 0.3239803 0.64787756875
0 0.5819784765625 0.5598324203125 0.6069233203125 0.5598324203125 0.6069233203125 0.5455885328125 0.5819784765625 0.5455885328125 0.5819784765625 0.5598324203125
0 0.6100879640625 0.5475760515625 0.6339158734375 0.5475760515625 0.6339158734375 0.5389634671875 0.6100879640625 0.5389634671875 0.6100879640625 0.5475760515625
0 0.40196606875 0.6125016828125001 0.4198370015625 0.6125016828125001 0.4198370015625 0.5949452625 0.40196606875 0.5949452625 0.40196606875 0.6125016828125001
0 0.2920778359375 0.649156978125 0.304888340625 0.649156978125 0.304888340625 0.6036786859375 0.2920778359375 0.6036786859375 0.2920778359375 0.649156978125
0 0.2807744953125 0.622071896875 0.28782755781249997 0.622071896875 0.28782755781249997 0.6037037359374999 0.2807744953125 0.6037037359374999 0.2807744953125 0.622071896875
0 0.3077476890625 0.62084568125 0.3152773078125 0.62084568125 0.3152773078125 0.602177321875 0.3077476890625 0.602177321875 0.3077476890625 0.62084568125
0 0.3139429453125 0.649156978125 0.32385535625 0.649156978125 0.32385535625 0.6132014296875 0.3139429453125 0.6132014296875 0.3139429453125 0.649156978125
0 0.341392696875 0.61727186875 0.3492082515625 0.61727186875 0.3492082515625 0.605399753125 0.341392696875 0.605399753125 0.341392696875 0.61727186875
0 0.357214428125 0.633044821875 0.37818298906250003 0.633044821875 0.37818298906250003 0.6126926234375001 0.357214428125 0.6126926234375001 0.357214428125 0.633044821875
0 0.3912406828125 0.6171022671874999 0.4026780796875 0.6171022671874999 0.4026780796875 0.5952236546874999 0.3912406828125 0.5952236546874999 0.3912406828125 0.6171022671874999
0 0.43276209843749996 0.62522551875 0.443544690625 0.62522551875 0.443544690625 0.6051446828125 0.43276209843749996 0.6051446828125 0.43276209843749996 0.62522551875
0 0.46417681406250005 0.6006672 0.47782543906249997 0.6006672 0.47782543906249997 0.5854708921875 0.46417681406250005 0.5854708921875 0.46417681406250005 0.6006672
0 0.4899490796875 0.612627628125 0.49495153593749996 0.612627628125 0.49495153593749996 0.5972751671875 0.4899490796875 0.5972751671875 0.4899490796875 0.612627628125
0 0.4962015234375 0.5975465296875 0.5029114625 0.5975465296875 0.5029114625 0.5799079578125 0.4962015234375 0.5799079578125 0.4962015234375 0.5975465296875
0 0.5580730796875001 0.6439082265625 0.56230729375 0.6439082265625 0.56230729375 0.6263612249999999 0.5580730796875001 0.6263612249999999 0.5580730796875001 0.6439082265625
0 0.53600128125 0.6406857953125 0.5392418765625 0.6406857953125 0.5392418765625 0.6254216484375 0.53600128125 0.6254216484375 0.53600128125 0.6406857953125
0 0.5724103265625 0.6454346421875 0.589566421875 0.6454346421875 0.589566421875 0.6228776234375 0.5724103265625 0.6228776234375 0.5724103265625 0.6454346421875
0 0.5969613687499999 0.6439082265625 0.6288348171875 0.6439082265625 0.6288348171875 0.6200066609375 0.5969613687499999 0.6200066609375 0.5969613687499999 0.6439082265625
0 0.65618925625 0.62236881875 0.63550663125 0.62236881875 0.63550663125 0.6378025671875001 0.65618925625 0.6378025671875001 0.65618925625 0.62236881875
0 0.6602876562500001 0.615754353125 0.664767303125 0.615754353125 0.664767303125 0.6037126359375 0.6602876562500001 0.6037126359375 0.6602876562500001 0.615754353125
0 0.6403675234375 0.604221440625 0.642655003125 0.604221440625 0.642655003125 0.5926885296875 0.6403675234375 0.5926885296875 0.6403675234375 0.604221440625
0 0.6459909109374999 0.5896356984375 0.6442753015625 0.5896356984375 0.6442753015625 0.6015078140625001 0.6459909109374999 0.6015078140625001 0.6459909109374999 0.5896356984375
0 0.599192896875 0.6001510015625 0.6018616234375 0.6001510015625 0.6018616234375 0.5916709203125 0.599192896875 0.5916709203125 0.599192896875 0.6001510015625
0 0.677920309375 0.619485590625 0.6711418859375 0.619485590625 0.6711418859375 0.6335625265625 0.677920309375 0.6335625265625 0.677920309375 0.619485590625
0 0.6829718265625 0.6323753140624999 0.688976459375 0.6323753140624999 0.688976459375 0.6189767843749999 0.6829718265625 0.6189767843749999 0.6829718265625 0.6323753140624999
0 0.6911686265625 0.631866509375 0.7081340984375 0.631866509375 0.7081340984375 0.61219271875 0.6911686265625 0.61219271875 0.6911686265625 0.631866509375
0 0.7105168890625 0.6315273078125 0.7357744734375 0.6315273078125 0.7357744734375 0.6160935562500001 0.7105168890625 0.6160935562500001 0.7105168890625 0.6315273078125
0 0.7387291328125001 0.6315273078125 0.7509290234375 0.6315273078125 0.7509290234375 0.6193159875 0.7387291328125001 0.6193159875 0.7387291328125001 0.6315273078125
0 0.754455553125 0.6303400953125 0.7680851171875 0.6303400953125 0.7680851171875 0.6160935562500001 0.754455553125 0.6160935562500001 0.754455553125 0.6303400953125
0 0.7688476109375 0.626100053125 0.77980845 0.626100053125 0.77980845 0.6113447109375001 0.7688476109375 0.6113447109375001 0.7688476109375 0.626100053125
0 0.756266475 0.602525425 0.760117840625 0.602525425 0.760117840625 0.59150131875 0.756266475 0.59150131875 0.756266475 0.602525425
0 0.7670366890625 0.5989637906249999 0.7696707703125 0.5989637906249999 0.7696707703125 0.5909925125 0.7670366890625 0.5909925125 0.7670366890625 0.5989637906249999
0 0.7618898609375 0.5730873546875 0.7584586421874999 0.5730873546875 0.7584586421874999 0.5842084468750001 0.7618898609375 0.5842084468750001 0.7618898609375 0.5730873546875
0 0.7508337125 0.5898053015625 0.753788371875 0.5898053015625 0.753788371875 0.5821732265625 0.7508337125 0.5821732265625 0.7508337125 0.5898053015625
0 0.7302463984374999 0.5887876921874999 0.7335823046875001 0.5887876921874999 0.7335823046875001 0.5814948203125 0.7302463984374999 0.5814948203125 0.7302463984374999 0.5887876921874999
0 0.797631725 0.6347497375 0.8008723203125001 0.6347497375 0.8008723203125001 0.6228776234375 0.797631725 0.6228776234375 0.797631725 0.6347497375
0 0.782477175 0.6211816062500001 0.7912458453125 0.6211816062500001 0.7912458453125 0.60964869375 0.782477175 0.60964869375 0.782477175 0.6211816062500001
0 0.8165034296875 0.6281352734375 0.8226986859375 0.6281352734375 0.8226986859375 0.6133799296875 0.8165034296875 0.6133799296875 0.8165034296875 0.6281352734375
0 0.8381391703125001 0.6252520453124999 0.8451922328125001 0.6252520453124999 0.8451922328125001 0.60964869375 0.8381391703125001 0.60964869375 0.8381391703125001 0.6252520453124999
0 0.849100009375 0.6262696546875001 0.854628084375 0.6262696546875001 0.854628084375 0.613719134375 0.849100009375 0.613719134375 0.849100009375 0.6262696546875001
0 0.8653029875 0.6233864265625 0.8694013875 0.6233864265625 0.8694013875 0.6110055078125 0.8653029875 0.6110055078125 0.8653029875 0.6233864265625
0 0.8759683687500001 0.626100053125 0.8795997328125 0.626100053125 0.8795997328125 0.6106108406249999 0.8759683687500001 0.6106108406249999 0.8759683687500001 0.626100053125
0 0.8840793796875002 0.6101574984375 0.8813153421875001 0.6101574984375 0.8813153421875001 0.6205031984375 0.8840793796875002 0.6205031984375 0.8840793796875002 0.6101574984375
0 0.8870340406250001 0.6235560296875 0.8935152328125 0.6235560296875 0.8935152328125 0.5974373765625 0.8870340406250001 0.5974373765625 0.8870340406250001 0.6235560296875
0 0.955372484375 0.606087059375 0.9787238359374999 0.606087059375 0.9787238359374999 0.5950629515625 0.955372484375 0.5950629515625 0.955372484375 0.606087059375
0 0.9841565984375 0.595232553125 0.9923534 0.595232553125 0.9923534 0.5879396828125 0.9841565984375 0.5879396828125 0.9841565984375 0.595232553125
0 0.9966424234375001 0.592010121875 0.9991205265625 0.592010121875 0.9991205265625 0.586243665625 0.9966424234375001 0.586243665625 0.9966424234375001 0.592010121875
0 0.9486053578125 0.59150131875 0.9437444640624999 0.59150131875 0.9437444640624999 0.6015078140625001 0.9486053578125 0.6015078140625001 0.9486053578125 0.59150131875
0 0.9402179343749999 0.6030342296875 0.9367958999999999 0.6030342296875 0.9367958999999999 0.6145671421875 0.9402179343749999 0.6145671421875 0.9402179343749999 0.6030342296875
0 0.9243008906250001 0.602186221875 0.9367958999999999 0.602186221875 0.9367958999999999 0.5903141062499999 0.9243008906250001 0.5903141062499999 0.9243008906250001 0.602186221875
0 0.9196306203125001 0.6009192375 0.9097238953125 0.6009192375 0.9097238953125 0.615075946875 0.9196306203125001 0.615075946875 0.9196306203125001 0.6009192375
0 0.9050479390625 0.6074438718749999 0.9089557171875 0.6074438718749999 0.9089557171875 0.5950629515625 0.9050479390625 0.5950629515625 0.9050479390625 0.6074438718749999
0 0.8944683484375 0.60320383125 0.8976136328125002 0.60320383125 0.8976136328125002 0.5938757406249999 0.8944683484375 0.5938757406249999 0.8944683484375 0.60320383125
0 0.89913861875 0.5987941890624999 0.9050479390625 0.5987941890624999 0.9050479390625 0.5892964953125001 0.89913861875 0.5892964953125001 0.89913861875 0.5987941890624999
0 0.858059303125 0.5982853828125 0.8609186515625 0.5982853828125 0.8609186515625 0.5904837078125 0.858059303125 0.5904837078125 0.858059303125 0.5982853828125
0 0.8626478125 0.59150131875 0.8649217406249999 0.59150131875 0.8649217406249999 0.581223628125 0.8626478125 0.581223628125 0.8626478125 0.59150131875
0 0.76978674375 0.5510744125 0.77534989375 0.5510744125 0.77534989375 0.5414356109374999 0.76978674375 0.5414356109374999 0.76978674375 0.5510744125
0 0.6598986328125 0.5895848734375 0.665208025 0.5895848734375 0.665208025 0.577858534375 0.6598986328125 0.577858534375 0.6598986328125 0.5895848734375
0 0.5485980046875 0.6041405453124999 0.5509013421875 0.6041405453124999 0.5509013421875 0.5884405890625001 0.5485980046875 0.5884405890625001 0.5485980046875 0.6041405453124999
0 0.702551159375 0.6137415531249999 0.7081340984375 0.6137415531249999 0.7081340984375 0.5997609500000001 0.702551159375 0.5997609500000001 0.702551159375 0.6137415531249999
0 0.8870816031250002 0.595416325 0.8895176765624999 0.595416325 0.8895176765624999 0.5846347609375 0.8870816031250002 0.5846347609375 0.8870816031250002 0.595416325
0 0.2796875 0.7354020421875 0.2867184328125 0.7354020421875 0.2867184328125 0.724736859375 0.2796875 0.724736859375 0.2796875 0.7354020421875
0 0.29178194999999996 0.730621096875 0.300152253125 0.730621096875 0.300152253125 0.7186687359375 0.29178194999999996 0.7186687359375 0.29178194999999996 0.730621096875
0 0.303252365625 0.7251046234375 0.320199646875 0.7251046234375 0.320199646875 0.7133361453125 0.303252365625 0.7133361453125 0.303252365625 0.7251046234375
0 0.3423137828125 0.7194042671875 0.3579176828125 0.7194042671875 0.3579176828125 0.70837131875 0.3423137828125 0.70837131875 0.3423137828125 0.7194042671875
0 0.4220900125 0.6886958921874999 0.42984029375 0.6886958921874999 0.42984029375 0.670675409375 0.4220900125 0.670675409375 0.4220900125 0.6886958921874999
0 0.499361775 0.64658680625 0.5030029484374999 0.64658680625 0.5030029484374999 0.6349447234375 0.499361775 0.6349447234375 0.499361775 0.64658680625
0 0.4517477546875 0.6322439734375 0.4713818015625 0.6322439734375 0.4713818015625 0.617165609375 0.4517477546875 0.617165609375 0.4517477546875 0.6322439734375
0 0.483374659375 0.6335311499999999 0.4908091734375001 0.6335311499999999 0.4908091734375001 0.6202301546875 0.483374659375 0.6202301546875 0.483374659375 0.6335311499999999
0 0.5132333203125 0.6309567953125 0.5240837140625001 0.6309567953125 0.5240837140625001 0.6147751375 0.5132333203125 0.6147751375 0.5132333203125 0.6309567953125
0 0.52914723125 0.6333472671875 0.53235068125 0.6333472671875 0.53235068125 0.6162461968749999 0.52914723125 0.6162461968749999 0.52914723125 0.6333472671875
0 0.5349341078125001 0.6087070156250001 0.5315239843749999 0.6087070156250001 0.5315239843749999 0.625440321875 0.5349341078125001 0.625440321875 0.5349341078125001 0.6087070156250001
0 0.5510546921875 0.6019033640625 0.5444289031249999 0.6019033640625 0.5444289031249999 0.61771725625 0.5510546921875 0.61771725625 0.5510546921875 0.6019033640625
0 0.6913417578125001 0.5473425296875 0.695245721875 0.5473425296875 0.695245721875 0.5406127359375 0.6913417578125001 0.5406127359375 0.6913417578125001 0.5473425296875
0 0.70250084375 0.5743431109375 0.6974378906250001 0.5743431109375 0.6974378906250001 0.581507084375 0.70250084375 0.581507084375 0.70250084375 0.5743431109375
0 0.692557934375 0.571846575 0.6954249078125 0.571846575 0.6954249078125 0.5663107765625 0.692557934375 0.5663107765625 0.692557934375 0.571846575
