0 0.069502521875 0.071875 0.0689570828125 0.11875 0.0796875 0.11875 0.0796875 0.071875 0.069502521875 0.071875
0 0.06875 0.07866235625 0.05840959375 0.0788428484375 0.0578125 0.1130503203125 0.0578125 0.1171875 0.0684033234375 0.1171875 0.06875 0.09732638906249999 0.06875 0.07866235625
0 0.2267035828125 0.1174045796875 0.22616066875000002 0.1640625 0.23125 0.1640625 0.23125 0.1174045796875 0.2267035828125 0.1174045796875
0 0.2265625 0.139936528125 0.2265625 0.11598155937500002 0.2164541484375 0.11627568125000001 0.215625 0.15189927812499998 0.215625 0.1640625 0.223961696875 0.1640625 0.22600234375 0.1640031234375 0.2265625 0.139936528125
0 0.4141217140625 1 0.4141217140625 0.9854838906250001 0.4095983140625 0.9854838906250001 0.4095983140625 1 0.4141217140625 1
0 0.56761256875 1 0.56761256875 0.9883141390624999 0.56423191875 0.9883141390624999 0.56423191875 1 0.56761256875 1
0 0.4945634984375 0.9952605484374999 0.49831376406250005 0.9952605484374999 0.49831376406250005 0.9815159796875002 0.4945634984375 0.9815159796875002 0.4945634984375 0.9952605484374999
0 0.5026409953125001 1 0.5026409953125001 0.9860291218749999 0.49952538906250005 0.9860291218749999 0.49952538906250005 1 0.5026409953125001 1
0 0.4959482125 0.9741308390625001 0.498140675 0.9741308390625001 0.498140675 0.96397626875 0.4959482125 0.96397626875 0.4959482125 0.9741308390625001
0 0.4987176390625 0.9769002671875 0.5020063359375 0.9769002671875 0.5020063359375 0.96366855625 0.4987176390625 0.96366855625 0.4987176390625 0.9769002671875
0 0.5023525140625 0.9751565531249999 0.50691053125 0.9751565531249999 0.50691053125 0.9598734140625 0.5023525140625 0.9598734140625 0.5023525140625 0.9751565531249999
0 0.57955183125 0.9961753734375 0.5856099546875 0.9961753734375 0.5856099546875 0.97740480625 0.57955183125 0.97740480625 0.57955183125 0.9961753734375
0 0.578109421875 1 0.578109421875 0.9899185171875 0.5727436546875 0.9899185171875 0.5727436546875 1 0.578109421875 1
0 0.3873740578125 0.7481098734375 0.395763578125 0.7481098734375 0.395763578125 0.72815358125 0.3873740578125 0.72815358125 0.3873740578125 0.7481098734375
0 0.609375 0.6833849421875 0.6082630390625 0.6833849421875 0.6082630390625 0.6866337234375 0.6082630390625 0.6934369390625 0.609375 0.6934369390625 0.609375 0.6833849421875
0 0.3832481375 0.6987835109375 0.3873099640625 0.6987835109375 0.3873099640625 0.6796642 0.3832481375 0.6796642 0.3832481375 0.6987835109375
0 0.3273339140625 0.9356818890625 0.3329140859375 0.9356818890625 0.3329140859375 0.9248054109375001 0.3273339140625 0.9248054109375001 0.3273339140625 0.9356818890625
0 0.48609525312499996 0.8949426812500001 0.48936536718749996 0.8949426812500001 0.48936536718749996 0.88094429375 0.48609525312499996 0.88094429375 0.48609525312499996 0.8949426812500001
0 0.49005381249999996 0.9089410687499999 0.493237871875 0.9089410687499999 0.493237871875 0.89433073125 0.49005381249999996 0.89433073125 0.49005381249999996 0.9089410687499999
0 0.48934923125 0.9421168906249999 0.493315859375 0.9421168906249999 0.493315859375 0.9237105421875 0.48934923125 0.9237105421875 0.48934923125 0.9421168906249999
0 0.4714792359375 0.9419461453124999 0.4751366015625 0.9419461453124999 0.4751366015625 0.9267429796875 0.4714792359375 0.9267429796875 0.4714792359375 0.9419461453124999
0 0.46615118125 0.9492103359375001 0.47097029843750005 0.9492103359375001 0.47097029843750005 0.9346764921874999 0.46615118125 0.9346764921874999 0.46615118125 0.9492103359375001
0 0.5190216265625 0.9335422296874999 0.5225068796875 0.9335422296874999 0.5225068796875 0.9211502140625001 0.5190216265625 0.9211502140625001 0.5190216265625 0.9335422296874999
0 0.5567745125 0.9575242687500001 0.560345821875 0.9575242687500001 0.560345821875 0.9478860359375 0.5567745125 0.9478860359375 0.5567745125 0.9575242687500001
0 0.5548382593750001 0.9493394187499999 0.5583235140625 0.9493394187499999 0.5583235140625 0.94069560625 0.5548382593750001 0.94069560625 0.5548382593750001 0.9493394187499999
0 0.541228271875 0.974112915625 0.5536202859375 0.974112915625 0.5536202859375 0.96087946875 0.541228271875 0.96087946875 0.541228271875 0.974112915625
0 0.43990370156249997 0.9046941625 0.44467979062499996 0.9046941625 0.44467979062499996 0.8929905921875001 0.43990370156249997 0.8929905921875001 0.43990370156249997 0.9046941625
0 0.5983822171875001 1 0.5983822171875001 0.9941142265625 0.5952497906249999 0.9941142265625 0.5952497906249999 1 0.5983822171875001 1
0 0.59239274375 1 0.59239274375 0.9937470562499999 0.5889160953125 0.9937470562499999 0.5889160953125 1 0.59239274375 1
0 0.46493202031249997 0.9745721484375001 0.468374246875 0.9745721484375001 0.468374246875 0.960680853125 0.46493202031249997 0.960680853125 0.46493202031249997 0.9745721484375001
0 0.4599124203125 0.9702053796874999 0.46555982343749996 0.9702053796874999 0.46555982343749996 0.960165553125 0.4599124203125 0.960165553125 0.4599124203125 0.9702053796874999
0 0.5007938875 0.9872522671875 0.5034099796875 0.9872522671875 0.5034099796875 0.9785625578125 0.5007938875 0.9785625578125 0.5007938875 0.9872522671875
