0 0.025 0 0.025 0.003125 0.028125 0.003125 0.028125 0 0.025 0
0 0.063529553125 0.080235971875 0.0634145703125 0.1 0.0671875 0.1 0.0671875 0.080299821875 0.063529553125 0.080235971875
0 0.0625 0.0828125 0.059375 0.0828125 0.059375 0.0910968171875 0.059503131249999994 0.0984375 0.0625 0.0984375 0.0625 0.0828125
0 0.5765625 0.2828566203125 0.5765625 0.2390625 0.5664636578125 0.2390625 0.5525406015625001 0.239224509375 0.5515625 0.29525992031250003 0.5515625 0.3546875 0.5753086875 0.3546875 0.5765625 0.2828566203125
0 0.6494668953125 0.227032375 0.6530903515625 0.3515625 0.6703125 0.3515625 0.6703125 0.2272749359375 0.6494668953125 0.227032375
0 0.75625 0.25565709375 0.7362501828125 0.255307996875 0.7359375 0.26874212656249996 0.7359375 0.371875 0.754342878125 0.371875 0.75625 0.2899372859375 0.75625 0.25565709375
0 0.5520407171875 0.35625 0.5541500375 0.446875 0.5828125 0.446875 0.5828125 0.35625 0.5520407171875 0.35625
0 0.649148109375 0.352086175 0.649148109375 0.440625 0.675 0.440625 0.675 0.3522365765625 0.649148109375 0.352086175
0 0.7363791843749999 0.3732634515625 0.7363791843749999 0.4515625 0.7609375 0.4515625 0.7609375 0.372977690625 0.7363791843749999 0.3732634515625
0 0 0.6390625 0.0031190921875 0.6390625 0.003125 0.6388086703125 0.003125 0.6260725109375 0 0.6260179640625 0 0.6390625
0 0.004860784375 0.5980967328125 0.004860784375 0.6171875 0.0140625 0.6171875 0.0140625 0.5981502671875 0.004860784375 0.5980967328125
0 0.0506540671875 0.5859375 0.0506540671875 0.60625 0.0578125 0.60625 0.0578125 0.5859375 0.0506540671875 0.5859375
0 1 1 1 0.920818209375 0.9565394546875 0.9203125 0.9128193703124999 0.9203125 0.9151380390625 1 1 1
