0 0.9419465921875 0.21997791093750002 0.9407972734375001 0.31875 0.959375 0.31875 0.959375 0.21997791093750002 0.9419465921875 0.21997791093750002
0 0.940625 0.25831360000000003 0.9246041281250001 0.25868649062500004 0.9234375 0.298780896875 0.9234375 0.319956478125 0.9400350703125 0.3195701640625 0.940625 0.299295596875 0.940625 0.25831360000000003
0 0.9110348437500001 0.3198354921875 0.9291096859374999 0.3198354921875 0.9291096859374999 0.2554869390625 0.9110348437500001 0.2554869390625 0.9110348437500001 0.3198354921875
0 0.73539944375 0.2633847734375 0.744142571875 0.2633847734375 0.744142571875 0.20313981874999998 0.73539944375 0.20313981874999998 0.73539944375 0.2633847734375
0 0.7260922437499999 0.2558541546875 0.737655734375 0.2558541546875 0.737655734375 0.21016839531249998 0.7260922437499999 0.21016839531249998 0.7260922437499999 0.2558541546875
0 0.6708131140625 0.2518378234375 0.6840688234375 0.2518378234375 0.6840688234375 0.2212133046875 0.6708131140625 0.2212133046875 0.6708131140625 0.2518378234375
0 0.6933760234375 0.2493276171875 0.7097341328125 0.2493276171875 0.7097341328125 0.22171534531249998 0.6933760234375 0.22171534531249998 0.6933760234375 0.2493276171875
0 0.4529368734375 0.2390654203125 0.46326535468749996 0.2390654203125 0.46326535468749996 0.19003795 0.4529368734375 0.19003795 0.4529368734375 0.2390654203125
0 0.43201255468750005 0.3957971609375 0.496928671875 0.3957971609375 0.496928671875 0.3707910625 0.43201255468750005 0.3707910625 0.43201255468750005 0.3957971609375
0 0.5296085390625 0.3776348375 0.5580000984375 0.3776348375 0.5580000984375 0.34762751875000003 0.5296085390625 0.34762751875000003 0.5296085390625 0.3776348375
0 0.49299301250000005 0.372516040625 0.521266275 0.372516040625 0.521266275 0.3516688515625 0.49299301250000005 0.3516688515625 0.49299301250000005 0.372516040625
0 0.7525224484375 0.2652473390625 0.764446903125 0.2652473390625 0.764446903125 0.24166264062499998 0.7525224484375 0.24166264062499998 0.7525224484375 0.2652473390625
0 0.5185501046875001 0.26323219062500003 0.5264760828125 0.26323219062500003 0.5264760828125 0.250386953125 0.5185501046875001 0.250386953125 0.5185501046875001 0.26323219062500003
0 0.4741284671875 0.949648525 0.47388802031249994 0.9703125 0.5078125 0.9703125 0.5078125 0.949648525 0.4741284671875 0.949648525
