0 0.22720358749999997 0.39625655000000004 0.2270363640625 0.425 0.2375 0.425 0.2375 0.396436275 0.22720358749999997 0.39625655000000004
0 0.02506425 0.049398825 0.025211110937499996 0.0578125 0.0296875 0.0578125 0.0296875 0.0494795234375 0.02506425 0.049398825
0 0.21786022656249998 0.08518558125 0.21766088749999998 0.09375 0.2234375 0.09375 0.2234375 0.085120684375 0.21786022656249998 0.08518558125
0 0.52308665 0.18482878125 0.5232423703125 0.19375 0.528125 0.19375 0.528125 0.1847115125 0.52308665 0.18482878125
0 0.6173236828124999 0.18225047187500001 0.617660775 0.2015625 0.6265625 0.2015625 0.6265625 0.1820892078125 0.6173236828124999 0.18225047187500001
0 0.49187783281249997 0.145544659375 0.4917455171875 0.153125 0.4953125 0.153125 0.4953125 0.14548470625 0.49187783281249997 0.145544659375
0 0.7490425234375 0.297658234375 0.7489425484375 0.30625 0.7546875 0.30625 0.7546875 0.2978224875 0.7490425234375 0.297658234375
0 0.7765625 0.2911544015625 0.7625 0.29090893906250004 0.7625 0.3028303953125 0.762641509375 0.3109375 0.7765625 0.3109375 0.7765625 0.2911544015625
0 0.9243548781250001 0.2119578046875 0.9299722140625001 0.2119578046875 0.9299722140625001 0.18252041562500002 0.9243548781250001 0.18252041562500002 0.9243548781250001 0.2119578046875
0 0.928909475 0.21816936406249998 0.9348304500000001 0.21816936406249998 0.9348304500000001 0.185086059375 0.928909475 0.185086059375 0.928909475 0.21816936406249998
0 0.6351218921874999 0.14870459687499998 0.6415319171875 0.14870459687499998 0.6415319171875 0.133976240625 0.6351218921874999 0.133976240625 0.6351218921874999 0.14870459687499998
0 0.7467631499999999 0.1173474515625 0.7545085953124999 0.1173474515625 0.7545085953124999 0.0878907390625 0.7467631499999999 0.0878907390625 0.7467631499999999 0.1173474515625
0 0.6559544703125 0.1201981 0.6615632421875001 0.1201981 0.6615632421875001 0.0983431203125 0.6559544703125 0.0983431203125 0.6559544703125 0.1201981
0 0.675451628125 0.09501736250000001 0.6837312437499999 0.09501736250000001 0.6837312437499999 0.066510865625 0.675451628125 0.066510865625 0.675451628125 0.09501736250000001
0 0.62390435 0.057483807812499996 0.6319168796875 0.057483807812499996 0.6319168796875 0.0337283953125 0.62390435 0.0337283953125 0.62390435 0.057483807812499996
0 0.5977487859374999 0.027571509374999997 0.6111915828125 0.027571509374999997 0.6111915828125 0.01521646875 0.5977487859374999 0.01521646875 0.5977487859374999 0.027571509374999997
0 0.6094552203125 0.029364982812500003 0.6235141453125 0.029364982812500003 0.6235141453125 0.012127707812500001 0.6094552203125 0.012127707812500001 0.6094552203125 0.029364982812500003
0 0.5257711484375001 0.0481336625 0.5323350140625001 0.0481336625 0.5323350140625001 0.0220566796875 0.5257711484375001 0.0220566796875 0.5257711484375001 0.0481336625
0 0.5722651921875 0.0360681921875 0.5768598984375 0.0360681921875 0.5768598984375 0.010964232812499999 0.5722651921875 0.010964232812499999 0.5722651921875 0.0360681921875
0 0.5636227703125 0.019721428125000003 0.5789384546875 0.019721428125000003 0.5789384546875 0.0088235828125 0.5636227703125 0.0088235828125 0.5636227703125 0.019721428125000003
0 0.5061889515625 0 0.5061889515625 0.017386175 0.5336477859375 0.017386175 0.5336477859375 0 0.5061889515625 0
0 0.84141563125 0.1472267890625 0.84808205625 0.1472267890625 0.84808205625 0.1259419375 0.84141563125 0.1259419375 0.84141563125 0.1472267890625
0 0.8362876109374999 0.14296981875 0.8451761781249999 0.14296981875 0.8451761781249999 0.11864427343749999 0.8362876109374999 0.11864427343749999 0.8362876109374999 0.14296981875
0 0.8273990437500001 0.1387128484375 0.8362876109374999 0.1387128484375 0.8362876109374999 0.11560358125 0.8273990437500001 0.11560358125 0.8273990437500001 0.1387128484375
0 0.8197070156249999 0.1387128484375 0.8273990437500001 0.1387128484375 0.8273990437500001 0.1213808984375 0.8197070156249999 0.1213808984375 0.8197070156249999 0.1387128484375
0 0.79338318125 0.10496115624999999 0.80312641875 0.10496115624999999 0.80312641875 0.0870210671875 0.79338318125 0.0870210671875 0.79338318125 0.10496115624999999
0 0.8533158578125001 0.037437421875 0.8635554875 0.037437421875 0.8635554875 0.022958859374999998 0.8533158578125001 0.022958859374999998 0.8533158578125001 0.037437421875
0 0.8617176046875 0.0383715234375 0.8681939515625 0.0383715234375 0.8681939515625 0.024360009374999998 0.8617176046875 0.024360009374999998 0.8617176046875 0.0383715234375
0 0.6637241640625 0.0489608125 0.6691940515625 0.0489608125 0.6691940515625 0.01794574375 0.6637241640625 0.01794574375 0.6637241640625 0.0489608125
0 0.6878533984375 0.0188071171875 0.6911872125 0.0188071171875 0.6911872125 0.0027375921875 0.6878533984375 0.0027375921875 0.6878533984375 0.0188071171875
0 0.692011703125 0.019062189062500002 0.6952379750000001 0.019062189062500002 0.6952379750000001 0.0031839687499999997 0.692011703125 0.0031839687499999997 0.692011703125 0.019062189062500002
0 0.697747296875 0 0.697747296875 0.014215825000000001 0.7130183125 0.014215825000000001 0.7130183125 0 0.697747296875 0
0 0.677063315625 0 0.677063315625 0.0073288859375 0.683264925 0.0073288859375 0.683264925 0 0.677063315625 0
0 0.667026028125 0 0.667026028125 0.009433226562499999 0.675378484375 0.009433226562499999 0.675378484375 0 0.667026028125 0
0 0.677254446875 0.039066050000000005 0.6824635296875 0.039066050000000005 0.6824635296875 0.0237218875 0.677254446875 0.0237218875 0.677254446875 0.039066050000000005
0 0.7198632921874999 0.02326761875 0.73465036875 0.02326761875 0.73465036875 0.013861846875 0.7198632921874999 0.013861846875 0.7198632921874999 0.02326761875
0 0.73411265625 0.0484559609375 0.7419990953125 0.0484559609375 0.7419990953125 0.031477743749999995 0.73411265625 0.031477743749999995 0.73411265625 0.0484559609375
0 0.7383695421875001 0.0510863890625 0.7477346890625001 0.0510863890625 0.7477346890625001 0.0342675921875 0.7383695421875001 0.0342675921875 0.7383695421875001 0.0510863890625
0 0.6945676953125 0.08417338125 0.7323868390625 0.08417338125 0.7323868390625 0.029820993750000004 0.6945676953125 0.029820993750000004 0.6945676953125 0.08417338125
0 0.7729935734375 0.062087003125 0.7832496125 0.062087003125 0.7832496125 0.0429306375 0.7729935734375 0.0429306375 0.7729935734375 0.062087003125
0 0.801248815625 0.11300517031249999 0.8108211187500001 0.11300517031249999 0.8108211187500001 0.09476101249999999 0.801248815625 0.09476101249999999 0.801248815625 0.11300517031249999
0 0.7938580078124999 0.0420576359375 0.8100967359375 0.0420576359375 0.8100967359375 0.0152995390625 0.7938580078124999 0.0152995390625 0.7938580078124999 0.0420576359375
0 0.54226234375 0.20935682031249997 0.5459591125000001 0.20935682031249997 0.5459591125000001 0.20228256406249998 0.54226234375 0.20228256406249998 0.54226234375 0.20935682031249997
0 0.52567460625 0.197195475 0.5215163015625001 0.197195475 0.5215163015625001 0.20709226093750002 0.52567460625 0.20709226093750002 0.52567460625 0.197195475
0 0.8636260015625 0.3292316671875 0.8805170140625 0.3292316671875 0.8805170140625 0.31366331875000003 0.8636260015625 0.31366331875000003 0.8636260015625 0.3292316671875
0 0.9934699296874999 0.14302605468750001 0.99732353125 0.14302605468750001 0.99732353125 0.1332217328125 0.9934699296874999 0.1332217328125 0.9934699296874999 0.14302605468750001
0 1 0.12955507500000002 0.9966065828125 0.12955507500000002 0.9966065828125 0.137207228125 1 0.137207228125 1 0.12955507500000002
0 0.9785557781249998 0.0962341390625 0.9615282374999999 0.0962341390625 0.9615282374999999 0.1061978828125 0.9785557781249998 0.1061978828125 0.9785557781249998 0.0962341390625
0 0.9173462499999999 0.133777521875 0.9283693421875 0.133777521875 0.9283693421875 0.11687901406250001 0.9173462499999999 0.11687901406250001 0.9173462499999999 0.133777521875
0 0.9252683968750001 0.138902621875 0.935245471875 0.138902621875 0.935245471875 0.11913081875 0.9252683968750001 0.11913081875 0.9252683968750001 0.138902621875
0 0.895181040625 0.088699059375 0.9025745781250001 0.088699059375 0.9025745781250001 0.0753874984375 0.895181040625 0.0753874984375 0.895181040625 0.088699059375
0 0.8525854515625 0.2034076984375 0.8577945359375001 0.2034076984375 0.8577945359375001 0.178597978125 0.8525854515625 0.178597978125 0.8525854515625 0.2034076984375
0 0.8228432671875 0.1539875328125 0.8150016375 0.1539875328125 0.8150016375 0.1855725984375 0.8228432671875 0.1855725984375 0.8228432671875 0.1539875328125
0 0.7364569515625 0.11830332343750001 0.7303656843749999 0.11830332343750001 0.7303656843749999 0.1443336 0.7364569515625 0.1443336 0.7364569515625 0.11830332343750001
0 0.6588846484374999 0.16299129375000002 0.6531959656249999 0.16299129375000002 0.6531959656249999 0.18027215937500002 0.6588846484374999 0.18027215937500002 0.6588846484374999 0.16299129375000002
0 0.664048221875 0.058527678125 0.6570467671875 0.058527678125 0.6570467671875 0.0779881125 0.664048221875 0.0779881125 0.664048221875 0.058527678125
0 0.5222017328125 0.0356373421875 0.517607028125 0.0356373421875 0.517607028125 0.053540942187499996 0.5222017328125 0.053540942187499996 0.5222017328125 0.0356373421875
0 0 0.596875 0.00625 0.596875 0.00625 0.5609375 0 0.5609375 0 0.596875
0 0.01955529375 0.5307805953125 0.0188771234375 0.5890625 0.0515625 0.5890625 0.0515625 0.5317119109374999 0.01955529375 0.5307805953125
0 0.0498639828125 0.6842516734374999 0.0515625 0.611276446875 0.0515625 0.5640625 0.003421121875 0.5640625 0.002702315625 0.5640708640625001 0.0015625 0.6130419921875 0.0015625 0.684375 0.0392653109375 0.684375 0.0498639828125 0.6842516734374999
0 0.0953125 0.54714590625 0.061600195312499995 0.5473420390625 0.0610938515625 0.634375 0.0927626078125 0.634375 0.095036325 0.634361771875 0.0953125 0.5868913906250001 0.0953125 0.54714590625
0 0.4890625 0.5785105828125 0.48039555937499995 0.5785105828125 0.48039555937499995 0.6265625 0.4890625 0.6265625 0.4890625 0.5785105828125
0 0.40489360156250004 0.5721853796875 0.4057609359375 0.621875 0.4328125 0.621875 0.4328125 0.5720229515625 0.40489360156250004 0.5721853796875
0 0.339404715625 0.5703125 0.3192142171875 0.5707824390625 0.320112103125 0.6093592812499999 0.3421875 0.6088454703125 0.3421875 0.5703125 0.339404715625 0.5703125
0 0.303125 0.5378909953125001 0.252267228125 0.5384827796875 0.2515625 0.5788566484375 0.2515625 0.6734375 0.3017592453125 0.6734375 0.303125 0.5951934265625 0.303125 0.5378909953125001
0 0.223140103125 0.5897636421875 0.23871177187499998 0.5897636421875 0.23871177187499998 0.558985896875 0.223140103125 0.558985896875 0.223140103125 0.5897636421875
0 0.2411834640625 0.602514421875 0.2602155046875 0.602514421875 0.2602155046875 0.55722716875 0.2411834640625 0.55722716875 0.2411834640625 0.602514421875
0 0.12355139062500001 0.6728125265625 0.1576014390625 0.6728125265625 0.1576014390625 0.567208015625 0.12355139062500001 0.567208015625 0.12355139062500001 0.6728125265625
0 0.331891125 0.6070594171875 0.3591311640625 0.6070594171875 0.3591311640625 0.5638268656250001 0.331891125 0.5638268656250001 0.331891125 0.6070594171875
0 0.9401412203125 0.5296875 0.9404412296875 0.546875 0.95 0.546875 0.95 0.5296875 0.9401412203125 0.5296875
