0 0.65625 0.2948234609375 0.6424458859375 0.29506441250000004 0.6421875 0.30986732968749997 0.6421875 0.3515625 0.6556085109375 0.3515625 0.65625 0.31481165 0.65625 0.2948234609375
0 0.7875 0.9072961171875 0.7737712171875 0.9072162468750001 0.7734375 0.9358958640624999 0.7734375 0.959375 0.78748344375 0.959375 0.7875 0.9579521124999999 0.7875 0.9072961171875
0 0.76725094375 0.9149760765625 0.78296601875 0.9149760765625 0.78296601875 0.8519729187499999 0.76725094375 0.8519729187499999 0.76725094375 0.9149760765625
0 0.73721769375 0.816591834375 0.7489166921875 0.816591834375 0.7489166921875 0.7678652546875 0.73721769375 0.7678652546875 0.73721769375 0.816591834375
0 0.724645634375 0.8215576 0.738090753125 0.8215576 0.738090753125 0.7672445328124999 0.724645634375 0.7672445328124999 0.724645634375 0.8215576
0 0.85158850625 0.9705305843750001 0.8692243109375 0.9705305843750001 0.8692243109375 0.9385634656249999 0.85158850625 0.9385634656249999 0.85158850625 0.9705305843750001
0 0.6802942046875 0.8237301234375 0.7021206953125001 0.8237301234375 0.7021206953125001 0.7883490390625 0.6802942046875 0.7883490390625 0.6802942046875 0.8237301234375
0 0.7201057234375 0.7501747109375 0.732153946875 0.7501747109375 0.732153946875 0.7262769625 0.7201057234375 0.7262769625 0.7201057234375 0.7501747109375
0 0.7138196953125 0.744898584375 0.728487096875 0.744898584375 0.728487096875 0.7151039890625001 0.7138196953125 0.7151039890625001 0.7138196953125 0.744898584375
0 0.7038668140625 0.7501747109375 0.7129466343749999 0.7501747109375 0.7129466343749999 0.7026895734374999 0.7038668140625 0.7026895734374999 0.7038668140625 0.7501747109375
0 0.6898978609374999 0.7613476859375 0.7022953078125 0.7613476859375 0.7022953078125 0.7126211046875 0.6898978609374999 0.7126211046875 0.6898978609374999 0.7613476859375
0 0.6179577468749999 0.7712792171875 0.6338474328125 0.7712792171875 0.6338474328125 0.729380565625 0.6179577468749999 0.729380565625 0.6179577468749999 0.7712792171875
0 0.576050884375 0.775313903125 0.5860037640625 0.775313903125 0.5860037640625 0.752347234375 0.576050884375 0.752347234375 0.576050884375 0.775313903125
0 0.5966550921875 0.6849990312500001 0.6087033140625 0.6849990312500001 0.6087033140625 0.6434107390625 0.5966550921875 0.6434107390625 0.5966550921875 0.6849990312500001
0 0.572209421875 0.6694810109375 0.5860037640625 0.6694810109375 0.5860037640625 0.632237765625 0.572209421875 0.632237765625 0.572209421875 0.6694810109375
0 0.42928457656249996 0.9001288484375 0.44425929531249997 0.9001288484375 0.44425929531249997 0.8663616375000001 0.42928457656249996 0.8663616375000001 0.42928457656249996 0.9001288484375
0 0.41084555624999997 0.91184805625 0.42447925625 0.91184805625 0.42447925625 0.8866219640624999 0.41084555624999997 0.8866219640624999 0.41084555624999997 0.91184805625
0 0.4361044640625 0.604248996875 0.4454916015625 0.604248996875 0.4454916015625 0.5599146375 0.4361044640625 0.5599146375 0.4361044640625 0.604248996875
0 0.42752193906249997 0.6010709078125 0.43807129375000003 0.6010709078125 0.43807129375000003 0.5611858734374999 0.42752193906249997 0.5611858734374999 0.42752193906249997 0.6010709078125
0 0.40561861875 0.556259834375 0.4147375515625 0.556259834375 0.4147375515625 0.52145974375 0.40561861875 0.52145974375 0.40561861875 0.556259834375
0 0.3920296203125 0.5573721640625 0.40123795468749995 0.5573721640625 0.40123795468749995 0.5190761765625 0.3920296203125 0.5190761765625 0.3920296203125 0.5573721640625
0 0.4193864203125 0.51875 0.4193864203125 0.5265446875 0.4267173265625 0.5265446875 0.4267173265625 0.51875 0.4193864203125 0.51875
