0 0.29375 0.1625 0.29375 0.05625 0.28490675312499997 0.05625 0.2625 0.056771523437500006 0.2625 0.1625 0.29375 0.1625
0 0.7967613874999999 0.419674953125 0.7970308 0.43125 0.8 0.43125 0.8 0.41969379531250006 0.7967613874999999 0.419674953125
0 0.2953125 1 0.2953125 0.9859375 0.2721315359375 0.9859375 0.2720497234375 1 0.2953125 1
0 0.11874889687500001 0.7411793578125 0.11874889687500001 0.7609375 0.1231286328125 0.7609375 0.128125 0.7608502875 0.128125 0.741015696875 0.11874889687500001 0.7411793578125
0 0.3899183859375 0.738004675 0.390270315625 0.753125 0.396875 0.753125 0.396875 0.738045146875 0.3899183859375 0.738004675
0 0.4002726046875 0.727795165625 0.3999668375 0.7453125 0.4125 0.7453125 0.4125 0.7276528875 0.4002726046875 0.727795165625
0 0.0332007109375 0.61916855625 0.03978579375 0.61916855625 0.03978579375 0.5973853078125 0.0332007109375 0.5973853078125 0.0332007109375 0.61916855625
0 0.044770765625 0.6024206328125 0.03818568125 0.6024206328125 0.03818568125 0.6209199734374999 0.044770765625 0.6209199734374999 0.044770765625 0.6024206328125
0 0.136878584375 0.65266675625 0.145340725 0.65266675625 0.145340725 0.63611039375 0.136878584375 0.63611039375 0.136878584375 0.65266675625
0 0.6411712140625 0.6029791125 0.6484024984375 0.6029791125 0.6484024984375 0.592853734375 0.6411712140625 0.592853734375 0.6411712140625 0.6029791125
0 0.6295726109374999 0.593064109375 0.6388040375 0.593064109375 0.6388040375 0.5713082265625 0.6295726109374999 0.5713082265625 0.6295726109374999 0.593064109375
0 0.659375 0.5230459187500001 0.6547616640625 0.5230459187500001 0.6547616640625 0.5487014375 0.659375 0.5487014375 0.659375 0.5230459187500001
0 0.6190530890625 0.549723546875 0.6254535437500001 0.549723546875 0.6254535437500001 0.5264078109375 0.6190530890625 0.5264078109375 0.6190530890625 0.549723546875
0 0.5566798015625001 0.55881244375 0.5673267140625 0.55881244375 0.5673267140625 0.5452389625 0.5566798015625001 0.5452389625 0.5566798015625001 0.55881244375
0 0.5395093484375 0.534511534375 0.5467714031249999 0.534511534375 0.5467714031249999 0.5222516171875 0.5395093484375 0.5222516171875 0.5395093484375 0.534511534375
0 0.3314297203125 0.6367929421875 0.3391496546875 0.6367929421875 0.3391496546875 0.623958559375 0.3314297203125 0.623958559375 0.3314297203125 0.6367929421875
0 0.3643420359375 0.556428740625 0.370265534375 0.556428740625 0.370265534375 0.5361779828125 0.3643420359375 0.5361779828125 0.3643420359375 0.556428740625
0 0.34549454062499996 0.560670453125 0.34549454062499996 0.5387777421875 0.3368016140625 0.5387777421875 0.3368016140625 0.5421526218749999 0.3368016140625 0.560670453125 0.34549454062499996 0.560670453125
0 0.2863006140625 0.538270875 0.2922087265625 0.538270875 0.2922087265625 0.5140137515625 0.2863006140625 0.5140137515625 0.2863006140625 0.538270875
0 0.29654134375 0.5091973546874999 0.29063323125 0.5091973546874999 0.29063323125 0.5338923328125 0.29654134375 0.5338923328125 0.29654134375 0.5091973546874999
0 0.203431325 0.5810285562499999 0.2115088234375 0.5810285562499999 0.2115088234375 0.552636446875 0.203431325 0.552636446875 0.203431325 0.5810285562499999
0 0.20251895156250002 0.5587965765625 0.1958618234375 0.5587965765625 0.1895180265625 0.5587965765625 0.1895180265625 0.5760370859374999 0.20251895156250002 0.5760370859374999 0.20251895156250002 0.5587965765625
0 0.07988754218750001 0.5680949078124999 0.08954976718749999 0.5680949078124999 0.08954976718749999 0.5467495140625 0.07988754218750001 0.5467495140625 0.07988754218750001 0.5680949078124999
0 0.1399625484375 0.55919449375 0.148873953125 0.55919449375 0.148873953125 0.538177490625 0.1399625484375 0.538177490625 0.1399625484375 0.55919449375
0 0.08447550625 0.5366424421875 0.092234828125 0.5366424421875 0.092234828125 0.5086197734375 0.08447550625 0.5086197734375 0.08447550625 0.5366424421875
0 0.05031141875 0.5328000687500001 0.0588504890625 0.5328000687500001 0.0588504890625 0.5048868625 0.05031141875 0.5048868625 0.05031141875 0.5328000687500001
0 0.0431570640625 0.5345788515625001 0.050696060937499995 0.5345788515625001 0.050696060937499995 0.5039290578125 0.0431570640625 0.5039290578125 0.0431570640625 0.5345788515625001
0 0.0113363359375 0.5231905375 0.024826528125 0.5231905375 0.024826528125 0.50804078125 0.0113363359375 0.50804078125 0.0113363359375 0.5231905375
0 0.1340258765625 0.505671696875 0.14234646875 0.505671696875 0.14234646875 0.47721117187499995 0.1340258765625 0.47721117187499995 0.1340258765625 0.505671696875
0 0.1051745921875 0.48281570625 0.1098026140625 0.48281570625 0.1098026140625 0.4596094328125 0.1051745921875 0.4596094328125 0.1051745921875 0.48281570625
0 0.1128551390625 0.459375 0.1128551390625 0.4822027109375 0.1191078921875 0.4822027109375 0.1191078921875 0.459375 0.1128551390625 0.459375
0 0.109014865625 0.459375 0.109014865625 0.4785247359375 0.11428293281249999 0.4785247359375 0.11428293281249999 0.459375 0.109014865625 0.459375
0 0.211056984375 0.459375 0.211056984375 0.47948745 0.22157342500000002 0.47948745 0.22157342500000002 0.459375 0.211056984375 0.459375
0 0.3189823671875 0.5231588640625 0.32981390781250003 0.5231588640625 0.32981390781250003 0.5038932796875 0.3189823671875 0.5038932796875 0.3189823671875 0.5231588640625
0 0.3203609265625 0.509059959375 0.329223096875 0.509059959375 0.329223096875 0.48024915156250003 0.3203609265625 0.48024915156250003 0.3203609265625 0.509059959375
0 0.3039166796875 0.4982011734375 0.3159298421875 0.4982011734375 0.3159298421875 0.4717547796875 0.3039166796875 0.4717547796875 0.3039166796875 0.4982011734375
0 0.3430887375 0.49350197187500006 0.350670815625 0.49350197187500006 0.350670815625 0.47449909999999995 0.3430887375 0.47449909999999995 0.3430887375 0.49350197187500006
0 0.41400301562499997 0.509909740625 0.42164417500000007 0.509909740625 0.42164417500000007 0.495548121875 0.41400301562499997 0.495548121875 0.41400301562499997 0.509909740625
0 0.45872900625 0.506925359375 0.4686527890625 0.506925359375 0.4686527890625 0.4866746015625 0.45872900625 0.4866746015625 0.45872900625 0.506925359375
0 0.5006562031249999 0.5061395921875 0.5084106015625001 0.5061395921875 0.5084106015625001 0.489720059375 0.5006562031249999 0.489720059375 0.5006562031249999 0.5061395921875
0 0.5179497421875 0.489720059375 0.5092722015625 0.489720059375 0.5092722015625 0.5063585203125001 0.5179497421875 0.5063585203125001 0.5179497421875 0.489720059375
0 0.527427340625 0.490267378125 0.5193652281250001 0.490267378125 0.5193652281250001 0.507234228125 0.527427340625 0.507234228125 0.527427340625 0.490267378125
0 0.581097615625 0.51991481875 0.5883096671875 0.51991481875 0.5883096671875 0.4878454171875 0.581097615625 0.4878454171875 0.581097615625 0.51991481875
0 0.594199509375 0.495969665625 0.5997287499999999 0.495969665625 0.5997287499999999 0.47181071562500004 0.594199509375 0.47181071562500004 0.594199509375 0.495969665625
0 0.616677071875 0.50516289375 0.6222063109375 0.50516289375 0.6222063109375 0.481217740625 0.616677071875 0.481217740625 0.616677071875 0.50516289375
0 0.6282163546875 0.48356949687500006 0.6222063109375 0.48356949687500006 0.6222063109375 0.5152113046875 0.6282163546875 0.5152113046875 0.6282163546875 0.48356949687500006
0 0.659375 0.4952059859375 0.644890378125 0.4952059859375 0.644890378125 0.51677030625 0.659375 0.51677030625 0.659375 0.4952059859375
0 0.5470583953125 0.459375 0.5470583953125 0.47978402343750004 0.5528680406250001 0.47978402343750004 0.5528680406250001 0.459375 0.5470583953125 0.459375
0 0.4206655265625 0.459375 0.4206655265625 0.472074078125 0.429820025 0.472074078125 0.429820025 0.459375 0.4206655265625 0.459375
0 0.397433103125 0.459375 0.397433103125 0.46988480781249997 0.41512667187499996 0.46988480781249997 0.41512667187499996 0.459375 0.397433103125 0.459375
0 0.36121604218750003 0.459375 0.36121604218750003 0.46283819687500005 0.374693925 0.46283819687500005 0.374693925 0.459375 0.36121604218750003 0.459375
0 0.332537078125 0.459375 0.332537078125 0.467326203125 0.34823050312500003 0.467326203125 0.34823050312500003 0.459375 0.332537078125 0.459375
0 0.3018246609375 0.459375 0.3018246609375 0.4650287890625 0.31388705781250004 0.4650287890625 0.31388705781250004 0.459375 0.3018246609375 0.459375
0 0.4319877109375 0.459375 0.4319877109375 0.470065690625 0.439087303125 0.470065690625 0.439087303125 0.459375 0.4319877109375 0.459375
0 0.4621251203125 0.459375 0.4621251203125 0.46920926406249996 0.475840240625 0.46920926406249996 0.475840240625 0.459375 0.4621251203125 0.459375
0 0.330756309375 0.628866946875 0.338286178125 0.628866946875 0.338286178125 0.6117748640625 0.330756309375 0.6117748640625 0.330756309375 0.628866946875
0 1 0.9133868328125001 0.9947964828125 0.9133868328125001 0.9947964828125 0.921449890625 1 0.921449890625 1 0.9133868328125001
0 0.906265175 0.9050866281250001 0.9026652578125001 0.9050866281250001 0.9026652578125001 0.9190784031250001 0.906265175 0.9190784031250001 0.906265175 0.9050866281250001
0 0.7289892328125 0.909307875 0.7252346515625 0.909307875 0.7252346515625 0.9167448593749998 0.7289892328125 0.9167448593749998 0.7289892328125 0.909307875
