0 0.1234375 0.4390625 0.1234375 0.43456909218749995 0.1233889703125 0.4324840609375 0.11975739062499999 0.43244180468750004 0.1199114890625 0.4390625 0.1234375 0.4390625
0 0.10625 0.8669024390625001 0.0859375 0.86666608125 0.0859375 0.869147659375 0.0878557265625 0.9515625 0.10625 0.9515625 0.10625 0.8669024390625001
0 0.156424215625 0.87631595625 0.156424215625 0.9359375 0.1671875 0.9359375 0.1671875 0.8762533375 0.156424215625 0.87631595625
0 0.1609375 0.8420679609375 0.1609375 0.9 0.1757954171875 0.9 0.1765625 0.8670430109375001 0.1765625 0.8417952249999999 0.1609375 0.8420679609375
0 0.128125 0.780657878125 0.127958546875 0.7735063734375001 0.1179610375 0.7735645375 0.11915821093750001 0.825 0.128125 0.825 0.128125 0.780657878125
0 0.2253244640625 0.6393288781249999 0.22500183125 0.6578125 0.228125 0.6578125 0.228125 0.6393125859375 0.2253244640625 0.6393288781249999
0 0.2359758421875 0.6156976593750001 0.2359758421875 0.6050065359375 0.23269985937499998 0.6050065359375 0.23269985937499998 0.6239589828125001 0.2359758421875 0.6239589828125001 0.2359758421875 0.6156976593750001
0 0.238705828125 0.6254168640625 0.24170881406250003 0.6254168640625 0.24170881406250003 0.6142397796875001 0.238705828125 0.6142397796875001 0.238705828125 0.6254168640625
0 0.22369090468750003 0.6074363375 0.22587489375 0.6074363375 0.22587489375 0.5904277296875 0.22369090468750003 0.5904277296875 0.22369090468750003 0.6074363375
0 0.22096091874999998 0.6074363375 0.22369090468750003 0.6074363375 0.22369090468750003 0.5899417703125 0.22096091874999998 0.5899417703125 0.22096091874999998 0.6074363375
0 0.21604694375000003 0.6074363375 0.22096091874999998 0.6074363375 0.22096091874999998 0.5913996499999999 0.21604694375000003 0.5913996499999999 0.21604694375000003 0.6074363375
0 0.2124979609375 0.6074363375 0.21604694375000003 0.6074363375 0.21604694375000003 0.591885609375 0.2124979609375 0.591885609375 0.2124979609375 0.6074363375
0 0.24760558437500002 0.61361106875 0.250226371875 0.61361106875 0.250226371875 0.59728280625 0.24760558437500002 0.59728280625 0.24760558437500002 0.61361106875
0 0.293469353125 0.6194425906250001 0.29652693750000003 0.6194425906250001 0.29652693750000003 0.6081683140624999 0.293469353125 0.6081683140624999 0.293469353125 0.6194425906250001
0 0.1706036328125 0.6393236453125001 0.197655240625 0.6393236453125001 0.197655240625 0.6032801515624999 0.1706036328125 0.6032801515624999 0.1706036328125 0.6393236453125001
0 0.23539790468750002 0.5577211765625 0.24527903125 0.5577211765625 0.24527903125 0.5386902109375 0.23539790468750002 0.5386902109375 0.23539790468750002 0.5577211765625
0 0.30521373125 0.5349416875 0.3125030875 0.5349416875 0.3125030875 0.52369611875 0.30521373125 0.52369611875 0.30521373125 0.5349416875
0 0.31072124375 0.5525309125 0.317200671875 0.5525309125 0.317200671875 0.5412853421875 0.31072124375 0.5412853421875 0.31072124375 0.5525309125
0 0.323842084375 0.5603163078125 0.3298355546875 0.5603163078125 0.3298355546875 0.54734065 0.323842084375 0.54734065 0.323842084375 0.5603163078125
0 0.3602888609375 0.56406483125 0.3645004890625 0.56406483125 0.3645004890625 0.549647434375 0.3602888609375 0.549647434375 0.3602888609375 0.56406483125
0 0.250226371875 0.6085920796875 0.25451665 0.6085920796875 0.25451665 0.5962144328125 0.250226371875 0.5962144328125 0.250226371875 0.6085920796875
0 1 0.6996560671875001 0.9922001703125 0.6996560671875001 0.9922001703125 0.7785305609375 1 0.7785305609375 1 0.6996560671875001
0 1 0.752366196875 0.9722286624999998 0.752366196875 0.9722286624999998 0.8304354843749999 1 0.8304354843749999 1 0.752366196875
0 0.947006278125 0.85119676875 0.9780195171875 0.85119676875 0.9780195171875 0.7942319250000001 0.947006278125 0.7942319250000001 0.947006278125 0.85119676875
0 0.9930757374999999 0.811733171875 0.9548561015625001 0.811733171875 0.9548561015625001 0.874360184375 0.9930757374999999 0.874360184375 0.9930757374999999 0.811733171875
0 0.770773940625 1 0.770773940625 0.9276966156250002 0.739406815625 0.9276966156250002 0.739406815625 1 0.770773940625 1
0 0.636425471875 0.8482689765625 0.6701338734375 0.8482689765625 0.6701338734375 0.769457784375 0.636425471875 0.769457784375 0.636425471875 0.8482689765625
0 0.53764956875 0.6121010828125 0.554133453125 0.6121010828125 0.554133453125 0.568346628125 0.53764956875 0.568346628125 0.53764956875 0.6121010828125
0 0.5769222296875001 0.6062266421875 0.5968244296874999 0.6062266421875 0.5968244296874999 0.561155503125 0.5769222296875001 0.561155503125 0.5769222296875001 0.6062266421875
0 0.553958734375 0.5069287109375 0.57063639375 0.5069287109375 0.57063639375 0.4700045109375 0.553958734375 0.4700045109375 0.553958734375 0.5069287109375
0 0.45374081562499996 0.4390625 0.45374081562499996 0.44651430937500003 0.46393271875000003 0.44651430937500003 0.46393271875000003 0.4390625 0.45374081562499996 0.4390625
0 0.4739710640625 0.6978546343750001 0.494742084375 0.6978546343750001 0.494742084375 0.6684290203125001 0.4739710640625 0.6684290203125001 0.4739710640625 0.6978546343750001
0 0.42889522187499995 0.6037181687500001 0.458336290625 0.6037181687500001 0.458336290625 0.55735428125 0.42889522187499995 0.55735428125 0.42889522187499995 0.6037181687500001
0 0.45624991562500006 0.5860998921875 0.4849955265625 0.5860998921875 0.4849955265625 0.5332450578125 0.45624991562500006 0.5332450578125 0.45624991562500006 0.5860998921875
0 0.71284868125 0.5433642187500001 0.7269896671875 0.5433642187500001 0.7269896671875 0.4982367015625 0.71284868125 0.4982367015625 0.71284868125 0.5433642187500001
0 0.6892030984374999 0.5467642375 0.7093713906250001 0.5467642375 0.7093713906250001 0.50009125625 0.6892030984374999 0.50009125625 0.6892030984374999 0.5467642375
0 0.6963895015625 0.51678225625 0.6857258078124999 0.51678225625 0.6857258078124999 0.5612915890625001 0.6963895015625 0.5612915890625001 0.6963895015625 0.51678225625
0 0.432810796875 0.5470733296875 0.4518199921875 0.5470733296875 0.4518199921875 0.49885488593750005 0.44254721406249997 0.49885488593750005 0.44046083906250005 0.49885488593750005 0.432810796875 0.49885488593750005 0.432810796875 0.5470733296875
0 0.440854503125 0.53851411875 0.4579187421875 0.53851411875 0.4579187421875 0.502214125 0.440854503125 0.502214125 0.440854503125 0.53851411875
0 0.4165448328125 0.49885488593750005 0.432810796875 0.49885488593750005 0.432810796875 0.463215240625 0.4165448328125 0.463215240625 0.4165448328125 0.49885488593750005
0 0.44485567187499997 0.460469946875 0.42799785312500005 0.460469946875 0.42799785312500005 0.495644021875 0.44485567187499997 0.495644021875 0.44485567187499997 0.460469946875
0 0.9588262453125 0.503787478125 0.9692819546875 0.503787478125 0.9692819546875 0.458533028125 0.9588262453125 0.458533028125 0.9588262453125 0.503787478125
0 0.9856893734375 0.46410940468749995 0.9766813781250001 0.46410940468749995 0.9766813781250001 0.503787478125 0.9856893734375 0.503787478125 0.9856893734375 0.46410940468749995
0 0.4084789390625 0.4390625 0.4084789390625 0.454483028125 0.4199557234375 0.454483028125 0.4199557234375 0.4390625 0.4084789390625 0.4390625
0 0.9472609484374999 0.604926665625 0.9646877078125 0.604926665625 0.9646877078125 0.5700731453125 0.9472609484374999 0.5700731453125 0.9472609484374999 0.604926665625
0 0.6815005171875 0.92369866875 0.7197710484375 0.92369866875 0.7197710484375 0.8765439078124999 0.6815005171875 0.8765439078124999 0.6815005171875 0.92369866875
0 0.7296803828125 0.925748875 0.750182453125 0.925748875 0.750182453125 0.8938567671875 0.7296803828125 0.8938567671875 0.7296803828125 0.925748875
