0 0.2747958390625 0.184375 0.2747958390625 0.196875 0.2765625 0.196875 0.2765625 0.184375 0.2747958390625 0.184375
0 0.39304584375 0.19780680625 0.3928439203125 0.209375 0.393067309375 0.209375 0.3953125 0.2093227421875 0.3953125 0.19775405 0.39304584375 0.19780680625
0 0.365625 0.1380745203125 0.3656129546875 0.1370393453125 0.36296119843749997 0.136977625 0.3630400015625 0.14375 0.365625 0.14375 0.365625 0.1380745203125
0 0.2153221671875 0.24020938906249997 0.2153221671875 0.259375 0.21875 0.259375 0.21875 0.240269221875 0.2153221671875 0.24020938906249997
0 0.31962496093750004 0.10185857031250001 0.3196596 0.1078125 0.3203125 0.1078125 0.3203125 0.1018425671875 0.31962496093750004 0.10185857031250001
0 0.81526989375 0.074014496875 0.8155722624999999 0.1 0.8203125 0.1 0.8203125 0.0741318640625 0.81526989375 0.074014496875
0 0.03344325625 0.9335083828125 0.03344325625 0.9546875 0.0431384 0.9546875 0.0431384 0.9333391531250002 0.03344325625 0.9335083828125
0 0.07482306875 0.85581860625 0.0752826203125 0.8953125 0.08125 0.8953125 0.08125 0.8559681953125 0.07482306875 0.85581860625
0 0.119165290625 0.8438637124999999 0.119165290625 0.853125 0.125 0.853125 0.125 0.84396555625 0.119165290625 0.8438637124999999
0 0.1794548359375 0.884375 0.1742521546875 0.8844960937499999 0.174414953125 0.9124789453125001 0.1890625 0.9121380203125 0.1890625 0.884375 0.1794548359375 0.884375
0 0.0217056984375 0.9657514203125 0.0325884421875 0.9657514203125 0.0325884421875 0.935277671875 0.0217056984375 0.935277671875 0.0217056984375 0.9657514203125
0 0.0163941890625 0.87607216875 0.026876282812500003 0.87607216875 0.026876282812500003 0.8309412093749999 0.0163941890625 0.8309412093749999 0.0163941890625 0.87607216875
0 0 0.879613184375 0.0104295515625 0.879613184375 0.0104295515625 0.8316183546874999 0 0.8316183546874999 0 0.879613184375
0 0.166086834375 0.6531067875 0.1681629625 0.6531067875 0.1681629625 0.64605171875 0.166086834375 0.64605171875 0.166086834375 0.6531067875
0 0.17237628437500002 0.651695775 0.1746356015625 0.651695775 0.1746356015625 0.6467029562500001 0.17237628437500002 0.6467029562500001 0.17237628437500002 0.651695775
0 0.1790321109375 0.6508274578125001 0.18074186406249998 0.6508274578125001 0.18074186406249998 0.6448577828125 0.1790321109375 0.6448577828125 0.1790321109375 0.6508274578125001
0 0.187519815625 0.6534324078125 0.1899012578125 0.6534324078125 0.1899012578125 0.6459431796875 0.187519815625 0.6459431796875 0.187519815625 0.6534324078125
0 0.2042985578125 0.6561720531249999 0.20586176093750003 0.6561720531249999 0.20586176093750003 0.650892690625 0.2042985578125 0.650892690625 0.2042985578125 0.6561720531249999
0 0.199491709375 0.653393440625 0.2017192734375 0.653393440625 0.2017192734375 0.646099584375 0.199491709375 0.646099584375 0.199491709375 0.653393440625
0 0.201992834375 0.653393440625 0.2042985578125 0.653393440625 0.2042985578125 0.6462385140625 0.201992834375 0.6462385140625 0.201992834375 0.653393440625
0 0.196951503125 0.655060609375 0.19929630781250002 0.655060609375 0.19929630781250002 0.647211028125 0.196951503125 0.647211028125 0.196951503125 0.655060609375
0 0.21629553124999998 0.651033140625 0.2199592890625 0.651033140625 0.2199592890625 0.644737846875 0.21629553124999998 0.644737846875 0.21629553124999998 0.651033140625
0 0.23798421250000001 0.6457153796874999 0.24027406093749998 0.6457153796874999 0.24027406093749998 0.637574915625 0.23798421250000001 0.637574915625 0.23798421250000001 0.6457153796874999
0 0.24790688906249997 0.6428662171875 0.2502730640625 0.6428662171875 0.2502730640625 0.6364895203125001 0.24790688906249997 0.6364895203125001 0.24790688906249997 0.6428662171875
0 0.1839471140625 0.6515951828125 0.187519815625 0.6515951828125 0.187519815625 0.6466457796875 0.1839471140625 0.6466457796875 0.1839471140625 0.6515951828125
0 0.2619089796875 0.6581028453125001 0.26502317343750004 0.6581028453125001 0.26502317343750004 0.6535441859375 0.2619089796875 0.6535441859375 0.2619089796875 0.6581028453125001
0 0.892608359375 0.8714732906249999 0.892608359375 0.9203125 0.9125 0.9203125 0.9125 0.8711260796874999 0.892608359375 0.8714732906249999
0 0.8375 0.8401632390625 0.825 0.8398722968750001 0.825 0.849419765625 0.8251158390625001 0.859375 0.8375 0.859375 0.8375 0.8401632390625
