0 0.72388058125 0.8397331390625 0.9056249203125001 0.8397331390625 0.9056249203125001 0.7855821265625 0.72388058125 0.7855821265625 0.72388058125 0.8397331390625
0 0.26329618906249996 0.57472108125 0.27841425000000003 0.57472108125 0.27841425000000003 0.5554153875 0.26329618906249996 0.5554153875 0.26329618906249996 0.57472108125
0 0.19728774843750002 0.4282249328125 0.20410152343750002 0.4282249328125 0.20410152343750002 0.41649009843749996 0.19728774843750002 0.41649009843749996 0.19728774843750002 0.4282249328125
0 0.43385723593750003 0.6406152234375 0.451012278125 0.6406152234375 0.451012278125 0.5713019265625 0.43385723593750003 0.5713019265625 0.43385723593750003 0.6406152234375
0 0.589255884375 0.3781446234375 0.594570628125 0.3781446234375 0.594570628125 0.3435003671875 0.589255884375 0.3435003671875 0.589255884375 0.3781446234375
0 0.582578384375 0.3737838078125 0.5872117515624999 0.3737838078125 0.5872117515624999 0.3432580984375 0.582578384375 0.3432580984375 0.582578384375 0.3737838078125
0 0.5813519046875 0.402129109375 0.5861215468750001 0.402129109375 0.5861215468750001 0.3757219484375 0.5813519046875 0.3757219484375 0.5813519046875 0.402129109375
0 0.570449865625 0.40891260156250003 0.5801254265625 0.40891260156250003 0.5801254265625 0.3686961890625 0.570449865625 0.3686961890625 0.570449865625 0.40891260156250003
0 0.651870209375 0.5223906046875 0.6683723203125 0.5223906046875 0.6683723203125 0.4722336546875 0.651870209375 0.4722336546875 0.651870209375 0.5223906046875
0 0.666775340625 0.52097106875 0.6481439265625 0.52097106875 0.6481439265625 0.55693265625 0.666775340625 0.55693265625 0.666775340625 0.52097106875
0 0.6292463500000001 0.54368365 0.6143412171875 0.54368365 0.6143412171875 0.5701816609375 0.6292463500000001 0.5701816609375 0.6292463500000001 0.54368365
0 0.724532725 0.5195515328125 0.7367762265625 0.5195515328125 0.7367762265625 0.46560915156249993 0.724532725 0.46560915156249993 0.724532725 0.5195515328125
0 0.7769668484375 0.5460495437499999 0.7886780234375 0.5460495437499999 0.7886780234375 0.5091415984375 0.7769668484375 0.5091415984375 0.7769668484375 0.5460495437499999
0 0.7011536281249999 0.752602853125 0.7198915078125 0.752602853125 0.7198915078125 0.66970193125 0.7011536281249999 0.66970193125 0.7011536281249999 0.752602853125
0 0.628757275 0.7825077515625 0.64706929375 0.7825077515625 0.64706929375 0.7166412671875 0.628757275 0.7166412671875 0.628757275 0.7825077515625
0 0.8199688203125 0.48827631718750003 0.8329575765625 0.48827631718750003 0.8329575765625 0.45496453125 0.8199688203125 0.45496453125 0.8199688203125 0.48827631718750003
0 0.807618853125 0.4897904890625 0.8169877937500001 0.4897904890625 0.8169877937500001 0.453071815625 0.807618853125 0.453071815625 0.807618853125 0.4897904890625
0 0.8514825265624999 0.4375515515625 0.8514825265624999 0.45117909999999994 0.8548894140625001 0.45117909999999994 0.87852469375 0.45117909999999994 0.87852469375 0.4375515515625 0.8514825265624999 0.4375515515625
0 0.881079859375 0.44625804062499996 0.8551023437499999 0.44625804062499996 0.8551023437499999 0.45950704687500005 0.881079859375 0.45950704687500005 0.881079859375 0.44625804062499996
0 0.87437255 0.6185356734375 0.9004352375 0.6185356734375 0.9004352375 0.5809842062499999 0.87437255 0.5809842062499999 0.87437255 0.6185356734375
0 0.916958640625 0.5958230921875 0.8914069859374999 0.5958230921875 0.8914069859374999 0.6397340828125 0.916958640625 0.6397340828125 0.916958640625 0.5958230921875
0 1 0.7785134109375 0.9428770375 0.7785134109375 0.9428770375 0.8228739218750001 1 0.8228739218750001 1 0.7785134109375
0 1 0.8228739218750001 0.9624233875 0.8228739218750001 0.9624233875 0.8605803546875 1 0.8605803546875 1 0.8228739218750001
0 0.7750777531249999 0.40896950312499997 0.794526990625 0.40896950312499997 0.794526990625 0.3909835625 0.7750777531249999 0.3909835625 0.7750777531249999 0.40896950312499997
0 0.768362096875 0.406488684375 0.7832760859375 0.406488684375 0.7832760859375 0.389898203125 0.768362096875 0.389898203125 0.768362096875 0.406488684375
0 0.6607569171875001 0.7792275171874999 0.6401026640625 0.7792275171874999 0.6401026640625 0.7936121515625 0.6607569171875001 0.7936121515625 0.6607569171875001 0.7792275171874999
0 0.7331532703125 0.7428873874999999 0.7148412515625 0.7428873874999999 0.7148412515625 0.7576505640625 0.7331532703125 0.7576505640625 0.7331532703125 0.7428873874999999
0 0.7322009734375 0.523598096875 0.74146770625 0.523598096875 0.74146770625 0.512453790625 0.7322009734375 0.512453790625 0.7322009734375 0.523598096875
0 0.6624279234375 0.533531065625 0.6774182265625 0.533531065625 0.6774182265625 0.5243249 0.6624279234375 0.5243249 0.6624279234375 0.533531065625
0 0.5885153062499999 0.38445936875000003 0.6023826999999999 0.38445936875000003 0.6023826999999999 0.3759315515625 0.5885153062499999 0.3759315515625 0.5885153062499999 0.38445936875000003
0 0.590434065625 0.3998094390625 0.584067275 0.3998094390625 0.584067275 0.40554633593749995 0.590434065625 0.40554633593749995 0.590434065625 0.3998094390625
0 0.5851138703125 0.4036857203125 0.5778749171875 0.4036857203125 0.5778749171875 0.4103529234375 0.5851138703125 0.4103529234375 0.5851138703125 0.4036857203125
0 0.45895386718750003 0.635274903125 0.4492728578125 0.635274903125 0.4492728578125 0.6472138484375 0.45895386718750003 0.6472138484375 0.45895386718750003 0.635274903125
