0 0.11875 0.20022392656250002 0.1183205359375 0.1817724140625 0.10071358906250001 0.18207974375 0.10167620156249998 0.2234375 0.11875 0.2234375 0.11875 0.20022392656250002
0 0.21875 0.2203125 0.21875 0.176020440625 0.19793811249999999 0.1756571671875 0.196875 0.21219398437499998 0.196875 0.2203125 0.21875 0.2203125
0 0 0 0 0.05 0.0125 0.05 0.0125 0 0 0
0 0.5314744124999999 0.13188126875 0.5314744124999999 0.1796875 0.5390625 0.1796875 0.5390625 0.131925415625 0.5314744124999999 0.13188126875
0 0.5772723203125001 0.267286125 0.57784334375 0.3 0.5890625 0.3 0.5890625 0.26721753125 0.5772723203125001 0.267286125
0 0.7296875 0.4296875 0.7296875 0.4078739984375 0.7180866578125 0.4081440109375 0.7179613218750001 0.4296875 0.7296875 0.4296875
0 0.5380483203125 0.175 0.5379392328125 0.184375 0.5453125 0.184375 0.5453125 0.175 0.5380483203125 0.175
0 0.1140625 1 0.1140625 0.9134213375 0.0843955140625 0.9134213375 0.0854029484375 1 0.1140625 1
0 0.376166146875 1 0.3765625 0.9659375328124999 0.3765625 0.8898802734375 0.34203314218749997 0.8898802734375 0.3407517828125 1 0.376166146875 1
0 0.4125 0.8660219109374999 0.3816196140625 0.8662015671875001 0.38125 0.8789043812500001 0.38125 0.959375 0.41065397968750006 0.959375 0.4125 0.895931365625 0.4125 0.8660219109374999
0 0.40054197968749994 0.821875 0.3671875 0.8226513343749999 0.3671875 0.8748136921875 0.4234375 0.8735044593750001 0.4234375 0.821875 0.40054197968749994 0.821875
0 0.4005214203125 0.7486543953125 0.4009383140625 0.8203125 0.446875 0.8203125 0.446875 0.74919376875 0.4005214203125 0.7486543953125
0 0.463506215625 0.78125 0.46428801249999996 0.8484375 0.4984375 0.8484375 0.4984375 0.78125 0.463506215625 0.78125
0 0.5296875 0.6704997453124999 0.500705203125 0.670668359375 0.5014081046875 0.7109375 0.5296875 0.7109375 0.5296875 0.6704997453124999
0 0.4875 0.6125 0.473384659375 0.6125 0.42632182656250006 0.6135954 0.42663634375 0.640625 0.4796109421875 0.640625 0.4875 0.6404413796874999 0.4875 0.6125
0 0.42873954375 0.5984375 0.40421312187499997 0.598580190625 0.40497207656249995 0.642060596875 0.4546875 0.6417713609375 0.4546875 0.5984375 0.42873954375 0.5984375
0 0.41835295781250004 0.4296875 0.41835295781250004 0.490625 0.4484375 0.490625 0.4484375 0.4296875 0.41835295781250004 0.4296875
0 0.382286 0.5840062765624999 0.382286 0.65 0.3921875 0.65 0.3921875 0.5840062765624999 0.382286 0.5840062765624999
0 0.364218184375 0.6507522375000001 0.382535959375 0.6507522375000001 0.382535959375 0.5790095640625 0.364218184375 0.5790095640625 0.364218184375 0.6507522375000001
0 0.34467922500000003 0.5790095640625 0.364218184375 0.5790095640625 0.364218184375 0.5094409125 0.34467922500000003 0.5094409125 0.34467922500000003 0.5790095640625
0 0.31170723125 0.5790095640625 0.34467922500000003 0.5790095640625 0.34467922500000003 0.49639678906249995 0.31170723125 0.49639678906249995 0.31170723125 0.5790095640625
0 0.25675390781249996 0.722494909375 0.28117760625 0.722494909375 0.28117760625 0.622489971875 0.25675390781249996 0.622489971875 0.25675390781249996 0.722494909375
0 0.325982003125 0.7100275109374999 0.33918721406249996 0.7100275109374999 0.33918721406249996 0.660873084375 0.325982003125 0.660873084375 0.325982003125 0.7100275109374999
0 0.3071745828125 0.7014789140625 0.32238058281250004 0.7014789140625 0.32238058281250004 0.6651473828125 0.3071745828125 0.6651473828125 0.3071745828125 0.7014789140625
0 0.2939693734375 0.6915055531250001 0.3071745828125 0.6915055531250001 0.3071745828125 0.6551740203125 0.2939693734375 0.6551740203125 0.2939693734375 0.6915055531250001
0 0.287566846875 0.8596279390625 0.3095755296875 0.8596279390625 0.3095755296875 0.7598943203124999 0.287566846875 0.7598943203124999 0.287566846875 0.8596279390625
0 0.176322953125 0.8418183640624999 0.20193305781249998 0.8418183640624999 0.20193305781249998 0.7442218953124999 0.176322953125 0.7442218953124999 0.176322953125 0.8418183640624999
0 0.09829216562500001 0.6786826593749999 0.12510274375 0.6786826593749999 0.12510274375 0.5889224015625001 0.09829216562500001 0.5889224015625001 0.09829216562500001 0.6786826593749999
0 0.1066954796875 0.5497413375 0.0714815875 0.5497413375 0.0714815875 0.583935721875 0.1066954796875 0.583935721875 0.1066954796875 0.5497413375
0 0.09829216562500001 0.602457678125 0.1407089015625 0.602457678125 0.1407089015625 0.55757755 0.09829216562500001 0.55757755 0.09829216562500001 0.602457678125
0 0 0.5357439687500001 0.0191386875 0.5357439687500001 0.0191386875 0.514224303125 0 0.514224303125 0 0.5357439687500001
0 0.01586059375 0.4296875 0.01586059375 0.445653165625 0.029792490625 0.445653165625 0.029792490625 0.4296875 0.01586059375 0.4296875
0 0.034798753125 0.4296875 0.034798753125 0.439596815625 0.0431229625 0.439596815625 0.0431229625 0.4296875 0.034798753125 0.4296875
0 0.450238759375 0.9492431640625 0.4927453625 0.9492431640625 0.4927453625 0.908884453125 0.450238759375 0.908884453125 0.450238759375 0.9492431640625
0 0.5296875 0.8431911921874999 0.4937857109375 0.8431911921874999 0.4937857109375 0.8727035000000001 0.5296875 0.8727035000000001 0.5296875 0.8431911921874999
0 0.2116085265625 0.465451709375 0.23373463125 0.465451709375 0.23373463125 0.44769387656250004 0.2116085265625 0.44769387656250004 0.2116085265625 0.465451709375
0 0.3775543046875 0.47320058125 0.3953277328125 0.47320058125 0.3953277328125 0.4544741390625 0.3775543046875 0.4544741390625 0.3775543046875 0.47320058125
0 0.137300746875 0.47742492812500004 0.14906090624999999 0.47742492812500004 0.14906090624999999 0.44286778125000004 0.137300746875 0.44286778125000004 0.137300746875 0.47742492812500004
