0 0.28125 0.057910768749999994 0.28119662968750003 0.0533241265625 0.27409085312500003 0.053489515625 0.2744502375 0.084375 0.28125 0.084375 0.28125 0.057910768749999994
0 0.2636684125 0.0205760359375 0.263579040625 0.0359375 0.26875 0.0359375 0.26875 0.0205760359375 0.2636684125 0.0205760359375
0 0.26969925156249996 0.0205741640625 0.26956441875000003 0.04375 0.2765625 0.04375 0.2765625 0.0205741640625 0.26969925156249996 0.0205741640625
0 0.7360625578125 0.27805579687500004 0.73602579375 0.284375 0.739030103125 0.284375 0.7390625 0.2788064671875 0.7390625 0.27805579687500004 0.7360625578125 0.27805579687500004
0 0.7260975453125 0.280901990625 0.7260682484375 0.2859375 0.728125 0.2859375 0.728125 0.280901990625 0.7260975453125 0.280901990625
0 0.7413286953125 0.25905395468750003 0.7411030171874999 0.26875 0.742980709375 0.26875 0.7432063875 0.25905395468750003 0.7413286953125 0.25905395468750003
0 0.7453125 0.262138028125 0.74375 0.262119846875 0.74375 0.26875 0.7453125 0.26875 0.7453125 0.262138028125
0 0.64493115 0.281264328125 0.6450035515625 0.284375 0.646875 0.284375 0.646875 0.28124170937500004 0.64493115 0.281264328125
0 0.6867245843750001 0.287072128125 0.6890625 0.28708573125000003 0.6890625 0.281754796875 0.6868486453125 0.281741915625 0.6867245843750001 0.287072128125
0 0.6959510015625 0.3013597890625 0.6959316421875 0.3046875 0.7028800484375 0.3046875 0.7028984671874999 0.30152149375000004 0.6959510015625 0.3013597890625
0 0.7540559265625 0.2937898625 0.75762354375 0.2937898625 0.75762354375 0.2828488984375 0.7540559265625 0.2828488984375 0.7540559265625 0.2937898625
0 0.7621300078125 0.29182610000000003 0.7649465484375 0.29182610000000003 0.7649465484375 0.2794824484375 0.7621300078125 0.2794824484375 0.7621300078125 0.29182610000000003
0 0.8107622656250001 0.3033281390625 0.8152687296875001 0.3033281390625 0.8152687296875001 0.292387175 0.8107622656250001 0.292387175 0.8107622656250001 0.3033281390625
0 0.80775795625 0.2870569609375 0.812827728125 0.2870569609375 0.812827728125 0.271346859375 0.80775795625 0.271346859375 0.80775795625 0.2870569609375
0 0.7882299453125 0.2817267484375 0.7940507953125 0.2817267484375 0.7940507953125 0.262650196875 0.7882299453125 0.262650196875 0.7882299453125 0.2817267484375
0 0.8113255734374999 0.27443277187500004 0.812827728125 0.27443277187500004 0.812827728125 0.2601253578125 0.8113255734374999 0.2601253578125 0.8113255734374999 0.27443277187500004
0 0.7972428734375 0.278640834375 0.7993083359375001 0.278640834375 0.7993083359375001 0.26180858281249997 0.7972428734375 0.26180858281249997 0.7972428734375 0.278640834375
0 0.7993083359375001 0.278640834375 0.8030637234375 0.278640834375 0.8030637234375 0.2623696578125 0.7993083359375001 0.2623696578125 0.7993083359375001 0.278640834375
0 0.8043781078125001 0.2794824484375 0.8062558015625001 0.2794824484375 0.8062558015625001 0.2612475078125 0.8043781078125001 0.2612475078125 0.8043781078125001 0.2794824484375
0 0.8319802 0.2884596484375 0.8357355875 0.2884596484375 0.8357355875 0.264613959375 0.8319802 0.264613959375 0.8319802 0.2884596484375
0 0.8454995921874999 0.2755549234375 0.8507571328125 0.2755549234375 0.8507571328125 0.2573199828125 0.8454995921874999 0.2573199828125 0.8454995921874999 0.2755549234375
0 0.870097375 0.273030084375 0.8744160687499999 0.273030084375 0.8744160687499999 0.2573199828125 0.870097375 0.2573199828125 0.870097375 0.273030084375
0 0.8387398968750001 0.30416975156250003 0.8426830515624999 0.30416975156250003 0.8426830515624999 0.2845321234375 0.8387398968750001 0.2845321234375 0.8387398968750001 0.30416975156250003
0 0.8547002890625001 0.299120075 0.8595822921875002 0.299120075 0.8595822921875002 0.2901428734375 0.8547002890625001 0.2901428734375 0.8547002890625001 0.299120075
0 0.8646520640625 0.30809727656249997 0.870097375 0.30809727656249997 0.870097375 0.300242225 0.8646520640625 0.300242225 0.8646520640625 0.30809727656249997
0 0.88004915 0.291265025 0.8869966140625 0.291265025 0.8869966140625 0.276396534375 0.88004915 0.276396534375 0.88004915 0.291265025
0 0.87235060625 0.2954730875 0.878359225 0.2954730875 0.878359225 0.28228782343750003 0.87235060625 0.28228782343750003 0.87235060625 0.2954730875
0 0.8530103656249999 0.2904234125 0.8554513671875 0.2904234125 0.8554513671875 0.270785784375 0.8530103656249999 0.270785784375 0.8530103656249999 0.2904234125
0 0.8434341296875001 0.295753625 0.8485039015625 0.295753625 0.8485039015625 0.276396534375 0.8434341296875001 0.276396534375 0.8434341296875001 0.295753625
0 0.8357355875 0.2884596484375 0.8400542812499999 0.2884596484375 0.8400542812499999 0.2769576109375 0.8357355875 0.2769576109375 0.8357355875 0.2884596484375
0 1 0.25948912343749997 0.9934981875 0.25948912343749997 0.9934981875 0.282091025 1 0.282091025 1 0.25948912343749997
0 0.9385290828125001 0.303192125 0.9439743937500001 0.303192125 0.9439743937500001 0.284957184375 0.9385290828125001 0.284957184375 0.9385290828125001 0.303192125
0 0.923131996875 0.30936395 0.9283895390625 0.30936395 0.9283895390625 0.2978619109375 0.923131996875 0.2978619109375 0.923131996875 0.30936395
0 0.935149234375 0.303192125 0.9385290828125001 0.303192125 0.9385290828125001 0.27710213437500003 0.935149234375 0.27710213437500003 0.935149234375 0.303192125
0 0.9190010718749999 0.279907509375 0.925009690625 0.279907509375 0.925009690625 0.26279471875 0.9190010718749999 0.26279471875 0.9190010718749999 0.279907509375
0 0.7196766609375 0.2886602828125 0.7224740796875 0.2886602828125 0.7224740796875 0.281656803125 0.7196766609375 0.281656803125 0.7196766609375 0.2886602828125
0 0.8026193765624999 0.2975577328125 0.806311071875 0.2975577328125 0.806311071875 0.2916744328125 0.8026193765624999 0.2916744328125 0.8026193765624999 0.2975577328125
0 0.219262734375 0.6970500921875 0.2194061484375 0.709375 0.221875 0.709375 0.221875 0.696989290625 0.219262734375 0.6970500921875
0 0.200325509375 0.68976020625 0.200275028125 0.6984375 0.203125 0.6984375 0.203125 0.68976020625 0.200325509375 0.68976020625
0 0.18819745625 0.6785974625 0.1881365734375 0.6890625 0.19173597343749998 0.6890625 0.19179685625 0.6785974625 0.18819745625 0.6785974625
0 0.18368325624999998 0.6805162890625001 0.1835570765625 0.6859375 0.184375 0.6859375 0.184375 0.6805162890625001 0.18368325624999998 0.6805162890625001
0 0.1762389515625 0.6775714781250001 0.1763363 0.6859375 0.178125 0.6859375 0.178125 0.6775934234375001 0.1762389515625 0.6775714781250001
0 0.1717795546875 0.6860195765625 0.17199585 0.6953125 0.1734375 0.6953125 0.1734375 0.6860002843749999 0.1717795546875 0.6860195765625
0 0.1820831671875 0.72166475625 0.1818964359375 0.7296875 0.1859375 0.7296875 0.1859375 0.7216871796875 0.1820831671875 0.72166475625
0 0.178125 0.719632696875 0.175 0.7195599609375 0.175 0.73125 0.178125 0.73125 0.178125 0.719632696875
0 0.17177990468749998 0.7229138109375001 0.17419528906249998 0.7229138109375001 0.17419528906249998 0.7081674734375 0.17177990468749998 0.7081674734375 0.17177990468749998 0.7229138109375001
0 0.1683699484375 0.7274641109375001 0.171211578125 0.7274641109375001 0.171211578125 0.7165096875 0.1683699484375 0.7165096875 0.1683699484375 0.7274641109375001
0 0.1748583375 0.721565575 0.1770369203125 0.721565575 0.1770369203125 0.7142345375 0.1748583375 0.7142345375 0.1748583375 0.721565575
0 0.1651020734375 0.6882809812499999 0.1686541109375 0.6882809812499999 0.1686541109375 0.6769052343749999 0.1651020734375 0.6769052343749999 0.1651020734375 0.6882809812499999
0 0.1635391765625 0.6977186375000001 0.1662860859375 0.6977186375000001 0.1662860859375 0.687269803125 0.1635391765625 0.687269803125 0.1635391765625 0.6977186375000001
0 0.1546355734375 0.7160730796875 0.1587981171875 0.7160730796875 0.1587981171875 0.7027009812499999 0.1546355734375 0.7027009812499999 0.1546355734375 0.7160730796875
0 0.1540574421875 0.7315024250000001 0.1583356125 0.7315024250000001 0.1583356125 0.71833605 0.1540574421875 0.71833605 0.1540574421875 0.7315024250000001
0 0.1452698484375 0.7150444578125 0.1489698875 0.7150444578125 0.1489698875 0.7002322859375 0.1452698484375 0.7002322859375 0.1452698484375 0.7150444578125
0 0.162729409375 0.7121643125 0.1652731875 0.7121643125 0.1652731875 0.7004380109375 0.162729409375 0.7004380109375 0.162729409375 0.7121643125
0 0.1593762484375 0.7090784421875 0.162729409375 0.7090784421875 0.162729409375 0.6973521421875001 0.1593762484375 0.6973521421875001 0.1593762484375 0.7090784421875
0 0.1605325109375 0.692620475 0.1635391765625 0.692620475 0.1635391765625 0.680277 0.1605325109375 0.680277 0.1605325109375 0.692620475
0 0.15397678125 0.7027009812499999 0.1564868890625 0.7027009812499999 0.1564868890625 0.69219256875 0.15397678125 0.69219256875 0.15397678125 0.7027009812499999
0 0.14834088125 0.6925296265625001 0.1518455578125 0.6925296265625001 0.1518455578125 0.67955285 0.14834088125 0.67955285 0.14834088125 0.6925296265625001
0 0.141899853125 0.6942149234375 0.14692006562499998 0.6942149234375 0.14692006562499998 0.6780360828124999 0.141899853125 0.6780360828124999 0.141899853125 0.6942149234375
0 0.1364379078125 0.7396624078125 0.1416410890625 0.7396624078125 0.1416410890625 0.723204440625 0.1364379078125 0.723204440625 0.1364379078125 0.7396624078125
0 0.1351371125 0.716261234375 0.137738703125 0.716261234375 0.137738703125 0.70211766875 0.1351371125 0.70211766875 0.1351371125 0.716261234375
0 0.137481753125 0.7026840875 0.139868721875 0.7026840875 0.139868721875 0.6928419578125 0.137481753125 0.6928419578125 0.137481753125 0.7026840875
0 0.1288810859375 0.69183078125 0.13236681875 0.69183078125 0.13236681875 0.68037076875 0.1288810859375 0.68037076875 0.1288810859375 0.69183078125
0 0.12274316406250001 0.703493028125 0.1278959875 0.703493028125 0.1278959875 0.6856963031250001 0.12274316406250001 0.6856963031250001 0.12274316406250001 0.703493028125
0 0.113233175 0.7120543312500001 0.1168325734375 0.7120543312500001 0.1168325734375 0.699717965625 0.113233175 0.699717965625 0.113233175 0.7120543312500001
0 0.11213441093750001 0.7241884625 0.114445603125 0.7241884625 0.114445603125 0.7109757421875 0.11213441093750001 0.7109757421875 0.11213441093750001 0.7241884625
0 0.12198539687500001 0.721289753125 0.1247133609375 0.721289753125 0.1247133609375 0.7098297421875 0.12198539687500001 0.7098297421875 0.12198539687500001 0.721289753125
0 0.1148244875 0.7328845890625 0.12293260624999999 0.7328845890625 0.12293260624999999 0.713672215625 0.1148244875 0.713672215625 0.1148244875 0.7328845890625
0 0.1127324859375 0.6830630281250001 0.1127324859375 0.6814172328125 0.11023495781249999 0.6814172328125 0.11023495781249999 0.6937607078125 0.1127324859375 0.6937607078125 0.1127324859375 0.6830630281250001
0 0.11634002343750001 0.6814172328125 0.1127324859375 0.6814172328125 0.1127324859375 0.6945836062499999 0.11634002343750001 0.6945836062499999 0.11634002343750001 0.6814172328125
0 0.10514740468749999 0.7044583875 0.109124946875 0.7044583875 0.109124946875 0.6916211734375001 0.10514740468749999 0.6916211734375001 0.10514740468749999 0.7044583875
0 0.0934922796875 0.7131811109375 0.098672334375 0.7131811109375 0.098672334375 0.6991918375 0.0934922796875 0.6991918375 0.0934922796875 0.7131811109375
0 0.0952497984375 0.6914565921875 0.10181736875 0.6914565921875 0.10181736875 0.6794422765625 0.0952497984375 0.6794422765625 0.0952497984375 0.6914565921875
0 0.10181736875 0.6894816359375 0.10625741562499999 0.6894816359375 0.10625741562499999 0.6794422765625 0.10181736875 0.6794422765625 0.10181736875 0.6894816359375
0 0.090439746875 0.7293099187500001 0.0949722953125 0.7293099187500001 0.0949722953125 0.71351026875 0.090439746875 0.71351026875 0.090439746875 0.7293099187500001
0 0.095619803125 0.7581113625 0.0993198421875 0.7581113625 0.0993198421875 0.7357285265625 0.095619803125 0.7357285265625 0.095619803125 0.7581113625
0 0.09099475312500001 0.7563009859375001 0.0946947921875 0.7563009859375001 0.0946947921875 0.7419825531249999 0.09099475312500001 0.7419825531249999 0.09099475312500001 0.7563009859375001
0 0.08655470625 0.7589342609375 0.08969973906249999 0.7589342609375 0.08969973906249999 0.7400075968750001 0.08655470625 0.7400075968750001 0.08655470625 0.7589342609375
0 0.08155965312499999 0.7609092171875 0.0852596921875 0.7609092171875 0.0852596921875 0.7441220890625 0.08155965312499999 0.7441220890625 0.08155965312499999 0.7609092171875
0 0.08590719999999999 0.7373743234375001 0.0899772421875 0.7373743234375001 0.0899772421875 0.721739253125 0.08590719999999999 0.721739253125 0.08590719999999999 0.7373743234375001
0 0.0802646390625 0.725030846875 0.082762165625 0.725030846875 0.082762165625 0.712522790625 0.0802646390625 0.712522790625 0.0802646390625 0.725030846875
0 0.08433468281249999 0.7003438953125001 0.088312225 0.7003438953125001 0.088312225 0.686519203125 0.08433468281249999 0.686519203125 0.08433468281249999 0.7003438953125001
0 0.08183715625 0.70314175 0.0846121859375 0.70314175 0.0846121859375 0.69590024375 0.08183715625 0.69590024375 0.08183715625 0.70314175
0 0.0771196046875 0.7049521265625 0.0805421421875 0.7049521265625 0.0805421421875 0.6939252890625001 0.0771196046875 0.6939252890625001 0.0771196046875 0.7049521265625
0 0.07600959375 0.7268412234375 0.0800796375 0.7268412234375 0.0800796375 0.7118644734374999 0.07600959375 0.7118644734374999 0.07600959375 0.7268412234375
0 0.08132237656249999 0.686043896875 0.08362599062500001 0.686043896875 0.08362599062500001 0.6764983812500001 0.08132237656249999 0.6764983812500001 0.08132237656249999 0.686043896875
0 0.07886720781249999 0.6856124593749999 0.08132237656249999 0.6856124593749999 0.08132237656249999 0.67552765 0.07886720781249999 0.67552765 0.07886720781249999 0.6856124593749999
0 0.0692283984375 0.6889021578125 0.071804809375 0.6889021578125 0.071804809375 0.680920596875 0.0692283984375 0.680920596875 0.0692283984375 0.6889021578125
0 0.076169553125 0.6863674734374999 0.0785641 0.6863674734374999 0.0785641 0.67833198125 0.076169553125 0.67833198125 0.076169553125 0.6863674734374999
0 0.08567429062500001 0.686519203125 0.088312225 0.686519203125 0.088312225 0.678642140625 0.08567429062500001 0.678642140625 0.08567429062500001 0.686519203125
0 0.067883078125 0.740356825 0.0716245578125 0.740356825 0.0716245578125 0.7241779828125 0.067883078125 0.7241779828125 0.067883078125 0.740356825
0 0.068546125 0.7156672390625 0.0738978625 0.7156672390625 0.0738978625 0.6986457500000001 0.068546125 0.6986457500000001 0.068546125 0.7156672390625
0 0.052632996875000004 0.73327858125 0.061252607812500005 0.73327858125 0.061252607812500005 0.712717971875 0.052632996875000004 0.712717971875 0.052632996875000004 0.73327858125
0 0.0509422625 0.7639786171875 0.0574173328125 0.7639786171875 0.0574173328125 0.751840865625 0.0509422625 0.751840865625 0.0509422625 0.7639786171875
0 0.044254659375 0.75155565 0.0485171046875 0.75155565 0.0485171046875 0.737441296875 0.044254659375 0.737441296875 0.044254659375 0.75155565
0 0.0403474171875 0.753135615625 0.043189046875 0.753135615625 0.043189046875 0.73659865 0.0403474171875 0.73659865 0.0403474171875 0.753135615625
0 0.0356113671875 0.7519769734375 0.0398738125 0.7519769734375 0.0398738125 0.7370199734374999 0.0356113671875 0.7370199734374999 0.0356113671875 0.7519769734375
0 0.0324737328125 0.7510289968749999 0.036144171875 0.7510289968749999 0.036144171875 0.7378626203125 0.0324737328125 0.7378626203125 0.0324737328125 0.7510289968749999
0 0.036321775 0.7692512578125 0.04046581875 0.7692512578125 0.04046581875 0.7541889265625 0.036321775 0.7541889265625 0.036321775 0.7692512578125
0 0.0506483265625 0.6895156953124999 0.053904362500000004 0.6895156953124999 0.053904362500000004 0.6770866375000001 0.0506483265625 0.6770866375000001 0.0506483265625 0.6895156953124999
0 0.06432367343749999 0.6837224890625 0.0667509 0.6837224890625 0.0667509 0.6754013421874999 0.06432367343749999 0.6754013421874999 0.06432367343749999 0.6837224890625
0 0.030738265625 0.6832372328125 0.034160801562499996 0.6832372328125 0.034160801562499996 0.6708937578125 0.030738265625 0.6708937578125 0.030738265625 0.6832372328125
0 0.0375833390625 0.6957452890625 0.04035836875 0.6957452890625 0.04035836875 0.6855413484375 0.0375833390625 0.6855413484375 0.0375833390625 0.6957452890625
0 0.046555934375000003 0.6806039578125 0.046555934375000003 0.6756665671875 0.040728371875 0.6756665671875 0.040728371875 0.7064429671875001 0.046555934375000003 0.7064429671875001 0.046555934375000003 0.6806039578125
0 0.049292809375 0.6801372359375 0.0458676984375 0.6801372359375 0.0458676984375 0.6902759765625 0.049292809375 0.6902759765625 0.049292809375 0.6801372359375
0 0.013454385937499999 0.7594485265625 0.0189482046875 0.7594485265625 0.0189482046875 0.7417529203125 0.013454385937499999 0.7417529203125 0.013454385937499999 0.7594485265625
0 0.0007617703125 0.770065890625 0.0050715765625 0.770065890625 0.0050715765625 0.7516119015625 0.0007617703125 0.7516119015625 0.0007617703125 0.770065890625
0 0 0.727259375 0.002656190625 0.727259375 0.002656190625 0.7131028890625 0 0.7131028890625 0 0.727259375
0 0.001898421875 0.7302086421875 0.00582934375 0.7302086421875 0.00582934375 0.7171476 0.001898421875 0.7171476 0.001898421875 0.7302086421875
0 0.0068239140625 0.7310512906250001 0.0115126046875 0.7310512906250001 0.0115126046875 0.7182430421875 0.0068239140625 0.7182430421875 0.0068239140625 0.7310512906250001
0 0.030693609375000003 0.7264167265625 0.033345798437500004 0.7264167265625 0.033345798437500004 0.714956715625 0.030693609375000003 0.714956715625 0.030693609375000003 0.7264167265625
0 0.0457068890625 0.725068490625 0.048974765625 0.725068490625 0.048974765625 0.7163892171875 0.0457068890625 0.7163892171875 0.0457068890625 0.725068490625
0 0.021381073437500002 0.71056341875 0.024033260937500002 0.71056341875 0.024033260937500002 0.6971653171875 0.021381073437500002 0.6971653171875 0.021381073437500002 0.71056341875
0 0.015697812499999998 0.7087095953125 0.019486653125 0.7087095953125 0.019486653125 0.6950586968750001 0.015697812499999998 0.6950586968750001 0.015697812499999998 0.7087095953125
0 0.019439292187500002 0.6851154515625 0.0228492484375 0.6851154515625 0.0228492484375 0.6759305890625 0.019439292187500002 0.6759305890625 0.019439292187500002 0.6851154515625
0 0.0269696125 0.6825875078125 0.029479720312500002 0.6825875078125 0.029479720312500002 0.6738239687500001 0.0269696125 0.6738239687500001 0.0269696125 0.6825875078125
0 0.00546794375 0.6813235359375 0.009398865624999999 0.6813235359375 0.009398865624999999 0.67197014375 0.00546794375 0.67197014375 0.00546794375 0.6813235359375
0 0.0034788015625000003 0.68713780625 0.0054205828125 0.68713780625 0.0054205828125 0.679638240625 0.0034788015625000003 0.679638240625 0.0034788015625000003 0.68713780625
0 0.0127141 0.6975866421875001 0.015697812499999998 0.6975866421875001 0.015697812499999998 0.6877276609375 0.0127141 0.6877276609375 0.0127141 0.6975866421875001
0 0.1006424578125 0.70851611875 0.1045458265625 0.70851611875 0.1045458265625 0.692583575 0.1006424578125 0.692583575 0.1006424578125 0.70851611875
0 0.42100702031250004 0.825 0.420816121875 0.8578125 0.4265625 0.8578125 0.4265625 0.825 0.42100702031250004 0.825
0 0.42624263593749995 0.8286556453125 0.42605482656250004 0.8609375 0.43125 0.8609375 0.43125 0.8286556453125 0.42624263593749995 0.8286556453125
0 0.4329937078125 0.8283741546875 0.43230852343750004 0.8578125 0.4390625 0.8578125 0.4390625 0.8283741546875 0.4329937078125 0.8283741546875
0 0.44375 0.8284279484375 0.440625 0.8283915859375 0.440625 0.8609375 0.44375 0.8609375 0.44375 0.8284279484375
0 0.4484375 0.8738261421875 0.4375 0.8739534124999999 0.4375 0.89762625625 0.43773708750000007 0.9078125 0.4484375 0.9078125 0.4484375 0.8738261421875
0 0.45261562031249997 0.8890704515625 0.452143025 0.909375 0.4578125 0.909375 0.4578125 0.8891006875 0.45261562031249997 0.8890704515625
0 0.4592550375 0.8890936671875 0.45912795468749995 0.9109375 0.475 0.9109375 0.475 0.8894601359374998 0.4592550375 0.8890936671875
0 0.4842988375 0.8753082171875001 0.4884444515625 0.8753082171875001 0.4884444515625 0.8479117875 0.4842988375 0.8479117875 0.4842988375 0.8753082171875001
0 0.5005851781249999 0.8552877484374999 0.50502690625 0.8552877484374999 0.50502690625 0.8389552609375001 0.5005851781249999 0.8389552609375001 0.5005851781249999 0.8552877484374999
0 0.5642499609375 0.88584530625 0.570764496875 0.88584530625 0.570764496875 0.864771128125 0.5642499609375 0.864771128125 0.5642499609375 0.88584530625
0 0.571686571875 0.713632259375 0.5747187921875 0.713632259375 0.5747187921875 0.708021471875 0.571686571875 0.708021471875 0.571686571875 0.713632259375
0 0.5843006078125 0.71600605625 0.5895160265625 0.71600605625 0.5895160265625 0.7086688703125 0.5843006078125 0.7086688703125 0.5843006078125 0.71600605625
0 0.602251353125 0.7134164593750001 0.6050409953125 0.7134164593750001 0.6050409953125 0.7073740734375 0.602251353125 0.7073740734375 0.602251353125 0.7134164593750001
0 0.6460366140625 0.720322046875 0.6489475453125 0.720322046875 0.6489475453125 0.7144954578125 0.6460366140625 0.7144954578125 0.6460366140625 0.720322046875
