0 0.2671875 0.4296875 0.2671875 0.42423537343750006 0.259636525 0.424455084375 0.25954519375 0.4296875 0.2671875 0.4296875
0 0.203125 0.41308549218749996 0.2029906796875 0.3899977625 0.19623238125 0.3898404625 0.19641875312499998 0.421875 0.203125 0.421875 0.203125 0.41308549218749996
0 0.04375 0.4296875 0.04375 0.41683127343750004 0.038084557812499996 0.4169301640625 0.038084557812499996 0.4296875 0.04375 0.4296875
0 0.0484375 0.4296875 0.0484375 0.4098058296875 0.041141623437500004 0.409848275 0.0416033875 0.4296875 0.0484375 0.4296875
0 0.0140625 0.4296875 0.0140625 0.4185538421875 0.0102158515625 0.418576221875 0.0102158515625 0.4296875 0.0140625 0.4296875
0 0.0228231359375 0.4037119203125 0.0226901953125 0.4265625 0.0328125 0.4265625 0.0328125 0.4035956828125 0.0228231359375 0.4037119203125
0 0.01875 0.4296875 0.01875 0.42086576249999996 0.0133628875 0.42099114843749996 0.013160478125 0.4296875 0.01875 0.4296875
0 0.0338382296875 0.4296875 0.03374600625 0.4138356515625 0.0241729296875 0.4137242578125 0.0242658015625 0.4296875 0.0338382296875 0.4296875
0 0.13793069375 0.388844859375 0.1370891734375 0.425 0.146875 0.425 0.146875 0.388844859375 0.13793069375 0.388844859375
0 0.159375 0.4296875 0.159375 0.399649878125 0.15068347499999998 0.3995993125 0.15085852187499998 0.4296875 0.159375 0.4296875
0 0.1765625 0.4296875 0.1765625 0.40499395 0.1700236046875 0.40514614531250004 0.169738040625 0.4296875 0.1765625 0.4296875
0 0.18125 0.387288471875 0.18125 0.425 0.18724437968750002 0.425 0.1875 0.410355496875 0.1875 0.38714300156250003 0.18125 0.387288471875
0 0.18344988281250002 0.386814328125 0.182946990625 0.415625 0.1911937875 0.415625 0.1916950046875 0.38691026875 0.18344988281250002 0.386814328125
0 0.171875 0.4296875 0.171875 0.4033232296875 0.16663554687499998 0.40323177499999996 0.1674053296875 0.4296875 0.171875 0.4296875
0 0.171875 0.4296875 0.171875 0.4078125 0.1679111640625 0.4078125 0.16829299375 0.4296875 0.171875 0.4296875
0 0.1304128859375 0.388873484375 0.1307787109375 0.4203125 0.1359375 0.4203125 0.1359375 0.38877705156250003 0.1304128859375 0.388873484375
0 0.12068232812499999 0.38927003125000004 0.121098084375 0.425 0.1296875 0.425 0.1296875 0.3894272171875 0.12068232812499999 0.38927003125000004
0 0.125 0.4296875 0.125 0.3971662921875 0.1173272734375 0.39721093125 0.11808317343750001 0.4296875 0.125 0.4296875
0 0.21614264218749998 0.35430305 0.21596768906250002 0.384375 0.2203125 0.384375 0.2203125 0.35430305 0.21614264218749998 0.35430305
0 0.21939767500000001 0.3541159375 0.2188149546875 0.3875 0.2265625 0.3875 0.2265625 0.354199309375 0.21939767500000001 0.3541159375
0 0.22942697812500001 0.3402412890625 0.2298973265625 0.3671875 0.2359375 0.3671875 0.2359375 0.3402412890625 0.22942697812500001 0.3402412890625
0 0.22697888437499997 0.3520681359375 0.2266331546875 0.371875 0.2336582140625 0.371875 0.23400751406250003 0.3518636234375 0.22697888437499997 0.3520681359375
0 0.24378865468750002 0.32732923125 0.2436113078125 0.3578125 0.247991978125 0.3578125 0.25 0.35775407187499997 0.25 0.3271485 0.24378865468750002 0.32732923125
0 0.243396890625 0.3478526921875 0.24272866249999997 0.3765625 0.2484375 0.3765625 0.2484375 0.3479700140625 0.243396890625 0.3478526921875
0 0.2375 0.364555671875 0.2296107921875 0.36432611875 0.22889496875 0.3889274 0.2335380390625 0.3890625 0.2375 0.3890625 0.2375 0.364555671875
0 0.24375 0.3614645046875 0.2377975234375 0.36129130468750004 0.2375 0.3783364296875 0.2375 0.3921875 0.2437494890625 0.3921875 0.24375 0.3921582671875 0.24375 0.3614645046875
0 0.2671875 0.3173904625 0.2626487984375 0.31733764999999997 0.2625 0.3224515203125 0.2625 0.340625 0.266636009375 0.340625 0.2671875 0.3216715046875 0.2671875 0.3173904625
0 0.2844603765625 0.337195353125 0.2850384375 0.3703125 0.2921875 0.3703125 0.2921875 0.337105440625 0.2844603765625 0.337195353125
0 0.25860934687500003 0.3592300234375 0.2587738171875 0.3875 0.2640625 0.3875 0.2640625 0.3591665703125 0.25860934687500003 0.3592300234375
0 0.25279940624999997 0.353678471875 0.25279940624999997 0.3875 0.259375 0.3875 0.259375 0.35379325 0.25279940624999997 0.353678471875
0 0.2640625 0.3421875 0.263667765625 0.3421875 0.25742577187500004 0.34233278437500003 0.257136559375 0.3671875 0.2581890265625 0.3671875 0.2640625 0.36705079375 0.2640625 0.3421875
0 0.2523597109375 0.3429991234375 0.25222807812500003 0.365625 0.259375 0.365625 0.259375 0.34312157499999996 0.2523597109375 0.3429991234375
0 0.27113264843749996 0.333987015625 0.275 0.333987015625 0.275 0.308410696875 0.271579084375 0.308410696875 0.27113264843749996 0.333987015625
0 0.2751757734375 0.3046875 0.275466675 0.3296875 0.2796875 0.3296875 0.2796875 0.3046875 0.2751757734375 0.3046875
0 0.3703125 0.2568957890625 0.3671875 0.256859425 0.3671875 0.2796875 0.3703125 0.2796875 0.3703125 0.2568957890625
0 0.33642196874999997 0.250874309375 0.3359788890625 0.276258325 0.3419478171875 0.27639725312499996 0.3421875 0.2626658359375 0.3421875 0.251008503125 0.33642196874999997 0.250874309375
0 0.31671442031249997 0.2595806015625 0.316174834375 0.278125 0.32334469375 0.278125 0.3234375 0.274935465625 0.3234375 0.259776221875 0.31671442031249997 0.2595806015625
0 0.3234375 0.3046875 0.3234375 0.27776033437500003 0.3174778625 0.27779500625 0.3171875 0.3027486921875 0.3171875 0.3046875 0.3234375 0.3046875
0 0.30416566093749997 0.2891583890625 0.30416566093749997 0.30625 0.3078125 0.30625 0.3078125 0.289115953125 0.30416566093749997 0.2891583890625
0 0.2966414109375 0.28876155937500003 0.2968449078125 0.30625 0.3015625 0.30625 0.3015625 0.28890474843749997 0.2966414109375 0.28876155937500003
0 0.33530481875 0.2877941359375 0.33530481875 0.315625 0.3390625 0.315625 0.3390625 0.2877941359375 0.33530481875 0.2877941359375
0 0.3438089578125 0.262944396875 0.344058325 0.284375 0.35 0.284375 0.35 0.26301643750000003 0.3438089578125 0.262944396875
0 0.3385465578125 0.2774312796875 0.3385465578125 0.2953125 0.3421875 0.2953125 0.3421875 0.277473646875 0.3385465578125 0.2774312796875
0 0.350819765625 0.25664594375 0.350819765625 0.2796875 0.35625 0.2796875 0.35625 0.2566775359375 0.350819765625 0.25664594375
0 0.33005003125 0.2677920359375 0.3298990125 0.29375 0.334375 0.29375 0.334375 0.2678927015625 0.33005003125 0.2677920359375
0 0.3267958296875 0.2583823515625 0.3266627890625 0.28125 0.3296875 0.28125 0.3296875 0.258432825 0.3267958296875 0.2583823515625
0 0.3293144421875 0.2806761953125 0.334375 0.280764528125 0.334375 0.2600982390625 0.3289536 0.2600036078125 0.3293144421875 0.2806761953125
0 0.34179839843750004 0.2946620765625 0.34120137968750003 0.3203125 0.346875 0.3203125 0.346875 0.294780234375 0.34179839843750004 0.2946620765625
0 0.115625 0.4296875 0.115625 0.4090293 0.11074203125 0.4089440671875 0.110259221875 0.4296875 0.115625 0.4296875
0 0.1070230203125 0.424702671875 0.1109375 0.4246115625 0.1109375 0.40393617343750005 0.10690275 0.40403008281249997 0.1070230203125 0.424702671875
0 0.3515625 0.278396021875 0.346875 0.27836875 0.346875 0.2814023421875 0.347307865625 0.3 0.3515625 0.3 0.3515625 0.278396021875
0 0.3514963328125 0.284172253125 0.351579325 0.2984375 0.3546875 0.2984375 0.3546875 0.28409797812500004 0.3514963328125 0.284172253125
0 0.2977622578125 0.296175434375 0.2978935921875 0.31875 0.3015625 0.31875 0.3015625 0.29624176874999997 0.2977622578125 0.296175434375
0 0.1650536 0.4296875 0.1652944890625 0.408985540625 0.1584517125 0.40902535156250003 0.1582112875 0.4296875 0.1650536 0.4296875
0 0.3078125 0.32760688125000004 0.3076378734375 0.3201042078125 0.3007106171875 0.3199026453125 0.301192934375 0.340625 0.3078125 0.340625 0.3078125 0.32760688125000004
0 0.971875 0.1776943875 0.95625 0.1777852921875 0.95625 0.2323185890625 0.9563710484375001 0.253125 0.971875 0.253125 0.971875 0.1776943875
0 0.0184808015625 0.7873863578125 0.0184808015625 0.81875 0.0390625 0.81875 0.0390625 0.7879852234375 0.0184808015625 0.7873863578125
0 0 0.478125 0.0046875 0.478125 0.0046875 0.46689965312500004 0 0.4668178328125 0 0.478125
0 0.18125 0.9375 0.18125 0.8943211296874999 0.1662661328125 0.89388514375 0.165625 0.9214308234375 0.165625 0.9375 0.18125 0.9375
0 0.871875 0.89341315625 0.8555737484375001 0.8929388390625 0.8555737484375001 0.9198530874999999 0.8713627374999999 0.9203125 0.871875 0.9203125 0.871875 0.89341315625
0 0.7725335234375 0.8332209234375 0.7726311406249999 0.85 0.7875 0.85 0.7875 0.8331338515625 0.7725335234375 0.8332209234375
0 0.6493821078125 0.8703125 0.6498367484375001 0.8859375 0.6609375 0.8859375 0.6609375 0.8703125 0.6493821078125 0.8703125
