0 0.9158578875 0.780137925 0.9236333796875 0.780137925 0.9236333796875 0.7675168343750001 0.9158578875 0.7675168343750001 0.9158578875 0.780137925
0 0.9043636796875001 0.76871884375 0.9043636796875001 0.7789359171875 0.9076355484375 0.7789359171875 0.909434653125 0.7789359171875 0.909434653125 0.76871884375 0.9043636796875001 0.76871884375
0 0.8913481781250001 0.7675168343750001 0.8913481781250001 0.78103943125 0.8969262499999999 0.78103943125 0.8969262499999999 0.778421328125 0.8969262499999999 0.7675168343750001 0.8913481781250001 0.7675168343750001
0 0.8796849390625001 0.7789359171875 0.8872914 0.7789359171875 0.8872914 0.7681178390625 0.8796849390625001 0.7681178390625 0.8796849390625001 0.7789359171875
0 0.8680216984375001 0.7789359171875 0.8752900953125 0.7789359171875 0.8752900953125 0.76721633125 0.8680216984375001 0.76721633125 0.8680216984375001 0.7789359171875
0 0.8575416859375 0.78284244375 0.864302984375 0.78284244375 0.864302984375 0.7678173359375 0.8575416859375 0.7678173359375 0.8575416859375 0.78284244375
0 0.846216509375 0.7813399328124999 0.851287484375 0.7813399328124999 0.851287484375 0.7669158296874999 0.846216509375 0.7669158296874999 0.846216509375 0.7813399328124999
0 0.8320177828125 0.7792364187499999 0.8392861796875 0.7792364187499999 0.8392861796875 0.766314825 0.8320177828125 0.766314825 0.8320177828125 0.7792364187499999
0 0.8059867828125 0.7855469640625 0.8132551796874999 0.7855469640625 0.8132551796874999 0.7678173359375 0.8059867828125 0.7678173359375 0.8059867828125 0.7855469640625
0 0.7958448359375 0.7696203484375 0.7958448359375 0.780438428125 0.8015919406249999 0.780438428125 0.8015919406249999 0.77322865 0.8015919406249999 0.7696203484375 0.7958448359375 0.7696203484375
0 0.7823222390625 0.7813399328124999 0.7892525703125 0.7813399328124999 0.7892525703125 0.7681178390625 0.7823222390625 0.7681178390625 0.7823222390625 0.7813399328124999
0 0.7737015828125 0.8083851281250001 0.7823222390625 0.8083851281250001 0.7823222390625 0.791857509375 0.7737015828125 0.791857509375 0.7737015828125 0.8083851281250001
0 0.788745471875 0.8032765921875 0.7951687046875 0.8032765921875 0.7951687046875 0.7906555 0.788745471875 0.7906555 0.788745471875 0.8032765921875
0 0.8010848421875 0.8056806078125 0.8073390421875001 0.8056806078125 0.8073390421875001 0.790956003125 0.8010848421875 0.790956003125 0.8010848421875 0.8056806078125
0 0.81071969375 0.8041780984375 0.8217068031249999 0.8041780984375 0.8217068031249999 0.7906555 0.81071969375 0.7906555 0.81071969375 0.8041780984375
0 0.8293132640625 0.804779103125 0.8337081078124999 0.804779103125 0.8337081078124999 0.79125650625 0.8293132640625 0.79125650625 0.8293132640625 0.804779103125
0 0.83861005 0.8044786 0.8467236078125 0.8044786 0.8467236078125 0.79125650625 0.83861005 0.79125650625 0.83861005 0.8044786
0 0.8509494203125 0.790956003125 0.8509494203125 0.8023750843749999 0.8575416859375 0.8023750843749999 0.8575416859375 0.7951532875 0.8575416859375 0.790956003125 0.8509494203125 0.790956003125
0 0.866838471875 0.8038775953125 0.8730926718750001 0.8038775953125 0.8730926718750001 0.7924585140625 0.866838471875 0.7924585140625 0.866838471875 0.8038775953125
0 0.87698041875 0.8056806078125 0.8818823609375 0.8056806078125 0.8818823609375 0.791857509375 0.87698041875 0.791857509375 0.87698041875 0.8056806078125
0 0.885601075 0.8017740812499999 0.8918552765625 0.8017740812499999 0.8918552765625 0.79305951875 0.885601075 0.79305951875 0.885601075 0.8017740812499999
0 0.8965881859374999 0.8062816125 0.9045327109375 0.8062816125 0.9045327109375 0.78975399375 0.8965881859374999 0.78975399375 0.8965881859374999 0.8062816125
0 0.911970140625 0.8050796046875 0.918224340625 0.8050796046875 0.918224340625 0.7906555 0.911970140625 0.7906555 0.911970140625 0.8050796046875
0 0.86734556875 0.8222082281249999 0.8754591265625 0.8222082281249999 0.8754591265625 0.8107891453124999 0.86734556875 0.8107891453124999 0.86734556875 0.8222082281249999
0 0.84807586875 0.83332680625 0.85602039375 0.83332680625 0.85602039375 0.8177006953125 0.84807586875 0.8177006953125 0.84807586875 0.83332680625
0 0.8227209984374999 0.8077841234375001 0.8227209984374999 0.82100621875 0.830935378125 0.82100621875 0.8332010109375 0.82100621875 0.8332010109375 0.8077841234375001 0.8227209984374999 0.8077841234375001
0 0.799225484375 0.8393368515624999 0.8059867828125 0.8393368515624999 0.8059867828125 0.8270162624999999 0.799225484375 0.8270162624999999 0.799225484375 0.8393368515624999
0 0.815790665625 0.780438428125 0.82998939375 0.780438428125 0.82998939375 0.7627088 0.815790665625 0.7627088 0.815790665625 0.780438428125
0 0.7145402203125 0.8140946687499999 0.7219776484375 0.8140946687499999 0.7219776484375 0.79997106875 0.7145402203125 0.79997106875 0.7145402203125 0.8140946687499999
0 0.6273194671875 0.784044453125 0.63272850625 0.784044453125 0.63272850625 0.7729258734375 0.6273194671875 0.7729258734375 0.6273194671875 0.784044453125
0 0.6396588375000001 0.8131931625 0.6457440046875 0.8131931625 0.6457440046875 0.79846855625 0.6396588375000001 0.79846855625 0.6396588375000001 0.8131931625
0 0.6589285390625 0.8080846265625 0.66501370625 0.8080846265625 0.66501370625 0.7960645390625001 0.6589285390625 0.7960645390625001 0.6589285390625 0.8080846265625
0 0.6716059734375001 0.8288192750000001 0.6815788875 0.8288192750000001 0.6815788875 0.8152966781250001 0.6716059734375001 0.8152966781250001 0.6716059734375001 0.8288192750000001
0 0.6898614796875 0.82611475625 0.69983439375 0.82611475625 0.69983439375 0.81229165625 0.6898614796875 0.81229165625 0.6898614796875 0.82611475625
