0 0.92208529375 0.1328125 0.921875 0.14003980625 0.921875 0.1703125 0.9565926515625 0.1703125 0.9576686046875 0.1333343953125 0.9352458453124999 0.1328125 0.92208529375 0.1328125
0 0.36056997343749997 1 0.365625 0.8262700046875 0.365625 0.8219318796875001 0.33926001562499997 0.8214716765624999 0.3390625 0.8282598484375001 0.3390625 1 0.36056997343749997 1
0 0.3796875 0.6579800484375 0.36453685625 0.6579800484375 0.36453685625 0.71285630625 0.3796875 0.71285630625 0.3796875 0.6579800484375
0 0.3223394 0.7710786796875 0.3611459890625 0.7710786796875 0.3611459890625 0.6586492703125 0.3223394 0.6586492703125 0.3223394 0.7710786796875
0 0.31254356250000004 0.6954565171875 0.3223394 0.6954565171875 0.3223394 0.6686876109375 0.31254356250000004 0.6686876109375 0.31254356250000004 0.6954565171875
0 0.29709627968749996 0.71285630625 0.3065153546875 0.71285630625 0.3065153546875 0.6740413921874999 0.29709627968749996 0.6740413921874999 0.29709627968749996 0.71285630625
0 0.2937054125 0.701479521875 0.30086390937499996 0.701479521875 0.30086390937499996 0.6633338296875 0.2937054125 0.6633338296875 0.2937054125 0.701479521875
0 0.2850398640625 0.701479521875 0.2937054125 0.701479521875 0.2937054125 0.654633934375 0.2850398640625 0.654633934375 0.2850398640625 0.701479521875
0 0.273736975 0.7235638703125 0.2842863375 0.7235638703125 0.2842863375 0.6894335140625 0.273736975 0.6894335140625 0.273736975 0.7235638703125
0 0.2371909640625 0.714194753125 0.273736975 0.714194753125 0.273736975 0.6693568328125 0.2371909640625 0.6693568328125 0.2371909640625 0.714194753125
0 0.1516657640625 0.762378784375 0.16522923125 0.762378784375 0.16522923125 0.726240759375 0.1516657640625 0.726240759375 0.1516657640625 0.762378784375
0 0.190849115625 0.7222254234375 0.190849115625 0.6425879265625001 0.12227825 0.6425879265625001 0.12227825 0.7222254234375 0.1732119 0.7222254234375 0.190849115625 0.7222254234375
0 0.10155628593749999 0.7523404453125 0.1185106203125 0.7523404453125 0.1185106203125 0.7081717484375 0.10155628593749999 0.7081717484375 0.10155628593749999 0.7523404453125
0 0.0974118921875 0.724902315625 0.1185106203125 0.724902315625 0.1185106203125 0.6847489546875 0.0974118921875 0.6847489546875 0.0974118921875 0.724902315625
0 0.07518287500000001 0.7476558859375 0.0970351296875 0.7476558859375 0.0970351296875 0.7088409703125 0.07518287500000001 0.7088409703125 0.07518287500000001 0.7476558859375
0 0.0156543234375 0.8346548328125 0.0642567484375 0.8346548328125 0.0642567484375 0.7369483234375 0.0156543234375 0.7369483234375 0.0156543234375 0.8346548328125
0 0.221685878125 1 0.221685878125 0.77856658125 0.1432979828125 0.77856658125 0.1432979828125 1 0.221685878125 1
0 0.34474158125 1 0.34474158125 0.8786676328125 0.19678774999999998 0.8786676328125 0.19678774999999998 1 0.34474158125 1
0 0.2281131421875 0.99139598125 0.325524584375 0.99139598125 0.325524584375 0.8396353937499998 0.2281131421875 0.8396353937499998 0.2281131421875 0.99139598125
0 0.16522923125 0.9227653968749999 0.2281131421875 0.9227653968749999 0.2281131421875 0.726240759375 0.16522923125 0.726240759375 0.16522923125 0.9227653968749999
0 0 0.781731159375 0.01427815 0.781731159375 0.01427815 0.6594677250000001 0 0.6594677250000001 0 0.781731159375
0 0.261226696875 0.7492828640625 0.2436512015625 0.7492828640625 0.2436512015625 0.79367779375 0.261226696875 0.79367779375 0.261226696875 0.7492828640625
0 0.3178334890625 0.8216008796875001 0.3635982515625 0.8216008796875001 0.3635982515625 0.7782713343750001 0.3178334890625 0.7782713343750001 0.3178334890625 0.8216008796875001
0 0.3680192296875 0.7595450453125 0.3751407296875 0.7595450453125 0.3751407296875 0.7202991171875001 0.3680192296875 0.7202991171875001 0.3680192296875 0.7595450453125
0 0.3796875 0.7165691328125 0.3777884671875 0.7165691328125 0.3777884671875 0.750138996875 0.3796875 0.750138996875 0.3796875 0.7165691328125
0 0.27265174999999997 0.7375496125 0.257130534375 0.7375496125 0.257130534375 0.796134703125 0.27265174999999997 0.796134703125 0.27265174999999997 0.7375496125
0 0.2297401515625 0.7474827265625 0.25598926875 0.7474827265625 0.25598926875 0.7168725234375 0.2297401515625 0.7168725234375 0.2297401515625 0.7474827265625
0 0.2176427328125 0.7397794953125001 0.2281131421875 0.7397794953125001 0.2281131421875 0.713426340625 0.2176427328125 0.713426340625 0.2176427328125 0.7397794953125001
0 0.29042754843749996 0.75925113125 0.3064562421875 0.75925113125 0.3064562421875 0.7187349125 0.29042754843749996 0.7187349125 0.29042754843749996 0.75925113125
0 0.0148014109375 0.7596181796875 0.05011385625 0.7596181796875 0.05011385625 0.6382009265625 0.0148014109375 0.6382009265625 0.0148014109375 0.7596181796875
0 0.0447873984375 0.7354398515625 0.0649095734375 0.7354398515625 0.0649095734375 0.6275134062500001 0.0447873984375 0.6275134062500001 0.0447873984375 0.7354398515625
