0 0.240832075 0.4914303578125 0.2457002078125 0.4914303578125 0.2457002078125 0.47524330781249996 0.240832075 0.47524330781249996 0.240832075 0.4914303578125
0 0.26769696718749997 0.47588438125000004 0.27319615625 0.47588438125000004 0.27319615625 0.456812509375 0.26769696718749997 0.456812509375 0.26769696718749997 0.47588438125000004
0 0.3376893703125 0.46285984999999996 0.3435744046875 0.46285984999999996 0.3435744046875 0.4516795671875 0.3376893703125 0.4516795671875 0.3376893703125 0.46285984999999996
0 0.6681632453125 0.6929250437500001 0.6785869124999999 0.6929250437500001 0.6785869124999999 0.67188989375 0.6681632453125 0.67188989375 0.6681632453125 0.6929250437500001
0 0.877898475 0.652208684375 0.8837582671875 0.652208684375 0.8837582671875 0.6329765453125 0.877898475 0.6329765453125 0.877898475 0.652208684375
0 0.8629334671875 0.6546127015625001 0.8705962734374999 0.6546127015625001 0.8705962734374999 0.6395475265624999 0.8629334671875 0.6395475265624999 0.8629334671875 0.6546127015625001
0 0.9931065875 0.7478705999999999 0.9809209718749999 0.7478705999999999 0.9809209718749999 0.7699074218749999 0.9931065875 0.7699074218749999 0.9931065875 0.7478705999999999
0 0.166924090625 0.7572756187499999 0.1415811609375 0.7572756187499999 0.1415811609375 0.7871560546875 0.166924090625 0.7871560546875 0.166924090625 0.7572756187499999
0 0.3445150171875 0.6350092296875001 0.335774990625 0.6350092296875001 0.335774990625 0.6835350578125 0.3445150171875 0.6835350578125 0.3445150171875 0.6350092296875001
0 0.41256879218750003 0.5819761234375 0.40329091562499997 0.5819761234375 0.40329091562499997 0.62572108125 0.41256879218750003 0.62572108125 0.41256879218750003 0.5819761234375
0 0.3160449703125 0.47087033749999996 0.31931508750000004 0.47087033749999996 0.31931508750000004 0.45947274374999997 0.3160449703125 0.45947274374999997 0.3160449703125 0.47087033749999996
0 0.0786628078125 0.454065721875 0.07093124687499999 0.454065721875 0.07093124687499999 0.463986028125 0.0786628078125 0.463986028125 0.0786628078125 0.454065721875
