0 0.2390625 0.4296875 0.2390625 0.41056514999999993 0.2289200546875 0.4105061421875 0.2292475734375 0.4292696625 0.22925486718750002 0.4296875 0.2390625 0.4296875
0 0.2703125 0.4296875 0.2703125 0.40388065468749995 0.2625 0.40369881718749995 0.2625 0.414790028125 0.2628467421875 0.4296875 0.2703125 0.4296875
0 0.4 0.4296875 0.4 0.4006453203125 0.38845922499999996 0.4006453203125 0.3881416890625 0.41883695000000004 0.3879522921875 0.4296875 0.4 0.4296875
0 0.421875 0.4296875 0.421875 0.40724720937500003 0.4133477109375 0.407147984375 0.4137411390625 0.4296875 0.421875 0.4296875
0 0.4875 0.4296875 0.4875 0.3996156359375 0.4765625 0.3996156359375 0.4765625 0.4296875 0.4875 0.4296875
0 0.41818458124999996 0.3747030171875 0.41858802656250005 0.409375 0.4265625 0.409375 0.4265625 0.3747030171875 0.41818458124999996 0.3747030171875
0 0.390316809375 0.3275227625 0.38920814843749996 0.365625 0.3984375 0.365625 0.3984375 0.32761725468749997 0.390316809375 0.3275227625
0 0.5140625 0.4296875 0.5140625 0.424037934375 0.498713453125 0.42439518749999994 0.4988366328125 0.4296875 0.5140625 0.4296875
0 0.5265625 0.4296875 0.5265625 0.4227394890625 0.5169592328125 0.4229630078125 0.5170374796874999 0.4296875 0.5265625 0.4296875
0 0.401844525 0.309951896875 0.4016388015625 0.3453125 0.4023474828125 0.3453125 0.4078125 0.3451853015625 0.4078125 0.309812990625 0.401844525 0.309951896875
0 0.3923951796875 0.306596403125 0.39221538749999996 0.3375 0.4015625 0.3375 0.4015625 0.3068097765625 0.3923951796875 0.306596403125
0 0.34407172343750003 0.3176571578125 0.3439290109375 0.3421875 0.359375 0.3421875 0.359375 0.317211878125 0.34407172343750003 0.3176571578125
0 0.13741431875000001 0.4296875 0.1375 0.42600627968750004 0.1375 0.4039487171875 0.124901778125 0.40424194375000005 0.12430952656250001 0.4296875 0.13741431875000001 0.4296875
0 0.271875 0.4296875 0.271875 0.409375 0.267710678125 0.409375 0.267356121875 0.4296875 0.271875 0.4296875
0 0.1984375 0.4296875 0.1984375 0.4048284265625 0.18135974375 0.4044309359375 0.18135974375 0.4296875 0.1984375 0.4296875
0 0.5634901546875 0.1530176859375 0.5635816828125 0.16875 0.5671875 0.16875 0.5671875 0.1531252671875 0.5634901546875 0.1530176859375
0 0.69414865 0.1939237171875 0.6937890171875 0.209375 0.6983731390625 0.209375 0.6984375 0.20660979375 0.6984375 0.193973621875 0.69414865 0.1939237171875
0 0.6755683390625 0.162496178125 0.6755683390625 0.1765625 0.678125 0.1765625 0.678125 0.162436671875 0.6755683390625 0.162496178125
0 0.67909933125 0.16248181875 0.6790174125 0.1765625 0.68125 0.1765625 0.68125 0.16249433124999998 0.67909933125 0.16248181875
0 0.6993059109375 0.157092884375 0.6992199109375 0.171875 0.7015625 0.171875 0.7015625 0.1571454078125 0.6993059109375 0.157092884375
0 0.7041837765625 0.16306159375 0.7041837765625 0.18125 0.70625 0.18125 0.70625 0.16302552812499999 0.7041837765625 0.16306159375
0 0.7184904390625 0.1625 0.71854498125 0.171875 0.7203125 0.171875 0.7203125 0.1625 0.7184904390625 0.1625
0 0.734375 0.14343345000000002 0.728125 0.1433970875 0.728125 0.1469250015625 0.72826049375 0.1546875 0.734375 0.1546875 0.734375 0.14343345000000002
0 0.95625 0.259375 0.95625 0.23873817812499998 0.9521005734374999 0.23868989531249998 0.9515625 0.2571822453125 0.9515625 0.259375 0.95625 0.259375
0 0.9734375 0.225826890625 0.9730773328125 0.21344876093749998 0.9695856124999999 0.213428446875 0.9700587031250001 0.2296875 0.9734375 0.2296875 0.9734375 0.225826890625
0 0.9897610968749999 0.21875 0.9900156703124999 0.2296875 0.99375 0.2296875 0.99375 0.21875 0.9897610968749999 0.21875
0 1 0.2211198671875 0.9955310765625001 0.2212238828125 0.9956477390625 0.23125 1 0.23125 1 0.2211198671875
0 0.9753050671875 0.1870486296875 0.9750763546875 0.196875 0.9796875 0.196875 0.9796875 0.1869466265625 0.9753050671875 0.1870486296875
0 0.9796875 0.16965957812500002 0.9734375 0.16955048281250001 0.9734375 0.1796875 0.9796875 0.1796875 0.9796875 0.16965957812500002
0 0.91875 0.23643819375000003 0.915625 0.236529121875 0.915625 0.25 0.91875 0.25 0.91875 0.23643819375000003
0 0.9086129 0.263313490625 0.9082452703125 0.284375 0.9140625 0.284375 0.9140625 0.2633451953125 0.9086129 0.263313490625
0 0.88945185625 0.24794324531249998 0.8895456359375 0.2640625 0.8953125 0.2640625 0.8953125 0.2479091484375 0.88945185625 0.24794324531249998
0 0.8257733671875 0.18804249374999998 0.8256765312500001 0.2046875 0.831131603125 0.2046875 0.831229178125 0.1879155078125 0.8257733671875 0.18804249374999998
0 0.8195745593750001 0.1954054703125 0.819502378125 0.2078125 0.8234375 0.2078125 0.8234375 0.19549538125000002 0.8195745593750001 0.1954054703125
0 0.8600467187499999 0.183598365625 0.8599785687499999 0.1953125 0.8640625 0.1953125 0.8640625 0.18348151875000002 0.8600467187499999 0.183598365625
0 0.8948820749999999 0.2046875 0.8951002640624999 0.2171875 0.8984375 0.2171875 0.8984375 0.2046875 0.8948820749999999 0.2046875
0 0.9237091968750001 0.2046679046875 0.9239457828125 0.225 0.9265625 0.225 0.9265625 0.20461809999999997 0.9237091968750001 0.2046679046875
0 0.91438636875 0.121748084375 0.9141659640625001 0.134375 0.9171875 0.134375 0.9171875 0.121715490625 0.91438636875 0.121748084375
0 0.9153140421874999 0.1617186171875 0.9151140171875 0.1703125 0.9171875 0.1703125 0.9171875 0.1616750125 0.9153140421874999 0.1617186171875
0 0.9080702281249999 0.14942980156250002 0.9078148125000001 0.1640625 0.9109375 0.1640625 0.9109375 0.149463165625 0.9080702281249999 0.14942980156250002
0 0.901843615625 0.1481461546875 0.901843615625 0.1640625 0.9046875 0.1640625 0.9046875 0.1482123484375 0.901843615625 0.1481461546875
0 0.9009443859375 0.175886690625 0.900772890625 0.190625 0.904542925 0.190625 0.9046875 0.17820026718749998 0.9046875 0.17579956875 0.9009443859375 0.175886690625
0 0.9231720296875 0.160129446875 0.9232221828125 0.16875 0.93125 0.16875 0.93125 0.1602234421875 0.9231720296875 0.160129446875
0 0.9476010390624999 0.18125 0.9473100984375 0.19375 0.9546875 0.19375 0.9546875 0.18125 0.9476010390624999 0.18125
0 0.9296875 0.19156178125 0.9265625 0.1915436015625 0.9265625 0.2078125 0.9296875 0.2078125 0.9296875 0.19156178125
0 0.9400271984374999 0.1719121890625 0.9401356421875 0.178125 0.94375 0.178125 0.94375 0.17189053125 0.9400271984374999 0.1719121890625
0 0.9389696546875002 0.207574428125 0.9390164921874999 0.215625 0.946875 0.215625 0.946875 0.20752843593749998 0.9389696546875002 0.207574428125
0 0.9056154140625001 0.1800812921875 0.9061495265625 0.1984375 0.915625 0.1984375 0.915625 0.18019776406250002 0.9056154140625001 0.1800812921875
0 0.9824041609374999 0.143903028125 0.9823596 0.1515625 0.984375 0.1515625 0.984375 0.1439374296875 0.9824041609374999 0.143903028125
0 0.832809096875 0.147865775 0.8373483328125 0.147865775 0.8373483328125 0.13264915 0.832809096875 0.13264915 0.832809096875 0.147865775
0 0.8214610109375 0.1877079234375 0.8255858359375001 0.1877079234375 0.8255858359375001 0.17053544062499998 0.8214610109375 0.17053544062499998 0.8214610109375 0.1877079234375
0 0.8338566140625 0.1789201109375 0.8425859109375 0.1789201109375 0.8425859109375 0.1689827234375 0.8338566140625 0.1689827234375 0.8338566140625 0.1789201109375
0 0.7902101234375 0.1565609890625 0.798939421875 0.1565609890625 0.798939421875 0.145691971875 0.7902101234375 0.145691971875 0.7902101234375 0.1565609890625
0 0.7526741421875001 0.14879740624999999 0.7596575812499999 0.14879740624999999 0.7596575812499999 0.1428970828125 0.7526741421875001 0.1428970828125 0.7526741421875001 0.14879740624999999
0 0.7633238859375 0.1590453359375 0.766291846875 0.1590453359375 0.766291846875 0.14879740624999999 0.7633238859375 0.14879740624999999 0.7633238859375 0.1590453359375
0 0.7683868781250001 0.15842425 0.7764178328125 0.15842425 0.7764178328125 0.15035012187500002 0.7683868781250001 0.15035012187500002 0.7683868781250001 0.15842425
0 0.7991140078125 0.17457250468750002 0.8080178921875 0.17457250468750002 0.8080178921875 0.16494566093750002 0.7991140078125 0.16494566093750002 0.7991140078125 0.17457250468750002
0 0.79230515625 0.17270924375000002 0.7970189765625 0.17270924375000002 0.7970189765625 0.1668089203125 0.79230515625 0.1668089203125 0.79230515625 0.17270924375000002
0 0.8200643218749999 0.1543871859375 0.8249527296875 0.1543871859375 0.8249527296875 0.1419654515625 0.8200643218749999 0.1419654515625 0.8200643218749999 0.1543871859375
0 0.826873175 0.1543871859375 0.832110753125 0.1543871859375 0.832110753125 0.1404127359375 0.826873175 0.1404127359375 0.826873175 0.1543871859375
0 0.8616157812499999 0.18382613125 0.8726146968750002 0.18382613125 0.8726146968750002 0.1767463078125 0.8616157812499999 0.1767463078125 0.8616157812499999 0.18382613125
0 0.8668533593750001 0.14817631874999998 0.8780268609374999 0.14817631874999998 0.8780268609374999 0.1401021921875 0.8668533593750001 0.1401021921875 0.8668533593750001 0.14817631874999998
0 0.7190787640625 0.142982190625 0.7280124171875 0.142982190625 0.7280124171875 0.1265053984375 0.7190787640625 0.1265053984375 0.7190787640625 0.142982190625
0 0.7443053484375 0.13796751406250002 0.753348840625 0.13796751406250002 0.753348840625 0.130022184375 0.7443053484375 0.130022184375 0.7443053484375 0.13796751406250002
0 0.609598459375 0.24221942031250002 0.6134393499999999 0.24221942031250002 0.6134393499999999 0.2335242078125 0.609598459375 0.2335242078125 0.609598459375 0.24221942031250002
0 0.985755425 0.350741759375 0.9909930046875001 0.350741759375 0.9909930046875001 0.3414254578125 0.985755425 0.3414254578125 0.985755425 0.350741759375
0 0.980168675 0.34732578125 0.9836603937499999 0.34732578125 0.9836603937499999 0.3395621984375 0.980168675 0.3395621984375 0.980168675 0.34732578125
0 0.8878127031249999 0.2908068921875 0.8907806640625001 0.2908068921875 0.8907806640625001 0.2811800484375 0.8878127031249999 0.2811800484375 0.8878127031249999 0.2908068921875
0 0.8497323765625 0.295492884375 0.8538787921875001 0.295492884375 0.8538787921875001 0.2904465546875 0.8497323765625 0.2904465546875 0.8497323765625 0.295492884375
0 0.8379478234375 0.2877293015625 0.8410030781250001 0.2877293015625 0.8410030781250001 0.28384750937500003 0.8379478234375 0.28384750937500003 0.8379478234375 0.2877293015625
0 0.8379478234375 0.298210140625 0.8423124734374999 0.298210140625 0.8423124734374999 0.29277563125 0.8379478234375 0.29277563125 0.8379478234375 0.298210140625
0 0.8008483078124999 0.2605567578125 0.8052129562499999 0.2605567578125 0.8052129562499999 0.2547340703125 0.8008483078124999 0.2547340703125 0.8008483078124999 0.2605567578125
0 0.905815909375 0.13776261875 0.909447296875 0.13776261875 0.909447296875 0.13006114375 0.905815909375 0.13006114375 0.905815909375 0.13776261875
0 0.39564896875 0.4481561703125 0.39564896875 0.50625 0.409375 0.50625 0.409375 0.44783669374999996 0.39564896875 0.4481561703125
0 0.47704830625000005 0.703125 0.477611928125 0.7515625 0.4859375 0.7515625 0.4859375 0.703125 0.47704830625000005 0.703125
0 0.35950722343749997 0.599174134375 0.360421665625 0.6515625 0.371875 0.6515625 0.371875 0.5992460875 0.35950722343749997 0.599174134375
0 0.5775739015625 0.7816492828125 0.577485321875 0.796875 0.584375 0.796875 0.584375 0.7816888515625 0.5775739015625 0.7816492828125
0 0.62312558125 0.9435183578124999 0.6230515109375 0.95625 0.6296875 0.95625 0.6296875 0.9436710875 0.62312558125 0.9435183578124999
0 0.61697459375 0.9442829968750001 0.61697459375 0.9546875 0.625 0.9546875 0.625 0.9441429140625001 0.61697459375 0.9442829968750001
0 0.544779078125 0.771875 0.5451063859375 0.7859375 0.55625 0.7859375 0.55625 0.771875 0.544779078125 0.771875
0 0.5296875 0.821875 0.5453125 0.821875 0.5453125 0.8058517765625 0.5296875 0.8054881015625 0.5296875 0.821875
0 0.5553209453125 0.658974634375 0.5553209453125 0.6734375 0.5578125 0.6734375 0.5578125 0.6589456421875 0.5553209453125 0.658974634375
0 0.5617807625 0.6633288921875 0.5618481140625 0.6671875 0.5640625 0.6671875 0.5640625 0.6633952843750001 0.5617807625 0.6633288921875
0 0.5433703703125 0.7031664890625 0.5433069796875001 0.7140625 0.546875 0.7140625 0.546875 0.70320726875 0.5433703703125 0.7031664890625
0 0.5507067265625001 0.6883369796875 0.5507067265625001 0.6953125 0.5546875 0.6953125 0.5546875 0.6884528078125 0.5507067265625001 0.6883369796875
0 0.5859375 0.6465806875 0.5828125 0.6466170515625 0.5828125 0.65625 0.5859375 0.65625 0.5859375 0.6465806875
0 0.592085090625 0.6448722968749999 0.5921993015625 0.6546875 0.596875 0.6546875 0.596875 0.644983784375 0.592085090625 0.6448722968749999
0 0.5990566671875001 0.6325312109375 0.598831915625 0.6421875 0.6015625 0.6421875 0.6015625 0.632487471875 0.5990566671875001 0.6325312109375
0 0.5915827109375 0.6603053937500001 0.5917573859375 0.6703125 0.5953125 0.6703125 0.5953125 0.6603487921875001 0.5915827109375 0.6603053937500001
0 0.5859375 0.70709681875 0.5817843234375 0.7069759734375 0.581989696875 0.7187418390625 0.5822701703125001 0.71875 0.5859375 0.71875 0.5859375 0.70709681875
0 0.61795076875 0.6802288875 0.6179025250000001 0.684375 0.6296875 0.684375 0.6296875 0.6804337515625 0.61795076875 0.6802288875
0 0.6182796765624999 0.6744038203125 0.6183446296875 0.678125 0.625 0.678125 0.625 0.6745602374999999 0.6182796765624999 0.6744038203125
0 0.6168112406249999 0.6701977937500001 0.6168112406249999 0.6734375 0.6234375 0.6734375 0.6234375 0.67015924375 0.6168112406249999 0.6701977937500001
0 0.61600155625 0.6667836640625 0.6160244359375 0.66875 0.6233557421875 0.66875 0.6233313734375 0.6666557203125001 0.61600155625 0.6667836640625
0 0.6138231953125001 0.6670246375 0.6203125 0.6670246375 0.6203125 0.6616186984375 0.6138546453125 0.6616186984375 0.6138231953125001 0.6670246375
0 0.612126453125 0.6609375 0.6203125 0.6609375 0.6203125 0.6578786328125 0.6180396609375001 0.6578125 0.612090090625 0.6578125 0.612126453125 0.6609375
0 0.6261314265625 0.6649497765625 0.626197759375 0.66875 0.634375 0.66875 0.634375 0.6649977359375 0.6261314265625 0.6649497765625
0 0.6260497218750001 0.668334790625 0.626132121875 0.671875 0.634375 0.671875 0.634375 0.6685285625 0.6260497218750001 0.668334790625
0 0.627540475 0.6726305406249999 0.6276319921875 0.6765625 0.6375 0.6765625 0.6375 0.6729203328125 0.627540475 0.6726305406249999
0 0.63188095 0.6774135734375 0.631947915625 0.68125 0.640625 0.68125 0.640625 0.67746444375 0.63188095 0.6774135734375
0 0.6309984609375 0.68543114375 0.6309078015624999 0.690625 0.6375 0.690625 0.6375 0.68543114375 0.6309984609375 0.68543114375
0 0.638119128125 0.7154434000000001 0.640625 0.7154725578125 0.640625 0.7035501140625 0.6379109796875 0.7035185343749999 0.638119128125 0.7154434000000001
0 0.64144175 0.7046875 0.6413599375000001 0.71875 0.64375 0.71875 0.64375 0.7046875 0.64144175 0.7046875
0 0.6310630296874999 0.7123332609374999 0.6309520015625 0.721875 0.6359375 0.721875 0.6359375 0.7123332609374999 0.6310630296874999 0.7123332609374999
0 0.619020409375 0.7084211171874999 0.619086053125 0.7140625 0.628125 0.7140625 0.628125 0.7084211171874999 0.619020409375 0.7084211171874999
0 0.6141039375 0.7029083249999999 0.6139612421875 0.7078125 0.621875 0.7078125 0.621875 0.70299875 0.6141039375 0.7029083249999999
0 0.6171875 0.7009081578125 0.6170678859375001 0.69679728125 0.6100956203125 0.6967567171875 0.6102354546875001 0.7015625 0.6171875 0.7015625 0.6171875 0.7009081578125
0 0.6047844203125 0.691242028125 0.6049155296875 0.696875 0.6088258265625 0.696875 0.6125 0.6967894828125 0.6125 0.6910624453125 0.6047844203125 0.691242028125
0 0.6006372078125 0.6831493734375 0.6006878312499999 0.6875 0.60625 0.6875 0.60625 0.6830187343749999 0.6006372078125 0.6831493734375
0 0.60625 0.676475178125 0.596875 0.67620239375 0.596875 0.68125 0.60625 0.68125 0.60625 0.676475178125
0 0.6010353921875 0.6625 0.601089934375 0.671875 0.603125 0.671875 0.603125 0.6625 0.6010353921875 0.6625
0 0.657052146875 0.7 0.657461321875 0.7140625 0.659375 0.7140625 0.659375 0.7 0.657052146875 0.7
0 0.66461780625 0.711834396875 0.66461780625 0.721875 0.6671875 0.721875 0.6671875 0.7118792515625 0.66461780625 0.711834396875
0 0.6659200015625 0.70738396875 0.665805928125 0.7171875 0.66875 0.7171875 0.66875 0.7074498375 0.6659200015625 0.70738396875
0 0.6567803671875 0.728610728125 0.6564643640625001 0.7421875 0.659375 0.7421875 0.659375 0.7285503375 0.6567803671875 0.728610728125
0 0.6584679046875 0.727241909375 0.6584679046875 0.7421875 0.6625 0.7421875 0.6625 0.727312290625 0.6584679046875 0.727241909375
0 0.6394935578125 0.80527000625 0.6391509796875 0.824896346875 0.6436203796875001 0.8247663015625001 0.64375 0.8173403390624999 0.64375 0.8051461578125 0.6394935578125 0.80527000625
0 0.6432741984375 0.8039588468750001 0.6430160171875 0.81875 0.646875 0.81875 0.646875 0.803979796875 0.6432741984375 0.8039588468750001
0 0.6462127437499999 0.8015625 0.6463218296875001 0.8203125 0.65 0.8203125 0.65 0.8015625 0.6462127437499999 0.8015625
0 0.8765625 1 0.8765625 0.977195775 0.8637609359375 0.977344734375 0.8633654875 1 0.8765625 1
0 0.9259003109374999 0.8879629999999998 0.9256565140624999 0.8984375 0.934375 0.8984375 0.934375 0.8877657484375 0.9259003109374999 0.8879629999999998
0 0.9753694765625 0.932036325 0.9750559203125 0.95 0.984375 0.95 0.984375 0.9321411125000001 0.9753694765625 0.932036325
0 0.697696984375 0.8329098859374999 0.697696984375 0.85625 0.7046875 0.85625 0.7046875 0.8330725921875001 0.697696984375 0.8329098859374999
0 0.70520886875 0.8148019859375001 0.705072021875 0.8265625 0.70926095 0.8265625 0.709375 0.8167610984374999 0.709375 0.8147050171875 0.70520886875 0.8148019859375001
0 0.7127666578125 0.81360435 0.7128420453125 0.8265625 0.715625 0.8265625 0.715625 0.8136376109375 0.7127666578125 0.81360435
0 0.7148695640625 0.81389485 0.7146110890624999 0.825 0.71875 0.825 0.71875 0.8138496968750001 0.7148695640625 0.81389485
0 0.66875 0.778125 0.6671875 0.778125 0.6671875 0.7890625 0.66875 0.7890625 0.66875 0.778125
0 0.6690757640625 0.775491403125 0.6692853734375 0.7875 0.671875 0.7875 0.671875 0.7754751171875001 0.6690757640625 0.775491403125
0 0.6713544234375 0.7746391609375 0.6714201546874999 0.7859375 0.675 0.7859375 0.675 0.7746179515625 0.6713544234375 0.7746391609375
0 0.6854814328125001 0.7606254437500001 0.685854225 0.7734375 0.696875 0.7734375 0.696875 0.76075801875 0.6854814328125001 0.7606254437500001
0 0.6618661515625 0.739811421875 0.6617886953125 0.753125 0.6765625 0.753125 0.6765625 0.740067946875 0.6618661515625 0.739811421875
0 0.6724573031250001 0.7321605671875 0.6798318140624999 0.7321605671875 0.6798318140624999 0.7188444687500001 0.6724573031250001 0.7188444687500001 0.6724573031250001 0.7321605671875
0 0.689441025 0.7528303328125 0.7003910578125 0.7528303328125 0.7003910578125 0.7432904421875 0.689441025 0.7432904421875 0.689441025 0.7528303328125
0 0.7075420984375 0.7347442890625 0.718268659375 0.7347442890625 0.718268659375 0.7283843593749999 0.7075420984375 0.7283843593749999 0.7075420984375 0.7347442890625
0 0.7085477140625 0.7703201359375 0.6956981859375 0.7703201359375 0.6956981859375 0.7858224593750001 0.7085477140625 0.7858224593750001 0.7085477140625 0.7703201359375
0 0.6770384390624999 0.8021197749999999 0.6934634859375001 0.8021197749999999 0.6934634859375001 0.79158614375 0.6770384390624999 0.79158614375 0.6770384390624999 0.8021197749999999
0 0.72106901875 0.785847303125 0.7062292109375 0.785847303125 0.7062292109375 0.7995112109375 0.72106901875 0.7995112109375 0.72106901875 0.785847303125
0 0.6967892796874999 0.7283351703125 0.7064431843750001 0.7283351703125 0.7064431843750001 0.7163785062500001 0.6967892796874999 0.7163785062500001 0.6967892796874999 0.7283351703125
0 0.7225330265625 0.7264271921875001 0.73004161875 0.7264271921875001 0.73004161875 0.713325740625 0.7225330265625 0.713325740625 0.7225330265625 0.7264271921875001
0 0.7032252156250001 0.7077290046875 0.7099471937499999 0.7077290046875 0.7099471937499999 0.70098748125 0.7032252156250001 0.70098748125 0.7032252156250001 0.7077290046875
0 0.6877789671875 0.7196856687500001 0.6957166234375001 0.7196856687500001 0.6957166234375001 0.7106545703125 0.6877789671875 0.7106545703125 0.6877789671875 0.7196856687500001
0 0.6877789671875 0.7275719796875 0.6808424578125 0.7275719796875 0.6808424578125 0.74283580625 0.6877789671875 0.74283580625 0.6877789671875 0.7275719796875
0 0.67818638125 0.7641442546875 0.6861497796875 0.7641442546875 0.6861497796875 0.7573060609375 0.67818638125 0.7573060609375 0.67818638125 0.7641442546875
0 0.753444278125 0.6795898593749999 0.7559619 0.6795898593749999 0.7559619 0.6681022984375 0.753444278125 0.6681022984375 0.753444278125 0.6795898593749999
0 0.76154445625 0.6889356703124999 0.765375621875 0.6889356703124999 0.765375621875 0.6786163359375 0.76154445625 0.6786163359375 0.76154445625 0.6889356703124999
0 0.7644990500000001 0.685789246875 0.767133140625 0.685789246875 0.767133140625 0.6753219375 0.7644990500000001 0.6753219375 0.7644990500000001 0.685789246875
0 0.756933046875 0.6788110406250001 0.7597913140625 0.6788110406250001 0.7597913140625 0.6669480906249999 0.756933046875 0.6669480906249999 0.756933046875 0.6788110406250001
0 0.7455560171875 0.6768172671875 0.7478538421875001 0.6768172671875 0.7478538421875001 0.666848403125 0.7455560171875 0.666848403125 0.7455560171875 0.6768172671875
0 0.7342910781249999 0.7511850046874999 0.737877925 0.7511850046874999 0.737877925 0.7410167624999999 0.7342910781249999 0.7410167624999999 0.7342910781249999 0.7511850046874999
0 0.5658452640625 0.8299560312499998 0.5703514671875001 0.8299560312499998 0.5703514671875001 0.8179965890625001 0.5658452640625 0.8179965890625001 0.5658452640625 0.8299560312499998
0 0.5451739546875001 0.8445872640625 0.5488218328125 0.8445872640625 0.5488218328125 0.8345362421875 0.5451739546875001 0.8345362421875 0.5451739546875001 0.8445872640625
0 0.554615521875 0.8547655125 0.559050196875 0.8547655125 0.559050196875 0.8421699296875002 0.554615521875 0.8421699296875002 0.554615521875 0.8547655125
0 0.552898871875 0.8755036953124999 0.556403696875 0.8755036953124999 0.556403696875 0.8690150625000002 0.552898871875 0.8690150625000002 0.552898871875 0.8755036953124999
0 0.5493940484375 0.8894987875 0.5544724671875 0.8894987875 0.5544724671875 0.8819923281250001 0.5493940484375 0.8819923281250001 0.5493940484375 0.8894987875
0 0.5680626015625 0.8832646093750001 0.57221116875 0.8832646093750001 0.57221116875 0.8761398359375001 0.5680626015625 0.8761398359375001 0.5680626015625 0.8832646093750001
0 0.5296875 0.716861725 0.531729490625 0.716861725 0.531729490625 0.7058692171875001 0.5296875 0.7058692171875001 0.5296875 0.716861725
0 0.5832269812499999 0.6818320734375 0.5854700687500001 0.6818320734375 0.5854700687500001 0.673689475 0.5832269812499999 0.673689475 0.5832269812499999 0.6818320734375
0 0.565099171875 0.6838677234375 0.5722862078125 0.6838677234375 0.5722862078125 0.6789007375 0.565099171875 0.6789007375 0.565099171875 0.6838677234375
0 0.5798051281250001 0.7323212781249999 0.582185546875 0.7323212781249999 0.582185546875 0.724097253125 0.5798051281250001 0.724097253125 0.5798051281250001 0.7323212781249999
0 0.5734878609375 0.7349269093749999 0.57760781875 0.7349269093749999 0.57760781875 0.7249929374999999 0.5734878609375 0.7249929374999999 0.5734878609375 0.7349269093749999
