0 0.646168678125 0.13557688125 0.6505934796874999 0.13557688125 0.6505934796874999 0.122822365625 0.646168678125 0.122822365625 0.646168678125 0.13557688125
0 0.65785015625 0.13101045 0.65785015625 0.1299082078125 0.6520094171874999 0.1299082078125 0.6520094171874999 0.1432925765625 0.65785015625 0.1432925765625 0.65785015625 0.13101045
0 0.6617439828125 0.1299082078125 0.65785015625 0.1299082078125 0.65785015625 0.14171794531249998 0.6617439828125 0.14171794531249998 0.6617439828125 0.1299082078125
0 0.6682041953125 0.146441840625 0.6722750140625 0.146441840625 0.6722750140625 0.13085298750000002 0.6682041953125 0.13085298750000002 0.6682041953125 0.146441840625
0 0.6390625 0.21241890468750002 0.6445757484375 0.21241890468750002 0.6445757484375 0.20486067343749997 0.6390625 0.20486067343749997 0.6390625 0.21241890468750002
0 0.6780272578125001 0.192893471875 0.68254055625 0.192893471875 0.68254055625 0.17966656718750001 0.6780272578125001 0.17966656718750001 0.6780272578125001 0.192893471875
0 0.682894540625 0.23997495781249997 0.6891777609374999 0.23997495781249997 0.6891777609374999 0.22186669375 0.682894540625 0.22186669375 0.682894540625 0.23997495781249997
0 0.6995700703125001 0.24740100312500002 0.70800485 0.24740100312500002 0.70800485 0.2218132390625 0.6995700703125001 0.2218132390625 0.6995700703125001 0.24740100312500002
0 0.7116000015624999 0.26659182656249997 0.7193434078125 0.26659182656249997 0.7193434078125 0.24469460468749998 0.7116000015624999 0.24469460468749998 0.7116000015624999 0.26659182656249997
0 0.72703340625 0.3857458421875 0.734163215625 0.3857458421875 0.734163215625 0.3719063078125 0.72703340625 0.3719063078125 0.72703340625 0.3857458421875
0 0.741293025 0.3719063078125 0.734163215625 0.3719063078125 0.734163215625 0.3872835703125 0.741293025 0.3872835703125 0.741293025 0.3719063078125
0 0.7507130140625 0.37627345 0.7591477953125001 0.37627345 0.7591477953125001 0.36200335156249996 0.7507130140625 0.36200335156249996 0.7507130140625 0.37627345
0 0.7783680328125 0.3757813765625 0.790674515625 0.3757813765625 0.790674515625 0.3622493859375 0.7783680328125 0.3622493859375 0.7783680328125 0.3757813765625
0 0.7508796906249999 0.2192254125 0.754794471875 0.2192254125 0.754794471875 0.212517734375 0.7508796906249999 0.212517734375 0.7508796906249999 0.2192254125
0 0.7562806390625 0.219999375 0.7606666453125 0.219999375 0.7606666453125 0.21116329843749998 0.7562806390625 0.21116329843749998 0.7562806390625 0.219999375
0 0.7649076609375001 0.19819941875 0.7717947765625001 0.19819941875 0.7717947765625001 0.184461578125 0.7649076609375001 0.184461578125 0.7649076609375001 0.19819941875
0 0.77465836875 0.19420061093750002 0.7809655171875 0.19420061093750002 0.7809655171875 0.180398271875 0.77465836875 0.180398271875 0.77465836875 0.19420061093750002
0 0.766947290625 0.26191238906250003 0.7752437953125 0.26191238906250003 0.7752437953125 0.23577104375000002 0.766947290625 0.23577104375000002 0.766947290625 0.26191238906250003
0 0.7909725875 0.33111006718749997 0.7999604687499999 0.33111006718749997 0.7999604687499999 0.30988944531249996 0.7909725875 0.30988944531249996 0.7909725875 0.33111006718749997
0 0.7621076625 0.134281115625 0.766601603125 0.134281115625 0.766601603125 0.12443966718749999 0.7621076625 0.12443966718749999 0.7621076625 0.134281115625
0 0.8249373578125001 0.1231611546875 0.8277908 0.1231611546875 0.8277908 0.11684561874999999 0.8249373578125001 0.11684561874999999 0.8249373578125001 0.1231611546875
0 0.9014647625000001 0.4296875 0.9014647625000001 0.4119607703125 0.8908780765625 0.4119607703125 0.8908780765625 0.4296875 0.9014647625000001 0.4296875
0 0.8688404843749999 0.3835128359375 0.87489001875 0.3835128359375 0.87489001875 0.358140353125 0.8688404843749999 0.358140353125 0.8688404843749999 0.3835128359375
0 0.8601982906250001 0.389663740625 0.8692725937500001 0.389663740625 0.8692725937500001 0.373133184375 0.8601982906250001 0.373133184375 0.8601982906250001 0.389663740625
0 0.865815715625 0.3300768515625 0.8746739640625 0.3300768515625 0.8746739640625 0.30739538906249997 0.865815715625 0.30739538906249997 0.865815715625 0.3300768515625
0 0.8843964312499999 0.30739538906249997 0.8746739640625 0.30739538906249997 0.8746739640625 0.32892355625 0.8843964312499999 0.32892355625 0.8843964312499999 0.30739538906249997
0 0.8900138562500001 0.33084571406249996 0.9003844875 0.33084571406249996 0.9003844875 0.3150840203125 0.8900138562500001 0.3150840203125 0.8900138562500001 0.33084571406249996
0 0.8988721046875 0.333152303125 0.908594571875 0.333152303125 0.908594571875 0.30931754843750003 0.8988721046875 0.30931754843750003 0.8988721046875 0.333152303125
0 0.8684083749999999 0.2770252984375 0.8753221281249999 0.2770252984375 0.8753221281249999 0.26357019375 0.8684083749999999 0.26357019375 0.8684083749999999 0.2770252984375
0 0.8448583984375 0.2485773625 0.850691878125 0.2485773625 0.850691878125 0.226280334375 0.8448583984375 0.226280334375 0.8448583984375 0.2485773625
0 0.8962794468749999 0.2408887328125 0.9060019140625 0.2408887328125 0.9060019140625 0.210518640625 0.8962794468749999 0.210518640625 0.8962794468749999 0.2408887328125
0 0.81570315 0.220728121875 0.8244144796875 0.220728121875 0.8244144796875 0.195878465625 0.81570315 0.195878465625 0.81570315 0.220728121875
0 0.8394864656250001 0.11001183437499999 0.8437729921875 0.11001183437499999 0.8437729921875 0.090082903125 0.8394864656250001 0.090082903125 0.8394864656250001 0.11001183437499999
0 0.8549732750000001 0.1304328390625 0.8618870296875001 0.1304328390625 0.8618870296875001 0.10730543749999999 0.8549732750000001 0.10730543749999999 0.8549732750000001 0.1304328390625
0 0.8863617203124999 0.11616274062500001 0.8863617203124999 0.097463990625 0.8812455421875001 0.097463990625 0.8812455421875001 0.11616274062500001 0.88484069375 0.11616274062500001 0.8863617203124999 0.11616274062500001
0 0.9267380453125 0.198338828125 0.9335135250000001 0.198338828125 0.9335135250000001 0.16930655625 0.9267380453125 0.16930655625 0.9267380453125 0.198338828125
0 0.9205156671875001 0.19514035624999998 0.9256318453125001 0.19514035624999998 0.9256318453125001 0.1739812453125 0.9205156671875001 0.1739812453125 0.9205156671875001 0.19514035624999998
0 0.9467879328125001 0.21752965 0.9531485875 0.21752965 0.9531485875 0.1916958515625 0.9467879328125001 0.1916958515625 0.9467879328125001 0.21752965
0 0.96213646875 0.1668461953125 0.9666995453125 0.1668461953125 0.9666995453125 0.1434727578125 0.96213646875 0.1434727578125 0.96213646875 0.1668461953125
0 0.913529128125 0.2013719921875 0.9201663328125 0.2013719921875 0.9201663328125 0.1873479296875 0.913529128125 0.1873479296875 0.913529128125 0.2013719921875
0 0.907168475 0.20580064375 0.9161563546875 0.20580064375 0.9161563546875 0.1962052328125 0.907168475 0.1962052328125 0.907168475 0.20580064375
0 0.7130676453125 0.3796913921875 0.7049260078125 0.3796913921875 0.7049260078125 0.4069010265625 0.7130676453125 0.4069010265625 0.7130676453125 0.3796913921875
0 0.6390625 0.3463294953125 0.6442844937500001 0.3463294953125 0.6442844937500001 0.3274319 0.6390625 0.3274319 0.6390625 0.3463294953125
0 0.6390625 0.1345168265625 0.6414386734375 0.1345168265625 0.6414386734375 0.1295221859375 0.6390625 0.1295221859375 0.6390625 0.1345168265625
0 0.65423034375 0.099941778125 0.6583626140625001 0.099941778125 0.6583626140625001 0.0909122109375 0.65423034375 0.0909122109375 0.65423034375 0.099941778125
0 0.7988753749999999 0.17379099375 0.7938346390625 0.17379099375 0.7938346390625 0.1925354078125 0.7988753749999999 0.1925354078125 0.7988753749999999 0.17379099375
0 0.762061015625 0.1535349328125 0.7575866546875 0.1535349328125 0.7575866546875 0.16582965624999998 0.762061015625 0.16582965624999998 0.762061015625 0.1535349328125
0 0.769480525 0.16411645625 0.7723690359375001 0.16411645625 0.7723690359375001 0.1601861765625 0.769480525 0.1601861765625 0.769480525 0.16411645625
0 0.8051022484375 0.12529337812500002 0.8008974828125 0.12529337812500002 0.8008974828125 0.135741878125 0.8051022484375 0.135741878125 0.8051022484375 0.12529337812500002
0 0.8215315828125 0.1145951703125 0.8242783093749999 0.1145951703125 0.8242783093749999 0.107700090625 0.8215315828125 0.107700090625 0.8215315828125 0.1145951703125
0 0.8179682609375 0.1081491953125 0.815444240625 0.1081491953125 0.815444240625 0.1145951703125 0.8179682609375 0.1145951703125 0.8179682609375 0.1081491953125
0 0.8220512328125 0.1215959234375 0.8237883531250001 0.1215959234375 0.8237883531250001 0.1183201 0.8220512328125 0.1183201 0.8220512328125 0.1215959234375
0 0.8365907578125 0.022294642187499998 0.8332921921875001 0.022294642187499998 0.8332921921875001 0.031195217187500002 0.8365907578125 0.031195217187500002 0.8365907578125 0.022294642187499998
0 0.838076925 0.032614148437500004 0.8410492609375 0.032614148437500004 0.8410492609375 0.0266804328125 0.838076925 0.0266804328125 0.838076925 0.032614148437500004
0 0.8512711921874999 0.023391090625 0.8472114171874999 0.023391090625 0.8472114171874999 0.030679240625 0.8512711921874999 0.030679240625 0.8512711921874999 0.023391090625
0 0.894267759375 0.0971275265625 0.890370375 0.0971275265625 0.890370375 0.115661359375 0.894267759375 0.115661359375 0.894267759375 0.0971275265625
0 0.8896976125 0.11722992343750001 0.885707434375 0.11722992343750001 0.885707434375 0.1235454609375 0.8896976125 0.1235454609375 0.8896976125 0.11722992343750001
0 0.8934326046875001 0.116445640625 0.89002239375 0.116445640625 0.89002239375 0.12519658125 0.8934326046875001 0.12519658125 0.8934326046875001 0.116445640625
0 0.8994577453125 0.0852196234375 0.88869354375 0.0852196234375 0.88869354375 0.093475228125 0.8994577453125 0.093475228125 0.8994577453125 0.0852196234375
0 0.958823959375 0.08798060468749999 0.962086278125 0.08798060468749999 0.962086278125 0.0762905390625 0.958823959375 0.0762905390625 0.958823959375 0.08798060468749999
0 0.9864630484375001 0.1091033421875 0.9890457171874999 0.1091033421875 0.9890457171874999 0.09523650624999999 0.9864630484375001 0.09523650624999999 0.9864630484375001 0.1091033421875
0 0.9993763921875001 0.09217290312500001 0.993123615625 0.09217290312500001 0.993123615625 0.111360734375 0.9993763921875001 0.111360734375 0.9993763921875001 0.09217290312500001
0 0.416571375 0.866056153125 0.41752996875 0.9484375 0.4296875 0.9484375 0.4296875 0.8656745125 0.416571375 0.866056153125
0 0.7578125 0.9046875 0.7573501 0.9046875 0.7517308078125 0.9048510046875 0.7520379875 0.93125 0.7578125 0.93125 0.7578125 0.9046875
0 0.679037628125 0.9582808734375 0.6788612656249999 0.9734375 0.6890625 0.9734375 0.6890625 0.9582225515625 0.679037628125 0.9582808734375
0 0.985303584375 0.9748313078125002 0.9912811015624999 0.9748313078125002 0.9912811015624999 0.9503686484374999 0.985303584375 0.9503686484374999 0.985303584375 0.9748313078125002
0 0.9434609671875 0.9317557531249999 0.9515306156250001 0.9317557531249999 0.9515306156250001 0.909952078125 0.9434609671875 0.909952078125 0.9434609671875 0.9317557531249999
0 0.9181739453125001 0.9159490859375001 0.920863828125 0.9159490859375001 0.920863828125 0.8989315828125001 0.9181739453125001 0.8989315828125001 0.9181739453125001 0.9159490859375001
0 0.9115986765624999 0.8978679875000001 0.9151851875 0.8978679875000001 0.9151851875 0.8861684546875 0.9115986765624999 0.8861684546875 0.9115986765624999 0.8978679875000001
0 0.8749903796874999 0.8661120640625001 0.882287153125 0.8661120640625001 0.882287153125 0.8375487500000001 0.8749903796874999 0.8375487500000001 0.8749903796874999 0.8661120640625001
0 0.7792807625 0.8008123812499999 0.7847800781250001 0.8008123812499999 0.7847800781250001 0.7863475046875 0.7792807625 0.7863475046875 0.7792807625 0.8008123812499999
0 0.7697167359375 0.8233605734375 0.77473785 0.8233605734375 0.77473785 0.8063430703125001 0.7697167359375 0.8063430703125001 0.7697167359375 0.8233605734375
0 0.9516723468749999 0.6867951109374999 0.9571716625000001 0.6867951109374999 0.9571716625000001 0.66424691875 0.9516723468749999 0.66424691875 0.9516723468749999 0.6867951109374999
0 0.6390625 0.7372540015625 0.64136590625 0.7372540015625 0.64136590625 0.7301066515625 0.6390625 0.7301066515625 0.6390625 0.7372540015625
0 0.9606031312500001 0.5594139484375 0.966207053125 0.5594139484375 0.966207053125 0.5434600390625001 0.9606031312500001 0.5434600390625001 0.9606031312500001 0.5594139484375
0 0.877291490625 0.554095978125 0.8817746281249998 0.554095978125 0.8817746281249998 0.5381420703125 0.877291490625 0.5381420703125 0.877291490625 0.554095978125
0 0.84292076875 0.526841384375 0.8481510953125 0.526841384375 0.8481510953125 0.5088932359375 0.84292076875 0.5088932359375 0.84292076875 0.526841384375
0 0.9266060046875 0.4690084625 0.9318363312500001 0.4690084625 0.9318363312500001 0.4457423453125 0.9266060046875 0.4457423453125 0.9266060046875 0.4690084625
0 0.9872978781249999 0.4296875 0.9872978781249999 0.45034518749999997 0.991215303125 0.45034518749999997 0.991215303125 0.4296875 0.9872978781249999 0.4296875
0 0.650123890625 0.7094730921875 0.6560618218750001 0.7094730921875 0.6560618218750001 0.6963718671875 0.650123890625 0.6963718671875 0.650123890625 0.7094730921875
0 0.6728134359375 0.8666952109375 0.6772886406249999 0.8666952109375 0.6772886406249999 0.8500771125 0.6728134359375 0.8500771125 0.6728134359375 0.8666952109375
0 0.6927572828125 0.8886795703124999 0.6996646625 0.8886795703124999 0.6996646625 0.87361941875 0.6927572828125 0.87361941875 0.6927572828125 0.8886795703124999
0 0.891320553125 0.734349921875 0.9010587593749999 0.734349921875 0.9010587593749999 0.72167131875 0.891320553125 0.72167131875 0.891320553125 0.734349921875
0 0.8390667624999999 0.7212486984375 0.8442921421874999 0.7212486984375 0.8442921421874999 0.70857009375 0.8390667624999999 0.70857009375 0.8390667624999999 0.7212486984375
0 0.645076971875 0.63287351875 0.6491848124999999 0.63287351875 0.6491848124999999 0.6172273046875001 0.645076971875 0.6172273046875001 0.645076971875 0.63287351875
0 0.908501715625 0.9352317078125001 0.9129144359375001 0.9352317078125001 0.9129144359375001 0.9277369421875001 0.908501715625 0.9277369421875001 0.908501715625 0.9352317078125001
