0 0.21182883125 0.5547794453125 0.2115930171875 0.5953125 0.22610224375 0.5953125 0.2263380578125 0.5547794453125 0.21182883125 0.5547794453125
0 0.090547584375 0.97086495625 0.1006898140625 0.97086495625 0.1006898140625 0.941487728125 0.090547584375 0.941487728125 0.090547584375 0.97086495625
0 0.575 0.6390625 0.571225184375 0.6390625 0.5650277515625 0.6391706765625 0.5651816578125001 0.665625 0.575 0.665625 0.575 0.6390625
0 0.8988318968750001 0.619649721875 0.8988007703124999 0.625 0.9 0.625 0.9 0.619649721875 0.8988318968750001 0.619649721875
0 0.891024284375 0.6269769703125 0.8930606984375 0.6269769703125 0.8930606984375 0.6224129484375001 0.891024284375 0.6224129484375001 0.891024284375 0.6269769703125
0 0.9025154734375 0.6137195734375 0.9039700546875 0.6137195734375 0.9039700546875 0.60546086875 0.9025154734375 0.60546086875 0.9025154734375 0.6137195734375
0 0.9039700546875 0.6137195734375 0.906151925 0.6137195734375 0.906151925 0.607851546875 0.9039700546875 0.607851546875 0.9039700546875 0.6137195734375
0 0.8280409359375 0.6256729640625001 0.830368265625 0.6256729640625001 0.830368265625 0.6226302828125 0.8280409359375 0.6226302828125 0.8280409359375 0.6256729640625001
0 0.8606235453124998 0.6269769703125 0.8629508749999999 0.6269769703125 0.8629508749999999 0.6228476171875 0.8606235453124998 0.6228476171875 0.8606235453124998 0.6269769703125
0 0.8673146171875 0.641973040625 0.8726965671875 0.641973040625 0.8726965671875 0.638061021875 0.8673146171875 0.638061021875 0.8673146171875 0.641973040625
0 0.9124066234375 0.63219299375 0.9151703265624999 0.63219299375 0.9151703265624999 0.6237169546875 0.9124066234375 0.6237169546875 0.9124066234375 0.63219299375
0 0.9186613203124999 0.6306716531250001 0.9208431921875 0.6306716531250001 0.9208431921875 0.6211089421875 0.9186613203124999 0.6211089421875 0.9186613203124999 0.6306716531250001
0 0.9563349640624998 0.6395823625 0.9598259578124999 0.6395823625 0.9598259578124999 0.631106321875 0.9563349640624998 0.631106321875 0.9563349640624998 0.6395823625
0 0.954007634375 0.6269769703125 0.957935003125 0.6269769703125 0.957935003125 0.6148062453125 0.954007634375 0.6148062453125 0.954007634375 0.6269769703125
0 0.93887999375 0.6228476171875 0.9433891953125 0.6228476171875 0.9433891953125 0.60806888125 0.93887999375 0.60806888125 0.93887999375 0.6228476171875
0 0.9567713390625 0.6171969234375 0.957935003125 0.6171969234375 0.957935003125 0.606112871875 0.9567713390625 0.606112871875 0.9567713390625 0.6171969234375
0 0.9458619828125 0.6204569390625 0.9474620203124999 0.6204569390625 0.9474620203124999 0.607416878125 0.9458619828125 0.607416878125 0.9458619828125 0.6204569390625
0 0.9474620203124999 0.6204569390625 0.9503711828124999 0.6204569390625 0.9503711828124999 0.607851546875 0.9474620203124999 0.607851546875 0.9474620203124999 0.6204569390625
0 0.9513893890624999 0.6211089421875 0.9528439703124999 0.6211089421875 0.9528439703124999 0.606982209375 0.9513893890624999 0.606982209375 0.9513893890624999 0.6211089421875
0 0.9727717265625 0.6280636421875 0.9756808890625 0.6280636421875 0.9756808890625 0.609590221875 0.9727717265625 0.609590221875 0.9727717265625 0.6280636421875
0 0.983244709375 0.6180662609375001 0.9873175359375 0.6180662609375001 0.9873175359375 0.603939528125 0.983244709375 0.603939528125 0.983244709375 0.6180662609375001
0 0.97800821875 0.640234365625 0.9810628375 0.640234365625 0.9810628375 0.6250209609375 0.97800821875 0.6250209609375 0.97800821875 0.640234365625
0 0.9903721546875002 0.636322346875 0.994154065625 0.636322346875 0.994154065625 0.629367646875 0.9903721546875002 0.629367646875 0.9903721546875002 0.636322346875
0 1 0.6371916843750001 0.9980814328125 0.6371916843750001 0.9980814328125 0.6432770453125001 1 0.6432770453125001 1 0.6371916843750001
0 0.9890630328124999 0.6295849812500001 0.9909539875 0.6295849812500001 0.9909539875 0.6143715765625 0.9890630328124999 0.6143715765625 0.9890630328124999 0.6295849812500001
0 0.9816446703124999 0.633714334375 0.9855720390624999 0.633714334375 0.9855720390624999 0.6187182640625 0.9816446703124999 0.6187182640625 0.9816446703124999 0.633714334375
0 0.9756808890625 0.6280636421875 0.979026425 0.6280636421875 0.979026425 0.6191529328125001 0.9756808890625 0.6191529328125001 0.9756808890625 0.6280636421875
0 0.8857742546875 0.6282190734374999 0.8879413140625001 0.6282190734374999 0.8879413140625001 0.6227934312500001 0.8857742546875 0.6227934312500001 0.8857742546875 0.6282190734374999
0 0.9500269640625 0.6351119890625 0.9528867859375 0.6351119890625 0.9528867859375 0.6305541578125 0.9500269640625 0.6305541578125 0.9500269640625 0.6351119890625
