0 0.1296875 0.1640625 0.259375 0.01875
0 0.1296875 0.17109375 0.259375 0.0109375
0 0.1296875 0.4265625 0.259375 0.00625
0 0.1296875 0.440625 0.259375 0.00625
0 0.1296875 0.45234375 0.259375 0.0046875
0 0.1296875 0.4765625 0.259375 0.009375
0 0.1296875 0.48828125 0.259375 0.0078125
0 0.1296875 0.54921875 0.259375 0.0078125
0 0.1296875 0.5578125 0.259375 0.009375
0 0.1296875 0.22421875 0.259375 0.0078125
0 0.1296875 0.21015625 0.259375 0.0078125
0 0.1296875 0.403125 0.259375 0.00625
0 0.1296875 0.4 0.259375 0.00625
0 0.1296875 0.4265625 0.259375 0.00625
0 0.1296875 0.440625 0.259375 0.00625
0 0.1296875 0.35078125 0.259375 0.0140625
0 0.1296875 0.353125 0.259375 0.009375
0 0.1296875 0.37265625 0.259375 0.0109375
0 0.1296875 0.3203125 0.259375 0.009375
0 0.1296875 0.25859375 0.259375 0.0046875
0 0.1296875 0.2625 0.259375 0.00625
0 0.1296875 0.29375 0.259375 0.009375
0 0.1296875 0.20625 0.259375 0.00625
0 0.1296875 0.1984375 0.259375 0.00625
0 0.1296875 0.1921875 0.259375 0.00625
0 0.1296875 0.1859375 0.259375 0.009375
0 0.1296875 0.20234375 0.259375 0.0078125
0 0.1296875 0.2765625 0.259375 0.00625
0 0.1296875 0.1796875 0.259375 0.00625
0 0.7328125 0.56875 0.7328125 0.53804485 0.7260382796875 0.5378871796875 0.7267566203125 0.56875 0.7328125 0.56875
0 0.684375 0.56875 0.684375 0.5279526046874999 0.6750701765625 0.5278984703125 0.675545528125 0.56875 0.684375 0.56875
0 0.6530509515625 0.56875 0.6530509515625 0.5421875 0.6408122703125001 0.5421875 0.6408122703125001 0.56875 0.6530509515625 0.56875
0 0.6984375 0.56875 0.6984375 0.5496400359375 0.6877444953125 0.5498266843749999 0.6879646875 0.56875 0.6984375 0.56875
0 0.70625 0.56875 0.70625 0.537585834375 0.6975550359375 0.53773760625 0.6971941734375 0.56875 0.70625 0.56875
0 0.6718314796875 0.56875 0.671875 0.567254275 0.671875 0.5569765421875 0.6630526671875 0.5568738843750001 0.6627071078125 0.56875 0.6718314796875 0.56875
0 0.6625 0.56875 0.6625 0.541628153125 0.6573125109375 0.5415677921875 0.6569962171875 0.56875 0.6625 0.56875
0 0.6703125 0.56875 0.6703125 0.5431253953125 0.659519928125 0.5429998125 0.6598195578125 0.56875 0.6703125 0.56875
