0 0.0210836953125 0.09610325 0.144812628125 0.09610325 0.144812628125 0.0392163828125 0.0210836953125 0.0392163828125 0.0210836953125 0.09610325
0 0.363652990625 0.4997461578125 0.37413837656250004 0.4997461578125 0.37413837656250004 0.4738563125 0.363652990625 0.4738563125 0.363652990625 0.4997461578125
0 0.3397696078125 0.5075131125000001 0.355206428125 0.5075131125000001 0.355206428125 0.48421225156250003 0.3397696078125 0.48421225156250003 0.3397696078125 0.5075131125000001
0 0.30802218593749997 0.5577394109375 0.3345269140625 0.5577394109375 0.3345269140625 0.523564815625 0.30802218593749997 0.523564815625 0.30802218593749997 0.5577394109375
0 0.280671071875 0.4670483359375 0.2961428421875 0.4670483359375 0.2961428421875 0.44385103593749997 0.280671071875 0.44385103593749997 0.280671071875 0.4670483359375
0 0.38980490625 0.49345999531249995 0.40812944843750004 0.49345999531249995 0.40812944843750004 0.47269218124999995 0.38980490625 0.47269218124999995 0.38980490625 0.49345999531249995
0 0.42698845625 0.474321028125 0.450352246875 0.474321028125 0.450352246875 0.457489596875 0.42698845625 0.457489596875 0.42698845625 0.474321028125
0 0.32893309843749996 0.51010645 0.3375456328125 0.51010645 0.3375456328125 0.4876283453125 0.32893309843749996 0.4876283453125 0.32893309843749996 0.51010645
0 0.26414088593749996 0.24003557656250002 0.2676826171875 0.24003557656250002 0.2676826171875 0.2251230265625 0.26414088593749996 0.2251230265625 0.26414088593749996 0.24003557656250002
0 0.269360278125 0.2363902875 0.2730884171875 0.2363902875 0.2730884171875 0.2234660765625 0.269360278125 0.2234660765625 0.269360278125 0.2363902875
0 0.5962975593750001 0.2387281453125 0.601565865625 0.2387281453125 0.601565865625 0.21443115937499999 0.5962975593750001 0.21443115937499999 0.5962975593750001 0.2387281453125
0 0.47965867968750003 0.4485973578125 0.4969142890625 0.4485973578125 0.4969142890625 0.43705968281249996 0.47965867968750003 0.43705968281249996 0.47965867968750003 0.4485973578125
0 0.520583490625 0.430951503125 0.540358725 0.430951503125 0.540358725 0.4173777671875 0.520583490625 0.4173777671875 0.520583490625 0.430951503125
0 0.2866409984375 0.41466945468749994 0.2958643515625 0.41466945468749994 0.2958643515625 0.39447173750000003 0.2866409984375 0.39447173750000003 0.2866409984375 0.41466945468749994
0 0.6027918609375 0.2382862890625 0.6099995140625001 0.2382862890625 0.6099995140625001 0.22514691406249998 0.6027918609375 0.22514691406249998 0.6027918609375 0.2382862890625
0 0.4770199609375 0.69533024375 0.4805851828125 0.69533024375 0.4805851828125 0.68482221875 0.4770199609375 0.68482221875 0.4770199609375 0.69533024375
0 0.47630383125 0.2704802046875 0.4795875890625 0.2704802046875 0.4795875890625 0.2527444359375 0.47630383125 0.2527444359375 0.47630383125 0.2704802046875
0 0.48086981875 0.272592928125 0.4854670796875 0.272592928125 0.4854670796875 0.2520216625 0.48086981875 0.2520216625 0.48086981875 0.272592928125
0 0.3060528921875 0.28644289375 0.3168521546875 0.28644289375 0.3168521546875 0.2625531203125 0.3060528921875 0.2625531203125 0.3060528921875 0.28644289375
0 0.69394215 0.536576053125 0.7019591375 0.536576053125 0.7019591375 0.514858078125 0.69394215 0.514858078125 0.69394215 0.536576053125
0 0.64307245625 0.53267360625 0.6518529671875 0.53267360625 0.6518529671875 0.51723348125 0.64307245625 0.51723348125 0.64307245625 0.53267360625
0 0.3571786625 0.2761095609375 0.36147882187499997 0.2761095609375 0.36147882187499997 0.257901209375 0.3571786625 0.257901209375 0.3571786625 0.2761095609375
0 0.3669517515625 0.279097953125 0.3708218953125 0.279097953125 0.3708218953125 0.25797070624999996 0.3669517515625 0.25797070624999996 0.3669517515625 0.279097953125
0 0.8236190593750001 0.29944318281250004 0.8288720953125001 0.29944318281250004 0.8288720953125001 0.2749018703125 0.8236190593750001 0.2749018703125 0.8236190593750001 0.29944318281250004
0 0.799241453125 0.22091318750000002 0.8052064734375 0.22091318750000002 0.8052064734375 0.1949322109375 0.799241453125 0.1949322109375 0.799241453125 0.22091318750000002
0 0.8382822781250001 0.12660850937499998 0.8443964234375001 0.12660850937499998 0.8443964234375001 0.10619488437499999 0.8382822781250001 0.10619488437499999 0.8382822781250001 0.12660850937499998
0 0.027899365625 0.3271515171875 0.038435978125 0.3271515171875 0.038435978125 0.2985109359375 0.027899365625 0.2985109359375 0.027899365625 0.3271515171875
0 0.44305296875 0.27009755625 0.44877938906250003 0.27009755625 0.44877938906250003 0.2478366296875 0.44305296875 0.2478366296875 0.44305296875 0.27009755625
0 0.09835386093750001 0.7701654437500001 0.11595067187500001 0.7701654437500001 0.11595067187500001 0.7439193562499999 0.09835386093750001 0.7439193562499999 0.09835386093750001 0.7701654437500001
