0 0.720692634375 0 0.720692634375 0.0027092546875 0.7268897703125 0.0027092546875 0.7268897703125 0 0.720692634375 0
0 0.6207973953125 0.0901181671875 0.6297605828125 0.0901181671875 0.6297605828125 0.07607217031249999 0.6207973953125 0.07607217031249999 0.6207973953125 0.0901181671875
0 0.8477587703125 0.0354939640625 0.8569169046875 0.0354939640625 0.8569169046875 0.023312221875 0.8477587703125 0.023312221875 0.8477587703125 0.0354939640625
0 0.469642228125 0.40965200468749996 0.47760335468750004 0.40965200468749996 0.47760335468750004 0.3831149125 0.469642228125 0.3831149125 0.469642228125 0.40965200468749996
0 0.48755476406250003 0.46272618593750003 0.49982816875 0.46272618593750003 0.49982816875 0.43383024375 0.48755476406250003 0.43383024375 0.48755476406250003 0.46272618593750003
0 0.5102381125 0.3675611484375 0.5197123625 0.3675611484375 0.5197123625 0.346982159375 0.5102381125 0.346982159375 0.5102381125 0.3675611484375
0 0.0140625 0.8363189390624999 0.0115610625 0.8363480453125 0.011667832812499999 0.8409353765625 0.0117697125 0.8453125 0.0140625 0.8453125 0.0140625 0.8363189390624999
0 0.024209523437499998 0.8850538546875001 0.024209523437499998 0.8682944046875001 0.01979393125 0.8682944046875001 0.01979393125 0.8850538546875001 0.0228108515625 0.8850538546875001 0.024209523437499998 0.8850538546875001
0 0.02514201875 0.8857945765625 0.02514201875 0.8701763578125 0.0222810734375 0.8701763578125 0.0222810734375 0.8857945765625 0.0246481546875 0.8857945765625 0.02514201875 0.8857945765625
0 0.019207859375 0.8834674343750001 0.022230371875 0.8834674343750001 0.022230371875 0.8680465203125 0.019207859375 0.8680465203125 0.019207859375 0.8834674343750001
0 0.0387608453125 0.81661701875 0.0387608453125 0.8055713499999999 0.035908246875 0.8055713499999999 0.035908246875 0.8105739375000001 0.035908246875 0.81661701875 0.0387608453125 0.81661701875
0 0.288649225 0.9556044187499999 0.29247457187500003 0.9556044187499999 0.29247457187500003 0.933421884375 0.288649225 0.933421884375 0.288649225 0.9556044187499999
0 0.28818446875000003 0.97340261875 0.28818446875000003 0.9666391375 0.281693284375 0.9666391375 0.281693284375 0.980443784375 0.28818446875000003 0.980443784375 0.28818446875000003 0.97340261875
0 0.20921920156249998 1 0.20921920156249998 0.9950198140625 0.20617141718749998 0.9950198140625 0.20617141718749998 1 0.20921920156249998 1
0 0.17500232031250001 0.99243839375 0.17876845937500002 0.99243839375 0.17876845937500002 0.9793915640625 0.17500232031250001 0.9793915640625 0.17500232031250001 0.99243839375
0 0.190717284375 0.9845141375 0.19410934375 0.9845141375 0.19410934375 0.9670297906249999 0.190717284375 0.9670297906249999 0.190717284375 0.9845141375
0 0.25993226406250003 0.937375075 0.2654327390625 0.937375075 0.2654327390625 0.9254511796875 0.25993226406250003 0.9254511796875 0.25993226406250003 0.937375075
0 0.27678146406250004 0.9545783359375001 0.282231871875 0.9545783359375001 0.282231871875 0.9418941859375 0.27678146406250004 0.9418941859375 0.27678146406250004 0.9545783359375001
0 0.228496296875 1 0.228496296875 0.9865225046875 0.2252226515625 0.9865225046875 0.2252226515625 1 0.228496296875 1
0 0.27092661875 0.94740649375 0.274106725 0.94740649375 0.274106725 0.9305433421875 0.27092661875 0.9305433421875 0.27092661875 0.94740649375
0 0.23754293125 1 0.23754293125 0.976814525 0.232406996875 0.976814525 0.232406996875 1 0.23754293125 1
0 0.1841522703125 0.985380709375 0.1873245078125 0.985380709375 0.1873245078125 0.9739344984375 0.1841522703125 0.9739344984375 0.1841522703125 0.985380709375
0 0.29908027656249997 0.9490345921875001 0.3043957390625 0.9490345921875001 0.3043957390625 0.9422093921875 0.29908027656249997 0.9422093921875 0.29908027656249997 0.9490345921875001
0 0.16770400937500002 0.9596032109374999 0.1719419 0.9596032109374999 0.1719419 0.9401070703125001 0.16770400937500002 0.9401070703125001 0.16770400937500002 0.9596032109374999
0 0.31367395625 0.9856653999999999 0.3188524890625 0.9856653999999999 0.3188524890625 0.9612813234375001 0.31367395625 0.9612813234375001 0.31367395625 0.9856653999999999
0 0.1525966171875 0.8931689859375 0.1525966171875 0.8852967921874999 0.1494900234375 0.8852967921874999 0.1494900234375 0.8931689859375 0.149815 0.8931689859375 0.1525966171875 0.8931689859375
0 0.3429723421875 0.9694965218749999 0.341154803125 0.9694965218749999 0.338046375 0.9694965218749999 0.338046375 0.9811697781250001 0.3429723421875 0.9811697781250001 0.3429723421875 0.9694965218749999
0 0.145794296875 0.9566129468749999 0.14957013125000002 0.9566129468749999 0.14957013125000002 0.93628838125 0.145794296875 0.93628838125 0.145794296875 0.9566129468749999
0 0.32090209375 0.9438422234375 0.32558717656249997 0.9438422234375 0.32558717656249997 0.9317364937499999 0.32090209375 0.9317364937499999 0.32090209375 0.9438422234375
0 0.254544321875 0.9362167843750001 0.25891803125 0.9362167843750001 0.25891803125 0.9195497375 0.254544321875 0.9195497375 0.254544321875 0.9362167843750001
0 0.152370834375 0.9529076406250001 0.1558012015625 0.9529076406250001 0.1558012015625 0.932842403125 0.152370834375 0.932842403125 0.152370834375 0.9529076406250001
0 0.251100921875 0.9148578015625001 0.25456514375 0.9148578015625001 0.25456514375 0.9020810375 0.251100921875 0.9020810375 0.251100921875 0.9148578015625001
0 0.28386162187499997 1 0.28386162187499997 0.9883425390625 0.2800271359375 0.9883425390625 0.2800271359375 1 0.28386162187499997 1
0 0.24194199218749998 0.923517975 0.2468747140625 0.923517975 0.2468747140625 0.9118447906250001 0.24194199218749998 0.9118447906250001 0.24194199218749998 0.923517975
0 0.23932932187499997 0.8979241671875 0.23932932187499997 0.89062635 0.23616367968750002 0.89062635 0.23616367968750002 0.9031658953124999 0.23932932187499997 0.9031658953124999 0.23932932187499997 0.8979241671875
0 0.31188796406249997 1 0.31188796406249997 0.9869990609375 0.3082028078125 0.9869990609375 0.3082028078125 1 0.31188796406249997 1
0 0.315587028125 0.9689667734375 0.315587028125 0.9572602453125001 0.31209061875 0.9572602453125001 0.31209061875 0.964329225 0.31209061875 0.9689667734375 0.315587028125 0.9689667734375
0 0.15416175468749999 0.8940512765624999 0.15416175468749999 0.8859524625 0.1514354390625 0.8859524625 0.1514354390625 0.8940512765624999 0.1536015828125 0.8940512765624999 0.15416175468749999 0.8940512765624999
0 0.15113288593750002 0.8923480843749999 0.15113288593750002 0.8850322015625001 0.14826415312500002 0.8850322015625001 0.14826415312500002 0.8880469796874999 0.14826415312500002 0.8923480843749999 0.15113288593750002 0.8923480843749999
0 0.061320448437499994 0.8959624749999999 0.06441551875 0.8959624749999999 0.06441551875 0.8796631921875001 0.061320448437499994 0.8796631921875001 0.061320448437499994 0.8959624749999999
0 0.24699583125000002 0.9544919390625001 0.2525146640625 0.9544919390625001 0.2525146640625 0.9416055390625001 0.24699583125000002 0.9416055390625001 0.24699583125000002 0.9544919390625001
0 0.2262640640625 0.927752996875 0.230508390625 0.927752996875 0.230508390625 0.9133166265625 0.2262640640625 0.9133166265625 0.2262640640625 0.927752996875
0 0.22429059375 0.91815560625 0.22429059375 0.908504140625 0.2212016421875 0.908504140625 0.2212016421875 0.9100981109375 0.2212016421875 0.91815560625 0.22429059375 0.91815560625
0 0.068272971875 0.851392753125 0.07122713750000001 0.851392753125 0.07122713750000001 0.8372434046875 0.068272971875 0.8372434046875 0.068272971875 0.851392753125
0 0.2795513203125 1 0.2795513203125 0.98659105625 0.2753284828125 0.98659105625 0.2753284828125 1 0.2795513203125 1
0 0.16005645468750002 0.9216633578125 0.16382276875 0.9216633578125 0.16382276875 0.903808240625 0.16005645468750002 0.903808240625 0.16005645468750002 0.9216633578125
0 0.1371161796875 0.915779284375 0.1397411859375 0.915779284375 0.1397411859375 0.8965038734374999 0.1371161796875 0.8965038734374999 0.1371161796875 0.915779284375
0 0.1243593828125 0.8591264078125 0.12807160625 0.8591264078125 0.12807160625 0.8456524125 0.1243593828125 0.8456524125 0.1243593828125 0.8591264078125
0 0.1517370296875 0.86215118125 0.1542118453125 0.86215118125 0.1542118453125 0.8522519203125001 0.1517370296875 0.8522519203125001 0.1517370296875 0.86215118125
0 0.15343846562500002 0.8596763656249999 0.1566866609375 0.8596763656249999 0.1566866609375 0.8492271453125 0.15343846562500002 0.8492271453125 0.15343846562500002 0.8596763656249999
0 0.1685967109375 0.8599513453125001 0.17122620156249999 0.8599513453125001 0.17122620156249999 0.8506020421875 0.1685967109375 0.8506020421875 0.1685967109375 0.8599513453125001
0 0.30295690625 0.7482317578125001 0.3186498796875 0.7482317578125001 0.3186498796875 0.7295270015625 0.30295690625 0.7295270015625 0.30295690625 0.7482317578125001
0 0.319522525 0.9046311203125 0.3220576578125 0.9046311203125 0.3220576578125 0.8826268234375 0.319522525 0.8826268234375 0.319522525 0.9046311203125
0 0.35 0.9251338203125 0.34430546875 0.9251338203125 0.34430546875 0.9384954671875001 0.35 0.9384954671875001 0.35 0.9251338203125
0 0.3485788453125 0.944936859375 0.3319769828125 0.944936859375 0.3319769828125 0.95788178125 0.3485788453125 0.95788178125 0.3485788453125 0.944936859375
0 0.3075110796875 0.937687703125 0.3142100765625 0.937687703125 0.3142100765625 0.9226715921875 0.3075110796875 0.9226715921875 0.3075110796875 0.937687703125
0 0.26037809843750004 0.8970717140625 0.263509734375 0.8970717140625 0.263509734375 0.8856718984375 0.26037809843750004 0.8856718984375 0.26037809843750004 0.8970717140625
0 0.217728203125 0.9023739546874999 0.221307215625 0.9023739546874999 0.221307215625 0.8930950328125 0.217728203125 0.8930950328125 0.217728203125 0.9023739546874999
0 0.14562423124999999 0.86439506875 0.14323822343749998 0.86439506875 0.14323822343749998 0.8787111171875001 0.14562423124999999 0.8787111171875001 0.14562423124999999 0.86439506875
0 0.13204315625000002 0.8616433562499999 0.1287027453125 0.8616433562499999 0.1287027453125 0.8769138078125 0.13204315625000002 0.8769138078125 0.13204315625000002 0.8616433562499999
0 0.12059031875 0.8788226140625 0.123692128125 0.8788226140625 0.123692128125 0.8658851484374999 0.12059031875 0.8658851484374999 0.12059031875 0.8788226140625
0 0.127271140625 0.8684302234375 0.123692128125 0.8684302234375 0.123692128125 0.8779742562500001 0.127271140625 0.8779742562500001 0.127271140625 0.8684302234375
0 0.149341715625 0.898334859375 0.14647850625 0.898334859375 0.14647850625 0.9097876984375001 0.149341715625 0.9097876984375001 0.149341715625 0.898334859375
0 0.1406327859375 0.89239635 0.14361529687500002 0.89239635 0.14361529687500002 0.8711873890625 0.1406327859375 0.8711873890625 0.1406327859375 0.89239635
0 0.1452855015625 0.8964260515625 0.1477908109375 0.8964260515625 0.1477908109375 0.8860336625 0.1452855015625 0.8860336625 0.1452855015625 0.8964260515625
0 0.154160496875 0.900372615625 0.1507399171875 0.900372615625 0.1507399171875 0.9064536499999999 0.154160496875 0.9064536499999999 0.154160496875 0.900372615625
0 0.156420525 0.8966805609375001 0.165094140625 0.8966805609375001 0.165094140625 0.881803746875 0.156420525 0.881803746875 0.156420525 0.8966805609375001
0 0.0575288453125 0.8656232203125 0.06638317187500001 0.8656232203125 0.06638317187500001 0.8482252453125 0.0575288453125 0.8482252453125 0.0575288453125 0.8656232203125
0 0.07523749843750001 0.868522884375 0.0829267828125 0.868522884375 0.0829267828125 0.8565099953124999 0.07523749843750001 0.8565099953124999 0.07523749843750001 0.868522884375
0 0.137002359375 0.7481882765625001 0.1422217515625 0.7481882765625001 0.1422217515625 0.7304257703125 0.137002359375 0.7304257703125 0.137002359375 0.7481882765625001
0 0.0831382265625 0.738180296875 0.08779839843750001 0.738180296875 0.08779839843750001 0.7192910671874999 0.0831382265625 0.7192910671874999 0.0831382265625 0.738180296875
0 0.0760547640625 0.759389259375 0.07996930937499999 0.759389259375 0.07996930937499999 0.7451394890625 0.0760547640625 0.7451394890625 0.0760547640625 0.759389259375
0 0.06897130312500001 0.7600520375 0.072699440625 0.7600520375 0.072699440625 0.7424883687499999 0.06897130312500001 0.7424883687499999 0.06897130312500001 0.7600520375
