0 0.201574075 0.5504716484375 0.20576373750000002 0.5504716484375 0.20576373750000002 0.53872626875 0.201574075 0.53872626875 0.201574075 0.5504716484375
0 0.20737514687499997 0.549898703125 0.213337359375 0.549898703125 0.213337359375 0.5358615421875 0.20737514687499997 0.5358615421875 0.20737514687499997 0.549898703125
0 0.1878770984375 0.616646840625 0.1933558890625 0.616646840625 0.1933558890625 0.602609678125 0.1878770984375 0.602609678125 0.1878770984375 0.616646840625
0 0.1933558890625 0.6218033484375 0.20044608749999998 0.6218033484375 0.20044608749999998 0.602609678125 0.1933558890625 0.602609678125 0.1933558890625 0.6218033484375
0 0.19271132500000002 0.5181002343750001 0.1969009890625 0.5181002343750001 0.1969009890625 0.5052089625 0.19271132500000002 0.5052089625 0.19271132500000002 0.5181002343750001
0 0.1641893875 0.50606838125 0.16999045937499999 0.50606838125 0.16999045937499999 0.4954688921875 0.1641893875 0.4954688921875 0.1641893875 0.50606838125
0 0.159838584375 0.504063071875 0.16563965625 0.504063071875 0.16563965625 0.4966147828125 0.159838584375 0.4966147828125 0.159838584375 0.504063071875
0 0.1798200546875 0.48945296406249994 0.1857822671875 0.48945296406249994 0.1857822671875 0.47627522187500004 0.1798200546875 0.47627522187500004 0.1798200546875 0.48945296406249994
0 0.17641671718750002 0.4519947125 0.1799228125 0.4519947125 0.1799228125 0.4471134015625 0.17641671718750002 0.4471134015625 0.17641671718750002 0.4519947125
0 0.055337487500000004 0.456389090625 0.060751821875 0.456389090625 0.060751821875 0.45088881406250003 0.055337487500000004 0.45088881406250003 0.055337487500000004 0.456389090625
0 0.174963534375 0.48797754062500004 0.17797328437499998 0.48797754062500004 0.17797328437499998 0.4826268734375 0.174963534375 0.4826268734375 0.174963534375 0.48797754062500004
0 0.1894842625 0.48769592656249994 0.1847320234375 0.48769592656249994 0.1847320234375 0.49501789374999994 0.1894842625 0.49501789374999994 0.1894842625 0.48769592656249994
0 0.2293219703125 0.488422771875 0.2334471765625 0.488422771875 0.2334471765625 0.4765421765625 0.2293219703125 0.4765421765625 0.2293219703125 0.488422771875
0 0.23476724375 0.48314250625 0.23476724375 0.49560979843749997 0.24021251562499998 0.49560979843749997 0.24021251562499998 0.48416922500000004 0.24021251562499998 0.48314250625 0.23476724375 0.48314250625
0 0.2438426984375 0.48314250625 0.24021251562499998 0.48314250625 0.24021251562499998 0.4941430578125 0.2438426984375 0.4941430578125 0.2438426984375 0.48314250625
0 0.2498655 0.498543278125 0.25366069062499996 0.498543278125 0.25366069062499996 0.48402255156249996 0.2498655 0.48402255156249996 0.2498655 0.498543278125
0 0.218018903125 0.5599996921875 0.2278368953125 0.5599996921875 0.2278368953125 0.5529593390625 0.218018903125 0.5529593390625 0.218018903125 0.5599996921875
0 0.259023459375 0.5418121140625 0.2632311703125 0.5418121140625 0.2632311703125 0.529491496875 0.259023459375 0.529491496875 0.259023459375 0.5418121140625
0 0.2635611859375 0.585667646875 0.2694189796875 0.585667646875 0.2694189796875 0.5688001328125 0.2635611859375 0.5688001328125 0.2635611859375 0.585667646875
0 0.27910764375 0.59258486875 0.28697131875 0.59258486875 0.28697131875 0.5687503406250001 0.27910764375 0.5687503406250001 0.27910764375 0.59258486875
0 0.2903230484375 0.610460765625 0.2975421609375 0.610460765625 0.2975421609375 0.590063909375 0.2903230484375 0.590063909375 0.2903230484375 0.610460765625
0 0.24126225781250002 0.7787450640625 0.25455638125 0.7787450640625 0.25455638125 0.76191479375 0.24126225781250002 0.76191479375 0.24126225781250002 0.7787450640625
0 0.2150768625 0.6774053484375 0.2227310546875 0.6774053484375 0.2227310546875 0.6623655328125 0.2150768625 0.6623655328125 0.2150768625 0.6774053484375
0 0.3047114828125 0.7214505265625 0.31135854375 0.7214505265625 0.31135854375 0.7085592546874999 0.3047114828125 0.7085592546874999 0.3047114828125 0.7214505265625
0 0.31800560624999996 0.7085592546874999 0.31135854375 0.7085592546874999 0.31135854375 0.7228828890625 0.31800560624999996 0.7228828890625 0.31800560624999996 0.7085592546874999
0 0.326787784375 0.7126271671875 0.33465145937499996 0.7126271671875 0.33465145937499996 0.699334834375 0.326787784375 0.699334834375 0.326787784375 0.7126271671875
0 0.3525703265625 0.7121688109375001 0.3640435578125 0.7121688109375001 0.3640435578125 0.6995640125 0.3525703265625 0.6995640125 0.3525703265625 0.7121688109375001
0 0.326943175 0.566339828125 0.33059289375 0.566339828125 0.33059289375 0.56009175 0.326943175 0.56009175 0.326943175 0.566339828125
0 0.33197843437499996 0.5670607609375 0.33606747187499997 0.5670607609375 0.33606747187499997 0.55883011875 0.33197843437499996 0.55883011875 0.33197843437499996 0.5670607609375
0 0.340021334375 0.54675450625 0.3464421359375 0.54675450625 0.3464421359375 0.5339579609375 0.340021334375 0.5339579609375 0.340021334375 0.54675450625
0 0.3491118375 0.5430296890624999 0.354991940625 0.5430296890624999 0.354991940625 0.5301730671875 0.3491118375 0.5301730671875 0.3491118375 0.5430296890624999
0 0.3419228640625 0.6061019562500001 0.349657628125 0.6061019562500001 0.349657628125 0.581751778125 0.3419228640625 0.581751778125 0.3419228640625 0.6061019562500001
0 0.36432144843750003 0.6705583125000001 0.372700775 0.6705583125000001 0.372700775 0.650791696875 0.36432144843750003 0.650791696875 0.36432144843750003 0.6705583125000001
0 0.33741092031250003 0.4872157890625 0.3416005828125 0.4872157890625 0.3416005828125 0.4780486625 0.33741092031250003 0.4780486625 0.33741092031250003 0.4872157890625
0 0.395986521875 0.4768577515625 0.3986467609375 0.4768577515625 0.3986467609375 0.470974946875 0.395986521875 0.470974946875 0.395986521875 0.4768577515625
0 0.410286209375 0.896608771875 0.4184077109375 0.896608771875 0.4184077109375 0.8826289031250001 0.410286209375 0.8826289031250001 0.410286209375 0.896608771875
0 0.418613228125 0.9690325921875 0.42746496250000005 0.9690325921875 0.42746496250000005 0.9471764609375001 0.418613228125 0.9471764609375001 0.418613228125 0.9690325921875
0 0.463793459375 0.903551621875 0.477378903125 0.903551621875 0.477378903125 0.8499825859374999 0.463793459375 0.8499825859374999 0.463793459375 0.903551621875
0 0.4560525203125 0.8891055921875 0.46894379218750004 0.8891055921875 0.46894379218750004 0.8278720546875 0.4560525203125 0.8278720546875 0.4560525203125 0.8891055921875
0 0.45746250312500003 0.789914421875 0.46733238281249995 0.789914421875 0.46733238281249995 0.7458692453125 0.45746250312500003 0.7458692453125 0.45746250312500003 0.789914421875
0 0.4369170390625 0.719370521875 0.4425569703125 0.719370521875 0.4425569703125 0.6957365234374999 0.4369170390625 0.6957365234374999 0.4369170390625 0.719370521875
0 0.42885999531249996 0.725099975 0.4373198921875 0.725099975 0.4373198921875 0.70970206875 0.42885999531249996 0.70970206875 0.42885999531249996 0.725099975
0 0.43409707343750004 0.6695958906249999 0.4423555453125 0.6695958906249999 0.4423555453125 0.6484685296875 0.43409707343750004 0.6484685296875 0.43409707343750004 0.6695958906249999
0 0.4514197203125 0.6484685296875 0.4423555453125 0.6484685296875 0.4423555453125 0.66852161875 0.4514197203125 0.66852161875 0.4514197203125 0.6484685296875
0 0.4566567984375 0.6703120734375 0.46632525156250004 0.6703120734375 0.46632525156250004 0.655630346875 0.4566567984375 0.655630346875 0.4566567984375 0.6703120734375
0 0.46491526875 0.6724606171875 0.47397944374999995 0.6724606171875 0.47397944374999995 0.650258984375 0.46491526875 0.650258984375 0.46491526875 0.6724606171875
0 0.4365141875 0.6201793515625 0.44295982343749996 0.6201793515625 0.44295982343749996 0.607646171875 0.4365141875 0.607646171875 0.4365141875 0.6201793515625
0 0.414558740625 0.5936806265625 0.41999724687500006 0.5936806265625 0.41999724687500006 0.5729113578125 0.414558740625 0.5729113578125 0.414558740625 0.5936806265625
0 0.46249815625 0.5865188109374999 0.47156233125 0.5865188109374999 0.47156233125 0.5582296312499999 0.46249815625 0.5582296312499999 0.46249815625 0.5865188109374999
0 0.387377546875 0.5677395734374999 0.39549904687500004 0.5677395734374999 0.39549904687500004 0.5445925796875 0.387377546875 0.5445925796875 0.387377546875 0.5677395734374999
0 0.40955053281250003 0.464609403125 0.41354682656249997 0.464609403125 0.41354682656249997 0.4460459734375 0.40955053281250003 0.4460459734375 0.40955053281250003 0.464609403125
0 0.42398875625 0.483631190625 0.43043439218749996 0.483631190625 0.43043439218749996 0.46208844375 0.42398875625 0.46208844375 0.42398875625 0.483631190625
0 0.448482171875 0.45292131874999997 0.448482171875 0.47033885781249996 0.45183390156250003 0.47033885781249996 0.4532519421875 0.47033885781249996 0.4532519421875 0.45292131874999997 0.448482171875 0.45292131874999997
0 0.490894453125 0.5468843624999999 0.49721117656249997 0.5468843624999999 0.49721117656249997 0.5198413390625001 0.490894453125 0.5198413390625001 0.490894453125 0.5468843624999999
0 0.48509338125 0.5439050453125 0.48986315156250004 0.5439050453125 0.48986315156250004 0.5241957234375 0.48509338125 0.5241957234375 0.48509338125 0.5439050453125
0 0.5095867968750001 0.5647602578125 0.51551678125 0.5647602578125 0.51551678125 0.5406965515625 0.5095867968750001 0.5406965515625 0.5095867968750001 0.5647602578125
0 0.5238961078125 0.5175495578125 0.528150228125 0.5175495578125 0.528150228125 0.4957776328125 0.5238961078125 0.4957776328125 0.5238961078125 0.5175495578125
0 0.478579890625 0.5497096984375001 0.4847677015625 0.5497096984375001 0.4847677015625 0.53664654375 0.478579890625 0.53664654375 0.478579890625 0.5497096984375001
0 0.47264990625000003 0.55383490625 0.4810292328125 0.55383490625 0.4810292328125 0.5448969578125 0.47264990625000003 0.5448969578125 0.47264990625000003 0.55383490625
0 0.9552657390625001 0.94921618125 0.96976841875 0.94921618125 0.96976841875 0.9108288390625001 0.9552657390625001 0.9108288390625001 0.9552657390625001 0.94921618125
0 0.9762724359374999 0.9707810828125 0.9915170890624999 0.9707810828125 0.9915170890624999 0.925320328125 0.9762724359374999 0.925320328125 0.9762724359374999 0.9707810828125
0 0.7966534546874999 0.6033567734374999 0.8037033687499999 0.6033567734374999 0.8037033687499999 0.5689800515625001 0.7966534546874999 0.5689800515625001 0.7966534546874999 0.6033567734374999
0 0.7575767890625 0.65134095 0.7640224250000001 0.65134095 0.7640224250000001 0.6212613171875 0.7575767890625 0.6212613171875 0.7575767890625 0.65134095
0 0.7021846078125 0.6320040437500001 0.710443078125 0.6320040437500001 0.710443078125 0.6062215015625 0.7021846078125 0.6062215015625 0.7021846078125 0.6320040437500001
0 0.5885802796874999 0.5786485046875 0.5968387515625 0.5786485046875 0.5968387515625 0.549285053125 0.5885802796874999 0.549285053125 0.5885802796874999 0.5786485046875
0 0.5972362 0.4959540140625 0.6030114890625 0.4959540140625 0.6030114890625 0.474869625 0.5972362 0.474869625 0.5972362 0.4959540140625
0 0.688558178125 0.6227560390625 0.6953905515625001 0.6227560390625 0.6953905515625001 0.5927337015624999 0.688558178125 0.5927337015624999 0.688558178125 0.6227560390625
0 0.6580058656250001 0.6151931609375 0.6680610578125 0.6151931609375 0.6680610578125 0.5986923328125 0.6580058656250001 0.5986923328125 0.6580058656250001 0.6151931609375
0 0.82211908125 0.624529428125 0.831271884375 0.624529428125 0.831271884375 0.60436175 0.82211908125 0.60436175 0.82211908125 0.624529428125
0 0.828177978125 0.6314047734375 0.8381042578125 0.6314047734375 0.8381042578125 0.6096328484375 0.828177978125 0.6096328484375 0.828177978125 0.6314047734375
0 0.7313645328125 0.48977267343750003 0.770425084375 0.48977267343750003 0.770425084375 0.452416634375 0.7313645328125 0.452416634375 0.7313645328125 0.48977267343750003
0 0.77609724375 0.49962733281249994 0.8060049921875001 0.49962733281249994 0.8060049921875001 0.47281348906250004 0.77609724375 0.47281348906250004 0.77609724375 0.49962733281249994
0 0.435441240625 0.9098971984374999 0.426159525 0.9098971984374999 0.426159525 0.9566495421875001 0.435441240625 0.9566495421875001 0.435441240625 0.9098971984374999
0 0.2916913203125 0.7158109171875 0.2841009390625 0.7158109171875 0.2841009390625 0.7411561875 0.2916913203125 0.7411561875 0.2916913203125 0.7158109171875
0 0.22756536249999998 0.66713216875 0.22161767187499998 0.66713216875 0.22161767187499998 0.6847349281249999 0.22756536249999998 0.6847349281249999 0.22756536249999998 0.66713216875
0 0.10678581875 0.5362478328125 0.1091851703125 0.5362478328125 0.1091851703125 0.5324629390625 0.10678581875 0.5324629390625 0.10678581875 0.5362478328125
0 0.10235884531249999 0.52585439375 0.10820515312500001 0.52585439375 0.10820515312500001 0.517563675 0.10235884531249999 0.517563675 0.10235884531249999 0.52585439375
0 0.11726186406250001 0.5022438671875 0.1231081734375 0.5022438671875 0.1231081734375 0.49839889531250003 0.11726186406250001 0.49839889531250003 0.11726186406250001 0.5022438671875
0 0.14044433750000002 0.5068097703125 0.142235403125 0.5068097703125 0.142235403125 0.50254425625 0.14044433750000002 0.50254425625 0.14044433750000002 0.5068097703125
0 0.138349128125 0.501522934375 0.1341587109375 0.501522934375 0.1341587109375 0.5089725671875 0.138349128125 0.5089725671875 0.138349128125 0.501522934375
0 0.15757811093750002 0.46168046250000006 0.16111588906250002 0.46168046250000006 0.16111588906250002 0.45679915156249995 0.15757811093750002 0.45679915156249995 0.15757811093750002 0.46168046250000006
0 0.166818575 0.4614927203125 0.1704619578125 0.4614927203125 0.1704619578125 0.45595430937500003 0.166818575 0.45595430937500003 0.166818575 0.4614927203125
0 0.17267554062499998 0.5102578078125 0.16876814375 0.5102578078125 0.16876814375 0.5201143015625 0.17267554062499998 0.5201143015625 0.17267554062499998 0.5102578078125
0 0.1858762015625 0.5155146046875 0.1882523203125 0.5155146046875 0.1882523203125 0.5114781359375 0.1858762015625 0.5114781359375 0.1858762015625 0.5155146046875
0 0.22242501093749997 0.48743534843749997 0.2249122265625 0.48743534843749997 0.2249122265625 0.48278293437500003 0.22242501093749997 0.48278293437500003 0.22242501093749997 0.48743534843749997
0 0.23683779375 0.4552293328125 0.240690275 0.4552293328125 0.240690275 0.4468184578125 0.23683779375 0.4468184578125 0.23683779375 0.4552293328125
0 0.3716891515625 0.5240185078125 0.366989715625 0.5240185078125 0.366989715625 0.5414785828124999 0.3716891515625 0.5414785828124999 0.3716891515625 0.5240185078125
0 0.33736743125 0.5051503625 0.33319602187499997 0.5051503625 0.33319602187499997 0.5166026703125 0.33736743125 0.5166026703125 0.33736743125 0.5051503625
0 0.344284578125 0.51500685625 0.3469775125 0.51500685625 0.3469775125 0.5113458734375 0.344284578125 0.5113458734375 0.344284578125 0.51500685625
0 0.3774944140625 0.478843878125 0.373574346875 0.478843878125 0.373574346875 0.48857646250000003 0.3774944140625 0.48857646250000003 0.3774944140625 0.478843878125
0 0.3928113453125 0.46887869687499995 0.3953720953125 0.46887869687499995 0.3953720953125 0.46245605625 0.3928113453125 0.46245605625 0.3928113453125 0.46887869687499995
0 0.3894892890625 0.46287438906249995 0.3871361671875 0.46287438906249995 0.3871361671875 0.46887869687499995 0.3894892890625 0.46887869687499995 0.3894892890625 0.46287438906249995
0 0.3932958109375 0.4753997671875 0.3949153125 0.4753997671875 0.3949153125 0.4723483984375 0.3932958109375 0.4723483984375 0.3932958109375 0.4753997671875
0 0.4068508890625 0.38290246250000004 0.4037756625 0.38290246250000004 0.4037756625 0.39119318281250004 0.4068508890625 0.39119318281250004 0.4068508890625 0.38290246250000004
0 0.40823643125000003 0.3925148921875 0.41100751406249997 0.3925148921875 0.41100751406249997 0.3869877453125 0.40823643125000003 0.3869877453125 0.40823643125000003 0.3925148921875
0 0.4205373359375 0.38392378437499997 0.4167524421875 0.38392378437499997 0.4167524421875 0.3907125609375 0.4205373359375 0.3907125609375 0.4205373359375 0.38392378437499997
0 0.4606226765625 0.4526079078125 0.456989178125 0.4526079078125 0.456989178125 0.46987183125 0.4606226765625 0.46987183125 0.4606226765625 0.4526079078125
0 0.4563619671875 0.47133291875000005 0.4526419578125 0.47133291875000005 0.4526419578125 0.4772157265625 0.4563619671875 0.4772157265625 0.4563619671875 0.47133291875000005
0 0.45984406875 0.470602375 0.4566647578125 0.470602375 0.4566647578125 0.4787537140625 0.45984406875 0.4787537140625 0.45984406875 0.470602375
0 0.46546125624999996 0.44151591718749994 0.45542588124999994 0.44151591718749994 0.45542588124999994 0.44920586093750003 0.46546125624999996 0.44920586093750003 0.46546125624999996 0.44151591718749994
0 0.520807884375 0.4440877203125 0.5238493171874999 0.4440877203125 0.5238493171874999 0.43319864218750004 0.520807884375 0.43319864218750004 0.520807884375 0.4440877203125
0 0.5465755765625 0.46376316093750003 0.5489833765625 0.46376316093750003 0.5489833765625 0.450846459375 0.5465755765625 0.450846459375 0.5465755765625 0.46376316093750003
0 0.5586145796875 0.44799276875 0.5527851671875 0.44799276875 0.5527851671875 0.46586587812499997 0.5586145796875 0.46586587812499997 0.5586145796875 0.44799276875
0 0.8123140578125 0.6019075875000001 0.8208119828125 0.6019075875000001 0.8208119828125 0.5837200109375 0.8123140578125 0.5837200109375 0.8123140578125 0.6019075875000001
0 0.81602674375 0.5884135781250001 0.8220495453125001 0.5884135781250001 0.8220495453125001 0.5727194578125 0.81602674375 0.5727194578125 0.81602674375 0.5884135781250001
0 0.7834376093750001 0.5457314390625 0.773949634375 0.5457314390625 0.773949634375 0.5579053828125 0.7834376093750001 0.5579053828125 0.7834376093750001 0.5457314390625
0 0.754808675 0.5850400765625 0.7623990546875 0.5850400765625 0.7623990546875 0.5609855375 0.754808675 0.5609855375 0.754808675 0.5850400765625
0 0.744660665625 0.5822532687499999 0.74944590625 0.5822532687499999 0.74944590625 0.56729251875 0.744660665625 0.56729251875 0.744660665625 0.5822532687499999
0 0.7559539640625 0.538189578125 0.7616313046875 0.538189578125 0.7616313046875 0.5214879828125001 0.7559539640625 0.5214879828125001 0.7559539640625 0.538189578125
0 0.7476718421874999 0.5369536203124999 0.7534302875 0.5369536203124999 0.7534302875 0.5201318703125 0.7476718421874999 0.5201318703125 0.7476718421874999 0.5369536203124999
0 0.8035140015625 0.5133410609375 0.796501809375 0.5133410609375 0.796501809375 0.5303130046875 0.8035140015625 0.5303130046875 0.8035140015625 0.5133410609375
0 0.8063442234375 0.5110881468749999 0.801697590625 0.5110881468749999 0.801697590625 0.527759703125 0.8063442234375 0.527759703125 0.8063442234375 0.5110881468749999
0 0.6362612453125001 0.505926446875 0.648805465625 0.505926446875 0.648805465625 0.48372173749999997 0.6362612453125001 0.48372173749999997 0.6362612453125001 0.505926446875
0 0.651590065625 0.484106234375 0.6490217453125 0.484106234375 0.6490217453125 0.4986210015625 0.651590065625 0.4986210015625 0.651590065625 0.484106234375
