0 0 0.49450850781250005 0.00009144843750000001 0.4984375 0.0046875 0.4984375 0.0046875 0.46821999375 0 0.46811089062500005 0 0.49450850781250005
0 0.0136618578125 0.5975180859375 0.013950640625 0.6140625 0.025 0.6140625 0.025 0.5972541875 0.0136618578125 0.5975180859375
0 0.040873884375 0.5522533546874999 0.0411072875 0.565625 0.059375 0.565625 0.059375 0.5525762921874999 0.040873884375 0.5522533546874999
0 0.0212262671875 0.39629618125 0.0207093203125 0.4140625 0.028125 0.4140625 0.028125 0.3964166 0.0212262671875 0.39629618125
0 0.025 0.327351103125 0.0171875 0.327169265625 0.0171875 0.3453125 0.025 0.3453125 0.025 0.327351103125
0 0 0.37758494531250003 0.000042646875 0.38125 0.00625 0.38125 0.00625 0.3639532015625 0 0.36380773125 0 0.37758494531250003
0 0.011166312500000001 0.3976634609375 0.011166312500000001 0.4140625 0.0203125 0.4140625 0.0203125 0.39776988593749996 0.011166312500000001 0.3976634609375
0 0 0.4450447390625 0.0015625 0.44499927499999997 0.0015625 0.43005067500000005 0 0.4300961390625 0 0.4450447390625
0 0.0027089640625000003 0.431938034375 0.0024340375 0.44375 0.009375 0.44375 0.009375 0.43186046874999995 0.0027089640625000003 0.431938034375
0 0.0384667890625 0.3325820609375 0.038549942187500005 0.346875 0.04375 0.346875 0.04375 0.3325820609375 0.0384667890625 0.3325820609375
0 0.07296984375 0.2916793390625 0.0728487125 0.3125 0.0765625 0.3125 0.0765625 0.29172114374999997 0.07296984375 0.2916793390625
0 0.07272509218749999 0.4200505328125 0.0725872125 0.44375 0.0761927484375 0.44375 0.0763303828125 0.420092484375 0.07272509218749999 0.4200505328125
0 0.028033162499999997 0.4602467640625 0.02755745625 0.4875 0.0375 0.4875 0.0375 0.46019168749999995 0.028033162499999997 0.4602467640625
0 0.07613339531249999 0.3193981140625 0.076336515625 0.328125 0.08125 0.328125 0.08125 0.3194874234375 0.07613339531249999 0.3193981140625
0 0.084162959375 0.21120844062500002 0.08373285312499999 0.2296875 0.0890625 0.2296875 0.0890625 0.21115142812499998 0.084162959375 0.21120844062500002
0 0.1296875 0.303125 0.1234375 0.303125 0.1234375 0.31011888125 0.12391596093749999 0.3265625 0.1296875 0.3265625 0.1296875 0.303125
0 0.1167810625 0.44874370781249995 0.11627904375 0.4703125 0.121875 0.4703125 0.121875 0.4486251453125 0.1167810625 0.44874370781249995
0 0.081017778125 0.38202247031250003 0.080594884375 0.40625 0.0859375 0.40625 0.0859375 0.38193659687500003 0.081017778125 0.38202247031250003
0 0.077484603125 0.41365398906250006 0.07678411093750001 0.44375 0.0828125 0.44375 0.0828125 0.41368498750000005 0.077484603125 0.41365398906250006
0 0.1407750984375 0.4897577203125 0.14069732968749998 0.503125 0.1453125 0.503125 0.1453125 0.48981051718749996 0.1407750984375 0.4897577203125
0 0.172631896875 0.39627086875 0.172789946875 0.4234375 0.178125 0.4234375 0.178125 0.39636675 0.172631896875 0.39627086875
0 0.146875 0.3359375 0.146875 0.310943609375 0.14275291406249999 0.3108476671875 0.1421875 0.33027967343750003 0.1421875 0.3359375 0.146875 0.3359375
0 0.26814695624999996 0.347879346875 0.2676735640625 0.375 0.2734181421875 0.375 0.2734375 0.37389100937499997 0.2734375 0.3479716921875 0.26814695624999996 0.347879346875
0 0.288746096875 0.3997367015625 0.2879762484375 0.4328125 0.2983985859375 0.4328125 0.2984375 0.4311405921875 0.2984375 0.40001869375 0.288746096875 0.3997367015625
0 0.3024987078125 0.4359375 0.3034989171875 0.4703125 0.309375 0.4703125 0.309375 0.4359375 0.3024987078125 0.4359375
0 0.309375 0.3930416109375 0.3092698375 0.38942740625 0.3040621953125 0.38933650625 0.3046452546875 0.409375 0.309375 0.409375 0.309375 0.3930416109375
0 0.1802376578125 0.5435633828124999 0.1802376578125 0.5703125 0.1921875 0.5703125 0.1921875 0.5435633828124999 0.1802376578125 0.5435633828124999
0 0.16954408906250001 0.5489617296875 0.1696410328125 0.565625 0.178125 0.565625 0.178125 0.5490615765625 0.16954408906250001 0.5489617296875
0 0.1402871015625 0.5410532765625 0.1408953828125 0.5671875 0.146875 0.5671875 0.146875 0.540899940625 0.1402871015625 0.5410532765625
0 0.1625 0.5395832515625 0.153125 0.5394196124999999 0.153125 0.5578125 0.1625 0.5578125 0.1625 0.5395832515625
0 0.144832075 0.598165596875 0.144254584375 0.63125 0.1498611046875 0.63125 0.15 0.6232927265625 0.15 0.5980753921875 0.144832075 0.598165596875
0 0.1362850390625 0.613802325 0.1365623171875 0.6296875 0.140625 0.6296875 0.140625 0.613751825 0.1362850390625 0.613802325
0 0.296875 0.659375 0.296875 0.6383997031249999 0.2806863484375 0.6383997031249999 0.2812966671875 0.659375 0.296875 0.659375
0 0.559375 0.2984375 0.46298946093750004 0.2984375 0.386963715625 0.3006496234375 0.3859375 0.3594414859375 0.3859375 0.5046875 0.41319768281249997 0.5046875 0.559375 0.5004341734375 0.559375 0.2984375
0 0.296875 0.28844666406249997 0.290625 0.2885557578125 0.290625 0.29680130937500004 0.291063125 0.315625 0.296875 0.315625 0.296875 0.28844666406249997
0 0.24333979218750001 0.269737871875 0.2429263734375 0.2875 0.25625 0.2875 0.25625 0.26943738281249996 0.24333979218750001 0.269737871875
0 0.09127800312499999 0.2066454109375 0.091375696875 0.2234375 0.0953125 0.2234375 0.0953125 0.20657498749999997 0.09127800312499999 0.2066454109375
0 0.19293903437499998 0.37122928593750004 0.1930882359375 0.396875 0.196875 0.396875 0.196875 0.3712063875 0.19293903437499998 0.37122928593750004
0 0.196292909375 0.397496440625 0.196292909375 0.4078125 0.2 0.4078125 0.2 0.3974317328125 0.196292909375 0.397496440625
0 0.1917412703125 0.41063230624999997 0.19189384375000001 0.4171875 0.203125 0.4171875 0.203125 0.41030107187500003 0.1917412703125 0.41063230624999997
0 0.26488323281250004 0.2926428578125 0.26488323281250004 0.3125 0.26875 0.3125 0.26875 0.2926203625 0.26488323281250004 0.2926428578125
0 0.596048234375 0.0495080078125 0.59693250625 0.0875 0.6171875 0.0875 0.6171875 0.0497539859375 0.596048234375 0.0495080078125
0 0.7786682546874999 0.00166049375 0.7786682546874999 0.025 0.790625 0.025 0.790625 0.00173005625 0.7786682546874999 0.00166049375
0 0.964931109375 0.0479904484375 0.9646713671875 0.0703125 0.9859375 0.0703125 0.9859375 0.048357115625 0.964931109375 0.0479904484375
0 0.071875 1 0.071875 0.9273937374999999 0.04714728125 0.9271060046875 0.0488439078125 1 0.071875 1
0 0.1482868 1 0.1484375 0.9870488734375 0.1484375 0.938075984375 0.1342603875 0.93824095 0.13354175625 1 0.1482868 1
0 0.139920959375 0.8960899765624999 0.139920959375 0.9671875 0.159375 0.9671875 0.159375 0.89620315625 0.139920959375 0.8960899765624999
0 0.0984375 0.8125 0.089437784375 0.8125 0.086425465625 0.8125701124999999 0.086425465625 0.8765625 0.0878160921875 0.8765625 0.0984375 0.876315284375 0.0984375 0.8125
0 0.21904521406250002 0.659375 0.2192997875 0.6703125 0.221875 0.6703125 0.221875 0.659375 0.21904521406250002 0.659375
