0 0.0196615234375 0.09926363125 0.142679371875 0.09926363125 0.142679371875 0.033527696875 0.0196615234375 0.033527696875 0.0196615234375 0.09926363125
0 0.47767106249999997 0.08632987343750001 0.48102638750000004 0.08632987343750001 0.48102638750000004 0.0717487125 0.47767106249999997 0.0717487125 0.47767106249999997 0.08632987343750001
0 0.44486345156249996 0.0574989421875 0.45101487812499996 0.0574989421875 0.45101487812499996 0.0425863921875 0.44486345156249996 0.0425863921875 0.44486345156249996 0.0574989421875
0 0.45343816875 0 0.45343816875 0.0104415609375 0.4713332296875 0.0104415609375 0.4713332296875 0 0.45343816875 0
0 0.1763690578125 0.0645599671875 0.1795918765625 0.0645599671875 0.1795918765625 0.0559657859375 0.1763690578125 0.0559657859375 0.1763690578125 0.0645599671875
0 0.14494658437500002 0.0634140765625 0.148169403125 0.0634140765625 0.148169403125 0.05424695 0.14494658437500002 0.05424695 0.14494658437500002 0.0634140765625
0 0.2100233828125 0.0469627015625 0.215478815625 0.0469627015625 0.215478815625 0.0384208609375 0.2100233828125 0.0384208609375 0.2100233828125 0.0469627015625
0 0.5490953249999999 0.0678810609375 0.5550387437500001 0.0678810609375 0.5550387437500001 0.057036928125 0.5490953249999999 0.057036928125 0.5490953249999999 0.0678810609375
0 0.6801231984375 0.23044920468750002 0.6848963234375 0.23044920468750002 0.6848963234375 0.1927733375 0.6801231984375 0.1927733375 0.6801231984375 0.23044920468750002
0 0.703225121875 0.221454515625 0.709334721875 0.221454515625 0.709334721875 0.18768200468750001 0.703225121875 0.18768200468750001 0.703225121875 0.221454515625
