0 0.795394996875 0.691004078125 0.8025530218749999 0.691004078125 0.8025530218749999 0.6636975406250001 0.795394996875 0.6636975406250001 0.795394996875 0.691004078125
0 0.7773508109375 0.658925525 0.7837632078125 0.658925525 0.7837632078125 0.6379816765624999 0.7773508109375 0.6379816765624999 0.7773508109375 0.658925525
0 0.7581136203125001 0.7037294546874999 0.766912025 0.7037294546874999 0.766912025 0.6785438140625 0.7581136203125001 0.6785438140625 0.7581136203125001 0.7037294546874999
0 0.6815704796875 0.643549028125 0.6885376234375 0.643549028125 0.6885376234375 0.6301449640625 0.6815704796875 0.6301449640625 0.6815704796875 0.643549028125
0 0.6672544312500001 0.6420219828125 0.6758440609374999 0.6420219828125 0.6758440609374999 0.629466278125 0.6672544312500001 0.629466278125 0.6672544312500001 0.6420219828125
0 0.6166901484375 0.6858312125 0.6218821015625 0.6858312125 0.6218821015625 0.6650633984375001 0.6166901484375 0.6650633984375001 0.6166901484375 0.6858312125
0 0.6286011 0.693975453125 0.6357018609375 0.693975453125 0.6357018609375 0.66886404375 0.6286011 0.66886404375 0.6286011 0.693975453125
0 0.60516095625 0.6823020421875 0.6108873765625 0.6823020421875 0.6108873765625 0.6562404703125 0.60516095625 0.6562404703125 0.60516095625 0.6823020421875
0 0.6340557062500001 0.6532705375 0.6377694796875 0.6532705375 0.6377694796875 0.6433671390625 0.6340557062500001 0.6433671390625 0.6340557062500001 0.6532705375
0 0.615975490625 0.6524886890625 0.620959765625 0.6524886890625 0.620959765625 0.6371992359374999 0.615975490625 0.6371992359374999 0.615975490625 0.6524886890625
0 0.610893484375 0.6522280734375 0.615144778125 0.6522280734375 0.615144778125 0.6364173875 0.610893484375 0.6364173875 0.610893484375 0.6522280734375
0 0.604785303125 0.6501431484375 0.6084502125 0.6501431484375 0.6084502125 0.6358961562500001 0.604785303125 0.6358961562500001 0.604785303125 0.6501431484375
0 0.597113428125 0.654399871875 0.6000942203124999 0.654399871875 0.6000942203124999 0.643019653125 0.597113428125 0.643019653125 0.597113428125 0.654399871875
0 0.60160905 0.645799553125 0.604785303125 0.645799553125 0.604785303125 0.6322475359374999 0.60160905 0.6322475359374999 0.60160905 0.645799553125
0 0.5987259875000001 0.643714628125 0.6020488390625001 0.643714628125 0.6020488390625001 0.6318131765625 0.5987259875000001 0.6318131765625 0.5987259875000001 0.643714628125
0 0.5902913546875 0.668444615625 0.5902913546875 0.6737438015625 0.59385853125 0.6737438015625 0.59385853125 0.668444615625 0.5913694484375001 0.668444615625 0.5902913546875 0.668444615625
0 0.57237300625 0.6611080125 0.576221159375 0.6611080125 0.576221159375 0.64948889375 0.57237300625 0.64948889375 0.57237300625 0.6611080125
0 0.5755751578125 0.656085946875 0.5795469421874999 0.656085946875 0.5795469421874999 0.643465196875 0.5755751578125 0.643465196875 0.5755751578125 0.656085946875
0 0.5804226109374999 0.6553631734375001 0.5839252859374999 0.6553631734375001 0.5839252859374999 0.644187971875 0.5804226109374999 0.644187971875 0.5804226109374999 0.6553631734375001
0 0.534257896875 0.6781267515625 0.5376296125 0.6781267515625 0.5376296125 0.6726538203125 0.534257896875 0.6726538203125 0.534257896875 0.6781267515625
0 0.5387046515625 0.6789954687499999 0.5418809062500001 0.6789954687499999 0.5418809062500001 0.6717851015625 0.5387046515625 0.6717851015625 0.5387046515625 0.6789954687499999
0 0.5144910609375 0.6746695203125 0.52017166875 0.6746695203125 0.52017166875 0.665330790625 0.5144910609375 0.665330790625 0.5144910609375 0.6746695203125
0 0.52365333125 0.6746695203125 0.5187057046875 0.6746695203125 0.5187057046875 0.6815106828124999 0.52365333125 0.6815106828124999 0.52365333125 0.6746695203125
0 0.5211001125 0.6511619828125 0.5246184234375 0.6511619828125 0.5246184234375 0.643586753125 0.5211001125 0.643586753125 0.5211001125 0.6511619828125
0 0.5320355875 0.6520773953125001 0.5365403718749999 0.6520773953125001 0.5365403718749999 0.637282025 0.5320355875 0.637282025 0.5320355875 0.6520773953125001
0 0.5362349625 0.6516701828125 0.5394417578125 0.6516701828125 0.5394417578125 0.6328026921875 0.5362349625 0.6328026921875 0.5362349625 0.6516701828125
0 0.54280125625 0.63117384375 0.5396708140625 0.63117384375 0.5396708140625 0.6519416578125 0.54280125625 0.6519416578125 0.54280125625 0.63117384375
0 0.4723427359375 0.67456568125 0.47692387031249994 0.67456568125 0.47692387031249994 0.66653003125 0.4723427359375 0.66653003125 0.4723427359375 0.67456568125
0 0.4635469546875 0.6692447765625 0.4678837640625 0.6692447765625 0.4678837640625 0.6620778453125 0.4635469546875 0.6620778453125 0.4635469546875 0.6692447765625
0 0.45825192656249997 0.63898383125 0.465337415625 0.63898383125 0.465337415625 0.6177002140625001 0.45825192656249997 0.6177002140625001 0.45825192656249997 0.63898383125
0 0.42281517187500006 0.6209689390625 0.4273352265625 0.6209689390625 0.4273352265625 0.6030516109375 0.42281517187500006 0.6030516109375 0.42281517187500006 0.6209689390625
0 0.4284957796875 0.625964075 0.43106121562500005 0.625964075 0.43106121562500005 0.606743665625 0.4284957796875 0.606743665625 0.4284957796875 0.625964075
0 0.43393206093750003 0.600771221875 0.43106121562500005 0.600771221875 0.43106121562500005 0.6229235578125001 0.43393206093750003 0.6229235578125001 0.43393206093750003 0.600771221875
0 0.42684657187499997 0.6229235578125001 0.43106121562500005 0.6229235578125001 0.43106121562500005 0.5979478859375 0.42684657187499997 0.5979478859375 0.42684657187499997 0.6229235578125001
0 0.37889782968749997 0.598067928125 0.3825245625 0.598067928125 0.3825245625 0.5836458359375001 0.37889782968749997 0.5836458359375001 0.37889782968749997 0.598067928125
0 0.374507575 0.5965408828125 0.3780388671875 0.5965408828125 0.3780388671875 0.5839851781250001 0.374507575 0.5839851781250001 0.374507575 0.5965408828125
0 0.357710078125 0.5906023734375 0.360668728125 0.5906023734375 0.360668728125 0.5804220734375 0.357710078125 0.5804220734375 0.357710078125 0.5906023734375
0 0.3717398046875 0.5982376 0.3741258140625 0.5982376 0.3741258140625 0.5860212390624999 0.3717398046875 0.5860212390624999 0.3717398046875 0.5982376
0 0.25148499687500003 0.68052836875 0.25558893125000004 0.68052836875 0.25558893125000004 0.663391528125 0.25148499687500003 0.663391528125 0.25148499687500003 0.68052836875
0 0.2626515140625 0.6761169046875 0.2679007328125 0.6761169046875 0.2679007328125 0.6620341546875 0.2626515140625 0.6620341546875 0.2626515140625 0.6761169046875
0 0.2887284953125 0.6408702625 0.29246975625 0.6408702625 0.29246975625 0.6258034171875 0.2887284953125 0.6258034171875 0.2887284953125 0.6408702625
0 0.2666092453125 0.6217991640625 0.26996874531250004 0.6217991640625 0.26996874531250004 0.6137906609375 0.2666092453125 0.6137906609375 0.2666092453125 0.6217991640625
0 0.286155425 0.6304863562499999 0.2887284953125 0.6304863562499999 0.2887284953125 0.6181342562500001 0.286155425 0.6181342562500001 0.286155425 0.6304863562499999
0 0.259246025 0.58739823125 0.263159078125 0.58739823125 0.263159078125 0.57229745 0.259246025 0.57229745 0.259246025 0.58739823125
0 0.2536150453125 0.58994330625 0.2578144203125 0.58994330625 0.2578144203125 0.57263679375 0.2536150453125 0.57263679375 0.2536150453125 0.58994330625
0 0.2488430296875 0.5870588875 0.252183440625 0.5870588875 0.252183440625 0.5736548234375001 0.2488430296875 0.5736548234375001 0.2488430296875 0.5870588875
0 0.19654173125000002 0.61840573125 0.20083654687500002 0.61840573125 0.20083654687500002 0.5995721734374999 0.19654173125000002 0.5995721734374999 0.19654173125000002 0.61840573125
0 0.1415084546875 0.6690712875 0.147175225 0.6690712875 0.147175225 0.6547552390625 0.1415084546875 0.6547552390625 0.1415084546875 0.6690712875
0 0.1690819109375 0.611216290625 0.174121159375 0.611216290625 0.174121159375 0.5832543968749999 0.1690819109375 0.5832543968749999 0.1690819109375 0.611216290625
0 0.1574763671875 0.5877337296875 0.1574763671875 0.6051081109374999 0.164500775 0.6051081109374999 0.164500775 0.5877337296875 0.159464409375 0.5877337296875 0.1574763671875 0.5877337296875
0 0.1008945703125 0.6007729984375 0.10593382031250001 0.6007729984375 0.10593382031250001 0.58258419375 0.1008945703125 0.58258419375 0.1008945703125 0.6007729984375
0 0.07707266562500001 0.602401846875 0.0827227328125 0.602401846875 0.0827227328125 0.5838058296875 0.07707266562500001 0.5838058296875 0.07707266562500001 0.602401846875
0 0.0674737546875 0.635112428125 0.0758247828125 0.635112428125 0.0758247828125 0.6215917140625 0.0674737546875 0.6215917140625 0.0674737546875 0.635112428125
0 0.059677696875 0.6041759765625 0.059677696875 0.610350003125 0.059677696875 0.6238578921875 0.06479329843750001 0.6238578921875 0.06479329843750001 0.6041759765625 0.059677696875 0.6041759765625
0 0.037720457812500004 0.599649984375 0.041156309375 0.599649984375 0.041156309375 0.5916754140625 0.037720457812500004 0.5916754140625 0.037720457812500004 0.599649984375
0 0.0332347625 0.6004983421875 0.036384293750000005 0.6004983421875 0.036384293750000005 0.5921844296875001 0.0332347625 0.5921844296875001 0.0332347625 0.6004983421875
0 0.006190553125 0.64561404375 0.0124514390625 0.64561404375 0.0124514390625 0.6294613 0.006190553125 0.6294613 0.006190553125 0.64561404375
0 0.0118406203125 0.637334065625 0.0118406203125 0.6477858421875 0.0179488015625 0.6477858421875 0.0179488015625 0.6429712078125001 0.0179488015625 0.637334065625 0.0118406203125 0.637334065625
0 0.0071831328125 0.649550428125 0.0071831328125 0.6569517234375 0.0071831328125 0.6651602234375 0.0182542109375 0.6651602234375 0.0182542109375 0.649550428125 0.0071831328125 0.649550428125
0 0.051674746875 0.63996015625 0.061934581249999995 0.63996015625 0.061934581249999995 0.6272347796875 0.051674746875 0.6272347796875 0.051674746875 0.63996015625
0 0.2893388515625 0.5969743265624999 0.292270778125 0.5969743265624999 0.292270778125 0.5825318734375 0.2893388515625 0.5825318734375 0.2893388515625 0.5969743265624999
0 0 0.061086221875 0.10641399375 0.061086221875 0.10641399375 0.0016710515625 0 0.0016710515625 0 0.061086221875
0 0.2405945046875 0.7046234828125 0.23752257499999999 0.7046234828125 0.23752257499999999 0.713725496875 0.2405945046875 0.713725496875 0.2405945046875 0.7046234828125
0 0.1900047 0.6715335734375001 0.1869327703125 0.6715335734375001 0.1869327703125 0.675902540625 0.1900047 0.675902540625 0.1900047 0.6715335734375001
0 0.6278228625 0.6418799875000001 0.6311027874999999 0.6418799875000001 0.6311027874999999 0.63348906875 0.6278228625 0.63348906875 0.6278228625 0.6418799875000001
0 0.588623759375 0.6433021765625 0.5847838484375 0.6433021765625 0.5847838484375 0.6519775343750001 0.588623759375 0.6519775343750001 0.588623759375 0.6433021765625
0 0.5950236140625 0.644582146875 0.590863709375 0.644582146875 0.590863709375 0.6539685984375 0.5950236140625 0.6539685984375 0.5950236140625 0.644582146875
0 0.576384040625 0.6690438109375 0.570624171875 0.6690438109375 0.570624171875 0.680990203125 0.576384040625 0.680990203125 0.576384040625 0.6690438109375
0 0.6027559234375001 0.6449655828124999 0.6000942203124999 0.6449655828124999 0.6000942203124999 0.65716228125 0.6027559234375001 0.65716228125 0.6027559234375001 0.6449655828124999
0 0.8216254515625 0.5353680328125 0.8147506078125 0.5353680328125 0.8147506078125 0.542923415625 0.8216254515625 0.542923415625 0.8216254515625 0.5353680328125
0 0.7317525078125 0.5275904328125 0.7283775859375 0.5275904328125 0.7283775859375 0.54070124375 0.7317525078125 0.54070124375 0.7317525078125 0.5275904328125
0 0.5655563124999999 0.5315458984375 0.5620363921875 0.5315458984375 0.5620363921875 0.538514628125 0.5655563124999999 0.538514628125 0.5655563124999999 0.5315458984375
