0 0.3997654921875 0.4522289984375 0.40290269843750004 0.4522289984375 0.40290269843750004 0.439330065625 0.3997654921875 0.439330065625 0.3997654921875 0.4522289984375
0 0.3091628078125 0.3454403359375 0.3091628078125 0.35020401562500003 0.3116121609375 0.35020401562500003 0.3116121609375 0.3454403359375 0.3111718578125 0.3454403359375 0.3091628078125 0.3454403359375
0 0.0327980921875 0.27956884843749996 0.0344947171875 0.27956884843749996 0.0344947171875 0.2763576640625 0.0327980921875 0.2763576640625 0.0327980921875 0.27956884843749996
0 0.4262710890625 0.3844990765625 0.42890729843750003 0.3844990765625 0.42890729843750003 0.3722099875 0.4262710890625 0.3722099875 0.4262710890625 0.3844990765625
0 0.2908489546875 0.42264036875000005 0.2908489546875 0.431876684375 0.2937836640625 0.431876684375 0.2937836640625 0.42905176093749997 0.2937836640625 0.42264036875000005 0.2908489546875 0.42264036875000005
0 0.445293934375 0.5426414203125 0.445293934375 0.5525720671875 0.448791440625 0.5525720671875 0.448791440625 0.5473414265625001 0.448791440625 0.5426414203125 0.445293934375 0.5426414203125
0 0.3279436109375 0.5268423578125 0.3279436109375 0.5287835859375 0.3279436109375 0.5329113999999999 0.3306315734375 0.5329113999999999 0.3306315734375 0.5268423578125 0.3279436109375 0.5268423578125
0 0.1387448953125 0.349725059375 0.1387448953125 0.35201830625 0.1387448953125 0.35673596406249997 0.1416864390625 0.35673596406249997 0.1416864390625 0.349725059375 0.1387448953125 0.349725059375
0 0.2833554265625 0.4310719234375 0.2861201921875 0.4310719234375 0.2861201921875 0.42197762968749997 0.2833554265625 0.42197762968749997 0.2833554265625 0.4310719234375
0 0.1591412546875 0.41833128750000004 0.1612685515625 0.41833128750000004 0.1612685515625 0.4126796578125 0.1591412546875 0.4126796578125 0.1591412546875 0.41833128750000004
0 0.43477338125 0.3772776 0.43718674999999996 0.3772776 0.43718674999999996 0.3665698859375 0.43477338125 0.3665698859375 0.43477338125 0.3772776
0 0.4333100640625 0.39355935 0.4357425046875 0.39355935 0.4357425046875 0.379653959375 0.4333100640625 0.379653959375 0.4333100640625 0.39355935
0 0.389779059375 0.38499137031249997 0.389779059375 0.3952554484375 0.3921526265625 0.3952554484375 0.3921526265625 0.38499137031249997 0.39136561406250003 0.38499137031249997 0.389779059375 0.38499137031249997
0 0.3366913484375 0.4130107734375 0.3395678203125 0.4130107734375 0.3395678203125 0.40206677500000004 0.3366913484375 0.40206677500000004 0.3366913484375 0.4130107734375
0 0.1072272375 0.36597812812499997 0.1072272375 0.371901815625 0.111245496875 0.371901815625 0.111245496875 0.3694944890625 0.111245496875 0.36597812812499997 0.1072272375 0.36597812812499997
0 0.04322946875 0.3150349375 0.045698340625 0.3150349375 0.045698340625 0.31166607812499997 0.04322946875 0.31166607812499997 0.04322946875 0.3150349375
0 0.46448113125 0.6166980890625 0.4677042328125 0.6166980890625 0.4677042328125 0.6076295078125 0.46448113125 0.6076295078125 0.46448113125 0.6166980890625
0 0.42330370000000006 0.38638085312500003 0.42597831093750005 0.38638085312500003 0.42597831093750005 0.3731215859375 0.42330370000000006 0.3731215859375 0.42330370000000006 0.38638085312500003
0 0.3640299484375 0.36244659375 0.3664800640625 0.36244659375 0.3664800640625 0.3542664140625 0.3640299484375 0.3542664140625 0.3640299484375 0.36244659375
0 0.393553734375 0.400632165625 0.393553734375 0.4068335078125 0.395744578125 0.4068335078125 0.395744578125 0.400632165625 0.39441970312499997 0.400632165625 0.393553734375 0.400632165625
0 0.2879095078125 0.3262524078125 0.2879095078125 0.331249378125 0.29167156250000004 0.331249378125 0.29167156250000004 0.3262524078125 0.2889772984375 0.3262524078125 0.2879095078125 0.3262524078125
0 0.024270196875 0.31666285156249996 0.0264924640625 0.31666285156249996 0.0264924640625 0.313357515625 0.024270196875 0.313357515625 0.024270196875 0.31666285156249996
0 0.359592215625 0.34986738906250003 0.3621883703125 0.34986738906250003 0.3621883703125 0.339985515625 0.359592215625 0.339985515625 0.359592215625 0.34986738906250003
0 0.1358653234375 0.3380480171875 0.1358653234375 0.343534721875 0.1358653234375 0.3478491890625 0.13889352500000002 0.3478491890625 0.13889352500000002 0.3380480171875 0.1358653234375 0.3380480171875
0 0.4599991796875 0.4169972171875 0.46267932187499994 0.4169972171875 0.46267932187499994 0.4045077859375 0.4599991796875 0.4045077859375 0.4599991796875 0.4169972171875
0 0.279710896875 0.33831600625 0.2818682359375 0.33831600625 0.2818682359375 0.33249020156250003 0.279710896875 0.33249020156250003 0.279710896875 0.33831600625
0 0.4612902 0.3211506875 0.4648847265625 0.3211506875 0.4648847265625 0.31163801874999997 0.4612902 0.31163801874999997 0.4612902 0.3211506875
0 0.4500669484375 0.44247360156250004 0.4530452734375 0.44247360156250004 0.4530452734375 0.43490411250000005 0.4500669484375 0.43490411250000005 0.4500669484375 0.44247360156250004
0 0.3771555578125 0.38316955625000004 0.3827082953125 0.38316955625000004 0.3827082953125 0.3780236703125 0.3771555578125 0.3780236703125 0.3771555578125 0.38316955625000004
0 0.33278271406250004 0.3477684015625 0.334924984375 0.3477684015625 0.334924984375 0.3412883328125 0.33278271406250004 0.3412883328125 0.33278271406250004 0.3477684015625
0 0.2828028046875 0.3616194265625 0.285153484375 0.3616194265625 0.285153484375 0.3566839984375 0.2828028046875 0.3566839984375 0.2828028046875 0.3616194265625
0 0.18639499375 0.3259789078125 0.18639499375 0.329801178125 0.18886704375000002 0.329801178125 0.18886704375000002 0.32809459687500003 0.18886704375000002 0.3259789078125 0.18639499375 0.3259789078125
0 0.08523317968750001 0.45638323124999997 0.0900341671875 0.45638323124999997 0.0900341671875 0.4502144421875 0.08523317968750001 0.4502144421875 0.08523317968750001 0.45638323124999997
0 0.40529731093750004 0.3729992890625 0.40529731093750004 0.37621181875 0.40529731093750004 0.38723105 0.40763127031249996 0.38723105 0.40763127031249996 0.3729992890625 0.40529731093750004 0.3729992890625
0 0.137078809375 0.41555401875 0.13979051874999998 0.41555401875 0.13979051874999998 0.4102436765625 0.137078809375 0.4102436765625 0.137078809375 0.41555401875
0 0.0506567 0.34626905625000004 0.0506567 0.3475037265625 0.0506567 0.35042266875 0.053137246875 0.35042266875 0.053137246875 0.34626905625000004 0.0506567 0.34626905625000004
0 0.4603542015625 0.31998517031249996 0.4631526 0.31998517031249996 0.4631526 0.31045995625 0.4603542015625 0.31045995625 0.4603542015625 0.31998517031249996
0 0.050777375 0.4571820296875 0.050777375 0.4624389640625 0.055272415625 0.4624389640625 0.055272415625 0.4571820296875 0.051905840625 0.4571820296875 0.050777375 0.4571820296875
0 0.4111091296875 0.5676775328125 0.4111091296875 0.5749368734375 0.4139821046875 0.5749368734375 0.4139821046875 0.5676775328125 0.41235785781249995 0.5676775328125 0.4111091296875 0.5676775328125
0 0.41907075312500003 0.3657778140625 0.42131951718750005 0.3657778140625 0.42131951718750005 0.3562484171875 0.41907075312500003 0.3562484171875 0.41907075312500003 0.3657778140625
0 0.127834796875 0.3428009609375 0.127834796875 0.34926424375 0.1299178765625 0.34926424375 0.1299178765625 0.34523143749999996 0.1299178765625 0.3428009609375 0.127834796875 0.3428009609375
0 0.4113204 0.3676868015625 0.4143370625 0.3676868015625 0.4143370625 0.35774683125 0.4113204 0.35774683125 0.4113204 0.3676868015625
0 0.4709086421875 0.32617642343750003 0.473307640625 0.32617642343750003 0.473307640625 0.316301840625 0.4709086421875 0.316301840625 0.4709086421875 0.32617642343750003
0 0.18768992499999998 0.36071350625 0.18768992499999998 0.36504366875 0.190465053125 0.36504366875 0.190465053125 0.36219860625 0.190465053125 0.36071350625 0.18768992499999998 0.36071350625
0 0.387108040625 0.4074925734375 0.388860703125 0.4074925734375 0.388860703125 0.40291911875 0.387108040625 0.40291911875 0.387108040625 0.4074925734375
0 0.32192242968749996 0.3119836875 0.32522659374999996 0.3119836875 0.32522659374999996 0.3040663546875 0.32192242968749996 0.3040663546875 0.32192242968749996 0.3119836875
0 0.025864190625 0.3488231796875 0.0282591515625 0.3488231796875 0.0282591515625 0.34477677500000004 0.025864190625 0.34477677500000004 0.025864190625 0.3488231796875
0 0.22044124531249998 0.316090646875 0.22252798125 0.316090646875 0.22252798125 0.31252783281249996 0.22044124531249998 0.31252783281249996 0.22044124531249998 0.316090646875
0 0.472701009375 0.32612248125 0.4747693375 0.32612248125 0.4747693375 0.3166302140625 0.472701009375 0.3166302140625 0.472701009375 0.32612248125
0 0.37988430625 0.330759571875 0.3830339109375 0.330759571875 0.3830339109375 0.32281471562499997 0.37988430625 0.32281471562499997 0.37988430625 0.330759571875
0 0.3995876 0.37396870312499997 0.3995876 0.37604214687500004 0.3995876 0.3794918765625 0.40209652656249995 0.3794918765625 0.40209652656249995 0.37396870312499997 0.3995876 0.37396870312499997
0 0.1305377328125 0.30595324375 0.1305377328125 0.3108964140625 0.1328837078125 0.3108964140625 0.1328837078125 0.30595324375 0.131676203125 0.30595324375 0.1305377328125 0.30595324375
0 0.3212275828125 0.352221284375 0.3212275828125 0.3571589140625 0.323454984375 0.3571589140625 0.323454984375 0.352221284375 0.32265523749999997 0.352221284375 0.3212275828125 0.352221284375
0 0.33983325937500003 0.318566725 0.33983325937500003 0.329012609375 0.3426483796875 0.329012609375 0.3426483796875 0.318566725 0.3412241078125 0.318566725 0.33983325937500003 0.318566725
0 0.4215111734375 0.365813446875 0.424330934375 0.365813446875 0.424330934375 0.35474319374999996 0.4215111734375 0.35474319374999996 0.4215111734375 0.365813446875
0 0.1393201671875 0.3256464359375 0.141216103125 0.3256464359375 0.141216103125 0.31986651875 0.1393201671875 0.31986651875 0.1393201671875 0.3256464359375
0 0.3841661453125 0.3840465125 0.3841661453125 0.38860340781249997 0.3866678875 0.38860340781249997 0.3866678875 0.3840465125 0.384875671875 0.3840465125 0.3841661453125 0.3840465125
0 0.3725746796875 0.36088426406249996 0.3725746796875 0.369364759375 0.3754478453125 0.369364759375 0.3754478453125 0.36088426406249996 0.37388469999999996 0.36088426406249996 0.3725746796875 0.36088426406249996
0 0.1301283921875 0.4455569234375 0.1301283921875 0.44807232812500003 0.1301283921875 0.451197871875 0.132784025 0.451197871875 0.132784025 0.4455569234375 0.1301283921875 0.4455569234375
0 0.0835870265625 0.289275840625 0.0835870265625 0.293928584375 0.08670702031250001 0.293928584375 0.08670702031250001 0.289275840625 0.0849104453125 0.289275840625 0.0835870265625 0.289275840625
0 0.40967458125 0.39443901875 0.40967458125 0.4006283796875 0.41219762187500003 0.4006283796875 0.41219762187500003 0.39443901875 0.4110263203125 0.39443901875 0.40967458125 0.39443901875
0 0.381765525 0.3509015390625 0.381765525 0.36348111250000004 0.3844704625 0.36348111250000004 0.3844704625 0.3509015390625 0.3824355140625 0.3509015390625 0.381765525 0.3509015390625
0 0.340167840625 0.3825252671875 0.340167840625 0.38783905625 0.3425968484375 0.38783905625 0.3425968484375 0.3825252671875 0.34154576406250003 0.3825252671875 0.340167840625 0.3825252671875
0 0.35645580312499997 0.3829577125 0.35645580312499997 0.3885411859375 0.3592158640625 0.3885411859375 0.3592158640625 0.3865716875 0.3592158640625 0.3829577125 0.35645580312499997 0.3829577125
0 0.40952469531249996 0.36961003125 0.4119785625 0.36961003125 0.4119785625 0.3607087875 0.40952469531249996 0.3607087875 0.40952469531249996 0.36961003125
0 0.3592050875 0.3695043484375 0.3592050875 0.375056796875 0.3622529109375 0.375056796875 0.36326487812499997 0.375056796875 0.36326487812499997 0.3695043484375 0.3592050875 0.3695043484375
0 0.4695689515625 0.325991284375 0.4720073703125 0.325991284375 0.4720073703125 0.3167094765625 0.4695689515625 0.3167094765625 0.4695689515625 0.325991284375
0 0.26341133125 0.4209984109375 0.2651104609375 0.4209984109375 0.2651104609375 0.41711923124999994 0.26341133125 0.41711923124999994 0.26341133125 0.4209984109375
0 0.31852932031250003 0.340574165625 0.31852932031250003 0.3457288671875 0.32078749375000004 0.3457288671875 0.32078749375000004 0.340574165625 0.3197843921875 0.340574165625 0.31852932031250003 0.340574165625
0 0.34957621875 0.31928100625 0.34957621875 0.329863484375 0.3520081515625 0.329863484375 0.3520081515625 0.31928100625 0.3506917875 0.31928100625 0.34957621875 0.31928100625
0 0.43175834062499996 0.39673315 0.4341335609375 0.39673315 0.4341335609375 0.3819701015625 0.43175834062499996 0.3819701015625 0.43175834062499996 0.39673315
0 0.40130968125 0.37388526093749996 0.40130968125 0.38047423125 0.403951740625 0.38047423125 0.403951740625 0.37926590937500004 0.403951740625 0.37388526093749996 0.40130968125 0.37388526093749996
0 0.6911205921875 0.9250918921875 0.6957099921875 0.9250918921875 0.6957099921875 0.9180352109375001 0.6911205921875 0.9180352109375001 0.6911205921875 0.9250918921875
0 0.6982004796875 0.92360749375 0.7015638984375 0.92360749375 0.7015638984375 0.9175958703125 0.6982004796875 0.9175958703125 0.6982004796875 0.92360749375
0 0.6510534921875 0.918772153125 0.6544089640624999 0.918772153125 0.6544089640624999 0.9107893203125 0.6510534921875 0.9107893203125 0.6510534921875 0.918772153125
0 0.7203072859375 0.6153471203125 0.724435425 0.6153471203125 0.724435425 0.5970288874999999 0.7203072859375 0.5970288874999999 0.7203072859375 0.6153471203125
0 0.7672690078125 0.7878128625 0.7672690078125 0.79211835625 0.7672690078125 0.7981666859375001 0.7704887390625 0.7981666859375001 0.7704887390625 0.7878128625 0.7672690078125 0.7878128625
0 0.9301239015625 0.5512152218749999 0.9338286078125 0.5512152218749999 0.9338286078125 0.541726853125 0.9301239015625 0.541726853125 0.9301239015625 0.5512152218749999
0 0.7328510921875 0.6138949921875 0.73778114375 0.6138949921875 0.73778114375 0.5933625390625 0.7328510921875 0.5933625390625 0.7328510921875 0.6138949921875
0 0.636808521875 0.9904400859375 0.636808521875 0.9978880703125 0.6412038171875001 0.9978880703125 0.6412038171875001 0.9904400859375 0.6381257828125 0.9904400859375 0.636808521875 0.9904400859375
0 0.7292613984375 0.999191171875 0.733145459375 0.999191171875 0.733145459375 0.9925116640624999 0.7292613984375 0.9925116640624999 0.7292613984375 0.999191171875
0 0.6289985015624999 0.962872428125 0.6321578984375 0.962872428125 0.6321578984375 0.9587568484375 0.6289985015624999 0.9587568484375 0.6289985015624999 0.962872428125
0 0.716646321875 0.9869888874999999 0.721930821875 0.9869888874999999 0.721930821875 0.9796251078125 0.716646321875 0.9796251078125 0.716646321875 0.9869888874999999
0 0.805354309375 0.9919063984375001 0.80961856875 0.9919063984375001 0.80961856875 0.9853947390625001 0.805354309375 0.9853947390625001 0.805354309375 0.9919063984375001
0 0.7806219734375001 0.9957430234375 0.7835236875 0.9957430234375 0.7835236875 0.98955078125 0.7806219734375001 0.98955078125 0.7806219734375001 0.9957430234375
0 0.7475898109375 0.9897094718749999 0.751356125 0.9897094718749999 0.751356125 0.984038403125 0.7475898109375 0.984038403125 0.7475898109375 0.9897094718749999
0 0.7714636484375 0.9914086234375 0.774948246875 0.9914086234375 0.774948246875 0.9850990578125 0.7714636484375 0.9850990578125 0.7714636484375 0.9914086234375
0 0.6703968046875 0.937215734375 0.6703968046875 0.9429640031250001 0.671679021875 0.9429640031250001 0.6738125484374999 0.9429640031250001 0.6738125484374999 0.937215734375 0.6703968046875 0.937215734375
0 0.6754756921875 0.9914195875 0.6754756921875 0.9970995874999999 0.6785591765625 0.9970995874999999 0.6785591765625 0.9951709390625 0.6785591765625 0.9914195875 0.6754756921875 0.9914195875
0 0.6417922968750001 0.9146483234374999 0.643313471875 0.9146483234374999 0.643313471875 0.9103793671875 0.6417922968750001 0.9103793671875 0.6417922968750001 0.9146483234374999
0 0.8171782171875 0.9988571734375 0.8205519359375 0.9988571734375 0.8205519359375 0.9910739468750001 0.8171782171875 0.9910739468750001 0.8171782171875 0.9988571734375
0 0.7432056421875 0.97712843125 0.7432056421875 0.9846496578125 0.7459073390625 0.9846496578125 0.7459073390625 0.9805964265625 0.7459073390625 0.97712843125 0.7432056421875 0.97712843125
0 0.7871724453125 0.987417828125 0.7871724453125 0.9931135390625 0.7897333421875 0.9931135390625 0.7916163125 0.9931135390625 0.7916163125 0.987417828125 0.7871724453125 0.987417828125
0 0.5370320484375 0.8852377468749999 0.53985708125 0.8852377468749999 0.53985708125 0.8802154640625 0.5370320484375 0.8802154640625 0.5370320484375 0.8852377468749999
0 0.9868068265625001 0.5942296078125 0.9953094140625 0.5942296078125 0.9953094140625 0.5737278375 0.9868068265625001 0.5737278375 0.9868068265625001 0.5942296078125
0 0.8866358468750001 0.6444137421875 0.8980123328125 0.6444137421875 0.8980123328125 0.6216098671875 0.8866358468750001 0.6216098671875 0.8866358468750001 0.6444137421875
0 0.789957971875 0.6177508031250001 0.7956996609375 0.6177508031250001 0.7956996609375 0.5919064125 0.789957971875 0.5919064125 0.789957971875 0.6177508031250001
0 0.8000975515625001 0.58940884375 0.794172615625 0.58940884375 0.794172615625 0.614601696875 0.8000975515625001 0.614601696875 0.8000975515625001 0.58940884375
0 0.8030294781249999 0.6048286078125 0.8079160218749999 0.6048286078125 0.8079160218749999 0.585499609375 0.8030294781249999 0.585499609375 0.8030294781249999 0.6048286078125
0 0.782363784375 0.5747841625000001 0.7860775578125 0.5747841625000001 0.7860775578125 0.5640120468750001 0.782363784375 0.5640120468750001 0.782363784375 0.5747841625000001
0 0.76821971875 0.5705318515625 0.773961409375 0.5705318515625 0.773961409375 0.5559808078125 0.76821971875 0.5559808078125 0.76821971875 0.5705318515625
0 0.795950859375 0.5782417328125 0.8007763234375 0.5782417328125 0.8007763234375 0.5671655640625 0.795950859375 0.5671655640625 0.795950859375 0.5782417328125
0 0.6958671703125 0.5894072171875 0.7011354765625 0.5894072171875 0.7011354765625 0.56551744375 0.6958671703125 0.56551744375 0.6958671703125 0.5894072171875
0 0.5980083328125 0.493780896875 0.60130675 0.493780896875 0.60130675 0.480098571875 0.5980083328125 0.480098571875 0.5980083328125 0.493780896875
0 0.6025894671875001 0.5012735984375001 0.605826803125 0.5012735984375001 0.605826803125 0.4895458921875 0.6025894671875001 0.4895458921875 0.6025894671875001 0.5012735984375001
0 0.609613875 0.4894373015625 0.6125458015625 0.4894373015625 0.6125458015625 0.48107588124999995 0.609613875 0.48107588124999995 0.609613875 0.4894373015625
0 0.6444114171875001 0.4811437484375 0.648992553125 0.4811437484375 0.648992553125 0.4667012953125 0.6444114171875001 0.4667012953125 0.6444114171875001 0.4811437484375
0 0.6311566656250001 0.4748455359375 0.6343940015625 0.4748455359375 0.6343940015625 0.4648552671875 0.6311566656250001 0.4648552671875 0.6311566656250001 0.4748455359375
0 0.6358198796875 0.47946962031249996 0.6388739703125 0.47946962031249996 0.6388739703125 0.46467424843750005 0.6358198796875 0.46467424843750005 0.6358198796875 0.47946962031249996
0 0.6385685609375 0.4764833984375 0.6424625265625 0.4764833984375 0.6424625265625 0.4630454015625 0.6385685609375 0.4630454015625 0.6385685609375 0.4764833984375
0 0.5276728281249999 0.5598844953125 0.5322539640625 0.5598844953125 0.5322539640625 0.54461404375 0.5276728281249999 0.54461404375 0.5276728281249999 0.5598844953125
0 0.5694205140624999 0.5471925234375 0.574841525 0.5471925234375 0.574841525 0.5351118984375 0.5694205140624999 0.5351118984375 0.5694205140624999 0.5471925234375
0 0.5078281 0.5088297546875 0.51141665625 0.5088297546875 0.51141665625 0.49199832343749994 0.5078281 0.49199832343749994 0.5078281 0.5088297546875
0 0.506224703125 0.49471307031249995 0.509202440625 0.49471307031249995 0.509202440625 0.48073212343750005 0.506224703125 0.48073212343750005 0.506224703125 0.49471307031249995
0 0.5197772296875 0.4938647125 0.52321308125 0.4938647125 0.52321308125 0.47452213906249996 0.5197772296875 0.47452213906249996 0.5197772296875 0.4938647125
0 0.529494246875 0.48402375312499996 0.534648025 0.48402375312499996 0.534648025 0.4663778984375 0.529494246875 0.4663778984375 0.529494246875 0.48402375312499996
0 0.5240541484375 0.4758795125 0.5282535234375 0.4758795125 0.5282535234375 0.46298446406249993 0.5240541484375 0.46298446406249993 0.5240541484375 0.4758795125
0 0.5182511390625 0.464450428125 0.521916046875 0.464450428125 0.521916046875 0.45293990156249997 0.5182511390625 0.45293990156249997 0.5182511390625 0.464450428125
0 0.5192131765625 0.4489118953125 0.524099721875 0.4489118953125 0.524099721875 0.4334921328125 0.5192131765625 0.4334921328125 0.5192131765625 0.4489118953125
0 0.548881375 0.45933516562500004 0.552204225 0.45933516562500004 0.552204225 0.44430632656249996 0.548881375 0.44430632656249996 0.548881375 0.45933516562500004
0 0.5189986265625001 0.4217325265625 0.5225413718749999 0.4217325265625 0.5225413718749999 0.4053354546875 0.5189986265625001 0.4053354546875 0.5189986265625001 0.4217325265625
0 0.5226635359375 0.4057698140625 0.5253511343749999 0.4057698140625 0.5253511343749999 0.3942592875 0.5226635359375 0.3942592875 0.5226635359375 0.4057698140625
0 0.501836165625 0.3836106921875 0.507333528125 0.3836106921875 0.507333528125 0.3720730171875 0.501836165625 0.3720730171875 0.501836165625 0.3836106921875
0 0.58095438125 0.4046444671875 0.5834587359375 0.4046444671875 0.5834587359375 0.39508855781249996 0.58095438125 0.39508855781249996 0.58095438125 0.4046444671875
0 0.5849246984375001 0.406707675 0.5882841984375 0.406707675 0.5882841984375 0.397586125 0.5849246984375001 0.397586125 0.5849246984375001 0.406707675
0 0.5769687453125 0.40027219687500004 0.5799984031250001 0.40027219687500004 0.5799984031250001 0.39262746875 0.5769687453125 0.39262746875 0.5769687453125 0.40027219687500004
0 0.5109078171875 0.35966874375 0.5146948890624999 0.35966874375 0.5146948890624999 0.3466379578125 0.5109078171875 0.3466379578125 0.5109078171875 0.35966874375
0 0.48312652187499994 0.376713028125 0.4862539109375 0.376713028125 0.4862539109375 0.364811578125 0.48312652187499994 0.364811578125 0.48312652187499994 0.376713028125
0 0.48986995312500003 0.3637691140625 0.48556979375 0.3637691140625 0.48556979375 0.37402 0.48986995312500003 0.37402 0.48986995312500003 0.3637691140625
0 0.5109683734375 0.42287085312499995 0.5140468968749999 0.42287085312499995 0.5140468968749999 0.4087107328125 0.5109683734375 0.4087107328125 0.5109683734375 0.42287085312499995
0 0.51316731875 0.42035156875 0.51751634375 0.42035156875 0.51751634375 0.40653893593749996 0.51316731875 0.40653893593749996 0.51316731875 0.42035156875
0 0.4214674921875 0.4031896171875 0.4256210546875 0.4031896171875 0.4256210546875 0.38972447187500003 0.4214674921875 0.38972447187500003 0.4214674921875 0.4031896171875
0 0.4255370671875 0.370212228125 0.428102503125 0.370212228125 0.428102503125 0.362502346875 0.4255370671875 0.362502346875 0.4255370671875 0.370212228125
0 0.3430185984375 0.3890240671875 0.3449732171875 0.3890240671875 0.3449732171875 0.38424611249999996 0.3430185984375 0.38424611249999996 0.3430185984375 0.3890240671875
0 0.3551372296875 0.3808581078125 0.3584112140625 0.3808581078125 0.3584112140625 0.37747010312499996 0.3551372296875 0.37747010312499996 0.3551372296875 0.3808581078125
0 0.3675001875 0.3713021984375 0.369992325 0.3713021984375 0.369992325 0.367653578125 0.3675001875 0.367653578125 0.3675001875 0.3713021984375
0 0.377413765625 0.366268840625 0.37969675937499997 0.366268840625 0.37969675937499997 0.3608758328125 0.377413765625 0.3608758328125 0.377413765625 0.366268840625
0 0.3750682234375 0.367658790625 0.37757013437500003 0.367658790625 0.37757013437500003 0.3627105671875 0.3750682234375 0.3627105671875 0.3750682234375 0.367658790625
0 0.3699768484375 0.3508578328125 0.372322390625 0.3508578328125 0.372322390625 0.337305815625 0.3699768484375 0.337305815625 0.3699768484375 0.3508578328125
0 0.37486339375 0.336089609375 0.37212692812500003 0.336089609375 0.37212692812500003 0.349033521875 0.37486339375 0.349033521875 0.37486339375 0.336089609375
0 0.3502058890625 0.3508404578125 0.35266870781250004 0.3508404578125 0.35266870781250004 0.34729608437500004 0.3502058890625 0.34729608437500004 0.3502058890625 0.3508404578125
0 0.37406871875 0.33909103281249997 0.3761406140625 0.33909103281249997 0.3761406140625 0.3313768078125 0.37406871875 0.3313768078125 0.37406871875 0.33909103281249997
0 0.3759842453125 0.3356856546875 0.377860678125 0.3356856546875 0.377860678125 0.32706796250000003 0.3759842453125 0.32706796250000003 0.3759842453125 0.3356856546875
0 0.3783297859375 0.334851684375 0.38004984999999997 0.334851684375 0.38004984999999997 0.3279714296875 0.3783297859375 0.3279714296875 0.3783297859375 0.334851684375
0 0.385575309375 0.358842446875 0.3879208515625 0.358842446875 0.3879208515625 0.3448560703125 0.385575309375 0.3448560703125 0.385575309375 0.358842446875
0 0.3878231203125 0.368311484375 0.39070618125 0.368311484375 0.39070618125 0.34911279375 0.3878231203125 0.34911279375 0.3878231203125 0.368311484375
0 0.39432222499999997 0.3461591484375 0.3902175265625 0.3461591484375 0.3902175265625 0.3669215328125 0.39432222499999997 0.3669215328125 0.39432222499999997 0.3461591484375
0 0.3585412890625 0.36132719999999996 0.36220033281249997 0.36132719999999996 0.36220033281249997 0.35193113593750003 0.3585412890625 0.35193113593750003 0.3585412890625 0.36132719999999996
0 0.3477506984375 0.3341354265625 0.34997114375 0.3341354265625 0.34997114375 0.324405771875 0.3477506984375 0.324405771875 0.3477506984375 0.3341354265625
0 0.3237679046875 0.35572027031250003 0.3258319796875 0.35572027031250003 0.3258319796875 0.35282917343750003 0.3237679046875 0.35282917343750003 0.3237679046875 0.35572027031250003
0 0.3435734359375 0.355078721875 0.3452348609375 0.355078721875 0.3452348609375 0.3519513328125 0.3435734359375 0.3519513328125 0.3435734359375 0.355078721875
0 0.342938184375 0.3402236265625 0.34494166875 0.3402236265625 0.34494166875 0.337356853125 0.342938184375 0.337356853125 0.342938184375 0.3402236265625
0 0.37411826718749996 0.3091729875 0.3763699875 0.3091729875 0.3763699875 0.30094448125 0.37411826718749996 0.30094448125 0.37411826718749996 0.3091729875
0 0.089509328125 0.4999918640625 0.0928497390625 0.4999918640625 0.0928497390625 0.49201729375000003 0.089509328125 0.49201729375000003 0.089509328125 0.4999918640625
0 0.105543303125 0.49575007187500003 0.108501953125 0.49575007187500003 0.108501953125 0.4898115625 0.105543303125 0.4898115625 0.105543303125 0.49575007187500003
0 0.12539488906250001 0.4923566375 0.1284489796875 0.4923566375 0.1284489796875 0.48556977031250004 0.12539488906250001 0.48556977031250004 0.12539488906250001 0.4923566375
0 0.1858701296875 0.4283426921875 0.1912147875 0.4283426921875 0.1912147875 0.4218951671875 0.1858701296875 0.4218951671875 0.1858701296875 0.4283426921875
0 0.2075410484375 0.40562789375 0.21100075937499999 0.40562789375 0.21100075937499999 0.4011740125 0.2075410484375 0.4011740125 0.2075410484375 0.40562789375
0 0.2316397296875 0.414111478125 0.23724684843750002 0.414111478125 0.23724684843750002 0.40796088125 0.2316397296875 0.40796088125 0.2316397296875 0.414111478125
0 0.251957484375 0.4576338578125 0.25455346093750003 0.4576338578125 0.25455346093750003 0.45396894843749996 0.251957484375 0.45396894843749996 0.251957484375 0.4576338578125
0 0.0234130296875 0.416316009375 0.025875848437499998 0.416316009375 0.025875848437499998 0.41263264062499994 0.0234130296875 0.41263264062499994 0.0234130296875 0.416316009375
0 0.020441154687499997 0.4178082515625 0.0230056140625 0.4178082515625 0.0230056140625 0.4144723703125 0.020441154687499997 0.4144723703125 0.020441154687499997 0.4178082515625
0 0.0577565703125 0.36127014375 0.062433146875 0.36127014375 0.062433146875 0.3566890078125 0.0577565703125 0.3566890078125 0.0577565703125 0.36127014375
0 0.07880994218750001 0.35687904062500003 0.08105775312499999 0.35687904062500003 0.08105775312499999 0.3530566765625 0.07880994218750001 0.3530566765625 0.07880994218750001 0.35687904062500003
0 0.0882883125 0.3550907015625 0.0929458 0.3550907015625 0.0929458 0.3499326828125 0.0882883125 0.3499326828125 0.0882883125 0.3550907015625
0 0.1018026625 0.353326115625 0.10416958125 0.353326115625 0.10416958125 0.3499326828125 0.1018026625 0.3499326828125 0.1018026625 0.353326115625
0 0.22010869843749997 0.37103379375 0.22230764218750002 0.37103379375 0.22230764218750002 0.36690737812499996 0.22010869843749997 0.36690737812499996 0.22010869843749997 0.37103379375
0 0.225422815625 0.3703822546875 0.227560678125 0.3703822546875 0.227560678125 0.3670159671875 0.225422815625 0.3670159671875 0.225422815625 0.3703822546875
0 0.2353180671875 0.3612607046875 0.2386164859375 0.3612607046875 0.2386164859375 0.35756864843749997 0.2353180671875 0.35756864843749997 0.2353180671875 0.3612607046875
0 0.21705460781250002 0.34594953125 0.2198643703125 0.34594953125 0.2198643703125 0.3424746546875 0.21705460781250002 0.3424746546875 0.21705460781250002 0.34594953125
0 0.24228139375 0.34899004843750003 0.24454142031249998 0.34899004843750003 0.24454142031249998 0.34540658125 0.24228139375 0.34540658125 0.24228139375 0.34899004843750003
0 0.2568188640625 0.3399770875 0.25852915468750004 0.3399770875 0.25852915468750004 0.33628503125 0.2568188640625 0.33628503125 0.2568188640625 0.3399770875
0 0.2646984171875 0.340411446875 0.267324934375 0.340411446875 0.267324934375 0.337262340625 0.2646984171875 0.337262340625 0.2646984171875 0.340411446875
0 0.2629270453125 0.36473558125 0.2646373359375 0.36473558125 0.2646373359375 0.36136929375000004 0.2629270453125 0.36136929375000004 0.2629270453125 0.36473558125
0 0.2384330140625 0.3202568265625 0.240570878125 0.3202568265625 0.240570878125 0.3161304109375 0.2384330140625 0.3161304109375 0.2384330140625 0.3202568265625
0 0.15346822031250001 0.29082896874999997 0.15603365625 0.29082896874999997 0.15603365625 0.28387921718750003 0.15346822031250001 0.28387921718750003 0.15346822031250001 0.29082896874999997
0 0.18492535000000002 0.29528115312500003 0.18706321406249998 0.29528115312500003 0.18706321406249998 0.29180627812500004 0.18492535000000002 0.29180627812500004 0.18492535000000002 0.29528115312500003
0 0.1541401203125 0.27139138125 0.15701096406249998 0.27139138125 0.15701096406249998 0.265310346875 0.1541401203125 0.265310346875 0.1541401203125 0.27139138125
0 0.153883125 0.3219337125 0.1563068515625 0.3219337125 0.1563068515625 0.31859783125 0.153883125 0.31859783125 0.153883125 0.3219337125
0 0.1673699875 0.328674971875 0.1696764375 0.328674971875 0.1696764375 0.3205437625 0.1673699875 0.3205437625 0.1673699875 0.328674971875
0 0.1698718984375 0.3243661265625 0.173077471875 0.3243661265625 0.173077471875 0.3176248671875 0.1698718984375 0.3176248671875 0.1698718984375 0.3243661265625
0 0.1785034921875 0.3284803796875 0.18088030625 0.3284803796875 0.18088030625 0.323587753125 0.1785034921875 0.323587753125 0.1785034921875 0.3284803796875
0 0.1788162296875 0.323254165625 0.1829443828125 0.323254165625 0.1829443828125 0.318194746875 0.1788162296875 0.318194746875 0.1788162296875 0.323254165625
0 0.14733335625 0.3369431390625 0.1490925125 0.3369431390625 0.1490925125 0.3335377609375 0.14733335625 0.3335377609375 0.14733335625 0.3369431390625
0 0.05940581874999999 0.3432854046875 0.05940581874999999 0.347177265625 0.060250214062499995 0.347177265625 0.061782634375 0.347177265625 0.061782634375 0.3432854046875 0.05940581874999999 0.3432854046875
0 0.0636590671875 0.347177265625 0.059687284375 0.347177265625 0.059687284375 0.3515139109375 0.0636590671875 0.3515139109375 0.0636590671875 0.347177265625
0 0.06362779375 0.3498459703125 0.06641116875 0.3498459703125 0.06641116875 0.34489774687499997 0.06362779375 0.34489774687499997 0.06362779375 0.3498459703125
0 0.07285419374999999 0.2974497015625 0.075358546875 0.2974497015625 0.075358546875 0.2933232859375 0.07285419374999999 0.2933232859375 0.07285419374999999 0.2974497015625
0 0.063437821875 0.28173023124999996 0.0665652109375 0.28173023124999996 0.0665652109375 0.27860284218750003 0.063437821875 0.27860284218750003 0.063437821875 0.28173023124999996
0 0.1035294765625 0.29233376093749996 0.107585309375 0.29233376093749996 0.107585309375 0.287468934375 0.1035294765625 0.287468934375 0.1035294765625 0.29233376093749996
0 0.135469965625 0.29516278125 0.138695084375 0.29516278125 0.138695084375 0.2922091375 0.135469965625 0.2922091375 0.135469965625 0.29516278125
0 0.13198439374999998 0.27405225781250003 0.1348303171875 0.27405225781250003 0.1348303171875 0.27071637656249997 0.13198439374999998 0.27071637656249997 0.13198439374999998 0.27405225781250003
0 0.1378013359375 0.27410785625 0.139771590625 0.27410785625 0.139771590625 0.2703271890625 0.1378013359375 0.2703271890625 0.1378013359375 0.27410785625
0 0.1074921453125 0.23730327031249998 0.1098376875 0.23730327031249998 0.1098376875 0.233394034375 0.1074921453125 0.233394034375 0.1074921453125 0.23730327031249998
0 0.099429346875 0.2512548984375 0.1015794265625 0.2512548984375 0.1015794265625 0.24784951875 0.099429346875 0.24784951875 0.099429346875 0.2512548984375
0 0.087863059375 0.236505078125 0.090024709375 0.236505078125 0.090024709375 0.2337438578125 0.087863059375 0.2337438578125 0.087863059375 0.236505078125
0 0.0811893828125 0.262384065625 0.08333101875 0.262384065625 0.08333101875 0.2591104546875 0.0811893828125 0.2591104546875 0.0811893828125 0.262384065625
0 0.120245996875 0.2551592671875 0.122013746875 0.2551592671875 0.122013746875 0.2521304640625 0.120245996875 0.2521304640625 0.120245996875 0.2551592671875
0 0.11623164687500001 0.2360580875 0.118857653125 0.2360580875 0.118857653125 0.2324713484375 0.11623164687500001 0.2324713484375 0.11623164687500001 0.2360580875
0 0.1047665359375 0.275400471875 0.1125850078125 0.275400471875 0.1125850078125 0.2706051421875 0.1047665359375 0.2706051421875 0.1047665359375 0.275400471875
0 0.1310797953125 0.25924669218749996 0.1392647578125 0.25924669218749996 0.1392647578125 0.25512027656249997 0.1310797953125 0.25512027656249997 0.1310797953125 0.25924669218749996
0 0.143540484375 0.2522969390625 0.1515422015625 0.2522969390625 0.1515422015625 0.2478447546875 0.143540484375 0.2478447546875 0.143540484375 0.2522969390625
0 0.1316906140625 0.2676081125 0.134561459375 0.2676081125 0.134561459375 0.2630473375 0.1316906140625 0.2630473375 0.1316906140625 0.2676081125
0 0.1436626484375 0.2634816984375 0.153130328125 0.2634816984375 0.153130328125 0.258052203125 0.1436626484375 0.258052203125 0.1436626484375 0.2634816984375
0 0.16174530625 0.26375708124999997 0.16443486093749998 0.26375708124999997 0.16443486093749998 0.2577524953125 0.16174530625 0.2577524953125 0.16174530625 0.26375708124999997
0 0.16374683437499998 0.2607547890625 0.1671556890625 0.2607547890625 0.1671556890625 0.2551393890625 0.16374683437499998 0.2551393890625 0.16374683437499998 0.2607547890625
0 0.1688132046875 0.26131076875 0.1740046703125 0.26131076875 0.1740046703125 0.256918525 0.1688132046875 0.256918525 0.1688132046875 0.26131076875
0 0.17713205781250002 0.257029721875 0.1791335875 0.257029721875 0.1791335875 0.25235948750000003 0.17713205781250002 0.25235948750000003 0.17713205781250002 0.257029721875
0 0.180447090625 0.2560289578125 0.1832617390625 0.2560289578125 0.1832617390625 0.25185910625 0.180447090625 0.25185910625 0.180447090625 0.2560289578125
0 0.1934044109375 0.25991282656250003 0.19590632187499998 0.25991282656250003 0.19590632187499998 0.2522680984375 0.1934044109375 0.2522680984375 0.1934044109375 0.25991282656250003
0 0.1923410984375 0.2561182609375 0.194392665625 0.2561182609375 0.194392665625 0.25051398125 0.1923410984375 0.25051398125 0.1923410984375 0.2561182609375
0 0.2010113140625 0.26031896875 0.2034131484375 0.26031896875 0.2034131484375 0.2574011859375 0.2010113140625 0.2574011859375 0.2010113140625 0.26031896875
0 0.1995426921875 0.2487968359375 0.20195078125000002 0.2487968359375 0.20195078125000002 0.2440710046875 0.1995426921875 0.2440710046875 0.1995426921875 0.2487968359375
0 0.150606834375 0.3218467140625 0.1526103171875 0.3218467140625 0.1526103171875 0.318458709375 0.150606834375 0.318458709375 0.150606834375 0.3218467140625
0 0.154858128125 0.32940456875 0.1584253046875 0.32940456875 0.1584253046875 0.32506097343749996 0.154858128125 0.32506097343749996 0.154858128125 0.32940456875
0 0.1578389203125 0.32592969374999997 0.16062425 0.32592969374999997 0.16062425 0.3221073296875 0.1578389203125 0.3221073296875 0.1578389203125 0.32592969374999997
0 0.4506885109375 0.3622259234375 0.45362043906249994 0.3622259234375 0.45362043906249994 0.3527786046875 0.4506885109375 0.3527786046875 0.4506885109375 0.3622259234375
0 0.2604711734375 0.3183827609375 0.2643193265625 0.3183827609375 0.2643193265625 0.31306185625 0.2604711734375 0.31306185625 0.2604711734375 0.3183827609375
0 0.271221571875 0.31900823749999996 0.2741534984375 0.31900823749999996 0.2741534984375 0.315950346875 0.271221571875 0.315950346875 0.271221571875 0.31900823749999996
0 0.2588323484375 0.3034790703125 0.2609335625 0.3034790703125 0.2609335625 0.299222346875 0.2588323484375 0.299222346875 0.2588323484375 0.3034790703125
0 0.2715373640625 0.3011335296875 0.2756420625 0.3011335296875 0.2756420625 0.2917513640625 0.2715373640625 0.2917513640625 0.2715373640625 0.3011335296875
0 0.28883145625 0.316206890625 0.29156792187499997 0.316206890625 0.29156792187499997 0.3099521140625 0.28883145625 0.3099521140625 0.28883145625 0.316206890625
0 0.2806333 0.314776978125 0.2828224734375 0.314776978125 0.2828224734375 0.31160789218749996 0.2806333 0.31160789218749996 0.2806333 0.314776978125
0 0.27734954218749996 0.319891996875 0.27935107187499997 0.319891996875 0.27935107187499997 0.3170564984375 0.27734954218749996 0.3170564984375 0.27734954218749996 0.319891996875
0 0.277412090625 0.31594453749999996 0.2802892875 0.31594453749999996 0.2802892875 0.30788282499999997 0.277412090625 0.30788282499999997 0.277412090625 0.31594453749999996
0 0.30000530468750003 0.3087872703125 0.30274176875 0.3087872703125 0.30274176875 0.3001869515625 0.30000530468750003 0.3001869515625 0.30000530468750003 0.3087872703125
0 0.3033770203125 0.3105247078125 0.30601575468750003 0.3105247078125 0.30601575468750003 0.3014900296875 0.3033770203125 0.3014900296875 0.3033770203125 0.3105247078125
0 0.307823775 0.3100034765625 0.3103159140625 0.3100034765625 0.3103159140625 0.30183751718749996 0.307823775 0.30183751718749996 0.307823775 0.3100034765625
0 0.308801084375 0.306094240625 0.31207507031250004 0.306094240625 0.31207507031250004 0.296103971875 0.308801084375 0.296103971875 0.308801084375 0.306094240625
0 0.3127103203125 0.3075710625 0.3152513234375 0.3075710625 0.3152513234375 0.29740705156249997 0.3127103203125 0.29740705156249997 0.3127103203125 0.3075710625
0 0.2997609765625 0.29931823281250003 0.30220425 0.29931823281250003 0.30220425 0.289588578125 0.2997609765625 0.289588578125 0.2997609765625 0.29931823281250003
0 0.3016667296875 0.3000132078125 0.304549790625 0.3000132078125 0.304549790625 0.28672180625 0.3016667296875 0.28672180625 0.3016667296875 0.3000132078125
0 0.3066021390625 0.285244984375 0.3040122703125 0.285244984375 0.3040122703125 0.286772028125 0.3040122703125 0.2990576171875 0.3066021390625 0.2990576171875 0.3066021390625 0.2896564484375 0.3066021390625 0.285244984375
0 0.3077749109375 0.2821175953125 0.3077749109375 0.296103971875 0.31041364374999997 0.296103971875 0.31041364374999997 0.2821175953125 0.30905946093750003 0.2821175953125 0.3077749109375 0.2821175953125
0 0.31041364374999997 0.28237821093750004 0.31041364374999997 0.2894867765625 0.31041364374999997 0.296103971875 0.313150109375 0.296103971875 0.313150109375 0.28237821093750004 0.31041364374999997 0.28237821093750004
0 0.28704343906249996 0.2971182015625 0.2900144578125 0.2971182015625 0.2900144578125 0.28356618437500003 0.28704343906249996 0.28356618437500003 0.28704343906249996 0.2971182015625
0 0.293337309375 0.2984386546875 0.293337309375 0.282315228125 0.2917736140625 0.282315228125 0.2895062578125 0.282315228125 0.2895062578125 0.2984386546875 0.293337309375 0.2984386546875
0 0.2918518 0.292253375 0.2945100796875 0.292253375 0.2945100796875 0.281828746875 0.2918518 0.281828746875 0.2918518 0.292253375
0 0.2944709875 0.2967707140625 0.29838022343750004 0.2967707140625 0.29838022343750004 0.2841916625 0.2944709875 0.2841916625 0.2944709875 0.2967707140625
0 0.277305471875 0.2940450390625 0.2792209984375 0.2940450390625 0.2792209984375 0.2909176515625 0.277305471875 0.2909176515625 0.277305471875 0.2940450390625
0 0.23033050781250003 0.2722271609375 0.2347283984375 0.2722271609375 0.2347283984375 0.2690129015625 0.23033050781250003 0.2690129015625 0.23033050781250003 0.2722271609375
0 0.26600505937499996 0.28354957812500003 0.268256778125 0.28354957812500003 0.268256778125 0.27537666875 0.26600505937499996 0.27537666875 0.26600505937499996 0.28354957812500003
0 0.268976078125 0.28343838125 0.2714779890625 0.28343838125 0.2714779890625 0.27398671874999997 0.268976078125 0.27398671874999997 0.268976078125 0.28343838125
0 0.2772185796875 0.2783112015625 0.27995504375 0.2783112015625 0.27995504375 0.269363396875 0.2772185796875 0.269363396875 0.2772185796875 0.2783112015625
0 0.28098121875 0.2752706859375 0.2829847015625 0.2752706859375 0.2829847015625 0.26658349531250003 0.28098121875 0.26658349531250003 0.28098121875 0.2752706859375
0 0.28435293437500003 0.2793536640625 0.2865030140625 0.2793536640625 0.2865030140625 0.274749453125 0.28435293437500003 0.274749453125 0.28435293437500003 0.2793536640625
0 0.3034564609375 0.278638328125 0.30629065624999996 0.278638328125 0.30629065624999996 0.26934303593750003 0.3034564609375 0.26934303593750003 0.3034564609375 0.278638328125
0 0.301257515625 0.27368663125000003 0.3030655375 0.27368663125000003 0.3030655375 0.26908241875 0.301257515625 0.26908241875 0.301257515625 0.27368663125000003
0 0.3133946234375 0.2814350609375 0.315544703125 0.2814350609375 0.315544703125 0.2756667671875 0.3133946234375 0.2756667671875 0.3133946234375 0.2814350609375
0 0.318061921875 0.3372915234375 0.3238036125 0.3372915234375 0.3238036125 0.330884721875 0.318061921875 0.330884721875 0.318061921875 0.3372915234375
0 0.2494739234375 0.289627353125 0.25274790937499997 0.289627353125 0.25274790937499997 0.2851968859375 0.2494739234375 0.2851968859375 0.2494739234375 0.289627353125
0 0.2598333984375 0.2924072546875 0.263009653125 0.2924072546875 0.263009653125 0.288324275 0.2598333984375 0.288324275 0.2598333984375 0.2924072546875
0 0.3178807640625 0.2812846171875 0.3199331140625 0.2812846171875 0.3199331140625 0.2728580421875 0.3178807640625 0.2728580421875 0.3178807640625 0.2812846171875
0 0.3239107609375 0.2842903859375 0.32606084062499996 0.2842903859375 0.32606084062499996 0.2756726921875 0.3239107609375 0.2756726921875 0.3239107609375 0.2842903859375
0 0.3205879109375 0.28234445468749997 0.32316800625000003 0.28234445468749997 0.32316800625000003 0.272753796875 0.3205879109375 0.272753796875 0.3205879109375 0.28234445468749997
0 0.33184723437499997 0.3099461703125 0.3351876453125 0.3099461703125 0.3351876453125 0.29806915156249997 0.33184723437499997 0.29806915156249997 0.33184723437499997 0.3099461703125
0 0.3222077609375 0.296711778125 0.3354739671875 0.296711778125 0.3354739671875 0.285852790625 0.3222077609375 0.285852790625 0.3222077609375 0.296711778125
0 0.2589126484375 0.27094917343749997 0.26398243906249996 0.27094917343749997 0.26398243906249996 0.2596558265625 0.2589126484375 0.2596558265625 0.2589126484375 0.27094917343749997
0 0.21909208125 0.25213597656250003 0.2217186 0.25213597656250003 0.2217186 0.24746661250000002 0.21909208125 0.24746661250000002 0.21909208125 0.25213597656250003
0 0.216392265625 0.25254861875 0.2184934796875 0.25254861875 0.2184934796875 0.24724943281249998 0.216392265625 0.24724943281249998 0.216392265625 0.25254861875
0 0.21394899375 0.253504209375 0.21609907343749998 0.253504209375 0.21609907343749998 0.2463807140625 0.21394899375 0.2463807140625 0.21394899375 0.253504209375
0 0.2116523171875 0.25081118125 0.21394899375 0.25081118125 0.21394899375 0.24716256093750003 0.2116523171875 0.24716256093750003 0.2116523171875 0.25081118125
0 0.2093067765625 0.24950810156249997 0.2116523171875 0.24950810156249997 0.2116523171875 0.245425121875 0.2093067765625 0.245425121875 0.2093067765625 0.24950810156249997
0 0.20896471874999997 0.243687684375 0.2111147984375 0.243687684375 0.2111147984375 0.2376066515625 0.20896471874999997 0.2376066515625 0.20896471874999997 0.243687684375
0 0.225953190625 0.2558822265625 0.2277514390625 0.2558822265625 0.2277514390625 0.2506699125 0.225953190625 0.2506699125 0.225953190625 0.2558822265625
0 0.228611471875 0.2562297140625 0.23107429062499998 0.2562297140625 0.23107429062499998 0.2481680015625 0.228611471875 0.2481680015625 0.228611471875 0.2562297140625
0 0.2337325703125 0.2650558984375 0.239479146875 0.2650558984375 0.239479146875 0.25887061875 0.2337325703125 0.25887061875 0.2337325703125 0.2650558984375
0 0.2431929203125 0.2635964515625 0.24678941718749997 0.2635964515625 0.24678941718749997 0.25616021718750004 0.2431929203125 0.25616021718750004 0.2431929203125 0.2635964515625
0 0.245264815625 0.258106146875 0.2485485734375 0.258106146875 0.2485485734375 0.25011393125 0.245264815625 0.25011393125 0.245264815625 0.258106146875
0 0.2413164875 0.25616021718750004 0.24483480000000002 0.25616021718750004 0.24483480000000002 0.24941895625 0.2413164875 0.24941895625 0.2413164875 0.25616021718750004
0 0.2287506921875 0.2482778234375 0.2410624953125 0.2482778234375 0.2410624953125 0.2391155515625 0.2287506921875 0.2391155515625 0.2287506921875 0.2482778234375
0 0.24125337500000002 0.24844749375 0.25728735 0.24844749375 0.25728735 0.2360614625 0.24125337500000002 0.2360614625 0.24125337500000002 0.24844749375
0 0.29302307031249997 0.2702282484375 0.2954052609375 0.2702282484375 0.2954052609375 0.2620840078125 0.29302307031249997 0.2620840078125 0.29302307031249997 0.2702282484375
0 0.33700996562499996 0.30571434062499997 0.349512646875 0.30571434062499997 0.349512646875 0.28755946875 0.33700996562499996 0.28755946875 0.33700996562499996 0.30571434062499997
0 0.46063226718749994 0.305345028125 0.46313417812499996 0.305345028125 0.46313417812499996 0.2956153765625 0.46063226718749994 0.2956153765625 0.46063226718749994 0.305345028125
0 0.4444284859375 0.30542212812499997 0.45271606562500005 0.30542212812499997 0.45271606562500005 0.292287096875 0.4444284859375 0.292287096875 0.4444284859375 0.30542212812499997
