0 0.004069571875 0.83541149375 0.0097222734375 0.83541149375 0.0097222734375 0.8163897062500001 0.004069571875 0.8163897062500001 0.004069571875 0.83541149375
0 0.033948134375 0.721998575 0.040812128125 0.721998575 0.040812128125 0.7054891 0.033948134375 0.7054891 0.033948134375 0.721998575
0 0.0329387234375 0.736354640625 0.03596695625 0.736354640625 0.03596695625 0.72594649375 0.0329387234375 0.72594649375 0.0329387234375 0.736354640625
0 0.0343518984375 0.7481983953125 0.038995189062500005 0.7481983953125 0.038995189062500005 0.7338423296875 0.0343518984375 0.7338423296875 0.0343518984375 0.7481983953125
0 0.009520390625 0.6983110671875 0.015778739062499998 0.6983110671875 0.015778739062499998 0.6839550015625 0.009520390625 0.6839550015625 0.009520390625 0.6983110671875
0 0.00467521875 0.6839550015625 0.009520390625 0.6839550015625 0.009520390625 0.6710345421875 0.00467521875 0.6710345421875 0.00467521875 0.6839550015625
0 0.000031929687499999996 0.711590428125 0.00184886875 0.711590428125 0.00184886875 0.6882618218750001 0.000031929687499999996 0.6882618218750001 0.000031929687499999996 0.711590428125
0 0.12802522656249998 0.6602674937499999 0.1348892203125 0.6602674937499999 0.1348892203125 0.6423224125 0.12802522656249998 0.6423224125 0.12802522656249998 0.6602674937499999
0 0.0721038640625 0.5626462484375 0.0775546828125 0.5626462484375 0.0775546828125 0.548649084375 0.0721038640625 0.548649084375 0.0721038640625 0.5626462484375
0 0.07937162187499999 0.5597750359375 0.0821979734375 0.5597750359375 0.0821979734375 0.5511613953125 0.07937162187499999 0.5511613953125 0.07937162187499999 0.5597750359375
0 0.08179420937500001 0.5565449203124999 0.0856299703125 0.5565449203124999 0.0856299703125 0.5443422640625 0.08179420937500001 0.5443422640625 0.08179420937500001 0.5565449203124999
0 0.08502432343750001 0.5525970015625 0.090071378125 0.5525970015625 0.090071378125 0.5360875265625 0.08502432343750001 0.5360875265625 0.08502432343750001 0.5525970015625
0 0.0981466640625 0.5493668875 0.1013767796875 0.5493668875 0.1013767796875 0.5385998375 0.0981466640625 0.5385998375 0.0981466640625 0.5493668875
0 0.10238619062500001 0.546136771875 0.10561630468750001 0.546136771875 0.10561630468750001 0.5346519203125 0.10238619062500001 0.5346519203125 0.10238619062500001 0.546136771875
0 0.14599273906250002 0.61935270625 0.1500303828125 0.61935270625 0.1500303828125 0.6100212640625 0.14599273906250002 0.6100212640625 0.14599273906250002 0.61935270625
0 0.17566941875 0.6606263953125 0.1801108265625 0.6606263953125 0.1801108265625 0.6455525265625 0.17566941875 0.6455525265625 0.17566941875 0.6606263953125
0 0.1883879953125 0.62186501875 0.1829371765625 0.62186501875 0.1829371765625 0.635144378125 0.18394658749999998 0.635144378125 0.18515788125 0.635144378125 0.1883879953125 0.635144378125 0.1883879953125 0.62186501875
0 0.1898011703125 0.635144378125 0.18515788125 0.635144378125 0.18515788125 0.6469881328125 0.1898011703125 0.6469881328125 0.1898011703125 0.635144378125
0 0.18798423125 0.5263971828125 0.1918199921875 0.5263971828125 0.1918199921875 0.5116822140624999 0.18798423125 0.5116822140624999 0.18798423125 0.5263971828125
0 0.154471790625 0.54793128125 0.1795051796875 0.54793128125 0.1795051796875 0.513835625 0.154471790625 0.513835625 0.154471790625 0.54793128125
0 0.2499620578125 0.5027096734375001 0.252990290625 0.5027096734375001 0.252990290625 0.48799470781250004 0.2499620578125 0.48799470781250004 0.2499620578125 0.5027096734375001
0 0.12802522656249998 0.5630051484374999 0.14700215 0.5630051484374999 0.14700215 0.5418299531249999 0.12802522656249998 0.5418299531249999 0.12802522656249998 0.5630051484374999
0 0.2620749875 0.5249615765625 0.264093809375 0.5249615765625 0.264093809375 0.5167068375 0.2620749875 0.5167068375 0.2620749875 0.5249615765625
0 0.31395870625 0.4259047234375 0.31678505625 0.4259047234375 0.31678505625 0.4147787734375 0.31395870625 0.4147787734375 0.31395870625 0.4259047234375
0 0.313151178125 0.43954298593749996 0.316583175 0.43954298593749996 0.316583175 0.42841703593749997 0.313151178125 0.42841703593749997 0.313151178125 0.43954298593749996
0 0.33434880625 0.42841703593749997 0.33757892031250003 0.42841703593749997 0.33757892031250003 0.4233924125 0.33434880625 0.4233924125 0.33434880625 0.42841703593749997
0 0.32486034375 0.42734033125000004 0.32486034375 0.43595396875 0.32768669375 0.43595396875 0.32768669375 0.42877593750000004 0.32768669375 0.42734033125000004 0.32486034375 0.42734033125000004
0 0.33858833125 0.4176499859375 0.3416165640625 0.4176499859375 0.3416165640625 0.4068829375 0.33858833125 0.4068829375 0.33858833125 0.4176499859375
0 0.346057971875 0.4180088875 0.34969185 0.4180088875 0.34969185 0.403652821875 0.346057971875 0.403652821875 0.346057971875 0.4180088875
0 0.345452325 0.403652821875 0.34969185 0.403652821875 0.34969185 0.393962478125 0.345452325 0.393962478125 0.345452325 0.403652821875
0 0.3549407875 0.4004227078125 0.357161490625 0.4004227078125 0.357161490625 0.39037346093749997 0.3549407875 0.39037346093749997 0.3549407875 0.4004227078125
0 0.3696781859375 0.3770941015625 0.372302653125 0.3770941015625 0.372302653125 0.36596815 0.3696781859375 0.36596815 0.3696781859375 0.3770941015625
0 0.34141468124999996 0.3846310359375 0.3672556 0.3846310359375 0.3672556 0.3638147390625 0.34141468124999996 0.3638147390625 0.34141468124999996 0.3846310359375
0 0.3951153390625 0.36202023125 0.3989511 0.36202023125 0.3989511 0.35412439687499997 0.3951153390625 0.35412439687499997 0.3951153390625 0.36202023125
0 0.400364275 0.4101130515625 0.40460380156250003 0.4101130515625 0.40460380156250003 0.39575698593749997 0.400364275 0.39575698593749997 0.400364275 0.4101130515625
0 0.3874438171875 0.349458675 0.3908758140625 0.349458675 0.3908758140625 0.339409428125 0.3874438171875 0.339409428125 0.3874438171875 0.349458675
0 0.368668775 0.35412439687499997 0.37068759687499997 0.35412439687499997 0.37068759687499997 0.3469463625 0.368668775 0.3469463625 0.368668775 0.35412439687499997
0 0.422773196875 0.33438480625 0.4258014296875 0.33438480625 0.4258014296875 0.32289995312499997 0.422773196875 0.32289995312499997 0.422773196875 0.33438480625
0 0.46299458437499996 0.32518107343749997 0.4645450390625 0.32518107343749997 0.4645450390625 0.3176470109375 0.46299458437499996 0.3176470109375 0.46299458437499996 0.32518107343749997
0 0.48490768281249996 0.3068053109375 0.487801865625 0.3068053109375 0.487801865625 0.2989037328125 0.48490768281249996 0.2989037328125 0.48490768281249996 0.3068053109375
0 0.45627594531250004 0.311583009375 0.458549946875 0.311583009375 0.458549946875 0.3025788859375 0.45627594531250004 0.3025788859375 0.45627594531250004 0.311583009375
0 0.49627768593750005 0.2797929375 0.4985516875 0.2797929375 0.4985516875 0.27391269375 0.49627768593750005 0.27391269375 0.49627768593750005 0.2797929375
0 0.5077510546874999 0.269870025 0.5099216906249999 0.269870025 0.5099216906249999 0.26251971875 0.5077510546874999 0.26251971875 0.5077510546874999 0.269870025
0 0.5140562375 0.26803244843749996 0.5165369656250001 0.26803244843749996 0.5165369656250001 0.259579596875 0.5140562375 0.259579596875 0.5140562375 0.26803244843749996
0 0.5171571484374999 0.26564359843749996 0.5197412406249999 0.26564359843749996 0.5197412406249999 0.2568232328125 0.5171571484374999 0.2568232328125 0.5171571484374999 0.26564359843749996
0 0.5499234328125 0.2509429875 0.5516806140625 0.2509429875 0.5516806140625 0.2435926828125 0.5499234328125 0.2435926828125 0.5499234328125 0.2509429875
0 0.493900321875 0.2766690578125 0.49627768593750005 0.2766690578125 0.49627768593750005 0.2674811765625 0.493900321875 0.2674811765625 0.493900321875 0.2766690578125
0 0.347614425 0.7033821031249999 0.350844540625 0.7033821031249999 0.350844540625 0.6946536156249999 0.347614425 0.6946536156249999 0.347614425 0.7033821031249999
0 0.313892028125 0.6466469328125 0.3188018015625 0.6466469328125 0.3188018015625 0.6392966265625 0.313892028125 0.6392966265625 0.313892028125 0.6466469328125
0 0.33934533125 0.5869257 0.3438674921875 0.5869257 0.3438674921875 0.5779675140625 0.33934533125 0.5779675140625 0.33934533125 0.5869257
0 0.2813324703125 0.5972620671875 0.2865006546875 0.5972620671875 0.2865006546875 0.5917493375 0.2813324703125 0.5917493375 0.2813324703125 0.5972620671875
0 0.41105387968749996 0.5880741859375 0.41531763125000004 0.5880741859375 0.41531763125000004 0.5807238796874999 0.41105387968749996 0.5807238796874999 0.41105387968749996 0.5880741859375
0 0.5007218640625 0.42200321875 0.5045980015625 0.42200321875 0.5045980015625 0.4155717015625 0.5007218640625 0.4155717015625 0.5007218640625 0.42200321875
0 0.48185799375 0.40959957812500003 0.485604928125 0.40959957812500003 0.485604928125 0.40431654687499996 0.48185799375 0.40431654687499996 0.48185799375 0.40959957812500003
0 0.46053923750000003 0.40546503125 0.4632525328125 0.40546503125 0.4632525328125 0.39696624062499997 0.46053923750000003 0.39696624062499997 0.46053923750000003 0.40546503125
0 0.449556846875 0.40178987812500006 0.4518825296875 0.40178987812500006 0.4518825296875 0.39673654375 0.449556846875 0.39673654375 0.449556846875 0.40178987812500006
0 0.44516389062500006 0.4164904890625 0.4489108234375 0.4164904890625 0.4489108234375 0.4059244265625 0.44516389062500006 0.4059244265625 0.44516389062500006 0.4164904890625
0 0.5880879375 0.452225765625 0.5913180515625001 0.452225765625 0.5913180515625001 0.4414300046875 0.5880879375 0.4414300046875 0.5880879375 0.452225765625
0 0.6178049921875 0.42672939374999996 0.6211643125 0.42672939374999996 0.6211643125 0.41777120781250004 0.6178049921875 0.41777120781250004 0.6178049921875 0.42672939374999996
0 0.6521734140625 0.4251215140625 0.6541114828125 0.4251215140625 0.6541114828125 0.4175415125 0.6521734140625 0.4175415125 0.6521734140625 0.4251215140625
0 0.653465459375 0.430404546875 0.656437165625 0.430404546875 0.656437165625 0.4216760578125 0.653465459375 0.4216760578125 0.653465459375 0.430404546875
0 0.66444785 0.44878031093750004 0.6683239875 0.44878031093750004 0.6683239875 0.44097061093749995 0.66444785 0.44097061093749995 0.66444785 0.44878031093750004
0 0.7170341171875 0.46394031562500004 0.721556278125 0.46394031562500004 0.721556278125 0.45613061562499996 0.7170341171875 0.45613061562499996 0.7170341171875 0.46394031562500004
0 0.7003667250000001 0.4586572828125 0.7043720671875 0.4586572828125 0.7043720671875 0.452225765625 0.7003667250000001 0.452225765625 0.7003667250000001 0.4586572828125
0 0.7693619765624999 0.4586572828125 0.7737549328125 0.4586572828125 0.7737549328125 0.45199606875000004 0.7693619765624999 0.45199606875000004 0.7693619765624999 0.4586572828125
0 0.7744009562499999 0.476573653125 0.779181525 0.476573653125 0.779181525 0.46853425625 0.7744009562499999 0.46853425625 0.7744009562499999 0.476573653125
0 0.0420773859375 0.931456925 0.0462119328125 0.931456925 0.0462119328125 0.9213502546875001 0.0420773859375 0.9213502546875001 0.0420773859375 0.931456925
0 0.3286353984375 0.43464085781249995 0.32584169687500003 0.43464085781249995 0.32584169687500003 0.44457402031250004 0.3286353984375 0.44457402031250004 0.3286353984375 0.43464085781249995
0 0.340334025 0.44146990781250006 0.3426039078125 0.44146990781250006 0.3426039078125 0.43153674531249997 0.340334025 0.43153674531249997 0.340334025 0.44146990781250006
0 0.331516403125 0.42051714375 0.33387358906250003 0.42051714375 0.33387358906250003 0.413377684375 0.331516403125 0.413377684375 0.331516403125 0.42051714375
0 0.40258119375 0.34896733750000003 0.404589165625 0.34896733750000003 0.404589165625 0.3401206140625 0.40258119375 0.3401206140625 0.40258119375 0.34896733750000003
0 0.44776931875 0.34243439531250003 0.449780784375 0.34243439531250003 0.449780784375 0.33671289375 0.44776931875 0.33671289375 0.44776931875 0.34243439531250003
0 0.534523659375 0.2547859328125 0.536168590625 0.2547859328125 0.536168590625 0.248555853125 0.534523659375 0.248555853125 0.534523659375 0.2547859328125
0 0.5385287109375 0.259935284375 0.5403881984375001 0.259935284375 0.5403881984375001 0.25300591093749997 0.5385287109375 0.25300591093749997 0.5385287109375 0.259935284375
0 0.5441071749999999 0.25338734375 0.5456805874999999 0.25338734375 0.5456805874999999 0.247856559375 0.5441071749999999 0.247856559375 0.5441071749999999 0.25338734375
0 0.28688336406250003 0.7703045390625001 0.291998784375 0.7703045390625001 0.291998784375 0.75878536875 0.28688336406250003 0.75878536875 0.28688336406250003 0.7703045390625001
0 0.16748525 0.650347778125 0.1716758015625 0.650347778125 0.1716758015625 0.6383038203125 0.16748525 0.6383038203125 0.16748525 0.650347778125
0 0.15939316718750002 0.6866308921875001 0.16430855 0.6866308921875001 0.16430855 0.66539549375 0.15939316718750002 0.66539549375 0.15939316718750002 0.6866308921875001
0 0.2563218109375 0.532032496875 0.2602794890625 0.532032496875 0.2602794890625 0.5147735671875 0.2563218109375 0.5147735671875 0.2563218109375 0.532032496875
0 0.261632540625 0.5003410140625 0.2651843015625 0.5003410140625 0.2651843015625 0.4841645265625 0.261632540625 0.4841645265625 0.261632540625 0.5003410140625
0 0.2684842265625 0.46432126875 0.27348510625 0.46432126875 0.27348510625 0.4503120703125 0.2684842265625 0.4503120703125 0.2684842265625 0.46432126875
0 0.275398321875 0.47803700625 0.2801001765625 0.47803700625 0.2801001765625 0.449412440625 0.275398321875 0.449412440625 0.275398321875 0.47803700625
0 0.3288759015625 0.4372473015625 0.3312789203125 0.4372473015625 0.3312789203125 0.42854928281250004 0.3288759015625 0.42854928281250004 0.3288759015625 0.4372473015625
0 0.4173238890625 0.3438500375 0.41998770937499996 0.3438500375 0.41998770937499996 0.334754521875 0.4173238890625 0.334754521875 0.4173238890625 0.3438500375
0 0.4413405609375 0.3266362109375 0.443919815625 0.3266362109375 0.443919815625 0.320697815625 0.4413405609375 0.320697815625 0.4413405609375 0.3266362109375
0 0.5465485421875 0.2256485375 0.5486204031249999 0.2256485375 0.5486204031249999 0.2184322609375 0.5465485421875 0.2184322609375 0.5465485421875 0.2256485375
0 0.5486204031249999 0.2256485375 0.55040758125 0.2256485375 0.55040758125 0.2188552546875 0.5486204031249999 0.2188552546875 0.5486204031249999 0.2256485375
0 0.548502146875 0.24524217187500003 0.55047651875 0.24524217187500003 0.55047651875 0.23951533593750002 0.548502146875 0.23951533593750002 0.548502146875 0.24524217187500003
0 0.5705677171875 0.21651080625 0.5723605109375 0.21651080625 0.5723605109375 0.2110384625 0.5705677171875 0.2110384625 0.5705677171875 0.21651080625
0 0.574288609375 0.23250688749999998 0.5757769671874999 0.23250688749999998 0.5757769671874999 0.2274554921875 0.574288609375 0.2274554921875 0.574288609375 0.23250688749999998
0 0.57029710625 0.23304810781250002 0.57388269375 0.23304810781250002 0.57388269375 0.22895888437499998 0.57029710625 0.22895888437499998 0.57029710625 0.23304810781250002
0 0.560284521875 0.23755828124999998 0.5643775046874999 0.23755828124999998 0.5643775046874999 0.2305224109375 0.560284521875 0.2305224109375 0.560284521875 0.23755828124999998
0 0.5421810046875 0.2506307171875 0.543653125 0.2506307171875 0.543653125 0.2445113140625 0.5421810046875 0.2445113140625 0.5421810046875 0.2506307171875
0 0.49477805156250004 0.289495084375 0.49713236250000004 0.289495084375 0.49713236250000004 0.2823750234375 0.49477805156250004 0.2823750234375 0.49477805156250004 0.289495084375
0 0.521283425 0.27018390625 0.523327075 0.27018390625 0.523327075 0.2646110171875 0.521283425 0.2646110171875 0.521283425 0.27018390625
0 0.585699234375 0.228985065625 0.5884010078124999 0.228985065625 0.5884010078124999 0.22255007187500003 0.585699234375 0.22255007187500003 0.585699234375 0.228985065625
0 0.47551275000000004 0.317079146875 0.478002365625 0.317079146875 0.478002365625 0.30745744375 0.47551275000000004 0.30745744375 0.47551275000000004 0.317079146875
0 0.299822834375 0.4784684640625 0.3045923421875 0.4784684640625 0.3045923421875 0.4692075765625 0.299822834375 0.4692075765625 0.299822834375 0.4784684640625
0 0.280780996875 0.4734038421875 0.2846344890625 0.4734038421875 0.2846344890625 0.4632048375 0.280780996875 0.4632048375 0.280780996875 0.4734038421875
0 0.276164259375 0.4968260921875 0.2787012328125 0.4968260921875 0.2787012328125 0.491000453125 0.276164259375 0.491000453125 0.276164259375 0.4968260921875
0 0.28548886875 0.49559075625000004 0.2876537515625 0.49559075625000004 0.2876537515625 0.4911570765625 0.28548886875 0.4911570765625 0.28548886875 0.49559075625000004
0 0.39566902812500004 0.49732478437500005 0.3982497703125 0.49732478437500005 0.3982497703125 0.49126864374999996 0.39566902812500004 0.49126864374999996 0.39566902812500004 0.49732478437500005
