0 0.951403709375 0.7648414531250001 0.9555957156250001 0.7648414531250001 0.9555957156250001 0.7441669046875 0.951403709375 0.7441669046875 0.951403709375 0.7648414531250001
0 0.94572421875 0.7472921265625 0.9499162234374999 0.7472921265625 0.9499162234374999 0.7333488265625 0.94572421875 0.7333488265625 0.94572421875 0.7472921265625
0 0.9205721875 0.6655555390625 0.9261164531249999 0.6655555390625 0.9261164531249999 0.644880990625 0.9205721875 0.644880990625 0.9205721875 0.6655555390625
0 0.8424115750000001 0.7194055265625 0.8464683546874999 0.7194055265625 0.8464683546874999 0.704741021875 0.8424115750000001 0.704741021875 0.8424115750000001 0.7194055265625
0 0.90726511875 0.6086273265625 0.9128039734375 0.6086273265625 0.9128039734375 0.5863180453125 0.90726511875 0.5863180453125 0.90726511875 0.6086273265625
0 0.9102076359375 0.566316621875 0.90726511875 0.566316621875 0.90726511875 0.583240903125 0.9102076359375 0.583240903125 0.9102076359375 0.5704707640625 0.9102076359375 0.56908605 0.9102076359375 0.566316621875
0 0.9102076359375 0.5835486171875 0.9136694203125 0.5835486171875 0.9136694203125 0.56908605 0.9102076359375 0.56908605 0.9102076359375 0.5835486171875
0 0.9500590328125 0.5131916890625 0.9543862640624999 0.5131916890625 0.9543862640624999 0.49569044375000004 0.9500590328125 0.49569044375000004 0.9500590328125 0.5131916890625
0 0.944538009375 0.4402489671875 0.9487613859374999 0.4402489671875 0.9487613859374999 0.42658645625 0.944538009375 0.42658645625 0.944538009375 0.4402489671875
0 0.92882150625 0.4295405125 0.9317294046875 0.4295405125 0.9317294046875 0.415754915625 0.92882150625 0.415754915625 0.92882150625 0.4295405125
0 0.9250135421874999 0.4286789125 0.92882150625 0.4286789125 0.92882150625 0.41600108750000003 0.9250135421874999 0.41600108750000003 0.9250135421874999 0.4286789125
0 0.8972247671875 0.350415725 0.9003265265625 0.350415725 0.9003265265625 0.3349758578125 0.8972247671875 0.3349758578125 0.8972247671875 0.350415725
0 0.8686590734375 0.2541392828125 0.8714240703125 0.2541392828125 0.8714240703125 0.24172436875 0.8686590734375 0.24172436875 0.8686590734375 0.2541392828125
0 0.8725229796875 0.24109417031249997 0.8749689375 0.24109417031249997 0.8749689375 0.2298766328125 0.8725229796875 0.2298766328125 0.8725229796875 0.24109417031249997
0 0.849724875 0.1664668875 0.8530995890625 0.1664668875 0.8530995890625 0.1563837078125 0.849724875 0.1563837078125 0.849724875 0.1664668875
0 0.8464635968750001 0.16581148125 0.8486472359375 0.16581148125 0.8486472359375 0.15708953125 0.8464635968750001 0.15708953125 0.8464635968750001 0.16581148125
0 0.8448754953125001 0.16172779375 0.847030775 0.16172779375 0.847030775 0.15134211875 0.8448754953125001 0.15134211875 0.8448754953125001 0.16172779375
0 0.830654290625 0.13443472031249998 0.8338564421875001 0.13443472031249998 0.8338564421875001 0.12428015156250001 0.830654290625 0.12428015156250001 0.830654290625 0.13443472031249998
0 0.8378743265624999 0.11625833593749998 0.839812925 0.11625833593749998 0.839812925 0.10813468125 0.8378743265624999 0.10813468125 0.8378743265624999 0.11625833593749998
0 0.8388436265625 0.0998879390625 0.840920696875 0.0998879390625 0.840920696875 0.092625884375 0.8388436265625 0.092625884375 0.8388436265625 0.0998879390625
0 0.84202846875 0.10358051093750001 0.843690125 0.10358051093750001 0.843690125 0.09619536875 0.84202846875 0.09619536875 0.84202846875 0.10358051093750001
0 0.8447978953125 0.10456519687500002 0.846459553125 0.10456519687500002 0.846459553125 0.0984109125 0.8447978953125 0.0984109125 0.8447978953125 0.10456519687500002
0 0.8438635921875 0.095113796875 0.8457689593750001 0.095113796875 0.8457689593750001 0.0895995578125 0.8438635921875 0.0895995578125 0.8438635921875 0.095113796875
0 0.84683241875 0.09645296875 0.848117434375 0.09645296875 0.848117434375 0.0893632328125 0.84683241875 0.0893632328125 0.84683241875 0.09645296875
0 0.8486934749999999 0.093144425 0.8508203953125 0.093144425 0.8508203953125 0.08833916093750001 0.8486934749999999 0.08833916093750001 0.8486934749999999 0.093144425
0 0.852596925 0.0909987953125 0.8546795359375 0.0909987953125 0.8546795359375 0.08201846406249999 0.852596925 0.08201846406249999 0.852596925 0.0909987953125
0 0.8467700499999999 0.08580519375 0.8508134140625 0.08580519375 0.8508134140625 0.080389425 0.8467700499999999 0.080389425 0.8467700499999999 0.08580519375
0 0.9587778281249999 0.8800491203125 0.9645243906250001 0.8800491203125 0.9645243906250001 0.854078040625 0.9587778281249999 0.854078040625 0.9587778281249999 0.8800491203125
0 0.960821521875 0.5543508671875 0.9557791984374999 0.5543508671875 0.9557791984374999 0.5724658828125 0.960821521875 0.5724658828125 0.960821521875 0.5543508671875
0 0.8147594109374999 0.4696102640625 0.8204370421875 0.4696102640625 0.8204370421875 0.4468538578125 0.8147594109374999 0.4468538578125 0.8147594109374999 0.4696102640625
0 0.807946253125 0.46080133281249996 0.8122818984375 0.46080133281249996 0.8122818984375 0.440430678125 0.807946253125 0.440430678125 0.807946253125 0.46080133281249996
0 0.8373667078125001 0.480070871875 0.8417023546875001 0.480070871875 0.8417023546875001 0.4585991015625 0.8373667078125001 0.4585991015625 0.8373667078125001 0.480070871875
0 0.829934171875 0.480254390625 0.8345795078125 0.480254390625 0.8345795078125 0.4562133484375 0.829934171875 0.4562133484375 0.829934171875 0.480254390625
0 0.8571042203125 0.47740616874999997 0.86258778125 0.47740616874999997 0.86258778125 0.4505095640625 0.8571042203125 0.4505095640625 0.8571042203125 0.47740616874999997
0 0.892706171875 0.3508913359375 0.8967761515625 0.3508913359375 0.8967761515625 0.3346883890625 0.892706171875 0.3346883890625 0.892706171875 0.3508913359375
0 0.9395920765625 0.43928138906249997 0.9427632921875 0.43928138906249997 0.9427632921875 0.4240219703125 0.9395920765625 0.4240219703125 0.9395920765625 0.43928138906249997
