0 0.11668655624999999 0.313515475 0.11624063124999999 0.3390625 0.1578125 0.3390625 0.1578125 0.3142333296875 0.11668655624999999 0.313515475
0 0.3 0.005294851562499999 0.2921875 0.00520394375 0.2921875 0.021875 0.3 0.021875 0.3 0.005294851562499999
0 0.7765625 0.26292208125 0.7703125 0.2630675515625 0.7703125 0.2900013203125 0.770363384375 0.2921875 0.7765625 0.2921875 0.7765625 0.26292208125
0 0.7885141124999999 0.26443267187499997 0.7882751140625001 0.278125 0.7953125 0.278125 0.7953125 0.26455133750000004 0.7885141124999999 0.26443267187499997
0 0.785619665625 0.2002189921875 0.785619665625 0.2109375 0.790625 0.2109375 0.790625 0.20024811250000002 0.785619665625 0.2002189921875
0 0.835643028125 0.3088134953125 0.8354397734375001 0.34375 0.846875 0.34375 0.846875 0.30868280000000003 0.835643028125 0.3088134953125
0 0.8558216968749999 0.313608246875 0.85510465625 0.3546875 0.865625 0.3546875 0.865625 0.3137223171875 0.8558216968749999 0.313608246875
0 0.77704803125 0.2070438625 0.77704803125 0.2171875 0.78125 0.2171875 0.78125 0.2069460609375 0.77704803125 0.2070438625
0 0.7692227968750001 0.21952223593750003 0.774029103125 0.21952223593750003 0.774029103125 0.21016503593750002 0.7692227968750001 0.21016503593750002 0.7692227968750001 0.21952223593750003
0 0.823832834375 0.029585721875 0.82998490625 0.029585721875 0.82998490625 0.0103180265625 0.823832834375 0.0103180265625 0.823832834375 0.029585721875
0 0.8910662031250001 0.0660381203125 0.8963394093750001 0.0660381203125 0.8963394093750001 0.045208178125 0.8910662031250001 0.045208178125 0.8910662031250001 0.0660381203125
0 0.897950665625 0.065517371875 0.90307739375 0.065517371875 0.90307739375 0.045468553125 0.897950665625 0.045468553125 0.897950665625 0.065517371875
0 0.9699907812499999 0 0.9699907812499999 0.009796675000000001 0.97555694375 0.009796675000000001 0.97555694375 0 0.9699907812499999 0
0 0.9931342953125 0.0222946390625 0.9972356765624999 0.0222946390625 0.9972356765624999 0.006672182812499999 0.9931342953125 0.006672182812499999 0.9931342953125 0.0222946390625
0 0.8457408765625001 0 0.8457408765625001 0.0173159984375 0.870001284375 0.0173159984375 0.870001284375 0 0.8457408765625001 0
0 0.780948078125 0.0166056328125 0.8009877953125001 0.0166056328125 0.8009877953125001 0.00018114999999999999 0.780948078125 0.00018114999999999999 0.780948078125 0.0166056328125
0 0.016309618749999998 0.9358168171875001 0.0203125 0.9357236499999999 0.0203125 0.9286434421875001 0.016144914062499998 0.9287404421875 0.016309618749999998 0.9358168171875001
0 0.02285801875 0.856660403125 0.0226197203125 0.8703125 0.0296875 0.8703125 0.0296875 0.8567796140624999 0.02285801875 0.856660403125
0 0.03007510625 0.868564575 0.0359375 0.8685986812500002 0.0359375 0.8568954484375 0.03007510625 0.8568613421875 0.03007510625 0.868564575
0 0.0335481859375 0.8811055421875 0.0421875 0.8810050140625 0.0421875 0.8630431296874999 0.0336526921875 0.863142440625 0.0335481859375 0.8811055421875
0 0.0463500375 0.8558169921874998 0.046124290624999995 0.86875 0.05 0.86875 0.05 0.8558594640624999 0.0463500375 0.8558169921874998
0 0.1671875 0.9217976109375 0.1671875 0.8798837046875001 0.163311815625 0.8799739125 0.163311815625 0.8867548218749999 0.163311815625 0.9011253031249999 0.163311815625 0.921875 0.1638625609375 0.921875 0.1671875 0.9217976109375
0 0.17484964375 0.9185388890624999 0.17484964375 0.872814628125 0.1690313578125 0.872814628125 0.1690313578125 0.8849300328125 0.1690313578125 0.9185388890624999 0.17484964375 0.9185388890624999
0 0.17484964375 0.911190346875 0.1799023671875 0.911190346875 0.1799023671875 0.8752641421875001 0.17484964375 0.8752641421875001 0.17484964375 0.911190346875
0 0.295920915625 1 0.295920915625 0.9423170953125 0.2804182421875 0.9423170953125 0.2804182421875 1 0.295920915625 1
0 0.262044703125 0.9600080296875 0.274867903125 0.9600080296875 0.274867903125 0.8936670249999998 0.262044703125 0.8936670249999998 0.262044703125 0.9600080296875
0 0.2249148453125 0.8354910671875 0.2327618765625 0.8354910671875 0.2327618765625 0.8055525625 0.2249148453125 0.8055525625 0.2249148453125 0.8354910671875
0 0.21859894062500002 0.83923338125 0.22529762656250002 0.83923338125 0.22529762656250002 0.8116763484374999 0.21859894062500002 0.8116763484374999 0.21859894062500002 0.83923338125
0 0.21056051875 0.83923338125 0.21859894062500002 0.83923338125 0.21859894062500002 0.8130371890625 0.21056051875 0.8130371890625 0.21056051875 0.83923338125
0 0.2597480109375 0.8252847593750001 0.2685519984375 0.8252847593750001 0.2685519984375 0.7922843625 0.2597480109375 0.7922843625 0.2597480109375 0.8252847593750001
0 0.29706926093749997 0.871213146875 0.3047249015625 0.871213146875 0.3047249015625 0.82970749375 0.29706926093749997 0.82970749375 0.29706926093749997 0.871213146875
0 0.3439600625 0.8759760906250001 0.3439600625 0.8627078890625001 0.3324766015625 0.8627078890625001 0.3324766015625 0.924966371875 0.3439600625 0.924966371875 0.3439600625 0.8759760906250001
0 0.3439600625 0.924966371875 0.35754882499999996 0.924966371875 0.35754882499999996 0.8783575625000001 0.3439600625 0.8783575625000001 0.3439600625 0.924966371875
0 0.2922844859375 0.9338118390624999 0.3177394921875 0.9338118390624999 0.3177394921875 0.9004712312500001 0.2922844859375 0.9004712312500001 0.2922844859375 0.9338118390624999
0 0.32596930625 0.8627078890625001 0.334964684375 0.8627078890625001 0.334964684375 0.8303879140625 0.32596930625 0.8303879140625 0.32596930625 0.8627078890625001
0 0.3761137546875 0.85624389375 0.386257478125 0.85624389375 0.386257478125 0.8317487546875 0.3761137546875 0.8317487546875 0.3761137546875 0.85624389375
0 0.38606608750000004 0.8511407406250001 0.3935303375 0.8511407406250001 0.3935303375 0.8263053890624998 0.38606608750000004 0.8263053890624998 0.38606608750000004 0.8511407406250001
0 0.37152037031249996 0.8365116984375 0.38606608750000004 0.8365116984375 0.38606608750000004 0.7980679359374999 0.37152037031249996 0.7980679359374999 0.37152037031249996 0.8365116984375
0 0.34434284375 0.8307281234375001 0.3527640484375 0.8307281234375001 0.3527640484375 0.7929647828124999 0.34434284375 0.7929647828124999 0.34434284375 0.8307281234375001
0 0.33955806875 0.8307281234375001 0.3460653640625 0.8307281234375001 0.3460653640625 0.8024906703125 0.33955806875 0.8024906703125 0.33955806875 0.8307281234375001
0 0.30606463906250003 0.8320889640625001 0.31333749843750003 0.8320889640625001 0.31333749843750003 0.7977277265625 0.30606463906250003 0.7977277265625 0.30606463906250003 0.8320889640625001
0 0.3165911453125 0.8412746421874999 0.32214148593749997 0.8412746421874999 0.32214148593749997 0.8072536140625001 0.3165911453125 0.8072536140625001 0.3165911453125 0.8412746421874999
0 0.3215673125 0.8331095953125001 0.32596930625 0.8331095953125001 0.32596930625 0.80078961875 0.3215673125 0.80078961875 0.3215673125 0.8331095953125001
0 0.32596930625 0.8331095953125001 0.3313282546875 0.8331095953125001 0.3313282546875 0.8048721421874999 0.32596930625 0.8048721421874999 0.32596930625 0.8331095953125001
0 0.2895897 0.7999513406250001 0.29370537343750003 0.7999513406250001 0.29370537343750003 0.766333121875 0.2895897 0.766333121875 0.2895897 0.7999513406250001
0 0.28645394999999996 0.7999513406250001 0.29076560625000003 0.7999513406250001 0.29076560625000003 0.7719071281250001 0.28645394999999996 0.7719071281250001 0.28645394999999996 0.7999513406250001
0 0.2805744171875 0.7976869015625001 0.2883158015625 0.7976869015625001 0.2883158015625 0.7684233734375 0.2805744171875 0.7684233734375 0.2805744171875 0.7976869015625001
0 0.3324034125 0.787436715625 0.3400076078125 0.787436715625 0.3400076078125 0.7729443015624999 0.3324034125 0.7729443015624999 0.3324034125 0.787436715625
0 0.3371070390625 0.77642805625 0.34071315156250004 0.77642805625 0.34071315156250004 0.7551074859375 0.3371070390625 0.7551074859375 0.3371070390625 0.77642805625
0 0.3409483328125 0.77726415625 0.34588714062500003 0.77726415625 0.34588714062500003 0.7519024328125 0.3409483328125 0.7519024328125 0.3409483328125 0.77726415625
0 0.349414859375 0.77642805625 0.3532561546875 0.77642805625 0.3532561546875 0.7548287859375 0.349414859375 0.7548287859375 0.349414859375 0.77642805625
0 0.3592924734375 0.7896663187499999 0.36689666875000004 0.7896663187499999 0.36689666875000004 0.773501703125 0.3592924734375 0.773501703125 0.3592924734375 0.7896663187499999
0 0.6366477046875 0.8540935062500001 0.6426840234375 0.8540935062500001 0.6426840234375 0.821903625 0.6366477046875 0.821903625 0.6366477046875 0.8540935062500001
0 0.631630503125 0.8531180546874999 0.6376668234375 0.8531180546874999 0.6376668234375 0.8267808796875 0.631630503125 0.8267808796875 0.631630503125 0.8531180546874999
0 0.6022328421875 0.857437909375 0.609993825 0.857437909375 0.609993825 0.8432241953125 0.6022328421875 0.8432241953125 0.6022328421875 0.857437909375
0 0.5845942453124999 0.8609216625 0.595804553125 0.8609216625 0.595804553125 0.8422487453125 0.5845942453124999 0.8422487453125 0.5845942453124999 0.8609216625
0 0.561154509375 0.8439209468750001 0.5696210359375 0.8439209468750001 0.5696210359375 0.8120097656249999 0.561154509375 0.8120097656249999 0.561154509375 0.8439209468750001
0 0.674458565625 0.8355280921875 0.681930471875 0.8355280921875 0.681930471875 0.8220285484375001 0.674458565625 0.8220285484375001 0.674458565625 0.8355280921875
0 0.7153703124999999 0.793287584375 0.72063739375 0.793287584375 0.72063739375 0.7673771687500001 0.7153703124999999 0.7673771687500001 0.7153703124999999 0.793287584375
0 0.7296875 0.7658530265625 0.725292021875 0.7658530265625 0.725292021875 0.79350531875 0.7296875 0.79350531875 0.7296875 0.7658530265625
0 0.689157396875 0.7852314046875 0.695771871875 0.7852314046875 0.695771871875 0.77107865625 0.689157396875 0.77107865625 0.689157396875 0.7852314046875
0 0.713900428125 0.7630224765625 0.720269921875 0.7630224765625 0.720269921875 0.754095359375 0.713900428125 0.754095359375 0.713900428125 0.7630224765625
0 0.721494825 0.7625870078125001 0.724679571875 0.7625870078125001 0.724679571875 0.7536598890625 0.721494825 0.7536598890625 0.721494825 0.7625870078125001
0 0.31757822812500003 0.7149754578125 0.3199300421875 0.7149754578125 0.3199300421875 0.70145849375 0.31757822812500003 0.70145849375 0.31757822812500003 0.7149754578125
0 0.3192244984375 0.71274585625 0.3222034609375 0.71274585625 0.3222034609375 0.6995075937499999 0.3192244984375 0.6995075937499999 0.3192244984375 0.71274585625
0 0.33518848437500004 0.7479185625 0.33976668125 0.7479185625 0.33976668125 0.732422828125 0.33518848437500004 0.732422828125 0.33518848437500004 0.7479185625
0 0.352887778125 0.6834106296875 0.3571749375 0.6834106296875 0.3571749375 0.6725239015625 0.352887778125 0.6725239015625 0.352887778125 0.6834106296875
0 0.3330443578125 0.6712174937500001 0.337576496875 0.6712174937500001 0.337576496875 0.6614194375 0.3330443578125 0.6614194375 0.3330443578125 0.6712174937500001
0 0.3100161890625 0.6712174937500001 0.3207953328125 0.6712174937500001 0.3207953328125 0.662943578125 0.3100161890625 0.662943578125 0.3100161890625 0.6712174937500001
0 0.46009988437500005 0.8015925390625 0.46727704843750006 0.8015925390625 0.46727704843750006 0.7684220375 0.46009988437500005 0.7684220375 0.46009988437500005 0.8015925390625
0 0.46727704843750006 0.8015925390625 0.4732580171875 0.8015925390625 0.4732580171875 0.77054835 0.46727704843750006 0.77054835 0.46727704843750006 0.8015925390625
0 0.49861732812500004 0.7905357046875 0.5029236265625 0.7905357046875 0.5029236265625 0.7752262421875 0.49861732812500004 0.7752262421875 0.49861732812500004 0.7905357046875
0 0.506751446875 0.8015925390625 0.5163209984375 0.8015925390625 0.5163209984375 0.7713988765625001 0.506751446875 0.7713988765625001 0.506751446875 0.8015925390625
0 0.54335498125 0.8011672765625001 0.548618234375 0.8011672765625001 0.548618234375 0.7726746656250001 0.54335498125 0.7726746656250001 0.54335498125 0.8011672765625001
0 0.5101007890625 0.7509862593750001 0.5165602375 0.7509862593750001 0.5165602375 0.7416304765625 0.5101007890625 0.7416304765625 0.5101007890625 0.7509862593750001
0 0.5158425203125 0.7658704593750001 0.5189526250000001 0.7658704593750001 0.5189526250000001 0.750560996875 0.5158425203125 0.750560996875 0.5158425203125 0.7658704593750001
0 0.50842611875 0.7658704593750001 0.5158425203125 0.7658704593750001 0.5158425203125 0.7514115234375 0.50842611875 0.7514115234375 0.50842611875 0.7658704593750001
0 0.501009715625 0.7539631 0.505555253125 0.7539631 0.505555253125 0.7437567921875 0.501009715625 0.7437567921875 0.501009715625 0.7539631
0 0.470387153125 0.7029315578124999 0.46491856093750006 0.7029315578124999 0.46416694375 0.7029315578124999 0.46416694375 0.71653996875 0.470387153125 0.71653996875 0.470387153125 0.7029315578124999
0 0.4796204265625 0.7414621515625 0.4937068046875 0.7414621515625 0.4937068046875 0.72905128125 0.4796204265625 0.72905128125 0.4796204265625 0.7414621515625
0 0.384152153125 0.7020952015624999 0.387691046875 0.7020952015624999 0.387691046875 0.689339221875 0.384152153125 0.689339221875 0.384152153125 0.7020952015624999
0 0.32670279375 0.6921553828125 0.32895368281250004 0.6921553828125 0.32895368281250004 0.6825685781249999 0.32670279375 0.6825685781249999 0.32670279375 0.6921553828125
0 0.3241621875 0.672110246875 0.32621250156250003 0.672110246875 0.32621250156250003 0.6671187703125 0.3241621875 0.6671187703125 0.3241621875 0.672110246875
0 0.48916182499999994 0.760498775 0.49279110781249996 0.760498775 0.49279110781249996 0.750279471875 0.48916182499999994 0.750279471875 0.48916182499999994 0.760498775
0 0.4949429828125 0.7616976875000001 0.5003708484375 0.7616976875000001 0.5003708484375 0.7519922046875 0.4949429828125 0.7519922046875 0.4949429828125 0.7616976875000001
0 0.48225655312500004 0.76700715625 0.488391003125 0.76700715625 0.488391003125 0.7551322140625001 0.48225655312500004 0.7551322140625001 0.48225655312500004 0.76700715625
0 0.50567024375 0.757758403125 0.5079505890625 0.757758403125 0.5079505890625 0.7477103734374999 0.50567024375 0.7477103734374999 0.50567024375 0.757758403125
0 0.678398328125 0.9558984765625 0.691140275 0.9558984765625 0.691140275 0.92279513125 0.678398328125 0.92279513125 0.678398328125 0.9558984765625
0 0.7057445046875 0.9745408874999999 0.717310271875 0.9745408874999999 0.717310271875 0.9125156718749998 0.7057445046875 0.9125156718749998 0.7057445046875 0.9745408874999999
0 0.8421875 1 0.8421875 0.9774275093749999 0.8147806546874999 0.9771086015625 0.814381084375 1 0.8421875 1
0 0.790979865625 0.9854398281249999 0.8032904921874999 0.9854398281249999 0.8032904921874999 0.9673411421874999 0.790979865625 0.9673411421874999 0.790979865625 0.9854398281249999
0 0.8060673250000001 0.966518475 0.8414256625000001 0.966518475 0.8414256625000001 0.931143771875 0.8060673250000001 0.931143771875 0.8060673250000001 0.966518475
0 0.787277421875 0.9336117734375 0.8017169531249999 0.9336117734375 0.8017169531249999 0.9155130890625 0.787277421875 0.9155130890625 0.787277421875 0.9336117734375
0 0.8313365031250001 0.9128805515625 0.8410554171875001 0.9128805515625 0.8410554171875001 0.9011986734375 0.8313365031250001 0.9011986734375 0.8313365031250001 0.9128805515625
0 0.8143978234375 0.9184746921875 0.8246721046875001 0.9184746921875 0.8246721046875001 0.9056410781250002 0.8143978234375 0.9056410781250002 0.8143978234375 0.9184746921875
0 0.80560451875 0.9196264265625 0.814027578125 0.9196264265625 0.814027578125 0.903831209375 0.80560451875 0.903831209375 0.80560451875 0.9196264265625
0 0.7974591421875 0.921600828125 0.8051417140625 0.921600828125 0.8051417140625 0.9053120109374999 0.7974591421875 0.9053120109374999 0.7974591421875 0.921600828125
0 0.755251284375 0.9188037578125 0.7640445875 0.9188037578125 0.7640445875 0.9062992125000001 0.755251284375 0.9062992125000001 0.755251284375 0.9188037578125
0 0.7494199359375 0.913867753125 0.755251284375 0.913867753125 0.755251284375 0.901034140625 0.7494199359375 0.901034140625 0.7494199359375 0.913867753125
0 0.7296875 0.9382187125 0.7534926234375 0.9382187125 0.7534926234375 0.9143613546874999 0.7296875 0.9143613546874999 0.7296875 0.9382187125
0 0.742966278125 0.8831747328125001 0.7550226203125 0.8831747328125001 0.7550226203125 0.8709766140624999 0.742966278125 0.8709766140624999 0.742966278125 0.8831747328125001
0 0.7624914859375 0.8840508406249998 0.7721593062500001 0.8840508406249998 0.7721593062500001 0.8734701515625 0.7624914859375 0.8734701515625 0.7624914859375 0.8840508406249998
0 0.7820925187500001 0.88425301875 0.79103999375 0.88425301875 0.79103999375 0.874346259375 0.7820925187500001 0.874346259375 0.7820925187500001 0.88425301875
0 0.7734104375 0.8838486609375 0.777732521875 0.8838486609375 0.777732521875 0.8775137265625 0.7734104375 0.8775137265625 0.7734104375 0.8838486609375
0 0.9703577624999999 0.9892871249999999 0.994527315625 0.9892871249999999 0.994527315625 0.952536921875 0.9703577624999999 0.952536921875 0.9703577624999999 0.9892871249999999
0 0.9144530468750001 0.968152665625 0.9271302140625 0.968152665625 0.9271302140625 0.9490931046875 0.9144530468750001 0.9490931046875 0.9144530468750001 0.968152665625
0 0.9327579281249999 0.9713117078125 0.9454943359375001 0.9713117078125 0.9454943359375001 0.9454075546875 0.9327579281249999 0.9454075546875 0.9327579281249999 0.9713117078125
0 0.901371565625 0.945056615625 0.9113237359375 0.945056615625 0.9113237359375 0.9221430234374999 0.901371565625 0.9221430234374999 0.901371565625 0.945056615625
0 0.8696668000000001 0.9387385296874999 0.8930780921875 0.9387385296874999 0.8930780921875 0.917088553125 0.8696668000000001 0.917088553125 0.8696668000000001 0.9387385296874999
0 0.872842015625 0.9223115046875 0.880282446875 0.9223115046875 0.880282446875 0.904705103125 0.872842015625 0.904705103125 0.872842015625 0.9223115046875
0 0.8946893953125 0.8924058953125 0.8988124375 0.8924058953125 0.8988124375 0.8835605734375 0.8946893953125 0.8835605734375 0.8946893953125 0.8924058953125
0 0.9012667140625 0.8884791390625001 0.905768884375 0.8884791390625001 0.905768884375 0.8793179140625 0.9012667140625 0.8793179140625 0.9012667140625 0.8884791390625001
0 0.9108634468750001 0.8902692640625001 0.916965075 0.8902692640625001 0.916965075 0.8816345453124999 0.9108634468750001 0.8816345453124999 0.9108634468750001 0.8902692640625001
0 0.9315971328125 0.9048008624999999 0.9374618031249999 0.9048008624999999 0.9374618031249999 0.89248059375 0.9315971328125 0.89248059375 0.9315971328125 0.9048008624999999
0 0.9348569484375 0.890604253125 0.9787531218750001 0.890604253125 0.9787531218750001 0.8545911609375001 0.9348569484375 0.8545911609375001 0.9348569484375 0.890604253125
0 0.8357817187500001 0.8698630359374999 0.8423572593750001 0.8698630359374999 0.8423572593750001 0.8608071109375001 0.8357817187500001 0.8608071109375001 0.8357817187500001 0.8698630359374999
0 0.8749387640625 0.8698630359374999 0.8794409359375 0.8698630359374999 0.8794409359375 0.8637555515625 0.8749387640625 0.8637555515625 0.8749387640625 0.8698630359374999
0 0.893065928125 0.8727061734374999 0.8973903828124999 0.8727061734374999 0.8973903828124999 0.86501916875 0.893065928125 0.86501916875 0.893065928125 0.8727061734374999
0 0.8883650796874999 0.917088553125 0.8930780921875 0.917088553125 0.8930780921875 0.9113496093750001 0.8883650796874999 0.9113496093750001 0.8883650796874999 0.917088553125
