0 0.0310243296875 0.33125 0.046875 0.33125 0.046875 0.319217 0.03082525 0.31875 0.030806142187500003 0.31875 0.0310243296875 0.33125
0 0.5794629171875 0.501747825 0.6051200421875 0.501747825 0.6051200421875 0.481572484375 0.5794629171875 0.481572484375 0.5794629171875 0.501747825
0 0.6119950171874999 0.5185185765625 0.6353132328125 0.5185185765625 0.6353132328125 0.494055978125 0.6119950171874999 0.494055978125 0.6119950171874999 0.5185185765625
0 0.6520280703125 0.49064735312499996 0.6586904171875 0.49064735312499996 0.6586904171875 0.4804335875 0.6520280703125 0.4804335875 0.6520280703125 0.49064735312499996
0 0.6720859890625 0.48900810781250004 0.6806619890625 0.48900810781250004 0.6806619890625 0.47929872500000004 0.6720859890625 0.47929872500000004 0.6720859890625 0.48900810781250004
0 0.6664159062499999 0.5040135171875 0.6743540218749999 0.5040135171875 0.6743540218749999 0.4958172828125 0.6664159062499999 0.4958172828125 0.6664159062499999 0.5040135171875
0 0.6396247640625 0.52835001875 0.6610293265625 0.52835001875 0.6610293265625 0.510696596875 0.6396247640625 0.510696596875 0.6396247640625 0.52835001875
0 0.685906815625 0.5296875 0.685906815625 0.5119575546874999 0.6664159062499999 0.5119575546874999 0.6664159062499999 0.5296875 0.685906815625 0.5296875
0 0.7103590484375 0.5296875 0.7103590484375 0.518892828125 0.7019956765625001 0.518892828125 0.7019956765625001 0.5296875 0.7103590484375 0.5296875
0 0.48204162500000003 0.8275155953125001 0.48254318593749995 0.85625 0.4872927015625 0.85625 0.48679355468749996 0.8276538625000001 0.48204162500000003 0.8275155953125001
0 0.4875 0.8827366874999999 0.4873621 0.87799736875 0.48149206875 0.8779632187499999 0.4822242015625 0.903125 0.4875 0.903125 0.4875 0.8827366874999999
0 0.7427695234375 0.78627930625 0.7436363109374999 0.8359375 0.775 0.8359375 0.775 0.7872171171875 0.7427695234375 0.78627930625
