0 0.591668046875 0.3323225703125 0.5912566 0.35 0.5953125 0.35 0.5953125 0.33230136718750003 0.591668046875 0.3323225703125
0 0.6874461937499999 0.35147103281250003 0.690625 0.35152651874999996 0.690625 0.3349104890625 0.6869624703125 0.33484655937499996 0.6874461937499999 0.35147103281250003
0 0.69375 0.31986179843749996 0.690625 0.3199163453125 0.690625 0.33019615625 0.6907797625 0.3390625 0.69375 0.3390625 0.69375 0.31986179843749996
0 0.6296875 0.29889444374999996 0.6265625 0.29893080625 0.6265625 0.309375 0.6296875 0.309375 0.6296875 0.29889444374999996
0 0.6460437890625 0.23354475 0.6461625375 0.24375 0.65 0.24375 0.65 0.2336598640625 0.6460437890625 0.23354475
0 0.595289109375 0.2710588671875 0.594099896875 0.2710311875 0.59393268125 0.2854016390625 0.5984375 0.2855064890625 0.5984375 0.271132146875 0.595289109375 0.2710588671875
0 0.7273965234374999 0.194152240625 0.727607690625 0.20625 0.7296875 0.20625 0.7296875 0.1941122515625 0.7273965234374999 0.194152240625
0 0.66842829375 0.24470058749999998 0.6686971109375001 0.25625 0.6703125 0.25625 0.6703125 0.24466769843749997 0.66842829375 0.24470058749999998
0 0.6020033078125 0.2415260890625 0.601769709375 0.2515625 0.60625 0.2515625 0.60625 0.24157550312499998 0.6020033078125 0.2415260890625
0 0.6709633875 0.1578125 0.6703125 0.195101875 0.6703125 0.2875 0.7209616140625 0.2875 0.7232241859374999 0.15787728750000002 0.7120881671875 0.1578125 0.6709633875 0.1578125
0 0.89159503125 0.2786926375 0.9032724546875001 0.2786926375 0.9032724546875001 0.265738503125 0.89159503125 0.265738503125 0.89159503125 0.2786926375
0 0.8591408937499999 0.24225913437500002 0.8735481046875 0.24225913437500002 0.8735481046875 0.2282254890625 0.8591408937499999 0.2282254890625 0.8591408937499999 0.24225913437500002
0 1 0.2672599390625 0.9953212609375001 0.2672599390625 0.9953212609375001 0.287338846875 1 0.287338846875 1 0.2672599390625
0 0.8240422281249999 0.28450682656250004 0.8279245921874999 0.28450682656250004 0.8279245921874999 0.27635435625000004 0.8240422281249999 0.27635435625000004 0.8240422281249999 0.28450682656250004
0 0.7829668156249999 0.2709654375 0.786538590625 0.2709654375 0.786538590625 0.2636420328125 0.7829668156249999 0.2636420328125 0.7829668156249999 0.2709654375
0 0.8109974843749999 0.26447109687500003 0.8153457328125 0.26447109687500003 0.8153457328125 0.256594984375 0.8109974843749999 0.256594984375 0.8109974843749999 0.26447109687500003
0 0.7780675140625 0.25223591875 0.8078840703125 0.25223591875 0.8078840703125 0.1959700671875 0.7780675140625 0.1959700671875 0.7780675140625 0.25223591875
0 0.7607987578125 0.207908596875 0.7635940609375 0.207908596875 0.7635940609375 0.199175784375 0.7607987578125 0.199175784375 0.7607987578125 0.207908596875
0 0.75800345625 0.20680317656249997 0.7607987578125 0.20680317656249997 0.7607987578125 0.198401990625 0.75800345625 0.198401990625 0.75800345625 0.20680317656249997
0 0.7568853359375 0.243171478125 0.7734086781249999 0.243171478125 0.7734086781249999 0.2142094890625 0.7568853359375 0.2142094890625 0.7568853359375 0.243171478125
0 0.6302462015625 0.2587799109375 0.6340229640625 0.2587799109375 0.6340229640625 0.2500073015625 0.6302462015625 0.2500073015625 0.6302462015625 0.2587799109375
0 0.6216192781250001 0.255737796875 0.6240443578125 0.255737796875 0.6240443578125 0.24894609843749999 0.6216192781250001 0.24894609843749999 0.6216192781250001 0.255737796875
0 0.7232644234375 0.3192817453125 0.7275977625 0.3192817453125 0.7275977625 0.3057690984375 0.7232644234375 0.3057690984375 0.7232644234375 0.3192817453125
0 0.75921851875 0.30170716875000003 0.7662154703125 0.30170716875000003 0.7662154703125 0.29327414531249996 0.75921851875 0.29327414531249996 0.75921851875 0.30170716875000003
0 0.7554926281250001 0.342879546875 0.759763228125 0.342879546875 0.759763228125 0.33610885156250003 0.7554926281250001 0.33610885156250003 0.7554926281250001 0.342879546875
0 0.77754445625 0.37922021093749997 0.781737409375 0.37922021093749997 0.781737409375 0.3716204515625 0.77754445625 0.3716204515625 0.77754445625 0.37922021093749997
0 0.7862409515625 0.3533810296875 0.7905892 0.3533810296875 0.7905892 0.3485448203125 0.7862409515625 0.3485448203125 0.7862409515625 0.3533810296875
0 0.782280940625 0.372449515625 0.7860856578125001 0.372449515625 0.7860856578125001 0.364435225 0.782280940625 0.364435225 0.782280940625 0.372449515625
0 0.7843774171875 0.2957610421875 0.78787154375 0.2957610421875 0.78787154375 0.28885216874999997 0.7843774171875 0.28885216874999997 0.7843774171875 0.2957610421875
0 0.7660526578125 0.31717854375 0.7692361968749999 0.31717854375 0.7692361968749999 0.3120659796875 0.7660526578125 0.3120659796875 0.7660526578125 0.31717854375
0 0.0734375 1 0.0734375 0.9804033390625001 0.0635243765625 0.9805186875 0.063297690625 1 0.0734375 1
0 0.39191826875 0.56155676875 0.39191826875 0.56875 0.3921875 0.56875 0.3921875 0.561558334375 0.39191826875 0.56155676875
0 0.23620433593749998 0.610293396875 0.2359375 0.6217577484375 0.2359375 0.6246541406249999 0.2390625 0.624635959375 0.2390625 0.61027676875 0.23620433593749998 0.610293396875
0 0.4044065484375 0.5539806359374999 0.40451804375 0.5578125 0.4046875 0.5578125 0.4046875 0.5539855390625 0.4044065484375 0.5539806359374999
0 0.4397157765625 0.547221375 0.43981882343749995 0.553125 0.4453125 0.553125 0.4453125 0.547123684375 0.4397157765625 0.547221375
0 0.4375 0.559589521875 0.43631987812500006 0.5596032546874999 0.43629498125 0.56388250625 0.437488328125 0.5638686203125001 0.43749880937499996 0.562067275 0.4375 0.56186261875 0.4375 0.559589521875
0 0.4359375 0.5599401578125 0.43459540937499996 0.5599635843749999 0.43458199999999997 0.5622683546875 0.43457156250000006 0.5640625 0.4359375 0.5640625 0.4359375 0.5599401578125
0 0.4427972265625 0.5959818484375 0.44286867812499997 0.5984375 0.44375 0.5984375 0.44375 0.595954125 0.4427972265625 0.5959818484375
0 0.444942490625 0.5953842390624999 0.44492514375000003 0.596875 0.4453125 0.596875 0.4453125 0.5953799328125 0.444942490625 0.5953842390624999
0 0.4648854296875 0.5656095296875 0.464958525 0.56875 0.465625 0.56875 0.465625 0.5655880109375 0.4648854296875 0.5656095296875
0 0.399417865625 0.5697473640624999 0.4 0.569757525 0.4 0.5648691984375 0.399417865625 0.5648590375 0.399417865625 0.5697473640624999
