0 0.1066007984375 0.48363777812500003 0.10636015937500001 0.525 0.121875 0.525 0.121875 0.4839043890625 0.1066007984375 0.48363777812500003
0 0 0.5296875 0.00625 0.5296875 0.00625 0.4933135015625 0 0.49324077656250004 0 0.5296875
0 0.8890625 0.49370975 0.8140625 0.49283704687499996 0.8140625 0.5018884640625 0.8151095734375 0.546875 0.8890625 0.546875 0.8890625 0.49370975
0 0.6640625 0.409375 0.6640625 0.35872620624999996 0.6335202421874999 0.358015328125 0.6328125 0.3884228234375 0.6328125 0.409375 0.6640625 0.409375
0 0.707854825 0.3589675859375 0.7088437843750001 0.415625 0.7359375 0.415625 0.7359375 0.3588042046875 0.707854825 0.3589675859375
0 0.5562520140625 0.3203125 0.5859375 0.3203125 0.5859375 0.28771105 0.5768699125 0.2875 0.557206759375 0.2875 0.5562520140625 0.3203125
0 0.5140625 0.2859375 0.510718628125 0.2859375 0.48689062187500004 0.286630825 0.48614303906249995 0.31875 0.513681925 0.31875 0.5140625 0.30239893281249997 0.5140625 0.2859375
0 0.6817091468750001 0.26709123125 0.6815267796875 0.2984375 0.7046875 0.2984375 0.7046875 0.267224915625 0.6817091468750001 0.26709123125
0 0.3904458015625 0.3350843078125 0.3904458015625 0.35625 0.4109375 0.35625 0.4109375 0.3354419921875 0.3904458015625 0.3350843078125
0 0.3608608296875 0.304222796875 0.360582703125 0.328125 0.3796875 0.328125 0.3796875 0.30455141874999997 0.3608608296875 0.304222796875
0 0.9203928453125 0.2702401484375 0.9523126203124999 0.2702401484375 0.9523126203124999 0.2414405 0.9203928453125 0.2414405 0.9203928453125 0.2702401484375
0 0.7649574218749999 0.332776528125 0.8068232140625 0.332776528125 0.8068232140625 0.3056225734375 0.7649574218749999 0.3056225734375 0.7649574218749999 0.332776528125
0 0.7730530171875001 0.277645771875 0.7850807578125 0.277645771875 0.7850807578125 0.252960359375 0.7730530171875001 0.252960359375 0.7730530171875001 0.277645771875
0 0.8047414890625 0.2755886546875 0.8408247124999999 0.2755886546875 0.8408247124999999 0.242263346875 0.8047414890625 0.242263346875 0.8047414890625 0.2755886546875
0 0.82694655 0.1965953328125 0.8359673546875002 0.1965953328125 0.8359673546875002 0.17766985 0.82694655 0.17766985 0.82694655 0.1965953328125
0 0.8403621078124999 0.20441238125 0.8505394265625 0.20441238125 0.8505394265625 0.1863097453125 0.8403621078124999 0.1863097453125 0.8403621078124999 0.20441238125
0 0.8958747578124999 0.187544015625 0.9116033421874998 0.187544015625 0.9116033421874998 0.1134877765625 0.8958747578124999 0.1134877765625 0.8958747578124999 0.187544015625
0 0.8076871328124999 0.20364935312500002 0.8161001859375 0.20364935312500002 0.8161001859375 0.186527815625 0.8076871328124999 0.186527815625 0.8076871328124999 0.20364935312500002
0 0.7914673718749999 0.19556043750000002 0.8003351859375 0.19556043750000002 0.8003351859375 0.18369669375 0.7914673718749999 0.18369669375 0.7914673718749999 0.19556043750000002
0 0.7003377296875 0.1873715953125 0.7167602234375 0.1873715953125 0.7167602234375 0.143349275 0.7003377296875 0.143349275 0.7003377296875 0.1873715953125
0 0.7301757796875 0.20465138437500002 0.7426661265625001 0.20465138437500002 0.7426661265625001 0.1853144765625 0.7301757796875 0.1853144765625 0.7301757796875 0.20465138437500002
0 0.3327839859375 0.1718763546875 0.35739459375 0.1718763546875 0.35739459375 0.121188975 0.3327839859375 0.121188975 0.3327839859375 0.1718763546875
0 0.3126143890625 0.16266046875 0.32501221406249997 0.16266046875 0.32501221406249997 0.133037971875 0.3126143890625 0.133037971875 0.3126143890625 0.16266046875
0 0.2796875 0.15048233125 0.2917046234375 0.15048233125 0.2917046234375 0.114606196875 0.2796875 0.114606196875 0.2796875 0.15048233125
0 0.5589999203125 0.1781730078125 0.5776521718750001 0.1781730078125 0.5776521718750001 0.112081928125 0.5589999203125 0.112081928125 0.5589999203125 0.1781730078125
0 0.5759349796875 0.17806768281250002 0.5871144875000001 0.17806768281250002 0.5871144875000001 0.15851946875 0.5759349796875 0.15851946875 0.5759349796875 0.17806768281250002
0 0.42690645781250003 0.1493220140625 0.4407387296875 0.1493220140625 0.4407387296875 0.1132589296875 0.42690645781250003 0.1132589296875 0.42690645781250003 0.1493220140625
0 0.7893000812500001 0.42296179218749996 0.8556839593750001 0.42296179218749996 0.8556839593750001 0.352196940625 0.7893000812500001 0.352196940625 0.7893000812500001 0.42296179218749996
0 0.8632580328125 0.42894542812500003 0.8860718078125001 0.42894542812500003 0.8860718078125001 0.373536353125 0.8632580328125 0.373536353125 0.8632580328125 0.42894542812500003
0 0.8895390843750001 0.422137459375 0.9403751484375 0.422137459375 0.9403751484375 0.3748550484375 0.8895390843750001 0.3748550484375 0.8895390843750001 0.422137459375
0 0.58382974375 0.9986056578125 0.58684309375 0.9986056578125 0.58684309375 0.9874177 0.58382974375 0.9874177 0.58382974375 0.9986056578125
0 0.542472453125 0.9911917890625 0.546104921875 0.9911917890625 0.546104921875 0.9798396390625002 0.542472453125 0.9798396390625002 0.542472453125 0.9911917890625
0 0.7924934171875 0.986141796875 0.7970012718749999 0.986141796875 0.7970012718749999 0.9708271328125001 0.7924934171875 0.9708271328125001 0.7924934171875 0.986141796875
0 0.56663474375 0.9905329609375 0.5695353843750001 0.9905329609375 0.5695353843750001 0.9815475296875 0.56663474375 0.9815475296875 0.56663474375 0.9905329609375
0 0.563196946875 0.9905329609375 0.56663474375 0.9905329609375 0.56663474375 0.9838416828125001 0.563196946875 0.9838416828125001 0.563196946875 0.9905329609375
