0 0.097352875 0.7401449546875 0.1015625 0.7401694453125 0.1015625 0.7210183828125001 0.0976871234375 0.7209958375 0.097352875 0.7401449546875
0 0.21300585625 0.7719844281249999 0.21338577656250002 0.79375 0.21875 0.79375 0.21875 0.771817290625 0.21300585625 0.7719844281249999
0 0.0295832921875 0.9608568171874999 0.036699003125000004 0.9608568171874999 0.036699003125000004 0.9262430453124999 0.0295832921875 0.9262430453124999 0.0295832921875 0.9608568171874999
0 0.17273176875000001 0.8232838296875 0.1809774921875 0.8232838296875 0.1809774921875 0.7973412359375001 0.17273176875000001 0.7973412359375001 0.17273176875000001 0.8232838296875
0 0.08609995000000001 1 0.08609995000000001 0.98650143125 0.0806442578125 0.98650143125 0.0806442578125 1 0.08609995000000001 1
0 0.20300951562499997 0.8374290328124999 0.2100114328125 0.8374290328124999 0.2100114328125 0.814093803125 0.20300951562499997 0.814093803125 0.20300951562499997 0.8374290328124999
0 0.107766453125 0.7369273515625 0.1130647875 0.7369273515625 0.1130647875 0.7177821140624999 0.107766453125 0.7177821140624999 0.107766453125 0.7369273515625
0 0.21055207031249998 0.7456483359374999 0.2155140796875 0.7456483359374999 0.2155140796875 0.7225143796875 0.21055207031249998 0.7225143796875 0.21055207031249998 0.7456483359374999
0 0.093223534375 0.921161409375 0.101361209375 0.921161409375 0.101361209375 0.8965806734375 0.093223534375 0.8965806734375 0.093223534375 0.921161409375
0 0.05876235 0.9749502218749999 0.066450365625 0.9749502218749999 0.066450365625 0.9460570171875 0.05876235 0.9460570171875 0.05876235 0.9749502218749999
0 0.129134965625 0.7170853125 0.134060996875 0.7170853125 0.134060996875 0.69880615 0.129134965625 0.69880615 0.129134965625 0.7170853125
0 0.252394084375 1 0.252394084375 0.98988976875 0.252394084375 0.9752572359375 0.24505124375 0.9752572359375 0.24505124375 1 0.252394084375 1
0 0.2276659375 0.783519325 0.23302553750000002 0.783519325 0.23302553750000002 0.7614138796875001 0.2276659375 0.7614138796875001 0.2276659375 0.783519325
0 0.25015095625 0.75332656875 0.2549880203125 0.75332656875 0.2549880203125 0.73010279375 0.25015095625 0.73010279375 0.25015095625 0.75332656875
0 0.10227438124999999 0.84301216875 0.10718501093749999 0.84301216875 0.10718501093749999 0.8144090328125 0.10227438124999999 0.8144090328125 0.10227438124999999 0.84301216875
0 0.0823560015625 0.9794088515624999 0.08806571875 0.9794088515624999 0.08806571875 0.9619641250000001 0.0823560015625 0.9619641250000001 0.0823560015625 0.9794088515624999
0 0.14323052187500002 0.8841798187500001 0.14850736250000002 0.8841798187500001 0.14850736250000002 0.8560142390625 0.14323052187500002 0.8560142390625 0.14323052187500002 0.8841798187500001
0 0.147780228125 0.890953140625 0.153619028125 0.890953140625 0.153619028125 0.8588380328125 0.147780228125 0.8588380328125 0.147780228125 0.890953140625
0 0.19413315312499999 0.848118759375 0.1987878015625 0.848118759375 0.1987878015625 0.8274161031249999 0.19413315312499999 0.8274161031249999 0.19413315312499999 0.848118759375
0 0.13196545625 0.7146998375 0.13658780625 0.7146998375 0.13658780625 0.6942174390625 0.13196545625 0.6942174390625 0.13196545625 0.7146998375
0 0.19101754375 0.7650893609375 0.1986726859375 0.7650893609375 0.1986726859375 0.7500117375 0.19101754375 0.7500117375 0.19101754375 0.7650893609375
0 0.135399 0.9044879421874998 0.140935728125 0.9044879421874998 0.140935728125 0.8727121 0.135399 0.8727121 0.135399 0.9044879421874998
0 0.08612903125 0.754359421875 0.091977715625 0.754359421875 0.091977715625 0.7305862281250001 0.08612903125 0.7305862281250001 0.08612903125 0.754359421875
0 0.113015821875 0.844126671875 0.11847875468749999 0.844126671875 0.11847875468749999 0.8100607875 0.113015821875 0.8100607875 0.113015821875 0.844126671875
0 0.0022160359375000003 0.8176676765625001 0.0065680375 0.8176676765625001 0.0065680375 0.7851196093749999 0.0022160359375000003 0.7851196093749999 0.0022160359375000003 0.8176676765625001
0 0.1325025890625 0.8394856015624999 0.1378846015625 0.8394856015624999 0.1378846015625 0.809368528125 0.1325025890625 0.809368528125 0.1325025890625 0.8394856015624999
0 0.1757226625 0.9097310453125 0.183346884375 0.9097310453125 0.183346884375 0.8853963890625 0.1757226625 0.8853963890625 0.1757226625 0.9097310453125
0 0.140614746875 0.807795496875 0.14532617812499998 0.807795496875 0.14532617812499998 0.7810225984375 0.140614746875 0.7810225984375 0.140614746875 0.807795496875
0 0.0922493859375 0.8236601453125001 0.09853750156249999 0.8236601453125001 0.09853750156249999 0.808874225 0.0922493859375 0.808874225 0.0922493859375 0.8236601453125001
0 0.1202927984375 0.8427241406250001 0.12437295781249999 0.8427241406250001 0.12437295781249999 0.8169122906249999 0.1202927984375 0.8169122906249999 0.1202927984375 0.8427241406250001
0 0.0870105921875 0.8840381531249999 0.0941137734375 0.8840381531249999 0.0941137734375 0.8524745062499999 0.0870105921875 0.8524745062499999 0.0870105921875 0.8840381531249999
0 0.1343000796875 0.8104253140625 0.1400471546875 0.8104253140625 0.1400471546875 0.78688483125 0.1343000796875 0.78688483125 0.1343000796875 0.8104253140625
0 0.1361350421875 0.6699145 0.14241890468750001 0.6699145 0.14241890468750001 0.650603253125 0.1361350421875 0.650603253125 0.1361350421875 0.6699145
0 0.0804686234375 0.74684643125 0.08602730625 0.74684643125 0.08602730625 0.730765096875 0.0804686234375 0.730765096875 0.0804686234375 0.74684643125
0 0.0670502 0.713419325 0.0704889734375 0.713419325 0.0704889734375 0.7062124296875 0.0670502 0.7062124296875 0.0670502 0.713419325
0 0.06454149375 0.83868709375 0.0703023609375 0.83868709375 0.0703023609375 0.8101414203124999 0.06454149375 0.8101414203124999 0.06454149375 0.83868709375
0 0.1741781046875 0.9133003265624999 0.185694209375 0.9133003265624999 0.185694209375 0.8549543906250001 0.1741781046875 0.8549543906250001 0.1741781046875 0.9133003265624999
0 0.51875 0.7342957453125 0.5132955265625 0.7342957453125 0.5132955265625 0.7428188765625 0.51875 0.7428188765625 0.51875 0.7342957453125
0 0.1987970578125 0.968580421875 0.210180771875 0.968580421875 0.210180771875 0.953281403125 0.1987970578125 0.953281403125 0.1987970578125 0.968580421875
0 0.51875 0.4 0.40970461562500005 0.4 0.40970461562500005 0.4614140296875 0.51875 0.4614140296875 0.51875 0.4
0 0.0498666359375 0.8590416828125 0.055789612499999995 0.8590416828125 0.055789612499999995 0.8294997140625 0.0498666359375 0.8294997140625 0.0498666359375 0.8590416828125
0 0.07292843906249999 0.9478913906249999 0.0822539765625 0.9478913906249999 0.0822539765625 0.9268539296875 0.07292843906249999 0.9268539296875 0.07292843906249999 0.9478913906249999
0 0.2761999609375 0.6976798703125 0.2813668109375 0.6976798703125 0.2813668109375 0.6799994484375 0.2761999609375 0.6799994484375 0.2761999609375 0.6976798703125
0 0.2937168484375 0.7205077546875 0.2996398265625 0.7205077546875 0.2996398265625 0.6985750796875 0.2937168484375 0.6985750796875 0.2937168484375 0.7205077546875
0 0.2826270203125 0.66410945 0.28678570625 0.66410945 0.28678570625 0.6506812828124999 0.2826270203125 0.6506812828124999 0.2826270203125 0.66410945
0 0.20172167812500003 0.676418603125 0.205628321875 0.676418603125 0.205628321875 0.666123675 0.20172167812500003 0.666123675 0.20172167812500003 0.676418603125
0 0.388232434375 0.6397149453125 0.391256934375 0.6397149453125 0.391256934375 0.6312104390625001 0.388232434375 0.6312104390625001 0.388232434375 0.6397149453125
0 0.46422296718749995 0.7088700078125 0.46800359062499997 0.7088700078125 0.46800359062499997 0.6947704328125 0.46422296718749995 0.6947704328125 0.46422296718749995 0.7088700078125
0 0.39276918437499997 0.7457974703125 0.39982634687499996 0.7457974703125 0.39982634687499996 0.731474090625 0.39276918437499997 0.731474090625 0.39276918437499997 0.7457974703125
0 0.0257815890625 0.6040230984375 0.0257815890625 0.5935323421875001 0.0223357078125 0.5935323421875001 0.0223357078125 0.5983406062500001 0.0223357078125 0.6040230984375 0.0257815890625 0.6040230984375
0 0.270931390625 0.6075200187500001 0.270931390625 0.601400409375 0.2684700484375 0.601400409375 0.2684700484375 0.6114540515625 0.270931390625 0.6114540515625 0.270931390625 0.6075200187500001
0 0.4137085375 0.636256903125 0.41955422656249997 0.636256903125 0.41955422656249997 0.6258754265625 0.4137085375 0.6258754265625 0.4137085375 0.636256903125
0 0.428168928125 0.608937225 0.43216861250000005 0.608937225 0.43216861250000005 0.5963701734375 0.428168928125 0.5963701734375 0.428168928125 0.608937225
0 0.3186391484375 0.6788755984374999 0.32263883125000004 0.6788755984374999 0.32263883125000004 0.666308546875 0.3186391484375 0.666308546875 0.3186391484375 0.6788755984374999
0 0.3380222265625 0.7034633078125 0.3426372453125 0.7034633078125 0.3426372453125 0.6898034703125 0.3380222265625 0.6898034703125 0.3380222265625 0.7034633078125
0 0.470319434375 0.5952773875 0.47554978906249995 0.5952773875 0.47554978906249995 0.5756072203125 0.470319434375 0.5756072203125 0.470319434375 0.5952773875
0 0.44232165312499994 0.6149475546875001 0.447244340625 0.6149475546875001 0.447244340625 0.6018341109375 0.44232165312499994 0.6018341109375 0.44232165312499994 0.6149475546875001
0 0.35802064218749996 0.6958138 0.3617126578125 0.6958138 0.3617126578125 0.683793140625 0.35802064218749996 0.683793140625 0.35802064218749996 0.6958138
0 0.3260141390625 0.7654906390624999 0.3284754828125 0.7654906390624999 0.3284754828125 0.7529235875 0.3260141390625 0.7529235875 0.3260141390625 0.7654906390624999
0 0.322322125 0.7654906390624999 0.3260141390625 0.7654906390624999 0.3260141390625 0.7583875234375 0.322322125 0.7583875234375 0.322322125 0.7654906390624999
0 0.08064271875 0.9665067125 0.08875868125 0.9665067125 0.08875868125 0.946230378125 0.08064271875 0.946230378125 0.08064271875 0.9665067125
0 0.1809774921875 0.8123577140624999 0.1755582109375 0.8123577140624999 0.1755582109375 0.8367870328125001 0.1809774921875 0.8367870328125001 0.1809774921875 0.8123577140624999
0 0.2296187734375 0.6132587703125 0.23360797500000002 0.6132587703125 0.23360797500000002 0.6010441125 0.2296187734375 0.6010441125 0.2296187734375 0.6132587703125
0 0.3073394296875 0.7161061999999999 0.30279999375 0.7161061999999999 0.30279999375 0.7295423265625001 0.3073394296875 0.7295423265625001 0.3073394296875 0.7161061999999999
0 0.3516333265625 0.604708509375 0.35507229375 0.604708509375 0.35507229375 0.5917609718750001 0.3516333265625 0.5917609718750001 0.3516333265625 0.604708509375
0 0.370066190625 0.6069071484374999 0.3730924828125 0.6069071484374999 0.3730924828125 0.5993340609375 0.370066190625 0.5993340609375 0.370066190625 0.6069071484374999
0 0.402676196875 0.6029831890625 0.40547035625000005 0.6029831890625 0.40547035625000005 0.59496731875 0.402676196875 0.59496731875 0.402676196875 0.6029831890625
0 0.4188285953125 0.6381766750000001 0.4152520703125 0.6381766750000001 0.4152520703125 0.6467269359375 0.4188285953125 0.6467269359375 0.4188285953125 0.6381766750000001
0 0.48289655312499996 0.606968221875 0.48083317187499997 0.606968221875 0.48083317187499997 0.619488246875 0.48289655312499996 0.619488246875 0.48289655312499996 0.606968221875
0 0.42940341875000004 0.6067941625 0.42676229218749995 0.6067941625 0.42676229218749995 0.6150024125 0.42940341875000004 0.6150024125 0.42940341875000004 0.6067941625
0 0.3779822625 0.6149581359375 0.3804002875 0.6149581359375 0.3804002875 0.6082782437500001 0.3779822625 0.6082782437500001 0.3779822625 0.6149581359375
0 0.34117456874999996 0.6092325140625 0.3443986 0.6092325140625 0.3443986 0.60064408125 0.34117456874999996 0.60064408125 0.34117456874999996 0.6092325140625
0 0.804237071875 0.5296875 0.8035825078125001 0.5671875 0.8140625 0.5671875 0.8140625 0.5296875 0.804237071875 0.5296875
0 0.8383775015625 0.5148011171875 0.8385186499999999 0.5390625 0.8515625 0.5390625 0.8515625 0.5146476953125 0.8383775015625 0.5148011171875
0 0.9328125 0.520777890625 0.921875 0.5208415234375 0.921875 0.5640625 0.9328125 0.5640625 0.9328125 0.520777890625
0 0.9480232187500001 0.5089672140625 0.9486303546875 0.54375 0.9546875 0.54375 0.9546875 0.5087733046875 0.9480232187500001 0.5089672140625
0 0.9440453390624999 0.5114176953125 0.9356238734375001 0.5114176953125 0.9356238734375001 0.5452949484375 0.9440453390624999 0.5452949484375 0.9440453390624999 0.5114176953125
0 0.8942821406250001 0.5567787656250001 0.9053831609374999 0.5567787656250001 0.9053831609374999 0.5200305578125001 0.8942821406250001 0.5200305578125001 0.8942821406250001 0.5567787656250001
0 0.8942821406250001 0.54184980625 0.8942821406250001 0.5091209328125 0.8835639140625 0.5091209328125 0.8835639140625 0.53094018125 0.8835639140625 0.54184980625 0.8942821406250001 0.54184980625
0 0.8713145109375 0.53094018125 0.8835639140625 0.53094018125 0.8835639140625 0.50452740625 0.8713145109375 0.50452740625 0.8713145109375 0.53094018125
0 0.865955396875 0.503379025 0.8579167265625 0.503379025 0.8579167265625 0.526920846875 0.865955396875 0.526920846875 0.865955396875 0.503379025
0 0.8716973046875001 0.4918952109375 0.8579167265625 0.4918952109375 0.8579167265625 0.503379025 0.8716973046875001 0.503379025 0.8716973046875001 0.4918952109375
0 0.87552524375 0.50452740625 0.88088435625 0.50452740625 0.88088435625 0.49017263906249997 0.87552524375 0.49017263906249997 0.87552524375 0.50452740625
0 0.8873918515625 0.5091209328125 0.8942821406250001 0.5091209328125 0.8942821406250001 0.49246939999999995 0.8873918515625 0.49246939999999995 0.8873918515625 0.5091209328125
0 0.8468157062499999 0.49821130937499997 0.8468157062499999 0.4947661640625 0.8399254171875 0.4947661640625 0.8399254171875 0.514862840625 0.8468157062499999 0.514862840625 0.8468157062499999 0.49821130937499997
0 0.8552371703125001 0.49821130937499997 0.8468157062499999 0.49821130937499997 0.8468157062499999 0.51314026875 0.8552371703125001 0.51314026875 0.8552371703125001 0.49821130937499997
0 0.8487296750000001 0.5072476359375 0.8579167265625 0.5072476359375 0.8579167265625 0.4976371171875 0.8487296750000001 0.4976371171875 0.8487296750000001 0.5072476359375
0 1 0.506279315625 0.9966214000000001 0.506279315625 0.9966214000000001 0.5256823703125 1 0.5256823703125 1 0.506279315625
0 0.9879978218750001 0.4959898171875 0.9925056015625 0.4959898171875 0.9925056015625 0.4783506796875 0.9879978218750001 0.4783506796875 0.9879978218750001 0.4959898171875
0 0.9734945296875 0.48805220625 0.9691827390625001 0.48805220625 0.9691827390625001 0.50392743125 0.9734945296875 0.50392743125 0.9734945296875 0.48805220625
0 0.9691827390625001 0.48864017656250003 0.9640869875 0.48864017656250003 0.9640869875 0.50392743125 0.9691827390625001 0.50392743125 0.9691827390625001 0.48864017656250003
0 0.9552674171875001 0.50186953125 0.9615391109375 0.50186953125 0.9615391109375 0.48687626406250006 0.9552674171875001 0.48687626406250006 0.9552674171875001 0.50186953125
0 0.9462518578125 0.5001056171875 0.9527195421875 0.5001056171875 0.9527195421875 0.485406334375 0.9462518578125 0.485406334375 0.9462518578125 0.5001056171875
0 0.908817684375 0.5259763546875 0.9143054156249999 0.5259763546875 0.9143054156249999 0.4995176453125 0.908817684375 0.4995176453125 0.908817684375 0.5259763546875
0 0.9007820750000001 0.5077492453125 0.9052898546874999 0.5077492453125 0.9052898546874999 0.4921680046875 0.9007820750000001 0.4921680046875 0.9007820750000001 0.5077492453125
0 0.9096016453125 0.4995176453125 0.9143054156249999 0.4995176453125 0.9143054156249999 0.49011010468750005 0.9096016453125 0.49011010468750005 0.9096016453125 0.4995176453125
0 0.916853290625 0.5095131578125 0.920577109375 0.5095131578125 0.920577109375 0.4915800328125 0.916853290625 0.4915800328125 0.916853290625 0.5095131578125
0 0.9227330046875 0.50392743125 0.9293966796875001 0.50392743125 0.9293966796875001 0.4877582203125 0.9227330046875 0.4877582203125 0.9227330046875 0.50392743125
0 0.9246929093750001 0.5265643265625 0.9295926703124999 0.5265643265625 0.9295926703124999 0.506279315625 0.9246929093750001 0.506279315625 0.9246929093750001 0.5265643265625
0 0.9391962015625002 0.5114176953125 0.9440453390624999 0.5114176953125 0.9440453390624999 0.488346190625 0.9391962015625002 0.488346190625 0.9391962015625002 0.5114176953125
0 0.7638959234375 0.5214516796875 0.7760473296875 0.5214516796875 0.7760473296875 0.5088102953125 0.7638959234375 0.5088102953125 0.7638959234375 0.5214516796875
0 0.7929025078125 0.519687765625 0.8007421265625 0.519687765625 0.8007421265625 0.5052824671875 0.7929025078125 0.5052824671875 0.7929025078125 0.519687765625
0 0.8021140593750001 0.5152779796875 0.8076017906249999 0.5152779796875 0.8076017906249999 0.500578696875 0.8021140593750001 0.500578696875 0.8021140593750001 0.5152779796875
0 0.811717590625 0.5126321078125 0.818773246875 0.5126321078125 0.818773246875 0.502636596875 0.811717590625 0.502636596875 0.811717590625 0.5126321078125
0 0.7599761140625001 0.5088102953125 0.7660518187500001 0.5088102953125 0.7660518187500001 0.4988147828125 0.7599761140625001 0.4988147828125 0.7599761140625001 0.5088102953125
0 0.68863559375 0.5188058078125 0.6978471453124999 0.5188058078125 0.6978471453124999 0.51116218125 0.68863559375 0.51116218125 0.68863559375 0.5188058078125
0 0.676288196875 0.5179238515625 0.68530375625 0.5179238515625 0.68530375625 0.5093982671875 0.676288196875 0.5093982671875 0.676288196875 0.5179238515625
0 0.6670766453125 0.510280225 0.67315235 0.510280225 0.67315235 0.5035185546875 0.6670766453125 0.5035185546875 0.6670766453125 0.510280225
0 0.662372875 0.510280225 0.6684485796875 0.510280225 0.6684485796875 0.5023426109375 0.662372875 0.5023426109375 0.662372875 0.510280225
0 0.6547292484375 0.5123381234375 0.6625688656250001 0.5123381234375 0.6625688656250001 0.5032245671875 0.6547292484375 0.5032245671875 0.6547292484375 0.5123381234375
0 0.652181371875 0.505576453125 0.6625688656250001 0.505576453125 0.6625688656250001 0.49763884062499997 0.652181371875 0.49763884062499997 0.652181371875 0.505576453125
0 0.7068627046875 0.5088102953125 0.7133303890625 0.5088102953125 0.7133303890625 0.502048625 0.7068627046875 0.502048625 0.7068627046875 0.5088102953125
0 0.7176421796875 0.5044005109375 0.7133303890625 0.5044005109375 0.7133303890625 0.5088102953125 0.7176421796875 0.5088102953125 0.7176421796875 0.5044005109375
0 0.7178381703125 0.504106525 0.7256777875 0.504106525 0.7256777875 0.49705086875 0.7178381703125 0.49705086875 0.7178381703125 0.504106525
0 0.73528131875 0.509692253125 0.7407690515625001 0.509692253125 0.7407690515625001 0.4999907265625 0.73528131875 0.4999907265625 0.73528131875 0.509692253125
0 0.73194948125 0.5164539234375 0.73684924375 0.5164539234375 0.73684924375 0.5114561671875 0.73194948125 0.5114561671875 0.73194948125 0.5164539234375
0 0.7503725828125 0.5073403671875 0.7560563046875 0.5073403671875 0.7560563046875 0.501754640625 0.7503725828125 0.501754640625 0.7503725828125 0.5073403671875
0 0.776243321875 0.5288013203124999 0.792118546875 0.5288013203124999 0.792118546875 0.498520796875 0.776243321875 0.498520796875 0.776243321875 0.5288013203124999
0 0.8209291421875001 0.514690009375 0.8342564906250001 0.514690009375 0.8342564906250001 0.49587492656250004 0.8209291421875001 0.49587492656250004 0.8209291421875001 0.514690009375
0 0.9829587515625 0.5442350171875 0.9923943703125001 0.5442350171875 0.9923943703125001 0.503673359375 0.9829587515625 0.503673359375 0.9829587515625 0.5442350171875
0 0.9757094343750001 0.5475144703125 0.9860656015625 0.5475144703125 0.9860656015625 0.5060897984375 0.9757094343750001 0.5060897984375 0.9757094343750001 0.5475144703125
