0 0.48094673437499996 0.12898297812499998 0.48094673437499996 0.1453125 0.4859375 0.1453125 0.4859375 0.1289249046875 0.48094673437499996 0.12898297812499998
0 0.10282196875 0.117822834375 0.10285093906250001 0.1203125 0.1046875 0.1203125 0.1046875 0.11785539687499999 0.10282196875 0.117822834375
0 0.090625 0.11758300937499999 0.0890625 0.11756482812499999 0.0890625 0.11809227656250001 0.08906632656249999 0.11875 0.090625 0.11875 0.090625 0.11758300937499999
0 0.0767927765625 0.116325109375 0.076835103125 0.11875 0.0796875 0.11875 0.0796875 0.116257734375 0.0767927765625 0.116325109375
0 0.061602946874999995 0.11726379218750001 0.06156835468750001 0.11875 0.0640625 0.11875 0.0640625 0.1173353578125 0.061602946874999995 0.11726379218750001
0 0.17826869843749998 0.11349047812499999 0.1782256796875 0.1171875 0.2171875 0.1171875 0.2171875 0.11303761718750001 0.17826869843749998 0.11349047812499999
0 0.0053899625 0.11480220156250001 0.0054177171875 0.1171875 0.0078125 0.1171875 0.0078125 0.114830390625 0.0053899625 0.11480220156250001
0 0.4625 0.660383575 0.4586593125 0.6603612296875 0.458912853125 0.67125434375 0.459000034375 0.675 0.4625 0.675 0.4625 0.660383575
0 0.49259917499999994 0.52714208125 0.49259917499999994 0.5178103359375 0.48938636718749995 0.5178103359375 0.48938636718749995 0.52714208125 0.4916496453125 0.52714208125 0.49259917499999994 0.52714208125
0 0.47352703749999997 0.4888163234375 0.4765732546875 0.4888163234375 0.4765732546875 0.48033291875 0.47352703749999997 0.48033291875 0.47352703749999997 0.4888163234375
0 0.4792817078125 0.5131724015625 0.484993365625 0.5131724015625 0.484993365625 0.5027208468750001 0.4792817078125 0.5027208468750001 0.4792817078125 0.5131724015625
0 0.47833864375 0.4990384328125 0.47833864375 0.49154588906249996 0.47565797187500003 0.49154588906249996 0.47565797187500003 0.49551451249999995 0.47565797187500003 0.4990384328125 0.47833864375 0.4990384328125
0 0.4586421984375 0.46103844687500006 0.46176457187500003 0.46103844687500006 0.46176457187500003 0.4526229078125 0.4586421984375 0.4526229078125 0.4586421984375 0.46103844687500006
0 0.49139620937500006 0.5034767875 0.4941568453125 0.5034767875 0.4941568453125 0.49652039531250003 0.49139620937500006 0.49652039531250003 0.49139620937500006 0.5034767875
0 0.49758384062500005 0.501611959375 0.49758384062500005 0.49669006250000003 0.4951087890625 0.49669006250000003 0.4951087890625 0.5048341328125 0.49758384062500005 0.5048341328125 0.49758384062500005 0.501611959375
0 0.8432778890625 0.6793242875 0.8432778890625 0.7265625 0.85 0.7265625 0.85 0.6792460671875 0.8432778890625 0.6793242875
0 0.8490275671875 0.6720669234375001 0.8501868640625 0.721875 0.85625 0.721875 0.85625 0.6721089421875 0.8490275671875 0.6720669234375001
0 0.8650204859375 0.7203125 0.8655099546875 0.6782476890625 0.8579409015625 0.6780274515625 0.8578125 0.6890622296875 0.8578125 0.7203125 0.8650204859375 0.7203125
