0 0.50726385625 0.7225760203125 0.515864840625 0.7225760203125 0.515864840625 0.6856634625 0.50726385625 0.6856634625 0.50726385625 0.7225760203125
0 0.4957958765625 0.7179171531249999 0.5027841765625001 0.7179171531249999 0.5027841765625001 0.6872164171875 0.4957958765625 0.6872164171875 0.4957958765625 0.7179171531249999
0 0.488090828125 0.7169614890625 0.49481034687500003 0.7169614890625 0.49481034687500003 0.6863802109375 0.488090828125 0.6863802109375 0.488090828125 0.7169614890625
0 0.48445698593750003 0.7169614890625 0.4911227484375 0.7169614890625 0.4911227484375 0.6837425359375 0.48445698593750003 0.6837425359375 0.48445698593750003 0.7169614890625
0 0.48510205937500006 0.6764794828125 0.48718063125000005 0.6764794828125 0.48718063125000005 0.6738991875 0.48510205937500006 0.6738991875 0.48510205937500006 0.6764794828125
0 0.021141453125 0.669953428125 0.021141453125 0.6706918734375 0.021141453125 0.6716353984375 0.022804309375 0.6716353984375 0.022804309375 0.669953428125 0.021141453125 0.669953428125
0 0.0241804671875 0.665901409375 0.0241804671875 0.6667927609375 0.0241804671875 0.667506925 0.025499284374999997 0.667506925 0.025499284374999997 0.665901409375 0.0241804671875 0.665901409375
0 0.0377700234375 0.6723234765625 0.0408090375 0.6723234765625 0.0408090375 0.66972406875 0.0377700234375 0.66972406875 0.0377700234375 0.6723234765625
0 0.076036609375 0.6672759187499999 0.0775962546875 0.6672759187499999 0.0775962546875 0.6657468546875001 0.076036609375 0.6657468546875001 0.076036609375 0.6672759187499999
0 0.0054610125 0.6767640921875 0.009818845312500001 0.6767640921875 0.009818845312500001 0.6674062203125 0.0054610125 0.6674062203125 0.0054610125 0.6767640921875
0 0.02238775 0.6862442875 0.0297272578125 0.6862442875 0.0297272578125 0.66575483125 0.02238775 0.66575483125 0.02238775 0.6862442875
0 0.02815273125 0.681841846875 0.031602298437499995 0.681841846875 0.031602298437499995 0.6667224625 0.02815273125 0.6667224625 0.02815273125 0.681841846875
0 0.0796597828125 0.6723406578125 0.07518727187499999 0.6723406578125 0.07518727187499999 0.684343809375 0.0796597828125 0.684343809375 0.0796597828125 0.6723406578125
0 0.078590071875 0.6840687562500001 0.082039640625 0.6840687562500001 0.082039640625 0.6696833234375 0.078590071875 0.6696833234375 0.078590071875 0.6840687562500001
0 0.07994788124999999 0.6827476453125 0.0835442390625 0.6827476453125 0.0835442390625 0.6712490843750001 0.07994788124999999 0.6712490843750001 0.07994788124999999 0.6827476453125
0 0.069939015625 0.687295234375 0.0765078734375 0.687295234375 0.0765078734375 0.6677232156249999 0.069939015625 0.6677232156249999 0.069939015625 0.687295234375
0 0.0651316390625 0.6867080734375001 0.0683243234375 0.6867080734375001 0.0683243234375 0.673056590625 0.0651316390625 0.673056590625 0.0651316390625 0.6867080734375001
0 0.054122378125 0.687050584375 0.061792162500000004 0.687050584375 0.061792162500000004 0.6801025171874999 0.054122378125 0.6801025171874999 0.054122378125 0.687050584375
0 0.061087456250000005 0.6867080734375001 0.0658214375 0.6867080734375001 0.0658214375 0.6715412890625 0.061087456250000005 0.6715412890625 0.061087456250000005 0.6867080734375001
0 0.0556516328125 0.6839368640625 0.061792162500000004 0.6839368640625 0.061792162500000004 0.6668725109375 0.0556516328125 0.6668725109375 0.0556516328125 0.6839368640625
0 0.0465466890625 0.687050584375 0.05503299375 0.687050584375 0.05503299375 0.6689154609375 0.0465466890625 0.6689154609375 0.0465466890625 0.687050584375
