0 0.5666003234375 0.7216285390625 0.584380175 0.7216285390625 0.584380175 0.6590996125 0.5666003234375 0.6590996125 0.5666003234375 0.7216285390625
0 0.5854416578125 0.72564825625 0.604813734375 0.72564825625 0.604813734375 0.65552653125 0.5854416578125 0.65552653125 0.5854416578125 0.72564825625
0 0.0937132859375 0.6232521828124999 0.09670242500000001 0.6232521828124999 0.09670242500000001 0.6113609671875 0.0937132859375 0.6113609671875 0.0937132859375 0.6232521828124999
0 0.017238275 0.60502189375 0.01949915 0.60502189375 0.01949915 0.596826103125 0.017238275 0.596826103125 0.017238275 0.60502189375
0 0.0202817609375 0.6015094125 0.02271655 0.6015094125 0.02271655 0.5963870421874999 0.0202817609375 0.5963870421874999 0.0202817609375 0.6015094125
0 0.0202817609375 0.606485428125 0.0240209 0.606485428125 0.0240209 0.600045878125 0.0202817609375 0.600045878125 0.0202817609375 0.606485428125
0 0.010194778125 0.6044364812499999 0.012716523437499998 0.6044364812499999 0.012716523437499998 0.5963870421874999 0.010194778125 0.5963870421874999 0.010194778125 0.6044364812499999
0 0.0048034609375 0.6026802390625 0.0074991203125000004 0.6026802390625 0.0074991203125000004 0.59214279375 0.0048034609375 0.59214279375 0.0048034609375 0.6026802390625
0 0.006803465625 0.6026802390625 0.0099339078125 0.6026802390625 0.0099339078125 0.589069371875 0.006803465625 0.589069371875 0.006803465625 0.6026802390625
0 0.22183927812499998 0.6258198875 0.2284697296875 0.6258198875 0.2284697296875 0.618685159375 0.22183927812499998 0.618685159375 0.22183927812499998 0.6258198875
0 0.0910171953125 0.608505346875 0.0875194609375 0.608505346875 0.0875194609375 0.622878546875 0.0910171953125 0.622878546875 0.0910171953125 0.608505346875
0 0.10867975625 0.62724269375 0.11185951406250001 0.62724269375 0.11185951406250001 0.6133855515625 0.10867975625 0.6133855515625 0.10867975625 0.62724269375
0 0.0337398640625 0.6104160453125 0.03573856875 0.6104160453125 0.03573856875 0.6006911984375 0.0337398640625 0.6006911984375 0.0337398640625 0.6104160453125
0 0.028889703125 0.5940432906249999 0.030343307812499998 0.5940432906249999 0.030343307812499998 0.5892970765625 0.028889703125 0.5892970765625 0.028889703125 0.5940432906249999
0 0.031186396875 0.5946304515625 0.0326109296875 0.5946304515625 0.0326109296875 0.591254278125 0.031186396875 0.591254278125 0.031186396875 0.5946304515625
0 0.03569256875 0.5948261718750001 0.03755318125 0.5948261718750001 0.03755318125 0.592281809375 0.03569256875 0.592281809375 0.03569256875 0.5948261718750001
0 0.009331467187500001 0.5935503859375 0.0107850703125 0.5935503859375 0.0107850703125 0.58841273125 0.009331467187500001 0.58841273125 0.009331467187500001 0.5935503859375
0 0.0029734046875 0.5879374109375 0.0029734046875 0.5913429421874999 0.0041428656250000005 0.5913429421874999 0.0055550046875 0.5913429421874999 0.0055550046875 0.5879374109375 0.0029734046875 0.5879374109375
0 0.5864685578125 0.60604841875 0.5880757671875 0.60604841875 0.5880757671875 0.6021074703125 0.5864685578125 0.6021074703125 0.5864685578125 0.60604841875
0 0.5814668125 0.606234971875 0.5830047453125 0.606234971875 0.5830047453125 0.6021541078125 0.5814668125 0.6021541078125 0.5814668125 0.606234971875
0 0.5828246265625 0.6059318218749999 0.5848336390625 0.6059318218749999 0.5848336390625 0.6025971734375 0.5828246265625 0.6025971734375 0.5828246265625 0.6059318218749999
0 0.5848501953125 0.6059240390625 0.5868896890624999 0.6059240390625 0.5868896890624999 0.602028796875 0.5848501953125 0.602028796875 0.5848501953125 0.6059240390625
