0 0.0171875 0.459375 0.0171875 0.4249627078125 0.0090003203125 0.4249150765625 0.0083988203125 0.459375 0.0171875 0.459375
0 0.034375 0.459375 0.034375 0.4390625 0.0214596421875 0.4390625 0.0215778171875 0.459375 0.034375 0.459375
0 0.040435178125 0.414857084375 0.040435178125 0.4359375 0.0484375 0.4359375 0.0484375 0.414624240625 0.040435178125 0.414857084375
0 0.0525403296875 0.41976679843750003 0.053425853125 0.4578125 0.0671875 0.4578125 0.0671875 0.41976679843750003 0.0525403296875 0.41976679843750003
0 0.1515625 0.459375 0.1515625 0.42749803125 0.14227221406249999 0.42733586875 0.14171296875 0.459375 0.1515625 0.459375
0 0.1546875 0.39375 0.1453811671875 0.39375 0.14431791562500002 0.3937809375 0.1446086265625 0.44375 0.1546875 0.44375 0.1546875 0.39375
0 0.154313871875 0.3912175515625 0.153833290625 0.41875 0.16875 0.41875 0.16875 0.390881546875 0.154313871875 0.3912175515625
0 0.1830961296875 0.4021636953125 0.18291782031249998 0.4328125 0.19375 0.4328125 0.19375 0.40197773124999997 0.1830961296875 0.4021636953125
0 0.2734375 0.459375 0.2734375 0.4504598609375 0.26081642031249996 0.4504598609375 0.260972034375 0.459375 0.2734375 0.459375
0 0.353125 0.459375 0.353125 0.419748240625 0.3404551234375 0.419748240625 0.3404551234375 0.459375 0.353125 0.459375
0 0.3765625 0.459375 0.3765625 0.45044983437499997 0.36312907656250004 0.45084070781249996 0.36327804218750004 0.459375 0.3765625 0.459375
0 0.3859375 0.459375 0.3859375 0.4471991671875 0.3761680125 0.44708548906249995 0.3765256015625 0.459375 0.3859375 0.459375
0 0.3984375 0.459375 0.3984375 0.4122940796875 0.38674813124999996 0.4124300984375 0.386201878125 0.459375 0.3984375 0.459375
0 0.4953125 0.3953125 0.484375 0.3953125 0.484375 0.41368504375 0.48502248124999997 0.4359375 0.4953125 0.4359375 0.4953125 0.3953125
0 0.4948427984375 0.3815900625 0.4955622359375 0.4125 0.5015625 0.4125 0.5015625 0.3814727703125 0.4948427984375 0.3815900625
0 0.5265581906250001 0.377573859375 0.526779565625 0.415625 0.534375 0.415625 0.534375 0.377573859375 0.5265581906250001 0.377573859375
0 0.45559572031249995 0.385396821875 0.45507398906249996 0.4078125 0.460627515625 0.4078125 0.4609375 0.394494309375 0.4609375 0.38536574375 0.45559572031249995 0.385396821875
0 0.4607333734375 0.38544820625 0.4607333734375 0.4203125 0.46875 0.4203125 0.46875 0.38563479375 0.4607333734375 0.38544820625
0 0.3744862109375 0.3822948609375 0.3747801140625 0.4328125 0.3828125 0.4328125 0.3828125 0.3821979765625 0.3744862109375 0.3822948609375
0 0.2620516515625 0.353125 0.26104252968749997 0.4109375 0.2698412703125 0.4109375 0.2703125 0.383940753125 0.2703125 0.353125 0.2620516515625 0.353125
0 0.284375 0.3656378375 0.27083605 0.3657953765625 0.2703125 0.3837886265625 0.2703125 0.4015625 0.28437037656249997 0.4015625 0.284375 0.4014036015625 0.284375 0.3656378375
0 0.28684353749999997 0.36868614375000003 0.2863870375 0.384375 0.2953125 0.384375 0.2953125 0.3685875984375 0.28684353749999997 0.36868614375000003
0 0.3234375 0.403125 0.31374347187499996 0.403125 0.3101464875 0.40318778593750004 0.310346109375 0.4375 0.3234375 0.4375 0.3234375 0.403125
0 0.29950478281250004 0.38848349843749996 0.2992468828125 0.4328125 0.309375 0.4328125 0.309375 0.3885409234375 0.29950478281250004 0.38848349843749996
0 0.298983684375 0.3752883625 0.298983684375 0.4 0.30625 0.4 0.30625 0.3752883625 0.298983684375 0.3752883625
0 0.3203125 0.38302056093750003 0.3109375 0.3831296484375 0.3109375 0.4078125 0.3203125 0.4078125 0.3203125 0.38302056093750003
0 0.2941970703125 0.3575546796875 0.293572821875 0.384375 0.3046875 0.384375 0.3046875 0.357798846875 0.2941970703125 0.3575546796875
0 0.29279912812500003 0.350655 0.2930824078125 0.375 0.3 0.375 0.3 0.35061310625000003 0.29279912812500003 0.350655
0 0.311535809375 0.368045103125 0.31101519375 0.3859375 0.3203125 0.3859375 0.3203125 0.368249384375 0.311535809375 0.368045103125
0 0.307626440625 0.3625599578125 0.3076897234375 0.3734375 0.315625 0.3734375 0.315625 0.362699571875 0.307626440625 0.3625599578125
0 0.3205992703125 0.346084975 0.3204128671875 0.378125 0.3265625 0.378125 0.3265625 0.346084975 0.3205992703125 0.346084975
0 0.32758434687500004 0.34631000156249997 0.3282215 0.3828125 0.33125 0.3828125 0.33125 0.346288675 0.32758434687500004 0.34631000156249997
0 0.32262853125 0.375 0.3222649046875 0.40625 0.3296875 0.40625 0.3296875 0.375 0.32262853125 0.375
0 0.340625 0.3871142609375 0.3404802 0.382137803125 0.332037696875 0.382039565625 0.3329240046875 0.4125 0.340625 0.4125 0.340625 0.3871142609375
0 0.335313190625 0.3662204046875 0.3351530265625 0.39375 0.34181748437500004 0.39375 0.341978325 0.3661040640625 0.335313190625 0.3662204046875
0 0.355549625 0.384375 0.35620419062500003 0.421875 0.3609375 0.421875 0.3609375 0.384375 0.355549625 0.384375
0 0.3612230796875 0.38819896875 0.3609907984375 0.428125 0.3671875 0.428125 0.3671875 0.38816426875 0.3612230796875 0.38819896875
0 0.3399534015625 0.3396795765625 0.34055728749999997 0.365625 0.3484375 0.365625 0.3484375 0.3399264375 0.3399534015625 0.3396795765625
0 0.34939774687499997 0.34375 0.3501706359375 0.3703125 0.3578125 0.3703125 0.3578125 0.34375 0.34939774687499997 0.34375
0 0.3257205109375 0.31795817187500003 0.32543395468749997 0.334375 0.3359375 0.334375 0.3359375 0.3178392859375 0.3257205109375 0.31795817187500003
0 0.3584681140625 0.33212054687500003 0.3584681140625 0.3640625 0.36875 0.3640625 0.36875 0.332060728125 0.3584681140625 0.33212054687500003
0 0.367844603125 0.3671816796875 0.3734375 0.367149140625 0.3734375 0.330367546875 0.367630621875 0.33040133125 0.367844603125 0.3671816796875
0 0.3828125 0.334374328125 0.3774399421875 0.3343430703125 0.3765625 0.364498790625 0.3765625 0.3671875 0.38262789218750004 0.3671875 0.3828125 0.36084294843750003 0.3828125 0.334374328125
0 0.385591396875 0.33169205625 0.38662420937499997 0.3671875 0.3921875 0.3671875 0.3921875 0.3318071921875 0.385591396875 0.33169205625
0 0.403125 0.34315286562499997 0.4028660609375 0.33202779531250004 0.392931753125 0.332316853125 0.3936342734375 0.3625 0.403125 0.3625 0.403125 0.34315286562499997
0 0.39264374062499996 0.38322855312500004 0.39325230625 0.409375 0.396875 0.409375 0.396875 0.3831300703125 0.39264374062499996 0.38322855312500004
0 0.40544648437499997 0.370813403125 0.40556174531250005 0.390625 0.4125 0.390625 0.4125 0.37064923125 0.40544648437499997 0.370813403125
0 0.4203125 0.3804739015625 0.41030340781249997 0.3805903671875 0.409375 0.42047856250000004 0.409375 0.4234375 0.420263603125 0.4234375 0.4203125 0.42133671718750004 0.4203125 0.3804739015625
0 0.4384470828125 0.384496778125 0.4380498734375 0.4015625 0.44375 0.4015625 0.44375 0.384404215625 0.4384470828125 0.384496778125
0 0.456504025 0.36908344375 0.45704177812499996 0.3921875 0.4625 0.3921875 0.4625 0.3689438859375 0.456504025 0.36908344375
0 0.479017240625 0.390625 0.4859375 0.390625 0.4859375 0.3594493171875 0.48274451249999994 0.359375 0.479017240625 0.359375 0.479017240625 0.390625
0 0.444626934375 0.3188567296875 0.445669503125 0.3546875 0.4515625 0.3546875 0.4515625 0.3188567296875 0.444626934375 0.3188567296875
0 0.43159144375 0.36527294062500004 0.43203396562499996 0.390625 0.4390625 0.390625 0.4390625 0.36527294062500004 0.43159144375 0.36527294062500004
0 0.41989235 0.3663529390625 0.41937987187500003 0.38837110625000004 0.426432471875 0.38853525625 0.4265625 0.3829487140625 0.4265625 0.36650818749999997 0.41989235 0.3663529390625
0 0.4285892359375 0.363022171875 0.4288013359375 0.38125 0.4328125 0.38125 0.4328125 0.3629730296875 0.4285892359375 0.363022171875
0 0.212752875 0.28379869062499996 0.212752875 0.325 0.2203125 0.325 0.2203125 0.28379869062499996 0.212752875 0.28379869062499996
0 0.2859375 0.3546875 0.2859375 0.31665778125 0.2802896546875 0.3165920625 0.2796875 0.351089496875 0.2796875 0.3546875 0.2859375 0.3546875
0 0.209375 0.396875 0.2 0.396875 0.2 0.4203125 0.209375 0.4203125 0.209375 0.396875
0 0.196875 0.303125 0.178428953125 0.303125 0.17490140625 0.3032071046875 0.17460282968750002 0.3203125 0.196875 0.3203125 0.196875 0.303125
0 0.504716290625 0.3181405828125 0.5041529890625001 0.3375 0.5140625 0.3375 0.5140625 0.31797744375 0.504716290625 0.3181405828125
0 0.0464552296875 0.30535675 0.0465695109375 0.325 0.0515625 0.325 0.0515625 0.3052378765625 0.0464552296875 0.30535675
0 0.8579999968750001 0.3123430578125 0.8581491203125001 0.31875 0.8625 0.31875 0.8625 0.31223831875 0.8579999968750001 0.3123430578125
0 0.0492654765625 1 0.05 0.9368752375 0.05 0.917963928125 0.02877293125 0.9182109265625 0.028125 0.9738939984375001 0.028125 1 0.0492654765625 1
0 0.0396906125 0.9283618656249999 0.0412489046875 0.9953125 0.0578125 0.9953125 0.0578125 0.9279400734374998 0.0396906125 0.9283618656249999
0 0.0921875 1 0.0921875 0.9176686281249999 0.07081120468749999 0.918041753125 0.0703125 0.96090031875 0.0703125 1 0.0921875 1
0 0.1125 1 0.1125 0.9087061000000001 0.09242711406250001 0.9090564734375001 0.0950733 1 0.1125 1
0 0.1296875 1 0.1296875 0.9787195687499999 0.10472309843750001 0.97886480625 0.10521502499999999 1 0.1296875 1
0 0.2796875 0.9033481109375 0.2609375 0.903784521875 0.2609375 0.9269705343750001 0.261387284375 0.965625 0.2796875 0.965625 0.2796875 0.9033481109375
0 0.2879474640625 0.897678771875 0.287552165625 0.965625 0.3027063765625 0.965625 0.3031011625 0.8977669328125 0.2879474640625 0.897678771875
0 0.31917711249999997 0.9609375 0.320256990625 0.8990713171875001 0.3099349046875 0.8989512078124999 0.309375 0.9310281296875 0.309375 0.9609375 0.31917711249999997 0.9609375
0 0.3183140296875 0.903125 0.317441278125 0.953125 0.334375 0.953125 0.334375 0.903125 0.3183140296875 0.903125
0 0.3538285546875 0.9006426953125001 0.355219240625 0.9484375 0.36875 0.9484375 0.36875 0.9009899953125 0.3538285546875 0.9006426953125001
0 0.391168565625 0.8953256046875001 0.39087774999999997 0.9453125 0.403020971875 0.9453125 0.403125 0.927431578125 0.403125 0.8951864796875 0.391168565625 0.8953256046875001
0 0.4274124078125 0.8922808703125 0.4282466875 0.928125 0.4328125 0.928125 0.4328125 0.8922808703125 0.4274124078125 0.8922808703125
0 0.4342203609375 0.8839428625 0.4350461109375 0.93125 0.4484375 0.93125 0.4484375 0.8837774296875001 0.4342203609375 0.8839428625
0 0.46672769374999995 0.88125 0.46567303281249994 0.9265625 0.47792058125 0.9265625 0.478125 0.917779834375 0.478125 0.88125 0.46672769374999995 0.88125
0 0.48072812656249997 0.8840375453124999 0.48072812656249997 0.9234375 0.49375 0.9234375 0.49375 0.8844164421875 0.48072812656249997 0.8840375453124999
0 0.5109375 0.8849190562499999 0.5109333671875 0.8846822875000001 0.497547934375 0.8849938375 0.49819169687500003 0.921875 0.5109375 0.921875 0.5109375 0.8849190562499999
0 0.5243285828124999 0.915591634375 0.5359375 0.9154565531250001 0.5359375 0.8813684500000001 0.5245269140625 0.8815012234375 0.5243285828124999 0.915591634375
0 0.5398814546875 0.8788459734374999 0.5392667484375 0.9140625 0.5498455578125 0.9140625 0.55 0.9052145203125 0.55 0.8788459734374999 0.5398814546875 0.8788459734374999
0 0 1 0.01998186875 1 0.0203125 0.9810581484374999 0.0203125 0.9170607171875 0 0.9175334968750001 0 1
