0 0.5669952890625 0.3388972578125 0.5698822375 0.3388972578125 0.5698822375 0.3324709796875 0.5669952890625 0.3324709796875 0.5669952890625 0.3388972578125
0 0.5645894984375001 0.3388972578125 0.5669952890625 0.3388972578125 0.5669952890625 0.3320425609375 0.5645894984375001 0.3320425609375 0.5645894984375001 0.3388972578125
0 0.561221390625 0.3388972578125 0.5645894984375001 0.3388972578125 0.5645894984375001 0.3320425609375 0.561221390625 0.3320425609375 0.561221390625 0.3388972578125
0 0.6258828015625 0.46875 0.6258828015625 0.46613708750000005 0.62548215625 0.46613708750000005 0.621841071875 0.46613708750000005 0.621841071875 0.46875 0.6258828015625 0.46875
0 0.57030748125 0.399887503125 0.5736755875 0.399887503125 0.5736755875 0.3900338734375 0.57030748125 0.3900338734375 0.57030748125 0.399887503125
0 0.5801712234374999 0.4397304359375 0.5828175921875001 0.4397304359375 0.5828175921875001 0.42901997031250005 0.5801712234374999 0.42901997031250005 0.5801712234374999 0.4397304359375
0 0.5828175921875001 0.438873596875 0.587388596875 0.438873596875 0.587388596875 0.42901997031250005 0.5828175921875001 0.42901997031250005 0.5828175921875001 0.438873596875
0 0.5956960921875 0.464458221875 0.5993047796875001 0.464458221875 0.5993047796875001 0.4516056640625 0.5956960921875 0.4516056640625 0.5956960921875 0.464458221875
0 0.5619295015625 0.45293317499999997 0.56568855 0.45293317499999997 0.56568855 0.43954509374999995 0.5619295015625 0.43954509374999995 0.5619295015625 0.45293317499999997
0 0.559375 0.45828840781249996 0.5619295015625 0.45828840781249996 0.5619295015625 0.44356151875 0.559375 0.44356151875 0.559375 0.45828840781249996
0 0.6117077546875 0.46124209531249993 0.608984703125 0.46124209531249993 0.608984703125 0.4680435140625 0.6117077546875 0.4680435140625 0.6117077546875 0.46124209531249993
0 0.6134759703125 0.4540628203125 0.610328546875 0.4540628203125 0.610328546875 0.4592898359375 0.6134759703125 0.4592898359375 0.6134759703125 0.4540628203125
0 0.711610621875 0.7215430703125 0.718367740625 0.7215430703125 0.718367740625 0.6913841375 0.711610621875 0.6913841375 0.711610621875 0.7215430703125
