0 0.4859375 0.194991284375 0.4859375 0.2328125 0.49978504843750005 0.2328125 0.5 0.2204979625 0.5 0.19540046093750002 0.4859375 0.194991284375
0 0.1298369546875 0.43473232812499996 0.129925778125 0.45 0.1375 0.45 0.1375 0.4348660875 0.1298369546875 0.43473232812499996
0 0.128125 0.43551046875 0.1203125 0.43569230625 0.1203125 0.45 0.128125 0.45 0.128125 0.43551046875
0 0.09726923125 0.440458421875 0.097075409375 0.4515625 0.1046875 0.4515625 0.1046875 0.44028575937500003 0.09726923125 0.440458421875
0 0.7046875 0.31563370625 0.69394761875 0.315321209375 0.69375 0.326642740625 0.69375 0.3296875 0.70461415 0.3296875 0.7046875 0.3254852953125 0.7046875 0.31563370625
0 0.686753384375 0.32537595937499997 0.6868239203125001 0.3375 0.6921875 0.3375 0.6921875 0.3254708109375 0.686753384375 0.32537595937499997
0 0.9472505484374999 0.37687376562499997 0.947446921875 0.39375 0.953125 0.39375 0.953125 0.3767370359375 0.9472505484374999 0.37687376562499997
0 0.9273128296875001 0.34001722343749996 0.92689311875 0.3640625 0.934375 0.3640625 0.934375 0.33985284843749997 0.9273128296875001 0.34001722343749996
0 0.9263553343750001 0.5296875 0.9263553343750001 0.5159333562499999 0.9169375546874999 0.5159333562499999 0.9169375546874999 0.5296875 0.9263553343750001 0.5296875
0 0.9207091171874999 0.47838931875 0.928097253125 0.47838931875 0.928097253125 0.4434738421875 0.9207091171874999 0.4434738421875 0.9207091171874999 0.47838931875
0 0.9024676109375 0.47082429843750007 0.8977727359375001 0.47082429843750007 0.8940987484375 0.47082429843750007 0.8940987484375 0.5014335328125 0.9024676109375 0.5014335328125 0.9024676109375 0.47082429843750007
0 0.8848145421875 0.5032956921875 0.8897835546875001 0.5032956921875 0.8897835546875001 0.4830447140625 0.8848145421875 0.4830447140625 0.8848145421875 0.5032956921875
0 0.9134856625 0.45154654218749996 0.9207091171874999 0.45154654218749996 0.9207091171874999 0.41869252343749996 0.9134856625 0.41869252343749996 0.9134856625 0.45154654218749996
0 0.7220889500000001 0.067589684375 0.7295912484375 0.067589684375 0.7295912484375 0.0448582546875 0.7220889500000001 0.0448582546875 0.7220889500000001 0.067589684375
0 0.7291123781250001 0.058497112500000004 0.7358165609375 0.058497112500000004 0.7358165609375 0.0349132546875 0.7291123781250001 0.0349132546875 0.7291123781250001 0.058497112500000004
0 0.8363683 0.2467174203125 0.8494635718750001 0.2467174203125 0.8494635718750001 0.23250195312500002 0.8363683 0.23250195312500002 0.8363683 0.2467174203125
0 0.8383742234374999 0.24193401718750002 0.8476468859375 0.24193401718750002 0.8476468859375 0.2155916125 0.8383742234374999 0.2155916125 0.8383742234374999 0.24193401718750002
0 0.8395474984375 0.23472522499999998 0.8451110968750001 0.23472522499999998 0.8451110968750001 0.2086523078125 0.8395474984375 0.2086523078125 0.8395474984375 0.23472522499999998
0 0.9127134078125 0.34030489375 0.920093690625 0.34030489375 0.920093690625 0.30805060625 0.9127134078125 0.30805060625 0.9127134078125 0.34030489375
0 0.9250611890625 0.3394627453125 0.9310221875 0.3394627453125 0.9310221875 0.317061596875 0.9250611890625 0.317061596875 0.9250611890625 0.3394627453125
0 0.9134856625 0.42224594218749995 0.9052651171875 0.42224594218749995 0.9052651171875 0.45660559999999994 0.9134856625 0.45660559999999994 0.9134856625 0.42224594218749995
0 0.7995309359375 0.160558 0.807754659375 0.160558 0.807754659375 0.136379128125 0.7995309359375 0.136379128125 0.7995309359375 0.160558
0 0.7465453234374999 0.22580213750000003 0.75373636875 0.22580213750000003 0.75373636875 0.2134057125 0.7465453234374999 0.2134057125 0.7465453234374999 0.22580213750000003
0 0.7401869249999999 0.22782329531249998 0.7463182375 0.22782329531249998 0.7463182375 0.21569635625 0.7401869249999999 0.21569635625 0.7401869249999999 0.22782329531249998
0 0.49133700312500006 0.6977686234375 0.4911616875 0.7078125 0.4953125 0.7078125 0.4953125 0.6978842984375 0.49133700312500006 0.6977686234375
