0 0.0671875 0.1902462265625 0.065625 0.1902371359375 0.065625 0.1953125 0.0671875 0.1953125 0.0671875 0.1902462265625
0 0.056796764062500005 0.19793448125 0.0578125 0.19793448125 0.0578125 0.19301176874999998 0.056940000000000004 0.19301176874999998 0.056796764062500005 0.19793448125
0 0.0689397171875 0.175 0.0688033484375 0.1828125 0.0703125 0.1828125 0.0703125 0.175 0.0689397171875 0.175
0 0.07090413906250001 0.1779204765625 0.07090413906250001 0.1828125 0.071875 0.1828125 0.071875 0.1779317734375 0.07090413906250001 0.1779204765625
0 0.0243547953125 0.19292069218750002 0.02430878125 0.196875 0.025 0.196875 0.025 0.192935709375 0.0243547953125 0.19292069218750002
0 0.031843328125 0.2100025578125 0.0318905703125 0.2140625 0.0375 0.2140625 0.0375 0.20990382031250002 0.031843328125 0.2100025578125
0 0.0808098078125 0.1947989359375 0.0806160171875 0.203125 0.0828125 0.203125 0.0828125 0.1947639796875 0.0808098078125 0.1947989359375
0 0.0869903390625 0.1913320609375 0.08673812812500001 0.2 0.0875 0.2 0.0875 0.1913320609375 0.0869903390625 0.1913320609375
0 0.12751850781250001 0.20292929062499998 0.12728549218750002 0.2109375 0.1296875 0.2109375 0.1296875 0.20296715 0.12751850781250001 0.20292929062499998
0 0.1251069765625 0.1846140734375 0.1253923515625 0.196875 0.128125 0.196875 0.128125 0.184666753125 0.1251069765625 0.1846140734375
0 0.1083965625 0.1769404390625 0.108573978125 0.1921875 0.1125 0.1921875 0.1125 0.177035946875 0.1083965625 0.1769404390625
0 0.1280792609375 0.18738363593750001 0.128125 0.18738416875 0.128125 0.175429821875 0.1280097078125 0.1754284796875 0.1280792609375 0.18738363593750001
0 0.116425890625 0.1769392453125 0.1162666421875 0.190625 0.1179920890625 0.190625 0.1181516875 0.17690912187500002 0.116425890625 0.1769392453125
0 0.1174530375 0.17764806718749998 0.11730203749999998 0.190625 0.1203125 0.190625 0.1203125 0.17768134062500002 0.1174530375 0.17764806718749998
0 0.122799859375 0.17580870625 0.123058478125 0.190625 0.1234375 0.190625 0.1234375 0.175793865625 0.122799859375 0.17580870625
0 0.1454962015625 0.1796875 0.1456052859375 0.1984375 0.1484375 0.1984375 0.1484375 0.1796875 0.1454962015625 0.1796875
0 0.1569935421875 0.1734375 0.15732085 0.1875 0.1609375 0.1875 0.1609375 0.1734375 0.1569935421875 0.1734375
0 0.17740545624999998 0.17289250625000002 0.17720502968750002 0.184375 0.1808138828125 0.184375 0.18101394375 0.1729135 0.17740545624999998 0.17289250625000002
0 0.1507187703125 0.21218721875000002 0.153125 0.21222921874999998 0.153125 0.1958218453125 0.15062330625 0.1957781796875 0.1507187703125 0.21218721875000002
0 0.1644006734375 0.2007079734375 0.164359340625 0.2078125 0.1684383609375 0.2078125 0.16847983125 0.2006842421875 0.1644006734375 0.2007079734375
0 0.17267226093750002 0.20850368437500003 0.1727046015625 0.2140625 0.175 0.2140625 0.175 0.2085714140625 0.17267226093750002 0.20850368437500003
0 0.190625 0.188766128125 0.1859375 0.1887933984375 0.1859375 0.2 0.190625 0.2 0.190625 0.188766128125
0 0.1787436203125 0.1940411453125 0.17868168281250002 0.2046875 0.1828125 0.2046875 0.1828125 0.193946440625 0.1787436203125 0.1940411453125
0 0.16290515781249998 0.18451947500000002 0.1626349453125 0.2 0.1640625 0.2 0.1640625 0.1844858 0.16290515781249998 0.18451947500000002
0 0.155029753125 0.18910016406250002 0.155029753125 0.2046875 0.1592658015625 0.2046875 0.1592658015625 0.1890625 0.157187521875 0.1890625 0.155029753125 0.18910016406250002
0 0.148892446875 0.1898836109375 0.1491413390625 0.1984375 0.1515625 0.1984375 0.1515625 0.1898214640625 0.148892446875 0.1898836109375
0 0.2875 0.17633375 0.2874590265625 0.1745733625 0.2805644171875 0.174693709375 0.2809715890625 0.1921875 0.2875 0.1921875 0.2875 0.17633375
0 0.33670831093750003 0.17038471875 0.33679879375 0.1859375 0.3463733453125 0.1859375 0.346284159375 0.1706075984375 0.33670831093750003 0.17038471875
0 0.2997376921875 0.180199434375 0.299907615625 0.1875 0.3046875 0.1875 0.3046875 0.180055409375 0.2997376921875 0.180199434375
0 0.316997990625 0.175542221875 0.3166500546875 0.1875 0.32011770781250004 0.1875 0.321875 0.18746932656249998 0.321875 0.1754570921875 0.316997990625 0.175542221875
0 0.2344349140625 0.19591145625 0.234043165625 0.209375 0.2375 0.209375 0.2375 0.19591145625 0.2344349140625 0.19591145625
0 0.2210927890625 0.2068594046875 0.220939784375 0.215625 0.225 0.215625 0.225 0.2067684625 0.2210927890625 0.2068594046875
0 0.23181314843749998 0.1899681640625 0.23205714843749997 0.2109375 0.234375 0.2109375 0.234375 0.1899383546875 0.23181314843749998 0.1899681640625
0 0.217633090625 0.1771736625 0.21778961093750002 0.190625 0.221875 0.190625 0.221875 0.1770502359375 0.217633090625 0.1771736625
0 0.305322784375 0.1803529375 0.30552550312500004 0.1890625 0.3154948609375 0.1890625 0.31529484375 0.18046897343749999 0.305322784375 0.1803529375
0 0.3319551 0.16614745 0.33149448125 0.1859375 0.3359375 0.1859375 0.3359375 0.1661011109375 0.3319551 0.16614745
0 0.3846049671875 0.1657627109375 0.384505775 0.1828125 0.3875 0.1828125 0.3875 0.16577955312499998 0.3846049671875 0.1657627109375
0 0.40236716875 0.175308634375 0.402578190625 0.184375 0.40625 0.184375 0.40625 0.1752860453125 0.40236716875 0.175308634375
0 0.0519557546875 0.19375 0.051983025 0.1984375 0.053125 0.1984375 0.053125 0.19375 0.0519557546875 0.19375
0 0.1214021078125 0.20197998281250001 0.121327575 0.20625 0.1234375 0.20625 0.1234375 0.2019918234375 0.1214021078125 0.20197998281250001
0 0.47219651718750005 0.20304318124999998 0.4720137515625 0.21875 0.4828125 0.21875 0.4828125 0.20304318124999998 0.47219651718750005 0.20304318124999998
0 0.464989465625 0.21397971718750003 0.464989465625 0.2265625 0.4703125 0.2265625 0.4703125 0.2140106859375 0.464989465625 0.21397971718750003
0 0.74375 0.267089121875 0.7375 0.267089121875 0.7375 0.284375 0.74375 0.284375 0.74375 0.267089121875
0 0.716229615625 0.2296875 0.7157932390624999 0.2546875 0.725 0.2546875 0.725 0.2296875 0.716229615625 0.2296875
0 0.709931034375 0.3370388296875 0.710336390625 0.371875 0.7171875 0.371875 0.7171875 0.3369121671875 0.709931034375 0.3370388296875
0 0.690625 0.3652641703125 0.685947003125 0.365345825 0.6821027578125 0.3654129265625 0.6813704703125 0.396875 0.6901236015625 0.396875 0.690625 0.37533281875 0.690625 0.3652641703125
0 0.67198916875 0.3997044453125 0.6765625 0.3997044453125 0.6765625 0.378530971875 0.6726052546875 0.378530971875 0.67198916875 0.3997044453125
0 0.709375 0.31161881875 0.7025370750000001 0.31149946093750003 0.7015625 0.3449934140625 0.7015625 0.3453125 0.709115253125 0.3453125 0.709375 0.3363855703125 0.709375 0.31161881875
0 0.634375 0.1166673390625 0.621875 0.1163036265625 0.621875 0.1296875 0.634375 0.1296875 0.634375 0.1166673390625
0 0.6237692 0.09900455 0.6234375 0.1180076078125 0.6234375 0.1265460671875 0.6328125 0.126491525 0.6328125 0.0989519375 0.6237692 0.09900455
0 0.624294865625 0.0913903578125 0.6241447828125001 0.1171875 0.6296875 0.1171875 0.6296875 0.0912648421875 0.624294865625 0.0913903578125
0 0.7010073171875 0.19544460624999999 0.7004368796875 0.228125 0.7078125 0.228125 0.7078125 0.1952465953125 0.7010073171875 0.19544460624999999
0 0.7143899609375 0.2052200265625 0.7143899609375 0.228125 0.7203125 0.228125 0.7203125 0.2051166484375 0.7143899609375 0.2052200265625
0 0.7015625 0.35 0.7015625 0.3140625 0.7014612859375 0.3140625 0.69375 0.3142419828125 0.69375 0.317462221875 0.6946967531249999 0.35 0.7015625 0.35
0 0.5825711359375 0.0166064875 0.5828506156250001 0.040625 0.590625 0.040625 0.590625 0.016512771875000002 0.5825711359375 0.0166064875
0 0.527390465625 0.0965383890625 0.527521653125 0.1078125 0.5328125 0.1078125 0.5328125 0.09638062343750001 0.527390465625 0.0965383890625
0 0.5213583953125001 0.0996106125 0.52162203125 0.1109375 0.5265625 0.1109375 0.5265625 0.09967116718749999 0.5213583953125001 0.0996106125
