0 0.11125447343749999 0.760595975 0.11125447343749999 0.8390625 0.1296875 0.8390625 0.1296875 0.7608104625000001 0.11125447343749999 0.760595975
0 0.1227158703125 0.72241798125 0.1220372515625 0.8390625 0.1428715171875 0.8390625 0.143548725 0.72266039375 0.1227158703125 0.72241798125
0 0.1734375 0.6884676046875 0.1589094421875 0.688636653125 0.1578125 0.73576576875 0.1578125 0.78125 0.171853571875 0.78125 0.1734375 0.7131980125 0.1734375 0.6884676046875
0 0.07440708124999999 0.64718699375 0.074028903125 0.6796875 0.0826230390625 0.6796875 0.0828125 0.6634052265625 0.0828125 0.6472358953125 0.07440708124999999 0.64718699375
0 0.050973778125 0.7004747640625 0.0506765578125 0.7515625 0.0609375 0.7515625 0.0609375 0.700590703125 0.050973778125 0.7004747640625
0 0.0390625 0.698858146875 0.028125 0.6987945140624999 0.028125 0.7193109140624999 0.029384809374999998 0.7734375 0.0390625 0.7734375 0.0390625 0.698858146875
0 0.0418457046875 0.6745091546875 0.0484375 0.6743940937499999 0.0484375 0.6443856421875 0.041322064062500004 0.6445098421875001 0.0418457046875 0.6745091546875
0 0 0.6619243921875 0.00025550937500000003 0.6765625 0.0046875 0.6765625 0.0046875 0.6457982375 0 0.6459346296875 0 0.6619243921875
0 0.01113695 0.6734375 0.0120158390625 0.643232 0.0052159953125 0.6430341453125 0.0046875 0.6611973671875 0.0046875 0.6734375 0.01113695 0.6734375
0 0.0510042078125 0.6307012328124999 0.051838528125000005 0.659375 0.0578125 0.659375 0.0578125 0.6307012328124999 0.0510042078125 0.6307012328124999
0 0.08219393281250001 0.6172826296875 0.08219393281250001 0.6421875 0.0859375 0.6421875 0.0859375 0.61726085 0.08219393281250001 0.6172826296875
0 0.07725548125000001 0.6231464499999999 0.07688503125 0.6390625 0.08125 0.6390625 0.08125 0.6232161749999999 0.07725548125000001 0.6231464499999999
0 0.113038328125 0.6368101796875 0.11343219687499999 0.659375 0.11875 0.659375 0.11875 0.6369431203125 0.113038328125 0.6368101796875
0 0.1234375 0.6234375 0.12052396875 0.6234375 0.1187259625 0.623468884375 0.11934348125000001 0.65 0.1234375 0.65 0.1234375 0.6234375
0 0.12868579375 0.6244880828125 0.1288069453125 0.6453125 0.13400682656250001 0.6453125 0.13388567499999998 0.6244880828125 0.12868579375 0.6244880828125
0 0.028844165625 0.6463890125 0.028844165625 0.6796875 0.035910671875 0.6796875 0.035910671875 0.646265665625 0.028844165625 0.6463890125
0 0.0175985921875 0.6524910265624999 0.0174221875 0.6828125 0.026487725 0.6828125 0.0265625 0.669959665625 0.0265625 0.6523345625 0.0175985921875 0.6524910265624999
0 0.015625 0.6730869265624999 0.0054757390625 0.6732640812499999 0.0046875 0.7184222578125 0.0046875 0.73125 0.014972146875 0.73125 0.015625 0.6938480531250001 0.015625 0.6730869265624999
0 0.01566645625 0.692538771875 0.01566645625 0.7625 0.028125 0.7625 0.028125 0.692901278125 0.01566645625 0.692538771875
0 0.1412256984375 0.634337475 0.1780035234375 0.634337475 0.1780035234375 0.61825725 0.1412256984375 0.61825725 0.1412256984375 0.634337475
0 0.058483178125 0.754400990625 0.07008824687500001 0.754400990625 0.07008824687500001 0.7254262484374999 0.058483178125 0.7254262484374999 0.058483178125 0.754400990625
0 0.15146238437499998 0.71885573125 0.16178748125 0.71885573125 0.16178748125 0.66515385 0.15146238437499998 0.66515385 0.15146238437499998 0.71885573125
0 0.1796875 0.6599960421875 0.17014995625 0.6599960421875 0.17014995625 0.7315985515625 0.1796875 0.7315985515625 0.1796875 0.6599960421875
0 0.170681365625 0.6792471109375 0.1792554625 0.6792471109375 0.1792554625 0.637693384375 0.170681365625 0.637693384375 0.170681365625 0.6792471109375
0 0.15981356093750002 0.6818684906250001 0.1697529609375 0.6818684906250001 0.1697529609375 0.6418681734374999 0.15981356093750002 0.6418681734374999 0.15981356093750002 0.6818684906250001
0 0.1306673484375 0.7201295640625001 0.1418670921875 0.7201295640625001 0.1418670921875 0.6772268421875001 0.1306673484375 0.6772268421875001 0.1306673484375 0.7201295640625001
0 0.028033171875000002 0.6359776296874999 0.034717692187499996 0.6359776296874999 0.034717692187499996 0.6130648265625 0.028033171875000002 0.6130648265625 0.028033171875000002 0.6359776296874999
0 0.0485076046875 0.6300123171875001 0.0580756421875 0.6300123171875001 0.0580756421875 0.6161092937499999 0.0485076046875 0.6161092937499999 0.0485076046875 0.6300123171875001
0 0.11449571562500001 0.6866218609375 0.12235985625000001 0.6866218609375 0.12235985625000001 0.6680780234375 0.11449571562500001 0.6680780234375 0.11449571562500001 0.6866218609375
0 0.13487465 0.676012725 0.1501114203125 0.676012725 0.1501114203125 0.63484735 0.13487465 0.63484735 0.13487465 0.676012725
0 0.1505483171875 0.6618378546875 0.1579755609375 0.6618378546875 0.1579755609375 0.6464979281250001 0.1505483171875 0.6464979281250001 0.1505483171875 0.6618378546875
0 0.06902121875 0.6187689000000001 0.0837118703125 0.6187689000000001 0.0837118703125 0.5903220734375 0.06902121875 0.5903220734375 0.06902121875 0.6187689000000001
0 0.58984375 0.8546875 0.8203125 0.021875
