0 0.6780063484375 0.2882764078125 0.6734586953124999 0.2882764078125 0.6734586953124999 0.3134640984375 0.6780063484375 0.3134640984375 0.6780063484375 0.2882764078125
0 0.6844791609375 0.285039828125 0.674893421875 0.285039828125 0.674893421875 0.30008907812499996 0.6844791609375 0.30008907812499996 0.6844791609375 0.285039828125
0 0.7174066296875 0.3087631265625 0.7071521171875 0.3087631265625 0.7071521171875 0.33094096875 0.7174066296875 0.33094096875 0.7174066296875 0.3087631265625
0 0.708347721875 0.271134278125 0.701799325 0.271134278125 0.701799325 0.3003417046875 0.708347721875 0.3003417046875 0.708347721875 0.271134278125
0 0.732309621875 0.279905159375 0.7214246531249999 0.279905159375 0.7214246531249999 0.308911475 0.732309621875 0.308911475 0.732309621875 0.279905159375
0 0.6874406296875 0.23419482343750003 0.6808225671875 0.23419482343750003 0.6808225671875 0.2666818984375 0.6874406296875 0.2666818984375 0.6874406296875 0.23419482343750003
0 0.7602261359375 0.1606598484375 0.7516923203125 0.1606598484375 0.7516923203125 0.187887109375 0.7602261359375 0.187887109375 0.7602261359375 0.1606598484375
0 0.741765228125 0.1402394015625 0.734798846875 0.1402394015625 0.734798846875 0.15849404375 0.741765228125 0.15849404375 0.741765228125 0.1402394015625
0 0.9002452921874999 0.27063359062500003 0.9068633531250001 0.27063359062500003 0.9068633531250001 0.241859325 0.9002452921874999 0.241859325 0.9002452921874999 0.27063359062500003
0 0.9113320078125 0.21523673593749998 0.92253171875 0.21523673593749998 0.92253171875 0.19736773125 0.9113320078125 0.19736773125 0.9113320078125 0.21523673593749998
0 0.8569306781249999 0.18499645468749998 0.86261524375 0.18499645468749998 0.86261524375 0.17014522031249998 0.8569306781249999 0.17014522031249998 0.8569306781249999 0.18499645468749998
0 0.83552995625 0.247965684375 0.8272817625 0.247965684375 0.8272817625 0.261430803125 0.83552995625 0.261430803125 0.83552995625 0.247965684375
0 0.35269946406249997 0.7294450765625 0.35218756562500003 0.7734375 0.3705659453125 0.7734375 0.3890625 0.7728993046875 0.3890625 0.7283870203125 0.35269946406249997 0.7294450765625
