0 0.0022760265625 0.2078125 0.0034580921874999998 0.2484375 0.0109375 0.2484375 0.0109375 0.2078125 0.0022760265625 0.2078125
0 0.7127824640625 0.56875 0.7127824640625 0.46374106406250004 0.670645590625 0.46374106406250004 0.670645590625 0.56875 0.7127824640625 0.56875
0 0.61875 0.20133631875 0.6291890718750001 0.20133631875 0.6291890718750001 0.11015439687499999 0.61875 0.11015439687499999 0.61875 0.20133631875
0 0.6451082046875001 0.276427315625 0.6710986234374999 0.276427315625 0.6710986234374999 0.1788090203125 0.6451082046875001 0.1788090203125 0.6451082046875001 0.276427315625
0 0.6600526953125 0.20509086875000002 0.675971828125 0.20509086875000002 0.675971828125 0.138581703125 0.6600526953125 0.138581703125 0.6600526953125 0.20509086875000002
0 0.6710986234374999 0.2646273015625 0.7078100921875 0.2646273015625 0.7078100921875 0.180954478125 0.6710986234374999 0.180954478125 0.6710986234374999 0.2646273015625
0 0.6470964703125001 0.14285116250000002 0.6618590296875 0.14285116250000002 0.6618590296875 0.0772859953125 0.6470964703125001 0.0772859953125 0.6470964703125001 0.14285116250000002
0 0.650215321875 0.10062856875 0.6670571140625 0.10062856875 0.6670571140625 0.029914304687499997 0.650215321875 0.029914304687499997 0.650215321875 0.10062856875
0 0.684938521875 0.0271681203125 0.6631065703125 0.0271681203125 0.6631065703125 0.066644528125 0.684938521875 0.066644528125 0.684938521875 0.0271681203125
0 0.7038595484375 0.0858678234375 0.72028549375 0.0858678234375 0.72028549375 0.04124231875 0.7038595484375 0.04124231875 0.7038595484375 0.0858678234375
0 0.757953321875 0.37066510468749997 0.7899337203125001 0.37066510468749997 0.7899337203125001 0.24411666406250002 0.757953321875 0.24411666406250002 0.757953321875 0.37066510468749997
0 0.733587303125 0.185451825 0.7528770671875 0.185451825 0.7528770671875 0.13265346875 0.733587303125 0.13265346875 0.733587303125 0.185451825
0 0.8290208765625 0.2801536375 0.8498335171875 0.2801536375 0.8498335171875 0.23573597343750002 0.8290208765625 0.23573597343750002 0.8290208765625 0.2801536375
0 0.8528792703124999 0.28099170625 0.8787681640624999 0.28099170625 0.8787681640624999 0.22986948906250002 0.8528792703124999 0.22986948906250002 0.8528792703124999 0.28099170625
0 0.9239468234375 0.46536691875 0.958972975 0.46536691875 0.958972975 0.32708550937499997 0.9239468234375 0.32708550937499997 0.9239468234375 0.46536691875
0 0.9303945671875 0.32122583437499996 0.9724322953125 0.32122583437499996 0.9724322953125 0.18896804843749998 0.9303945671875 0.18896804843749998 0.9303945671875 0.32122583437499996
0 0.898313578125 0.205189609375 0.9219648609375 0.205189609375 0.9219648609375 0.14854954375 0.898313578125 0.14854954375 0.898313578125 0.205189609375
0 0.795391515625 0.17300775468750001 0.81488433125 0.17300775468750001 0.81488433125 0.1266658828125 0.795391515625 0.1266658828125 0.795391515625 0.17300775468750001
0 0.8138447140625 0.148120453125 0.8322979125 0.148120453125 0.8322979125 0.110360409375 0.8138447140625 0.110360409375 0.8138447140625 0.148120453125
0 0.9256035203125 0.1369640765625 0.9443166218750001 0.1369640765625 0.9443166218750001 0.067022178125 0.9256035203125 0.067022178125 0.9256035203125 0.1369640765625
0 0.957831640625 0.1614222875 0.97706455 0.1614222875 0.97706455 0.10993131874999999 0.957831640625 0.10993131874999999 0.957831640625 0.1614222875
0 0.9755051265624999 0.1365349859375 0.99135928125 0.1365349859375 0.99135928125 0.1052113125 0.9755051265624999 0.1052113125 0.9755051265624999 0.1365349859375
0 1 0.05629489375 0.99057956875 0.05629489375 0.99057956875 0.128811340625 1 0.128811340625 1 0.05629489375
0 0.9730788828125 0.0871113515625 0.9873736140625 0.0871113515625 0.9873736140625 0.0141658125 0.9730788828125 0.0141658125 0.9730788828125 0.0871113515625
0 0.8145852281250001 0 0.8145852281250001 0.05490579375 0.826930678125 0.05490579375 0.826930678125 0 0.8145852281250001 0
0 0.826930678125 0 0.826930678125 0.042569415625 0.8473981328125 0.042569415625 0.8473981328125 0 0.826930678125 0
0 0.8503220562500001 0 0.8503220562500001 0.0178966609375 0.8639670265625 0.0178966609375 0.8639670265625 0 0.8503220562500001 0
0 0.8831349609375 0.09191492812499999 0.9032775359375 0.09191492812499999 0.9032775359375 0.04310578125 0.8831349609375 0.04310578125 0.8831349609375 0.09191492812499999
0 0.8681904687499999 0.08601492031249999 0.8831349609375 0.08601492031249999 0.8831349609375 0.023260303125 0.8681904687499999 0.023260303125 0.8681904687499999 0.08601492031249999
0 0.8675407093749999 0.038814867187500005 0.8792363984375001 0.038814867187500005 0.8792363984375001 0.003951190625 0.8675407093749999 0.003951190625 0.8675407093749999 0.038814867187500005
0 0.8831349609375 0.0506148796875 0.8977545718750001 0.0506148796875 0.8977545718750001 0.014678475 0.8831349609375 0.014678475 0.8831349609375 0.0506148796875
0 0.86039334375 0 0.86039334375 0.0178966609375 0.876312475 0.0178966609375 0.876312475 0 0.86039334375 0
0 0.884070615625 0 0.884070615625 0.0210719375 0.8977545718750001 0.0210719375 0.8977545718750001 0 0.884070615625 0
0 0.907150109375 0 0.907150109375 0.01523629375 0.9152591203125 0.01523629375 0.9152591203125 0 0.907150109375 0
0 0.9002886374999999 0.047847240624999995 0.9131798859375 0.047847240624999995 0.9131798859375 0.0035650078125 0.9002886374999999 0.0035650078125 0.9002886374999999 0.047847240624999995
0 0.92503151875 0.012833382812499999 0.9131798859375 0.012833382812499999 0.9131798859375 0.0574588890625 0.92503151875 0.0574588890625 0.92503151875 0.012833382812499999
0 0.9177541999999999 0 0.9177541999999999 0.030683584375 0.9271107515624999 0.030683584375 0.9271107515624999 0 0.9177541999999999 0
0 0.9460317765624999 0.0705032671875 0.9539328640625 0.0705032671875 0.9539328640625 0.0162661140625 0.9460317765624999 0.0162661140625 0.9460317765624999 0.0705032671875
0 0.9637052624999999 0.0217584828125 0.9539328640625 0.0217584828125 0.9539328640625 0.07874182187499999 0.9637052624999999 0.07874182187499999 0.9637052624999999 0.0217584828125
0 1 0.0152967109375 0.9979710328125 0.0152967109375 0.9979710328125 0.053435726562499994 1 0.053435726562499994 1 0.0152967109375
0 0.7272470375 0.068096825 0.742055115625 0.068096825 0.742055115625 0.033929175 0.7272470375 0.033929175 0.7272470375 0.068096825
0 0.61875 0.8922640640624999 0.6122018375 0.8923783625 0.6134238140625 0.934375 0.61875 0.934375 0.61875 0.8922640640624999
0 0.7826448562499999 0.56875 0.7853272375 0.6609375 0.8307095609375 0.6609375 0.853125 0.6605462375 0.853125 0.56875 0.7826448562499999 0.56875
