0 0.8753190125 0.29108246718749997 0.88668456875 0.29108246718749997 0.88668456875 0.2558859046875 0.8753190125 0.2558859046875 0.8753190125 0.29108246718749997
0 0.9446122453125 0.29988160937499997 0.957444325 0.29988160937499997 0.957444325 0.25735242812500003 0.9446122453125 0.25735242812500003 0.9446122453125 0.29988160937499997
0 0.34470103750000003 1 0.34470103750000003 0.9600787687500001 0.0081453625 0.9600787687500001 0.0081453625 1 0.34470103750000003 1
0 0.43304085312499996 0.2724614265625 0.43964842031250007 0.2724614265625 0.43964842031250007 0.2536398703125 0.43304085312499996 0.2536398703125 0.43304085312499996 0.2724614265625
0 0.4282353484375 0.2724614265625 0.43304085312499996 0.2724614265625 0.43304085312499996 0.2538400984375 0.4282353484375 0.2538400984375 0.4282353484375 0.2724614265625
0 0.261960334375 0.26465917499999997 0.26811738749999997 0.26465917499999997 0.26811738749999997 0.24783991093750002 0.261960334375 0.24783991093750002 0.261960334375 0.26465917499999997
0 0.2527998421875 0.2672621546875 0.2589568953125 0.2672621546875 0.2589568953125 0.24763968125 0.2527998421875 0.24763968125 0.2527998421875 0.2672621546875
0 0.2430386625 0.270866284375 0.2514482953125 0.270866284375 0.2514482953125 0.253045871875 0.2430386625 0.253045871875 0.2430386625 0.270866284375
0 0.3188755234375 0.25945321093749996 0.32293016875 0.25945321093749996 0.32293016875 0.24423578125 0.3188755234375 0.24423578125 0.3188755234375 0.25945321093749996
0 0.3289370484375 0.2600539 0.33599513124999997 0.2600539 0.33599513124999997 0.24884105625 0.3289370484375 0.24884105625 0.3289370484375 0.2600539
0 0.32473223125 0.26065458750000003 0.3275855 0.26065458750000003 0.3275855 0.24763968125 0.32473223125 0.24763968125 0.32473223125 0.26065458750000003
0 0.210764490625 0.271354134375 0.2146088953125 0.271354134375 0.2146088953125 0.2553357875 0.210764490625 0.2553357875 0.210764490625 0.271354134375
0 0.21605054531249998 0.2727957859375 0.2214567375 0.2727957859375 0.2214567375 0.2510108328125 0.21605054531249998 0.2510108328125 0.21605054531249998 0.2727957859375
