0 0.010681465625 0.99946294375 0.5059673 0.99946294375 0.5059673 0.972610096875 0.010681465625 0.972610096875 0.010681465625 0.99946294375
0 0.8007518796875001 0.9958825640625 0.9905119953125 0.9958825640625 0.9905119953125 0.9788757609375001 0.8007518796875001 0.9788757609375001 0.8007518796875001 0.9958825640625
0 0.6775796625 0.7952554984375 0.6913954875 0.7952554984375 0.6913954875 0.7589138734375 0.6775796625 0.7589138734375 0.6775796625 0.7952554984375
0 0.8975757296875001 0.81683418125 0.9233865421875 0.81683418125 0.9233865421875 0.783397446875 0.8975757296875001 0.783397446875 0.8975757296875001 0.81683418125
0 0.579628440625 0.7998135921875 0.59116165 0.7998135921875 0.59116165 0.767016028125 0.579628440625 0.767016028125 0.579628440625 0.7998135921875
0 0.52933083125 0.7959691890625 0.5440677093749999 0.7959691890625 0.5440677093749999 0.7652139640625 0.52933083125 0.7652139640625 0.52933083125 0.7959691890625
0 0.42398166875000004 0.7901113546875 0.43602746562499994 0.7901113546875 0.43602746562499994 0.758683359375 0.42398166875000004 0.758683359375 0.42398166875000004 0.7901113546875
0 0.438025753125 0.793028071875 0.45084043124999995 0.793028071875 0.45084043124999995 0.763233946875 0.438025753125 0.763233946875 0.438025753125 0.793028071875
0 0.4595544109375 0.760927303125 0.44866193593750003 0.760927303125 0.44866193593750003 0.793028071875 0.4595544109375 0.793028071875 0.4595544109375 0.760927303125
0 0.467955078125 0.79581165 0.520815621875 0.79581165 0.520815621875 0.761812709375 0.467955078125 0.761812709375 0.467955078125 0.79581165
