0 0.8743723765624999 0.20879877656249998 0.8600844500000001 0.20838304062500002 0.859384434375 0.2685422234375 0.8665252562500001 0.26875 0.8736747812499999 0.26875 0.8743723765624999 0.20879877656249998
0 0.9229284828125 1 0.9229284828125 0.999393240625 0.9229284828125 0.995529203125 0.9191244234374999 0.995529203125 0.9191244234374999 1 0.9229284828125 1
0 0.864720321875 1 0.864720321875 0.987480478125 0.8601916781250001 0.987480478125 0.8601916781250001 1 0.864720321875 1
0 0.846968040625 0.9690220703125 0.8509532468749998 0.9690220703125 0.8509532468749998 0.9578611734375 0.846968040625 0.9578611734375 0.846968040625 0.9690220703125
0 0.8305441609375 0.9621538265625 0.8343482218750001 0.9621538265625 0.8343482218750001 0.9501343984374999 0.8305441609375 0.9501343984374999 0.8305441609375 0.9621538265625
0 0.822936040625 0.9626904078125001 0.8269212453125 0.9626904078125001 0.8269212453125 0.9487392859374999 0.822936040625 0.9487392859374999 0.822936040625 0.9626904078125001
0 0.80554605 0.9594709187500001 0.8112823312499999 0.9594709187500001 0.8112823312499999 0.9428368890625001 0.80554605 0.9428368890625001 0.80554605 0.9594709187500001
0 0.8540327234374999 0.9498124499999999 0.8581990749999999 0.9498124499999999 0.8581990749999999 0.9374710734375 0.8540327234374999 0.9374710734375 0.8540327234374999 0.9498124499999999
0 0.8327782906250001 0.9080664 0.8365219703125 0.9080664 0.8365219703125 0.896368921875 0.8327782906250001 0.896368921875 0.8327782906250001 0.9080664
0 0.8433451250000001 0.9068162453124999 0.8433451250000001 0.9013054734375 0.840205265625 0.9013054734375 0.840205265625 0.91032004375 0.8433451250000001 0.91032004375 0.8433451250000001 0.9068162453124999
0 0.8442508546875 0.9101054109375 0.8467265125000001 0.9101054109375 0.8467265125000001 0.899695728125 0.8442508546875 0.899695728125 0.8442508546875 0.9101054109375
0 0.8653845234374999 0.9096761453125 0.868705528125 0.9096761453125 0.868705528125 0.9008762078125001 0.8653845234374999 0.9008762078125001 0.8653845234374999 0.9096761453125
0 0.8836802406250002 0.9000176765625 0.8874239203125001 0.9000176765625 0.8874239203125001 0.88853483125 0.8836802406250002 0.88853483125 0.8836802406250002 0.9000176765625
0 0.8865181921874999 0.900339625 0.8908053078125 0.900339625 0.8908053078125 0.8922909015625 0.8865181921874999 0.8922909015625 0.8865181921874999 0.900339625
0 0.808562225 0.9129664046875 0.8138456421875 0.9129664046875 0.8138456421875 0.9007256359374999 0.808562225 0.9007256359374999 0.808562225 0.9129664046875
0 0.8526863062500001 0.8929049593749999 0.85498081875 0.8929049593749999 0.85498081875 0.8834611234375 0.8526863062500001 0.8834611234375 0.8526863062500001 0.8929049593749999
0 0.8714650796875001 0.871656328125 0.8755106687499999 0.871656328125 0.8755106687499999 0.8640368687500001 0.8714650796875001 0.8640368687500001 0.8714650796875001 0.871656328125
0 0.9555729109375001 1 0.9555729109375001 0.9970315265625 0.9514111749999999 0.9970315265625 0.9514111749999999 1 0.9555729109375001 1
0 0.8606971625 0.9462309843749999 0.8646725515625 0.9462309843749999 0.8646725515625 0.9357984359374999 0.8606971625 0.9357984359374999 0.8606971625 0.9462309843749999
0 0.88170241875 1 0.88170241875 0.987842103125 0.8757703921874999 0.987842103125 0.8757703921874999 1 0.88170241875 1
