0 0.4 0.2099688703125 0.39351068125 0.21000662343749998 0.3940659328125 0.257724840625 0.4 0.2576903171875 0.4 0.2099688703125
0 0.9 0.61875 0.9 0.6034574734375 0.8898389640625 0.6034574734375 0.890105896875 0.61875 0.9 0.61875
0 0.8721639328125 0.56195490625 0.8725157203125 0.5921875 0.884375 0.5921875 0.884375 0.561670690625 0.8721639328125 0.56195490625
0 0.83365580625 0.5987370609375 0.847675878125 0.5987370609375 0.847675878125 0.5767135515625 0.83365580625 0.5767135515625 0.83365580625 0.5987370609375
0 0.7981932703125001 0.6085252875 0.8119384390625001 0.6085252875 0.8119384390625001 0.591885303125 0.7981932703125001 0.591885303125 0.7981932703125001 0.6085252875
0 0.7723523515625 0.61875 0.7723523515625 0.6134194015625 0.7597067953125001 0.6134194015625 0.7597067953125001 0.61875 0.7723523515625 0.61875
0 0.8610963953125002 0.3507415640625 0.8694534578125002 0.3507415640625 0.8694534578125002 0.33077358125 0.8610963953125002 0.33077358125 0.8610963953125002 0.3507415640625
0 0.8387803984375001 0.30706258124999997 0.8423836109374999 0.30706258124999997 0.8423836109374999 0.28982277500000003 0.8387803984375001 0.28982277500000003 0.8387803984375001 0.30706258124999997
0 0.8293219624999999 0.311472765625 0.8343889812499998 0.311472765625 0.8343889812499998 0.288419534375 0.8293219624999999 0.288419534375 0.8293219624999999 0.311472765625
0 0.8296597640625001 0.27899777812500004 0.83416378125 0.27899777812500004 0.83416378125 0.2647649140625 0.8296597640625001 0.2647649140625 0.8296597640625001 0.27899777812500004
0 0.813557903125 0.272582965625 0.8182871203125 0.272582965625 0.8182871203125 0.25754825000000003 0.813557903125 0.25754825000000003 0.813557903125 0.272582965625
0 0.8563812390625 0.225428809375 0.8611104562499999 0.225428809375 0.8611104562499999 0.21019363124999998 0.8563812390625 0.21019363124999998 0.8563812390625 0.225428809375
0 0.449541265625 0.45078737343749997 0.454825275 0.45078737343749997 0.454825275 0.42726952812499996 0.449541265625 0.42726952812499996 0.449541265625 0.45078737343749997
0 0.442668321875 0.45776857812499994 0.4478404359375 0.45776857812499994 0.4478404359375 0.4266032828125 0.442668321875 0.4266032828125 0.442668321875 0.45776857812499994
0 0.42747026874999994 0.50975795625 0.43216495468750005 0.50975795625 0.43216495468750005 0.4836924359375 0.42747026874999994 0.4836924359375 0.42747026874999994 0.50975795625
0 0.43168752968749996 0.49729183906249996 0.43797363593750005 0.49729183906249996 0.43797363593750005 0.47235960156249995 0.43168752968749996 0.47235960156249995 0.43168752968749996 0.49729183906249996
0 0.41290878124999997 0.5087663328125 0.4212637328125 0.5087663328125 0.4212637328125 0.4812842078125 0.41290878124999997 0.4812842078125 0.41290878124999997 0.5087663328125
0 0.5165746312499999 0.3590765828125 0.52173083125 0.3590765828125 0.52173083125 0.3389041359375 0.5165746312499999 0.3389041359375 0.5165746312499999 0.3590765828125
0 0.4989177390625 0.326704071875 0.501514934375 0.326704071875 0.501514934375 0.31573388750000003 0.4989177390625 0.31573388750000003 0.4989177390625 0.326704071875
0 0.49499648125 0.3185444296875 0.49738997500000004 0.3185444296875 0.49738997500000004 0.3082088859375 0.49499648125 0.3082088859375 0.49499648125 0.3185444296875
0 0.4852188 0.3176378046875 0.487765071875 0.3176378046875 0.487765071875 0.30621430625 0.4852188 0.30621430625 0.4852188 0.3176378046875
0 0.48211234999999997 0.3131953328125 0.48649193437499993 0.3131953328125 0.48649193437499993 0.3017718359375 0.48211234999999997 0.3017718359375 0.48211234999999997 0.3131953328125
0 0.449112678125 0.3415727515625 0.4528302328125 0.3415727515625 0.4528302328125 0.32507214375000004 0.449112678125 0.32507214375000004 0.449112678125 0.3415727515625
0 0.4131927796875 0.336525409375 0.4193674875 0.336525409375 0.4193674875 0.3231526640625 0.4131927796875 0.3231526640625 0.4131927796875 0.336525409375
0 0.434326828125 0.316579621875 0.4393557140625 0.316579621875 0.4393557140625 0.2992403828125 0.434326828125 0.2992403828125 0.434326828125 0.316579621875
0 0.4214681609375 0.30162027812500003 0.4269426421875 0.30162027812500003 0.4269426421875 0.2894941453125 0.4214681609375 0.2894941453125 0.4214681609375 0.30162027812500003
0 0.6128685140625001 0.305346403125 0.6171462484375001 0.305346403125 0.6171462484375001 0.2964614609375 0.6128685140625001 0.2964614609375 0.6128685140625001 0.305346403125
0 0.607063015625 0.312418090625 0.6099657656249999 0.312418090625 0.6099657656249999 0.2984560390625 0.607063015625 0.2984560390625 0.607063015625 0.312418090625
0 0.5961649765625 0.3144126703125 0.5999843828125 0.3144126703125 0.5999843828125 0.299634653125 0.5961649765625 0.299634653125 0.5961649765625 0.3144126703125
0 0.6641005546875001 0.2921387375 0.66811093125 0.2921387375 0.66811093125 0.28171252812500003 0.6641005546875001 0.28171252812500003 0.6641005546875001 0.2921387375
0 0.6467859125000001 0.28522570625 0.6467859125000001 0.2735528875 0.6424572515625 0.2735528875 0.6424572515625 0.28522570625 0.6440530859375 0.28522570625 0.6467859125000001 0.28522570625
0 0.6645461515625 0.2597268296875 0.6645461515625 0.2466940703125 0.6607904031249999 0.2466940703125 0.6607904031249999 0.2597268296875 0.66201665 0.2597268296875 0.6645461515625 0.2597268296875
0 0.706848084375 0.26418051875000004 0.7119456 0.26418051875000004 0.7119456 0.24979313125 0.706848084375 0.24979313125 0.706848084375 0.26418051875000004
0 0.7030249484375 0.2974963140625 0.7030249484375 0.27642103906250004 0.696954165625 0.27642103906250004 0.696954165625 0.2974963140625 0.6999850921874999 0.2974963140625 0.7030249484375 0.2974963140625
0 0.6604019671875 0.177862278125 0.6636484625 0.177862278125 0.6636484625 0.1689093390625 0.6604019671875 0.1689093390625 0.6604019671875 0.177862278125
0 0.6623753265625 0.16414955 0.6656218218750001 0.16414955 0.6656218218750001 0.153043371875 0.6623753265625 0.153043371875 0.6623753265625 0.16414955
0 0.6504715109375001 0.1658494734375 0.6526994984375 0.1658494734375 0.6526994984375 0.1550832828125 0.6504715109375001 0.1550832828125 0.6504715109375001 0.1658494734375
0 0.6460155359374999 0.16550948906250001 0.649643971875 0.16550948906250001 0.649643971875 0.157123190625 0.6460155359374999 0.157123190625 0.6460155359374999 0.16550948906250001
0 0.6418778453125 0.15327002812499999 0.645060684375 0.15327002812499999 0.645060684375 0.1451103859375 0.6418778453125 0.1451103859375 0.6418778453125 0.15327002812499999
0 0.4589520546875 0.2767276015625 0.46454688906249997 0.2767276015625 0.46454688906249997 0.2623402140625 0.4589520546875 0.2623402140625 0.4589520546875 0.2767276015625
0 0.4762201015625 0.20378888437499998 0.4803229796875 0.20378888437499998 0.4803229796875 0.1936070421875 0.4762201015625 0.1936070421875 0.4762201015625 0.20378888437499998
0 0.4673926984375 0.2086584625 0.47074959843749997 0.2086584625 0.47074959843749997 0.1971485515625 0.4673926984375 0.1971485515625 0.4673926984375 0.2086584625
0 0.45955993125 0.2091011515625 0.462668171875 0.2091011515625 0.462668171875 0.201354096875 0.45955993125 0.201354096875 0.45955993125 0.2091011515625
0 0.45222448125000003 0.22216047187500002 0.45558138125000003 0.22216047187500002 0.45558138125000003 0.21042921718750002 0.45222448125000003 0.21042921718750002 0.45222448125000003 0.22216047187500002
0 0.43108844375000005 0.191614940625 0.4340723546875 0.191614940625 0.4340723546875 0.1767848640625 0.43108844375000005 0.1767848640625 0.43108844375000005 0.191614940625
0 0.4379265734375 0.183425196875 0.441283475 0.183425196875 0.441283475 0.17324335468750002 0.4379265734375 0.17324335468750002 0.4379265734375 0.183425196875
0 0.42661257656250007 0.19847661875 0.4298451484375 0.19847661875 0.4298451484375 0.1909509078125 0.42661257656250007 0.1909509078125 0.42661257656250007 0.19847661875
0 0.449613559375 0.19006552968749998 0.45321911875000004 0.19006552968749998 0.45321911875000004 0.18209713125 0.449613559375 0.18209713125 0.449613559375 0.19006552968749998
0 0.4530947890625 0.188294775 0.4570733390625 0.188294775 0.4570733390625 0.175014109375 0.4530947890625 0.175014109375 0.4530947890625 0.188294775
0 0.4489919109375 0.20356753906249997 0.45210015156249994 0.20356753906249997 0.45210015156249994 0.1936070421875 0.4489919109375 0.1936070421875 0.4489919109375 0.20356753906249997
0 0.46030590781249997 0.188294775 0.4634141484375 0.188294775 0.4634141484375 0.1805477203125 0.46030590781249997 0.1805477203125 0.46030590781249997 0.188294775
0 0.47323619062500005 0.18032637499999998 0.47559845312500004 0.18032637499999998 0.47559845312500004 0.1699231875 0.47323619062500005 0.1699231875 0.47323619062500005 0.18032637499999998
0 0.478085046875 0.163061509375 0.4813176171875 0.163061509375 0.4813176171875 0.154650421875 0.478085046875 0.154650421875 0.478085046875 0.163061509375
0 0.543482434375 0.1745714203125 0.5470879953125001 0.1745714203125 0.5470879953125001 0.1652749546875 0.543482434375 0.1652749546875 0.543482434375 0.1745714203125
0 0.558466165625 0.152348671875 0.56198001875 0.152348671875 0.56198001875 0.1448236703125 0.558466165625 0.1448236703125 0.558466165625 0.152348671875
0 0.563202228125 0.1530739734375 0.5664105296875 0.1530739734375 0.5664105296875 0.1441890296875 0.563202228125 0.1441890296875 0.563202228125 0.1530739734375
0 0.550980128125 0.15434325 0.5545449078125 0.15434325 0.5545449078125 0.14545830937499998 0.550980128125 0.14545830937499998 0.550980128125 0.15434325
0 0.6184938343749999 0.1082990859375 0.6228224953125 0.1082990859375 0.6228224953125 0.0982128625 0.6184938343749999 0.0982128625 0.6184938343749999 0.1082990859375
0 0.5940143390625 0.1310765890625 0.598152028125 0.1310765890625 0.598152028125 0.12495685781250002 0.5940143390625 0.12495685781250002 0.5940143390625 0.1310765890625
0 0.6604812499999999 0.10834455000000001 0.66382323125 0.10834455000000001 0.66382323125 0.10196982968749999 0.6604812499999999 0.10196982968749999 0.6604812499999999 0.10834455000000001
0 0.663425375 0.1199607046875 0.666449071875 0.1199607046875 0.666449071875 0.1127360234375 0.663425375 0.1127360234375 0.663425375 0.1199607046875
0 0.665732934375 0.0970117140625 0.66923405625 0.0970117140625 0.66923405625 0.088795409375 0.665732934375 0.088795409375 0.665732934375 0.0970117140625
0 0.513344846875 0.15800932031249998 0.5175621078125 0.15800932031249998 0.5175621078125 0.1354853109375 0.513344846875 0.1354853109375 0.513344846875 0.15800932031249998
0 0.5083318765625 0.1553177703125 0.5121512828125 0.1553177703125 0.5121512828125 0.14256833124999999 0.5083318765625 0.14256833124999999 0.5083318765625 0.1553177703125
0 0.5022049109375 0.15744267812499999 0.5054673218750001 0.15744267812499999 0.5054673218750001 0.1463931625 0.5022049109375 0.1463931625 0.5022049109375 0.15744267812499999
0 0.5244279140625 0.1365644046875 0.5286240390625 0.1365644046875 0.5286240390625 0.127710628125 0.5244279140625 0.127710628125 0.5244279140625 0.1365644046875
0 0.5236508546875001 0.1241137828125 0.52706991875 0.1241137828125 0.52706991875 0.1155366859375 0.5236508546875001 0.1155366859375 0.5236508546875001 0.1241137828125
0 0.51448154375 0.1116631578125 0.517745196875 0.1116631578125 0.517745196875 0.10280938125000001 0.51448154375 0.10280938125000001 0.51448154375 0.1116631578125
0 0.5050832171875 0.11453930625 0.5087753109375 0.11453930625 0.5087753109375 0.10728629218750001 0.5050832171875 0.10728629218750001 0.5050832171875 0.11453930625
0 0.50132746875 0.11079947187500001 0.5042556796875 0.11079947187500001 0.5042556796875 0.1021865171875 0.50132746875 0.1021865171875 0.50132746875 0.11079947187500001
0 0.5129623125 0.0934449890625 0.5167021484375 0.0934449890625 0.5167021484375 0.0866452875 0.5129623125 0.0866452875 0.5129623125 0.0934449890625
0 0.5030955125000001 0.104494503125 0.5062783515625 0.104494503125 0.5062783515625 0.0969865 0.5030955125000001 0.0969865 0.5030955125000001 0.104494503125
0 0.510813896875 0.1046361625 0.5134397390625 0.1046361625 0.5134397390625 0.09571155625 0.510813896875 0.09571155625 0.510813896875 0.1046361625
0 0.5062783515625 0.10137797343749999 0.5091429062499999 0.10137797343749999 0.5091429062499999 0.0941532921875 0.5062783515625 0.0941532921875 0.5062783515625 0.10137797343749999
0 0.53556046875 0.1107275625 0.5402551546875001 0.1107275625 0.5402551546875001 0.1039278625 0.53556046875 0.1039278625 0.53556046875 0.1107275625
0 0.5398573 0.09741148125 0.5439154187499999 0.09741148125 0.5439154187499999 0.08551200625000001 0.5398573 0.08551200625000001 0.5398573 0.09741148125
0 0.6020122296875 0.0737700703125 0.606213578125 0.0737700703125 0.606213578125 0.06459047343749999 0.6020122296875 0.06459047343749999 0.6020122296875 0.0737700703125
0 0.559589371875 0.055910606249999995 0.5853294921875 0.055910606249999995 0.5853294921875 0.033430312499999996 0.559589371875 0.033430312499999996 0.559589371875 0.055910606249999995
0 0.6270964796875 0.0688800078125 0.6351099140625001 0.0688800078125 0.6351099140625001 0.0541813546875 0.6270964796875 0.0541813546875 0.6270964796875 0.0688800078125
0 0.6448231671875 0.0814170921875 0.6535650937499999 0.0814170921875 0.6535650937499999 0.06715075312499999 0.6448231671875 0.06715075312499999 0.6448231671875 0.0814170921875
0 0.876346784375 0.524601659375 0.8805995218749999 0.524601659375 0.8805995218749999 0.5075665453125 0.876346784375 0.5075665453125 0.876346784375 0.524601659375
0 0.707938371875 0.49696691875 0.7155933 0.49696691875 0.7155933 0.47917468906250005 0.707938371875 0.47917468906250005 0.707938371875 0.49696691875
0 0.4661516296875 0.2533875015625 0.471892825 0.2533875015625 0.471892825 0.23256680625 0.4661516296875 0.23256680625 0.4661516296875 0.2533875015625
0 0.66922929375 0.2466940703125 0.6645461515625 0.2466940703125 0.6645461515625 0.2599039140625 0.66922929375 0.2599039140625 0.66922929375 0.2466940703125
0 0.4791748046875 0.1439084171875 0.505303625 0.1439084171875 0.505303625 0.13324822187500002 0.4791748046875 0.13324822187500002 0.4791748046875 0.1439084171875
0 0.48176046875 0.161110096875 0.4919670390625 0.161110096875 0.4919670390625 0.1494807921875 0.48176046875 0.1494807921875 0.48176046875 0.161110096875
