0 0.1069975953125 0.5586279578125 0.11935271562500001 0.5586279578125 0.11935271562500001 0.5203248453125 0.1069975953125 0.5203248453125 0.1069975953125 0.5586279578125
0 0.1442723671875 0.5536045984375 0.15097345 0.5536045984375 0.15097345 0.5278598828125001 0.1442723671875 0.5278598828125001 0.1442723671875 0.5536045984375
0 0.2782940203125 0.5488951984375 0.290020915625 0.5488951984375 0.290020915625 0.503684965625 0.2782940203125 0.503684965625 0.2782940203125 0.5488951984375
0 0.2674047625 0.5382205609375 0.27557170625 0.5382205609375 0.27557170625 0.508394365625 0.2674047625 0.508394365625 0.2674047625 0.5382205609375
0 0.20060334375000002 0.5347670015625 0.208560878125 0.5347670015625 0.208560878125 0.5093362453125 0.20060334375000002 0.5093362453125 0.20060334375000002 0.5347670015625
0 0.23138644218749999 0.5360228421875 0.23976279531250003 0.5360228421875 0.23976279531250003 0.5068245671875 0.23138644218749999 0.5068245671875 0.23138644218749999 0.5360228421875
0 0.816183821875 0.5169301515625 0.8230550484375 0.5169301515625 0.8230550484375 0.466892784375 0.816183821875 0.466892784375 0.816183821875 0.5169301515625
0 0.6918562734375 0.502631025 0.6964370921875 0.502631025 0.6964370921875 0.480555715625 0.6918562734375 0.480555715625 0.6918562734375 0.502631025
0 0.7311204296875 0.5011593375000001 0.7366828515625 0.5011593375000001 0.7366828515625 0.4736878421875 0.7311204296875 0.4736878421875 0.7311204296875 0.5011593375000001
0 0.8600377437500001 0.4839896515625 0.8639641593749999 0.4839896515625 0.8639641593749999 0.46240490625 0.8600377437500001 0.46240490625 0.8600377437500001 0.4839896515625
0 0.8436776781249999 0.46583884218750005 0.8394240609375 0.46583884218750005 0.8394240609375 0.481536840625 0.8436776781249999 0.481536840625 0.8436776781249999 0.46583884218750005
0 0.36306047812500003 0.5298455875 0.36787688125 0.5298455875 0.36787688125 0.5050427515625 0.36306047812500003 0.5050427515625 0.36306047812500003 0.5298455875
0 0.37562500781249997 0.5091242312500001 0.379394365625 0.5091242312500001 0.379394365625 0.5000193921875 0.37562500781249997 0.5000193921875 0.37562500781249997 0.5091242312500001
0 0.3804414109375 0.5235663890625 0.3837919515625 0.5235663890625 0.3837919515625 0.5116359109374999 0.3804414109375 0.5116359109374999 0.3804414109375 0.5235663890625
0 0.41708795781249997 0.51383363125 0.42043849843750003 0.51383363125 0.42043849843750003 0.500961271875 0.41708795781249997 0.500961271875 0.41708795781249997 0.51383363125
0 0.42316081250000004 0.5122638296875001 0.42693017187500004 0.5122638296875001 0.42693017187500004 0.49970543125000005 0.42316081250000004 0.49970543125000005 0.42316081250000004 0.5122638296875001
0 0.13026252656249998 0.5216728953125 0.136806553125 0.5216728953125 0.136806553125 0.5123522078125 0.13026252656249998 0.5123522078125 0.13026252656249998 0.5216728953125
0 0.1456409890625 0.5216728953125 0.153821021875 0.5216728953125 0.153821021875 0.5123522078125 0.1456409890625 0.5123522078125 0.1456409890625 0.5216728953125
0 0.677522453125 0.500146325 0.6817106296875 0.500146325 0.6817106296875 0.4778551703125 0.677522453125 0.4778551703125 0.677522453125 0.500146325
0 0.6158234328125001 0.511888934375 0.6198022015625 0.511888934375 0.6198022015625 0.500272415625 0.6158234328125001 0.500272415625 0.6158234328125001 0.511888934375
0 0.6246186046875 0.5096912140625001 0.6300632328125 0.5096912140625001 0.6300632328125 0.5009003359374999 0.6246186046875 0.5009003359374999 0.6246186046875 0.5096912140625001
0 0.6055624 0.5134587328125 0.61163525625 0.5134587328125 0.61163525625 0.5027840953125 0.6055624 0.5027840953125 0.6055624 0.5134587328125
0 0.5772922078125 0.4864581765625 0.5772922078125 0.49650489531249997 0.5862967875 0.49650489531249997 0.5862967875 0.4864581765625 0.5813940890625 0.4864581765625 0.5772922078125 0.4864581765625
0 0.59739545625 0.508749334375 0.60158363125 0.508749334375 0.60158363125 0.49367925625 0.59739545625 0.49367925625 0.59739545625 0.508749334375
0 0.3998615171875 0.512841578125 0.404686296875 0.512841578125 0.404686296875 0.5019911234375 0.3998615171875 0.5019911234375 0.3998615171875 0.512841578125
0 0.44022114375 0.5024736390625 0.47071107031250004 0.5024736390625 0.47071107031250004 0.4836360421875 0.44022114375 0.4836360421875 0.44022114375 0.5024736390625
0 0.4777472078125 0.5017201359375 0.515943378125 0.5017201359375 0.515943378125 0.48187786718750003 0.4777472078125 0.48187786718750003 0.4777472078125 0.5017201359375
0 0.5254924203125 0.49795261562500004 0.5613432140625 0.49795261562500004 0.5613432140625 0.478110346875 0.5254924203125 0.478110346875 0.5254924203125 0.49795261562500004
0 0.614293715625 0.49676918593749997 0.619790696875 0.49676918593749997 0.619790696875 0.47989383906249994 0.614293715625 0.47989383906249994 0.614293715625 0.49676918593749997
0 0.6464903234375 0.4975540859375 0.65303435 0.4975540859375 0.65303435 0.47636178906250004 0.6464903234375 0.47636178906250004 0.6464903234375 0.4975540859375
0 0.5847147171875 0.48970508749999997 0.5899499390625 0.48970508749999997 0.5899499390625 0.47596933906250005 0.5847147171875 0.47596933906250005 0.5847147171875 0.48970508749999997
0 0.38699663906250004 0.508999034375 0.38384608125 0.508999034375 0.38384608125 0.5180524656250001 0.38699663906250004 0.5180524656250001 0.38699663906250004 0.508999034375
0 0.3915724484375 0.5090552671874999 0.3877842796875 0.5090552671874999 0.3877842796875 0.518333628125 0.3915724484375 0.518333628125 0.3915724484375 0.5090552671874999
0 0.41118841718750004 0.49151073125 0.4076252875 0.49151073125 0.4076252875 0.502476065625 0.41118841718750004 0.502476065625 0.41118841718750004 0.49151073125
0 0.4138513875 0.4919605921875 0.41051329843750006 0.4919605921875 0.41051329843750006 0.50174504375 0.4138513875 0.50174504375 0.4138513875 0.4919605921875
0 0.8579007015625001 0.46463054687499994 0.8538716687499999 0.46463054687499994 0.8538716687499999 0.4768215734375 0.8579007015625001 0.4768215734375 0.8579007015625001 0.46463054687499994
0 0.840392721875 0.4645207171875 0.8365102 0.4645207171875 0.8365102 0.48187371093750003 0.840392721875 0.48187371093750003 0.840392721875 0.4645207171875
0 0.8480845125 0.464740375 0.8432496734375 0.464740375 0.8432496734375 0.4836309765625 0.8480845125 0.4836309765625 0.8480845125 0.464740375
0 0.71687356875 0.47718950156249995 0.7134745296875 0.47718950156249995 0.7134745296875 0.4929170265625 0.71687356875 0.4929170265625 0.71687356875 0.47718950156249995
0 0.7203312125 0.4749050578125 0.7170493812500001 0.4749050578125 0.7170493812500001 0.4898418109375 0.7203312125 0.4898418109375 0.7203312125 0.4749050578125
0 0.678164153125 0.47874539531250004 0.6738133828125 0.47874539531250004 0.6738133828125 0.48999189374999996 0.678164153125 0.48999189374999996 0.678164153125 0.47874539531250004
0 0.6570492125 0.48173917499999996 0.6570492125 0.48938679374999994 0.660987409375 0.48938679374999994 0.660987409375 0.4823015 0.660987409375 0.48173917499999996 0.6570492125 0.48173917499999996
0 0.6711263609375 0.4804625234375 0.6685384015625 0.4804625234375 0.6685384015625 0.48957218593749996 0.6711263609375 0.48957218593749996 0.6711263609375 0.4804625234375
0 0.66711315 0.47911294218749995 0.664337659375 0.47911294218749995 0.664337659375 0.4886162328125 0.66711315 0.4886162328125 0.66711315 0.47911294218749995
0 0.635345034375 0.4801813609375 0.6319694375 0.4801813609375 0.6319694375 0.4935646921875 0.635345034375 0.4935646921875 0.635345034375 0.4801813609375
