0 0.347168225 0.472353178125 0.3479571828125 0.50625 0.3515625 0.50625 0.3515625 0.472353178125 0.347168225 0.472353178125
0 0.4295316734375 0 0.42978102968750004 0.010713353125 0.434375 0.010713353125 0.434375 0 0.4295316734375 0
0 0.4237369578125 0 0.4237369578125 0.0109375 0.42954061093749996 0.0109375 0.42954061093749996 0 0.4237369578125 0
0 0.4172591453125 0 0.4172591453125 0.0111759515625 0.4228242921875 0.0111759515625 0.4228242921875 0 0.4172591453125 0
0 0.41320453749999997 0 0.41320453749999997 0.010045728125 0.41876968437500006 0.010045728125 0.41876968437500006 0 0.41320453749999997 0
0 0.4423023078125 0.063307528125 0.448662475 0.063307528125 0.448662475 0.029965923437500003 0.4423023078125 0.029965923437500003 0.4423023078125 0.063307528125
0 0.4648809046875 0.0558197953125 0.4698895375 0.0558197953125 0.4698895375 0.0206415765625 0.4648809046875 0.0206415765625 0.4648809046875 0.0558197953125
0 0.45875924218749997 0.0486146171875 0.4638473765625 0.0486146171875 0.4638473765625 0.013718954687500002 0.45875924218749997 0.013718954687500002 0.45875924218749997 0.0486146171875
0 0.47171808593750003 0.0377362125 0.4779987515625 0.0377362125 0.4779987515625 0.00015626875 0.47171808593750003 0.00015626875 0.47171808593750003 0.0377362125
0 0.3920505484375 0.21109102656249998 0.402483259375 0.21109102656249998 0.402483259375 0.17530589218749998 0.3920505484375 0.17530589218749998 0.3920505484375 0.21109102656249998
0 0.4007849109375 0.2201450953125 0.41291596875 0.2201450953125 0.41291596875 0.1856534 0.4007849109375 0.1856534 0.4007849109375 0.2201450953125
0 0.42017329062500003 0.1408379765625 0.4277508359375 0.1408379765625 0.4277508359375 0.11081640468750001 0.42017329062500003 0.11081640468750001 0.42017329062500003 0.1408379765625
0 0.42526639531250005 0.15275830625 0.4347072703125 0.15275830625 0.4347072703125 0.1196462796875 0.42526639531250005 0.1196462796875 0.42526639531250005 0.15275830625
0 0.43657060000000003 0.164016396875 0.4448934765625 0.164016396875 0.4448934765625 0.134657065625 0.43657060000000003 0.134657065625 0.43657060000000003 0.164016396875
0 0.44824747187499997 0.1474603828125 0.4571914578125 0.1474603828125 0.4571914578125 0.11788030468749999 0.44824747187499997 0.11788030468749999 0.44824747187499997 0.1474603828125
0 0.455328128125 0.13774752031249998 0.46352678125 0.13774752031249998 0.46352678125 0.1081674421875 0.455328128125 0.1081674421875 0.455328128125 0.13774752031249998
0 0.4638994484375 0.1154520890625 0.45867887031250004 0.1154520890625 0.45681879218750004 0.1154520890625 0.45681879218750004 0.15010934375 0.4638994484375 0.15010934375 0.4638994484375 0.1154520890625
0 0.44824747187499997 0.21192603437500002 0.44824747187499997 0.1958039421875 0.43855815312499996 0.1958039421875 0.43855815312499996 0.22405953906249998 0.44824747187499997 0.22405953906249998 0.44824747187499997 0.21192603437500002
0 0.4395519296875 0.1918305 0.4486201375 0.1918305 0.4486201375 0.156511003125 0.4395519296875 0.156511003125 0.4395519296875 0.1918305
0 0.45060769062499995 0.193817221875 0.460669675 0.193817221875 0.460669675 0.16247116875 0.45060769062499995 0.16247116875 0.45060769062499995 0.193817221875
0 0.77236680625 0.491009325 0.7936909328125 0.491009325 0.7936909328125 0.42259012812499996 0.77236680625 0.42259012812499996 0.77236680625 0.491009325
0 0.8067223421874999 0.45522082187499996 0.8286388046875001 0.45522082187499996 0.8286388046875001 0.39732765625 0.8067223421874999 0.39732765625 0.8067223421874999 0.45522082187499996
0 0.8807644453125001 0.3775855390625 0.8807644453125001 0.345750109375 0.8618096671875 0.345750109375 0.8618096671875 0.40995889218750003 0.8807644453125001 0.40995889218750003 0.8807644453125001 0.3775855390625
0 0.42024767812499997 0.181918259375 0.4293702328125 0.181918259375 0.4293702328125 0.1546698203125 0.42024767812499997 0.1546698203125 0.42024767812499997 0.181918259375
0 0.4186949015625 0.2202040421875 0.4282056515625 0.2202040421875 0.4282056515625 0.184332678125 0.4186949015625 0.184332678125 0.4186949015625 0.2202040421875
0 0.4266528765625 0.2267574640625 0.43732820781250004 0.2267574640625 0.43732820781250004 0.18847168125 0.4266528765625 0.18847168125 0.4266528765625 0.2267574640625
0 0.45110908906249997 0.23779480625 0.4602316453125 0.23779480625 0.4602316453125 0.2188243734375 0.45110908906249997 0.2188243734375 0.45110908906249997 0.23779480625
0 0.47944724218749996 0.21192603437500002 0.48954028125000004 0.21192603437500002 0.48954028125000004 0.183297928125 0.47944724218749996 0.183297928125 0.47944724218749996 0.21192603437500002
0 0.4709069765625 0.2422787265625 0.4831350828125 0.2422787265625 0.4831350828125 0.203648028125 0.4709069765625 0.203648028125 0.4709069765625 0.2422787265625
0 0.49613957812500004 0.25400590312500004 0.5132201078125 0.25400590312500004 0.5132201078125 0.2146853703125 0.49613957812500004 0.2146853703125 0.49613957812500004 0.25400590312500004
0 0.4875993125 0.203648028125 0.497692353125 0.203648028125 0.497692353125 0.1629478265625 0.4875993125 0.1629478265625 0.4875993125 0.203648028125
0 0.5019624859375 0.1984742734375 0.5128319140625 0.1984742734375 0.5128319140625 0.16260291093749998 0.5019624859375 0.16260291093749998 0.5019624859375 0.1984742734375
0 0.5176843375 0.1984742734375 0.5271950875 0.1984742734375 0.5271950875 0.1708809171875 0.5176843375 0.1708809171875 0.5176843375 0.1984742734375
0 0.4703246859375 0.1708809171875 0.5252541171875 0.1708809171875 0.5252541171875 0.0977585234375 0.4703246859375 0.0977585234375 0.4703246859375 0.1708809171875
0 0.5235072453124999 0.2298617171875 0.5367058359375 0.2298617171875 0.5367058359375 0.19330051875 0.5235072453124999 0.19330051875 0.5235072453124999 0.2298617171875
0 0.541006675 0.278721021875 0.5575049156249999 0.278721021875 0.5575049156249999 0.22870806406250002 0.541006675 0.22870806406250002 0.541006675 0.278721021875
0 0.5390657062499999 0.22594872812500003 0.549546940625 0.22594872812500003 0.549546940625 0.1997350390625 0.5390657062499999 0.1997350390625 0.5390657062499999 0.22594872812500003
0 0.5633278234375 0.1997350390625 0.549546940625 0.1997350390625 0.549546940625 0.23560640312499997 0.5633278234375 0.23560640312499997 0.5633278234375 0.1997350390625
0 0.5738090578125 0.2797557734375 0.5887545203125 0.2797557734375 0.5887545203125 0.23319198437500002 0.5738090578125 0.23319198437500002 0.5738090578125 0.2797557734375
0 0.572838571875 0.3428755765625 0.589530909375 0.3428755765625 0.589530909375 0.2973465375 0.572838571875 0.2973465375 0.572838571875 0.3428755765625
0 0.5563403328125001 0.382541025 0.5747795421874999 0.382541025 0.5747795421874999 0.3446001609375 0.5563403328125001 0.3446001609375 0.5563403328125001 0.382541025
0 0.6392197234375001 0.40323604218750003 0.6611526765625 0.40323604218750003 0.6611526765625 0.363915509375 0.6392197234375001 0.363915509375 0.6392197234375001 0.40323604218750003
0 0.6739630734375 0.3414959078125 0.6906554093749999 0.3414959078125 0.6906554093749999 0.2952770359375 0.6739630734375 0.2952770359375 0.6739630734375 0.3414959078125
0 0.697060609375 0.36667484687499996 0.7160821078125 0.36667484687499996 0.7160821078125 0.321490725 0.697060609375 0.321490725 0.697060609375 0.36667484687499996
0 0.710613465625 0.385863546875 0.74283355625 0.385863546875 0.74283355625 0.35861510625 0.710613465625 0.35861510625 0.710613465625 0.385863546875
0 0.7719480953125 0.41449165312499997 0.7962102125 0.41449165312499997 0.7962102125 0.34205909375 0.7719480953125 0.34205909375 0.7719480953125 0.41449165312499997
0 0.8074678343749999 0.3855186296875 0.8218310062499998 0.3855186296875 0.8218310062499998 0.335160753125 0.8074678343749999 0.335160753125 0.8074678343749999 0.3855186296875
0 0.8055268640625 0.342404009375 0.8286244 0.342404009375 0.8286244 0.282388459375 0.8055268640625 0.282388459375 0.8055268640625 0.342404009375
0 0.6026488140625 0.3051427125 0.62177900625 0.3051427125 0.62177900625 0.25128048125 0.6026488140625 0.25128048125 0.6026488140625 0.3051427125
0 0.6637660546874999 0.2521634671875 0.674573371875 0.2521634671875 0.674573371875 0.21794770625 0.6637660546874999 0.21794770625 0.6637660546874999 0.2521634671875
0 0.6477414125000001 0.29035267343750004 0.6647598312499999 0.29035267343750004 0.6647598312499999 0.2603311015625 0.6477414125000001 0.2603311015625 0.6477414125000001 0.29035267343750004
0 0.633455878125 0.28902819218750003 0.6462507484375 0.28902819218750003 0.6462507484375 0.25039749218749996 0.633455878125 0.25039749218749996 0.633455878125 0.28902819218750003
0 0.5811584015625 0.1715908671875 0.5896055 0.1715908671875 0.5896055 0.13384315625 0.5811584015625 0.13384315625 0.5811584015625 0.1715908671875
0 0.6120896874999999 0.17622655 0.6251330015625 0.17622655 0.6251330015625 0.1347261421875 0.6120896874999999 0.1347261421875 0.6120896874999999 0.17622655
0 0.60972946875 0.20757260312499998 0.6225243390624999 0.20757260312499998 0.6225243390624999 0.1629817390625 0.60972946875 0.1629817390625 0.60972946875 0.20757260312499998
0 0.5886117234375 0.1963145140625 0.5994190406250001 0.1963145140625 0.5994190406250001 0.1607742703125 0.5886117234375 0.1607742703125 0.5886117234375 0.1963145140625
0 0.55631399375 0.18770538750000001 0.5697299734375 0.18770538750000001 0.5697299734375 0.1356091296875 0.55631399375 0.1356091296875 0.55631399375 0.18770538750000001
0 0.5699784171875 0.25525392343750003 0.6614058359375 0.25525392343750003 0.6614058359375 0.1956522734375 0.5699784171875 0.1956522734375 0.5699784171875 0.25525392343750003
0 1 0.3127303734375 0.9796069812500001 0.3127303734375 0.9796069812500001 0.36705479375 1 0.36705479375 1 0.3127303734375
0 0.95267603125 0.35239582343750003 0.9742693156249999 0.35239582343750003 0.9742693156249999 0.30065827968750003 0.95267603125 0.30065827968750003 0.95267603125 0.35239582343750003
0 0.9512203046875001 0.2928976484375 0.9674759234374999 0.2928976484375 0.9674759234374999 0.238573228125 0.9512203046875001 0.238573228125 0.9512203046875001 0.2928976484375
0 1 0.26056168281250003 0.9895544484375 0.26056168281250003 0.9895544484375 0.3200598578125 1 0.3200598578125 1 0.26056168281250003
0 0.9623808781250001 0.3084189109375 0.9800922234375001 0.3084189109375 0.9800922234375001 0.256250221875 0.9623808781250001 0.256250221875 0.9623808781250001 0.3084189109375
0 0.852473490625 0.32307788125000003 0.8704274578125 0.32307788125000003 0.8704274578125 0.27220263125 0.852473490625 0.27220263125 0.852473490625 0.32307788125000003
0 0.89978461875 0.31229922656250003 0.9131287828125 0.31229922656250003 0.9131287828125 0.2631485609375 0.89978461875 0.2631485609375 0.89978461875 0.31229922656250003
0 0.9320532328125001 0.2476272984375 0.9451547765625001 0.2476272984375 0.9451547765625001 0.19114714531250002 0.9320532328125001 0.19114714531250002 0.9320532328125001 0.2476272984375
0 0.9162828578125 0.23038145000000002 0.9320532328125001 0.23038145000000002 0.9320532328125001 0.1816619296875 0.9162828578125 0.1816619296875 0.9162828578125 0.23038145000000002
0 0.9060927687500001 0.2713403390625 0.9223483859375001 0.2713403390625 0.9223483859375001 0.2157224796875 0.9060927687500001 0.2157224796875 0.9060927687500001 0.2713403390625
0 0.903444509375 0.2792683234375 0.917595884375 0.2792683234375 0.917595884375 0.2349070359375 0.903444509375 0.2349070359375 0.903444509375 0.2792683234375
0 0.8862720562499999 0.2758776515625 0.9026494890624999 0.2758776515625 0.9026494890624999 0.22233329531249998 0.8862720562499999 0.22233329531249998 0.8862720562499999 0.2758776515625
0 0.8648859906249999 0.27135675625 0.8771293140624999 0.27135675625 0.8771293140624999 0.22346351874999998 0.8648859906249999 0.22346351874999998 0.8648859906249999 0.27135675625
0 0.82902866875 0.3142523875 0.8485936390625 0.3142523875 0.8485936390625 0.2565822734375 0.82902866875 0.2565822734375 0.82902866875 0.3142523875
0 0.84921475 0.2455449296875 0.86303445 0.2455449296875 0.86303445 0.2036030296875 0.84921475 0.2036030296875 0.84921475 0.2455449296875
0 0.8684691656249999 0.25161546874999996 0.8832205312500001 0.25161546874999996 0.8832205312500001 0.2044308296875 0.8684691656249999 0.2044308296875 0.8684691656249999 0.25161546874999996
0 0.8606456609375 0.22346351874999998 0.8703449171875001 0.22346351874999998 0.8703449171875001 0.187622534375 0.8606456609375 0.187622534375 0.8606456609375 0.22346351874999998
0 0.8324224140624998 0.2581202484375 0.8540469859375002 0.2581202484375 0.8540469859375002 0.1774505203125 0.8324224140624998 0.1774505203125 0.8324224140624998 0.2581202484375
0 0.6944641828125 0.3088594890625 0.70921555 0.3088594890625 0.70921555 0.26298553281250003 0.6944641828125 0.26298553281250003 0.6944641828125 0.3088594890625
0 0.7222200453125 0.2829907171875 0.7385241859375 0.2829907171875 0.7385241859375 0.242290515625 0.7222200453125 0.242290515625 0.7222200453125 0.2829907171875
0 0.7788963484375 0.2781618796875 0.79500639375 0.2781618796875 0.79500639375 0.231598090625 0.7788963484375 0.231598090625 0.7788963484375 0.2781618796875
0 0.697181540625 0.27471270937500003 0.70921555 0.27471270937500003 0.70921555 0.23573709375 0.697181540625 0.23573709375 0.697181540625 0.27471270937500003
0 0.696016959375 0.2478091875 0.70921555 0.2478091875 0.70921555 0.204004734375 0.696016959375 0.204004734375 0.696016959375 0.2478091875
0 0.72144365625 0.178825796875 0.72144365625 0.1698579546875 0.710574228125 0.1698579546875 0.710574228125 0.2126276578125 0.72144365625 0.2126276578125 0.72144365625 0.178825796875
0 0.7323130843750001 0.17675629531249998 0.72144365625 0.17675629531249998 0.72144365625 0.2240099171875 0.7323130843750001 0.2240099171875 0.7323130843750001 0.17675629531249998
0 0.6461340468750001 0.1267433359375 0.63448823125 0.1267433359375 0.63448823125 0.1753766265625 0.640384684375 0.1753766265625 0.64135516875 0.1753766265625 0.6461340468750001 0.1753766265625 0.6461340468750001 0.141596996875 0.6461340468750001 0.1267433359375
0 0.6183781859374999 0.1491629375 0.63448823125 0.1491629375 0.63448823125 0.1146712421875 0.6183781859374999 0.1146712421875 0.6183781859374999 0.1491629375
0 0.5778119265624999 0.129502671875 0.5875167734375 0.129502671875 0.5875167734375 0.09156180625 0.5778119265624999 0.09156180625 0.5778119265624999 0.129502671875
0 0.5832466421875 0.13384315625 0.5896055 0.13384315625 0.5896055 0.0974253953125 0.5832466421875 0.0974253953125 0.5832466421875 0.13384315625
0 0.6776512953125 0.1974735421875 0.6891030140625001 0.1974735421875 0.6891030140625001 0.1557385921875 0.6776512953125 0.1557385921875 0.6776512953125 0.1974735421875
0 0.75917200625 0.235759325 0.7743115671874999 0.235759325 0.7743115671874999 0.18229719687499998 0.75917200625 0.18229719687499998 0.75917200625 0.235759325
0 0.7453911234375 0.2288609859375 0.7574251343749999 0.2288609859375 0.7574251343749999 0.1809175296875 0.7453911234375 0.1809175296875 0.7453911234375 0.2288609859375
0 0.7960504234375 0.2329999890625 0.8100254015624999 0.2329999890625 0.8100254015624999 0.1795378609375 0.7960504234375 0.1795378609375 0.7960504234375 0.2329999890625
0 0.77256469375 0.25403992343750004 0.7867337703125 0.25403992343750004 0.7867337703125 0.209890553125 0.77256469375 0.209890553125 0.77256469375 0.25403992343750004
0 0.7861514796875 0.195404040625 0.7979913921875 0.195404040625 0.7979913921875 0.1464258328125 0.7861514796875 0.1464258328125 0.7861514796875 0.195404040625
0 0.76266575 0.21885839375 0.77256469375 0.21885839375 0.77256469375 0.1709149375 0.76266575 0.1709149375 0.76266575 0.21885839375
0 0.7675181734375001 0.1916099546875 0.779940378125 0.1916099546875 0.779940378125 0.152289421875 0.7675181734375001 0.152289421875 0.7675181734375001 0.1916099546875
0 0.736462665625 0.192989621875 0.7453911234375 0.192989621875 0.7453911234375 0.146080915625 0.736462665625 0.146080915625 0.736462665625 0.192989621875
0 0.7436442515625 0.19126503749999998 0.7529609046875001 0.19126503749999998 0.7529609046875001 0.1484953359375 0.7436442515625 0.1484953359375 0.7436442515625 0.19126503749999998
0 0.7508258375000001 0.1850565328125 0.75917200625 0.1850565328125 0.75917200625 0.1322842390625 0.7508258375000001 0.1322842390625 0.7508258375000001 0.1850565328125
0 0.7552900671874999 0.18229719687499998 0.7653831078125 0.18229719687499998 0.7653831078125 0.137802909375 0.7552900671874999 0.137802909375 0.7552900671874999 0.18229719687499998
0 0.64368433125 0.1819522796875 0.6576593109375001 0.1819522796875 0.6576593109375001 0.1412520796875 0.64368433125 0.1412520796875 0.64368433125 0.1819522796875
0 0.8448129093750001 0.161121709375 0.8580812546875001 0.161121709375 0.8580812546875001 0.10520743749999999 0.8448129093750001 0.10520743749999999 0.8448129093750001 0.161121709375
0 0.8588394453125 0.1564060484375 0.8702123125 0.1564060484375 0.8702123125 0.1004917765625 0.8588394453125 0.1004917765625 0.8588394453125 0.1564060484375
0 0.8872716140625 0.16651103750000001 0.8997817671874999 0.16651103750000001 0.8997817671874999 0.10924943437500001 0.8872716140625 0.10924943437500001 0.8872716140625 0.16651103750000001
0 0.9140682953125001 0.1675851421875 0.9260246656250001 0.1675851421875 0.9260246656250001 0.1181930328125 0.9140682953125001 0.1181930328125 0.9140682953125001 0.1675851421875
0 0.9350307640625001 0.1529606625 0.9490057421875001 0.1529606625 0.9490057421875001 0.1010851515625 0.9350307640625001 0.1010851515625 0.9350307640625001 0.1529606625
0 0.9181055109375 0.1601349359375 0.9306829921875 0.1601349359375 0.9306829921875 0.1055000890625 0.9181055109375 0.1055000890625 0.9181055109375 0.1601349359375
0 0.6020164593749999 0.09062810624999999 0.6130411656250001 0.09062810624999999 0.6130411656250001 0.056136410937500006 0.6020164593749999 0.056136410937500006 0.6020164593749999 0.09062810624999999
0 0.600153128125 0.1077359859375 0.6099356140625 0.1077359859375 0.6099356140625 0.0773832953125 0.600153128125 0.0773832953125 0.600153128125 0.1077359859375
0 0.4788190796875 0.3066771484375 0.503857584375 0.3066771484375 0.503857584375 0.2745998703125 0.4788190796875 0.2745998703125 0.4788190796875 0.3066771484375
0 0.8146075296875 0.11329325937500001 0.8146075296875 0.083113025 0.8055092359374999 0.083113025 0.8055092359374999 0.11074087343750001 0.8055092359374999 0.11329325937500001 0.8146075296875 0.11329325937500001
0 0.7861286578125 0.1490956390625 0.800880025 0.1490956390625 0.800880025 0.1013591328125 0.7861286578125 0.1013591328125 0.7861286578125 0.1490956390625
0 0.814078615625 0.2012470828125 0.8258797093750001 0.2012470828125 0.8258797093750001 0.15985704843749998 0.814078615625 0.15985704843749998 0.814078615625 0.2012470828125
0 0.8182711093750001 0.1681350546875 0.8336435874999999 0.1681350546875 0.8336435874999999 0.1275728203125 0.8182711093750001 0.1275728203125 0.8182711093750001 0.1681350546875
0 0.8165630562499999 0.152682775 0.828208871875 0.152682775 0.828208871875 0.11653547812500001 0.8165630562499999 0.11653547812500001 0.8165630562499999 0.152682775
0 0.674328825 0.16841098906250002 0.6847324203125 0.16841098906250002 0.6847324203125 0.1289524890625 0.674328825 0.1289524890625 0.674328825 0.16841098906250002
0 0.6828690906249999 0.16040891562499998 0.692651575 0.16040891562499998 0.692651575 0.12205415 0.6828690906249999 0.12205415 0.6828690906249999 0.16040891562499998
0 0.6898565796874999 0.1675831875 0.6997943421875 0.1675831875 0.6997943421875 0.1281246875 0.6898565796874999 0.1281246875 0.6898565796874999 0.1675831875
0 0.6959124046875 0.1659275859375 0.7067818328125 0.1659275859375 0.7067818328125 0.123157884375 0.6959124046875 0.123157884375 0.6959124046875 0.1659275859375
0 0.48936072812500003 0.0638589046875 0.496416540625 0.0638589046875 0.496416540625 0.027833017187499996 0.48936072812500003 0.027833017187499996 0.48936072812500003 0.0638589046875
0 0.49413085468749995 0.060856746875 0.5011866671874999 0.060856746875 0.5011866671874999 0.024301068749999998 0.49413085468749995 0.024301068749999998 0.49413085468749995 0.060856746875
0 0.508242478125 0.0620929296875 0.5159939328125 0.0620929296875 0.5159939328125 0.027126628125000003 0.508242478125 0.027126628125000003 0.508242478125 0.0620929296875
0 0.5168883328125 0.052380068749999995 0.524043521875 0.052380068749999995 0.524043521875 0.020592521875 0.5168883328125 0.020592521875 0.5168883328125 0.052380068749999995
0 0.5184783734375 0.0571482 0.5247391640625001 0.0571482 0.5247391640625001 0.031011771875 0.5184783734375 0.031011771875 0.5184783734375 0.0571482
0 0.5398445640625 0.044256584375000005 0.545310334375 0.044256584375000005 0.545310334375 0.018826546875 0.5398445640625 0.018826546875 0.5398445640625 0.044256584375000005
0 0.8910705374999999 0.0930890078125 0.9005812875 0.0930890078125 0.9005812875 0.063771065625 0.8910705374999999 0.063771065625 0.8910705374999999 0.0930890078125
0 0.8586563500000001 0.0841211671875 0.8681671 0.0841211671875 0.8681671 0.0503193046875 0.8586563500000001 0.0503193046875 0.8586563500000001 0.0841211671875
0 0.66378303125 0.1389629625 0.674328825 0.1389629625 0.674328825 0.0982627609375 0.66378303125 0.0982627609375 0.66378303125 0.1389629625
0 0.6468965984375 0.1548291421875 0.654466378125 0.1548291421875 0.654466378125 0.11930269687499999 0.6468965984375 0.11930269687499999 0.6468965984375 0.1548291421875
0 0.6610656734375 0.1734546578125 0.6699941328125 0.1734546578125 0.6699941328125 0.137238378125 0.6610656734375 0.137238378125 0.6610656734375 0.1734546578125
0 0.677369815625 0.11619844374999999 0.6884333406250001 0.11619844374999999 0.6884333406250001 0.0817067484375 0.677369815625 0.0817067484375 0.677369815625 0.11619844374999999
0 0.7313287625 0.176903828125 0.741033609375 0.176903828125 0.741033609375 0.12896037031250002 0.7313287625 0.12896037031250002 0.7313287625 0.176903828125
0 0.7154128156249999 0.17675629531249998 0.729581890625 0.17675629531249998 0.729581890625 0.1327544578125 0.7154128156249999 0.1327544578125 0.7154128156249999 0.17675629531249998
0 0.554153225 0.0640637609375 0.60520848125 0.0640637609375 0.60520848125 0.009318540625 0.554153225 0.009318540625 0.554153225 0.0640637609375
0 0.6238331578125 0.050049767187500004 0.6301933249999999 0.050049767187500004 0.6301933249999999 0.0123285453125 0.6238331578125 0.0123285453125 0.6238331578125 0.050049767187500004
0 0.5978359703125 0 0.5978359703125 0.0188273328125 0.6057861796875 0.0188273328125 0.6057861796875 0 0.5978359703125 0
0 0.6129413687499999 0.0210877796875 0.61810900625 0.0210877796875 0.61810900625 0.0024390859375 0.6129413687499999 0.0024390859375 0.6129413687499999 0.0210877796875
0 0.6349634515625 0.095823834375 0.6415621265625 0.095823834375 0.6415621265625 0.05485321875 0.6349634515625 0.05485321875 0.6349634515625 0.095823834375
0 0.6515793921874999 0.06728568124999999 0.659370596875 0.06728568124999999 0.659370596875 0.0468003734375 0.6515793921874999 0.0468003734375 0.6515793921874999 0.06728568124999999
0 0.6654922593749999 0.08974888125 0.6722499375 0.08974888125 0.6722499375 0.050049767187500004 0.6654922593749999 0.050049767187500004 0.6654922593749999 0.08974888125
0 0.6520564046875 0.038182415625 0.657701053125 0.038182415625 0.657701053125 0.00046119374999999997 0.6520564046875 0.00046119374999999997 0.6520564046875 0.038182415625
0 0.6719319296874999 0.0380411375 0.6767815578125 0.0380411375 0.6767815578125 0.0018739734375000001 0.6719319296874999 0.0018739734375000001 0.6719319296874999 0.0380411375
0 0.7020452609375 0.1306035765625 0.710492359375 0.1306035765625 0.710492359375 0.08733719375 0.7020452609375 0.08733719375 0.7020452609375 0.1306035765625
0 0.7211754546875 0.11647577812500001 0.730119440625 0.11647577812500001 0.730119440625 0.07320939531250001 0.7211754546875 0.07320939531250001 0.7211754546875 0.11647577812500001
0 0.7716096015625 0.0999197640625 0.7784418125 0.0999197640625 0.7784418125 0.05577039375 0.7716096015625 0.05577039375 0.7716096015625 0.0999197640625
0 0.7881311312499999 0.091089890625 0.79707511875 0.091089890625 0.79707511875 0.0482650015625 0.7881311312499999 0.0482650015625 0.7881311312499999 0.091089890625
0 0.7989384484375 0.083113025 0.8055092359374999 0.083113025 0.8055092359374999 0.0482650015625 0.7989384484375 0.0482650015625 0.7989384484375 0.083113025
0 0.8297455140625001 0.091089890625 0.8380683906249999 0.091089890625 0.8380683906249999 0.05025172343749999 0.8297455140625001 0.05025172343749999 0.8297455140625001 0.091089890625
0 0.7546768796875 0.10332165625 0.7614702734375 0.10332165625 0.7614702734375 0.0612417875 0.7546768796875 0.0612417875 0.7546768796875 0.10332165625
0 0.7746104234375 0.0214021 0.7813184124999999 0.0214021 0.7813184124999999 0.00263861875 0.7746104234375 0.00263861875 0.7746104234375 0.0214021
0 0.8419387656249999 0.0871846625 0.8491436453125001 0.0871846625 0.8491436453125001 0.0443597734375 0.8419387656249999 0.0443597734375 0.8419387656249999 0.0871846625
0 0.7134931812499999 0 0.7134931812499999 0.0194153796875 0.72082228125 0.0194153796875 0.72082228125 0 0.7134931812499999 0
0 0.723555165625 0 0.723555165625 0.0191946328125 0.73026315625 0.0191946328125 0.73026315625 0 0.723555165625 0
0 0.8667322468750001 0 0.8667322468750001 0.0273924171875 0.8726949046874999 0.0273924171875 0.8726949046874999 0.0160774671875 0.8726949046874999 0 0.8667322468750001 0
0 0.98247529375 0.1356865875 0.9931894453125001 0.1356865875 0.9931894453125001 0.090433484375 0.98247529375 0.090433484375 0.98247529375 0.1356865875
0 1 0.0887778828125 0.9955186078124999 0.0887778828125 0.9955186078124999 0.1395496578125 1 0.1395496578125 1 0.0887778828125
0 0.9503328421875 0.12382144531249999 0.961668103125 0.12382144531249999 0.961668103125 0.0702903328125 0.9503328421875 0.0702903328125 0.9503328421875 0.12382144531249999
0 0.9149295625 0.096504021875 0.9259542671875 0.096504021875 0.9259542671875 0.057045521875000005 0.9149295625 0.057045521875000005 0.9149295625 0.096504021875
0 0.8034402843749999 0.1522426015625 0.8146202671874999 0.1522426015625 0.8146202671874999 0.10836916562500001 0.8034402843749999 0.10836916562500001 0.8034402843749999 0.1522426015625
0 0.8801473921875 0.09264095156249999 0.8868243265625001 0.09264095156249999 0.8868243265625001 0.047387848437500005 0.8801473921875 0.047387848437500005 0.8801473921875 0.09264095156249999
0 0.933407590625 0.08795008125 0.9421031328125 0.08795008125 0.9421031328125 0.0534583859375 0.933407590625 0.0534583859375 0.933407590625 0.08795008125
0 0.9853980453125001 0.032389012499999995 0.9933560187499999 0.032389012499999995 0.9933560187499999 0.0023812375 0.9853980453125001 0.0023812375 0.9853980453125001 0.032389012499999995
0 0.7908022234375001 0 0.7908022234375001 0.0447693078125 0.83971465 0.0447693078125 0.83971465 0 0.7908022234375001 0
0 0.9021810703125 0 0.9021810703125 0.0242063296875 0.9107213359374999 0.0242063296875 0.9107213359374999 0 0.9021810703125 0
0 0.9091685609375 0.0331741703125 0.9163501468749999 0.0331741703125 0.9163501468749999 0.0038562296874999997 0.9091685609375 0.0038562296874999997 0.9091685609375 0.0331741703125
0 0.883159571875 0.052144603125 0.8938349031249999 0.052144603125 0.8938349031249999 0.0169630734375 0.883159571875 0.0169630734375 0.883159571875 0.052144603125
0 0.9406326593750001 0.064514659375 0.9785203796874999 0.064514659375 0.9785203796874999 0.004913009375 0.9406326593750001 0.004913009375 0.9406326593750001 0.064514659375
0 0.85054905 0 0.85054905 0.022060096874999997 0.8569154296875 0.022060096874999997 0.8569154296875 0 0.85054905 0
0 0.849151553125 0.068968803125 0.8570707078125 0.068968803125 0.8570707078125 0.0292343703125 0.849151553125 0.0292343703125 0.849151553125 0.068968803125
0 0.7022589953124999 0.0902156875 0.7598669640625 0.0902156875 0.7598669640625 0.025371300000000003 0.7022589953124999 0.025371300000000003 0.7022589953124999 0.0902156875
0 0.514052478125 0.1708809171875 0.5200946375 0.1708809171875 0.5200946375 0.13818439531249999 0.514052478125 0.13818439531249999 0.514052478125 0.1708809171875
0 0.5188226046875 0.1754817828125 0.52454675625 0.1754817828125 0.52454675625 0.14878024375 0.5188226046875 0.14878024375 0.5188226046875 0.1754817828125
0 0.6811914609375 0.0457241734375 0.6878402421875001 0.0457241734375 0.6878402421875001 0.025689849999999997 0.6811914609375 0.025689849999999997 0.6811914609375 0.0457241734375
0 0.649971096875 0.10103260624999999 0.6568125953124999 0.10103260624999999 0.6568125953124999 0.06353246093750001 0.649971096875 0.06353246093750001 0.649971096875 0.10103260624999999
0 0.6584507015625001 0.09983397187500001 0.6649067640625 0.09983397187500001 0.6649067640625 0.06353246093750001 0.6584507015625001 0.06353246093750001 0.6584507015625001 0.09983397187500001
0 0.641684209375 0.080655815625 0.6474657578125 0.080655815625 0.6474657578125 0.049320078125 0.641684209375 0.049320078125 0.641684209375 0.080655815625
0 0.651223765625 0.003943190625000001 0.63098834375 0.003943190625000001 0.63098834375 0.0469228078125 0.651223765625 0.0469228078125 0.651223765625 0.003943190625000001
0 0.48101108437499995 0.048893434375 0.47444941093750004 0.048893434375 0.47444941093750004 0.0814195875 0.48101108437499995 0.0814195875 0.48101108437499995 0.048893434375
0 0.479284328125 0.076860665625 0.48707939843750003 0.076860665625 0.48707939843750003 0.037408459375 0.479284328125 0.037408459375 0.479284328125 0.076860665625
0 0.5074057812499999 0.046964659375 0.5020281703125 0.046964659375 0.5020281703125 0.06914556875 0.5074057812499999 0.06914556875 0.5074057812499999 0.046964659375
0 0.6785407328125 0 0.6785407328125 0.022327515625 0.7100501749999999 0.022327515625 0.7100501749999999 0 0.6785407328125 0
0 0.6703502046875001 0.0009233234375 0.658979825 0.0009233234375 0.658979825 0.036882365625 0.6703502046875001 0.036882365625 0.6703502046875001 0.0009233234375
0 0.6226524265625001 0.0206151796875 0.606753165625 0.0206151796875 0.606753165625 0.0512659828125 0.6226524265625001 0.0512659828125 0.6226524265625001 0.0206151796875
0 0.52595601875 0.06849635781249999 0.529870609375 0.06849635781249999 0.529870609375 0.041473565625 0.52595601875 0.041473565625 0.52595601875 0.06849635781249999
0 0.531376221875 0.0660883875 0.551852540625 0.0660883875 0.551852540625 0.0454868515625 0.531376221875 0.0454868515625 0.531376221875 0.0660883875
0 0.7329776296875 0 0.7329776296875 0.014985878125 0.7606808859375 0.014985878125 0.7606808859375 0 0.7329776296875 0
0 0.676517190625 0.07946600625 0.7007575390625 0.07946600625 0.7007575390625 0.049232585937500004 0.676517190625 0.049232585937500004 0.676517190625 0.07946600625
0 0.76263818125 0.053780976562500006 0.7881311312499999 0.053780976562500006 0.7881311312499999 0.024082659375000003 0.76263818125 0.024082659375000003 0.76263818125 0.053780976562500006
0 0.9050969578124999 0.07600920625 0.9123238953125 0.07600920625 0.9123238953125 0.0411203734375 0.9050969578124999 0.0411203734375 0.9050969578124999 0.07600920625
0 0.8735393375000001 0.072798578125 0.8790799875000002 0.072798578125 0.8790799875000002 0.0462573796875 0.8735393375000001 0.0462573796875 0.8735393375000001 0.072798578125
0 0.8742620296875 0.0411203734375 0.8811276203125 0.0411203734375 0.8811276203125 0.015863426562499998 0.8742620296875 0.015863426562499998 0.8742620296875 0.0411203734375
0 0.8247575171874999 0.0490399234375 0.8162056421875 0.0490399234375 0.8162056421875 0.0901359734375 0.8247575171874999 0.0901359734375 0.8247575171874999 0.0490399234375
0 0.8656574593750002 0.06871840312500001 0.8735393375000001 0.06871840312500001 0.8735393375000001 0.0344716953125 0.8656574593750002 0.0344716953125 0.8656574593750002 0.06871840312500001
0 1 0.0332953140625 0.98074175 0.0332953140625 0.98074175 0.0808126203125 1 0.0808126203125 1 0.0332953140625
0 0.916662915625 0.053415254687500004 0.9312372374999999 0.053415254687500004 0.9312372374999999 0.0313689375 0.916662915625 0.0313689375 0.916662915625 0.053415254687500004
0 0.12649861093749998 0.6711937812500001 0.13106998125 0.6711937812500001 0.13106998125 0.6542215015625 0.12649861093749998 0.6542215015625 0.12649861093749998 0.6711937812500001
0 0.12222537343749999 0.68586773125 0.1258029671875 0.68586773125 0.1258029671875 0.6773815921875 0.12222537343749999 0.6773815921875 0.12222537343749999 0.68586773125
0 0.118647778125 0.6917019515625 0.12321915000000001 0.6917019515625 0.12321915000000001 0.677911975 0.118647778125 0.677911975 0.118647778125 0.6917019515625
0 0.14786480156249998 0.7284752250000001 0.1527343046875 0.7284752250000001 0.1527343046875 0.7136244796875 0.14786480156249998 0.7136244796875 0.14786480156249998 0.7284752250000001
0 0.14965359843749998 0.6945306656250001 0.1545231015625 0.6945306656250001 0.1545231015625 0.6787959484374999 0.14965359843749998 0.6787959484374999 0.14965359843749998 0.6945306656250001
0 0.1358401078125 0.6867517046875 0.1414052546875 0.6867517046875 0.1414052546875 0.669072246875 0.1358401078125 0.669072246875 0.1358401078125 0.6867517046875
0 0.1331569125 0.698420146875 0.1384239265625 0.698420146875 0.1384239265625 0.68586773125 0.1331569125 0.68586773125 0.1331569125 0.698420146875
0 0.13743015 0.7000112984375 0.142995296875 0.7000112984375 0.142995296875 0.6863981156250001 0.13743015 0.6863981156250001 0.13743015 0.7000112984375
0 0.1440884515625 0.6955914328125 0.1472685359375 0.6955914328125 0.1472685359375 0.6874588828125 0.1440884515625 0.6874588828125 0.1440884515625 0.6955914328125
0 0.1571069203125 0.6676578890625 0.160187628125 0.6676578890625 0.160187628125 0.661116490625 0.1571069203125 0.661116490625 0.1571069203125 0.6676578890625
0 0.16287082343749998 0.67243134375 0.1705229015625 0.67243134375 0.1705229015625 0.6639452046875001 0.16287082343749998 0.6639452046875001 0.16287082343749998 0.67243134375
0 0.1540262140625 0.6386635796875 0.15889571875 0.6386635796875 0.15889571875 0.6292934671875 0.1540262140625 0.6292934671875 0.1540262140625 0.6386635796875
0 0.17519365 0.6188625875 0.17877124375 0.6188625875 0.17877124375 0.6093156796875 0.17519365 0.6093156796875 0.17519365 0.6188625875
0 0.2361369453125 0.6622455374999999 0.24219276875 0.6622455374999999 0.24219276875 0.6484334609375 0.2361369453125 0.6484334609375 0.2361369453125 0.6622455374999999
0 0.34159775625 0.6457925765625 0.3470834015625 0.6457925765625 0.3470834015625 0.6313661390625 0.34159775625 0.6313661390625 0.34159775625 0.6457925765625
0 0.17889794375 0.629445478125 0.184173321875 0.629445478125 0.184173321875 0.6140934859375 0.17889794375 0.6140934859375 0.17889794375 0.629445478125
0 0.16769132656250002 0.60186031875 0.17174593437500002 0.60186031875 0.17174593437500002 0.58941398125 0.16769132656250002 0.58941398125 0.16769132656250002 0.60186031875
0 0.1355724765625 0.6004459625 0.13986559062499998 0.6004459625 0.13986559062499998 0.5864438328125 0.1355724765625 0.5864438328125 0.1355724765625 0.6004459625
0 0 0.689419084375 0.009710020312500001 0.689419084375 0.009710020312500001 0.6663650703125 0 0.6663650703125 0 0.689419084375
0 0.009551015625000001 0.674709775 0.02147633125 0.674709775 0.02147633125 0.6506657125 0.009551015625000001 0.6506657125 0.009551015625000001 0.674709775
0 0.026728439062499998 0.6835318234375001 0.0389021984375 0.6835318234375001 0.0389021984375 0.6649683937499999 0.026728439062499998 0.6649683937499999 0.026728439062499998 0.6835318234375001
0 0.009213131250000001 0.710713990625 0.021635334375000002 0.710713990625 0.021635334375000002 0.692150559375 0.009213131250000001 0.692150559375 0.009213131250000001 0.710713990625
0 0.040268640625000005 0.6731451421875 0.05144862343749999 0.6731451421875 0.05144862343749999 0.6541397250000001 0.040268640625000005 0.6541397250000001 0.040268640625000005 0.6731451421875
0 0.1777395828125 0.656719865625 0.18990022499999998 0.656719865625 0.18990022499999998 0.6360815734375 0.1777395828125 0.6360815734375 0.1777395828125 0.656719865625
0 0.18684734375 0.6429610046875001 0.19661656249999998 0.6429610046875001 0.19661656249999998 0.6208744125 0.18684734375 0.6208744125 0.18684734375 0.6429610046875001
0 0.20628401875 0.67500466875 0.2189025921875 0.67500466875 0.2189025921875 0.6523749624999999 0.20628401875 0.6523749624999999 0.20628401875 0.67500466875
0 0.191986359375 0.6941041390625 0.2042487640625 0.6941041390625 0.2042487640625 0.6717459906250001 0.191986359375 0.6717459906250001 0.191986359375 0.6941041390625
0 0.2499402140625 0.6765434875 0.2619482109375 0.6765434875 0.2619482109375 0.6550000078125 0.2499402140625 0.6550000078125 0.2499402140625 0.6765434875
0 0.012337882812500001 0.5682067421875 0.0160267796875 0.5682067421875 0.0160267796875 0.5539500265624999 0.012337882812500001 0.5539500265624999 0.012337882812500001 0.5682067421875
0 0.0085853828125 0.5696776734375 0.0131011015625 0.5696776734375 0.0131011015625 0.557231334375 0.0085853828125 0.557231334375 0.0085853828125 0.5696776734375
0 0.2197100546875 0.6573720953125 0.2309039515625 0.6573720953125 0.2309039515625 0.6351406734375 0.2197100546875 0.6351406734375 0.2197100546875 0.6573720953125
0 0.2285430578125 0.6415856140625 0.23888214687499998 0.6415856140625 0.23888214687499998 0.626595696875 0.2285430578125 0.626595696875 0.2285430578125 0.6415856140625
0 0.2710895296875 0.6405971484374999 0.280146409375 0.6405971484374999 0.280146409375 0.62122611875 0.2710895296875 0.62122611875 0.2710895296875 0.6405971484374999
0 0.25933593906249996 0.6558948296875 0.26528905625 0.6558948296875 0.26528905625 0.6436747875 0.25933593906249996 0.6436747875 0.25933593906249996 0.6558948296875
0 0.237711365625 0.68902471875 0.247277059375 0.68902471875 0.247277059375 0.6762615640625 0.237711365625 0.6762615640625 0.237711365625 0.68902471875
0 0.280146409375 0.6863091546875 0.2879312546875 0.6863091546875 0.2879312546875 0.6756279328125 0.280146409375 0.6756279328125 0.280146409375 0.6863091546875
0 0.342369040625 0.671628884375 0.34841120000000003 0.671628884375 0.34841120000000003 0.6584753671875 0.342369040625 0.6584753671875 0.342369040625 0.671628884375
0 0.3380759265625 0.669083040625 0.34292555625 0.669083040625 0.34292555625 0.6569195750000001 0.3380759265625 0.6569195750000001 0.3380759265625 0.669083040625
0 0.3259916078125 0.6873282421875 0.3375194125 0.6873282421875 0.3375194125 0.6663957640625 0.3259916078125 0.6663957640625 0.3259916078125 0.6873282421875
0 0.2948267828125 0.6770034390624999 0.307149609375 0.6770034390624999 0.307149609375 0.652252196875 0.2948267828125 0.652252196875 0.2948267828125 0.6770034390624999
0 0.3057980734375 0.6540908609375 0.3165308578125 0.6540908609375 0.3165308578125 0.6337241265625 0.3057980734375 0.6337241265625 0.3057980734375 0.6540908609375
0 0.3646296296875 0.6699316546875 0.3792580171875 0.6699316546875 0.3792580171875 0.649423484375 0.3646296296875 0.649423484375 0.3646296296875 0.6699316546875
0 0.3577924484375 0.683509478125 0.36987676875000003 0.683509478125 0.36987676875000003 0.67078026875 0.3577924484375 0.67078026875 0.3577924484375 0.683509478125
0 0.04997558125 0.8208007640625 0.060310854687500005 0.8208007640625 0.060310854687500005 0.8045356640625 0.04997558125 0.8045356640625 0.04997558125 0.8208007640625
0 0.0445098109375 0.8368890718750001 0.053155665625 0.8368890718750001 0.053155665625 0.826281396875 0.0445098109375 0.826281396875 0.0445098109375 0.8368890718750001
0 0.11009904687500001 0.8299940828124999 0.1154654390625 0.8299940828124999 0.1154654390625 0.8209775593749999 0.11009904687500001 0.8209775593749999 0.11009904687500001 0.8299940828124999
0 0.13126648125 0.8367122765625 0.13126648125 0.8299940828124999 0.12421066875 0.8299940828124999 0.12421066875 0.8367122765625 0.1262976 0.8367122765625 0.13126648125 0.8367122765625
0 0.208184765625 0.8101930906250001 0.21613497656249997 0.8101930906250001 0.21613497656249997 0.8001157984375 0.208184765625 0.8001157984375 0.208184765625 0.8101930906250001
0 0.2268677609375 0.7951655515625 0.23213477500000002 0.7951655515625 0.23213477500000002 0.7865026171875 0.2268677609375 0.7865026171875 0.2268677609375 0.7951655515625
0 0.3371550890625 0.8074237953125 0.3411301953125 0.8074237953125 0.3411301953125 0.8017663687500001 0.3371550890625 0.8017663687500001 0.3371550890625 0.8074237953125
0 0.0612256234375 0.8357080984374999 0.0536497203125 0.8357080984374999 0.0536497203125 0.8469206093749999 0.0612256234375 0.8469206093749999 0.0612256234375 0.8357080984374999
0 0.007366687500000001 0.8482797015625 0.0007836546874999999 0.8482797015625 0.0007836546874999999 0.8591524406250001 0.007366687500000001 0.8591524406250001 0.007366687500000001 0.8482797015625
0 0.554158646875 0.8478297015624999 0.5545728375 0.865625 0.559375 0.865625 0.559375 0.8478297015624999 0.554158646875 0.8478297015624999
0 0.553125 0.8405655265625 0.546875 0.8404928 0.546875 0.8578125 0.553125 0.8578125 0.553125 0.8405655265625
0 0.5439234859375001 0.8681520921875 0.551720428125 0.8681520921875 0.551720428125 0.8553762656250001 0.5439234859375001 0.8553762656250001 0.5439234859375001 0.8681520921875
0 0.5529515234375 0.8455206265624999 0.5586966390625 0.8455206265624999 0.5586966390625 0.82471428125 0.5529515234375 0.82471428125 0.5529515234375 0.8455206265624999
0 0.562595109375 0.84442555625 0.5683402234375 0.84442555625 0.5683402234375 0.838585178125 0.562595109375 0.838585178125 0.562595109375 0.84442555625
0 0.6021953640625 0.7699607359374999 0.607735296875 0.7699607359374999 0.607735296875 0.750614484375 0.6021953640625 0.750614484375 0.6021953640625 0.7699607359374999
0 0.6065042 0.7170323109375 0.6112234015625 0.7170323109375 0.6112234015625 0.7082717437499999 0.6065042 0.7082717437499999 0.6065042 0.7170323109375
0 0.6742144796874999 0.695495915625 0.679344046875 0.695495915625 0.679344046875 0.6852752546875001 0.6742144796874999 0.6852752546875001 0.6742144796874999 0.695495915625
0 0.67626630625 0.6944008453125 0.6820114203125 0.6944008453125 0.6820114203125 0.6816250187499999 0.67626630625 0.6816250187499999 0.67626630625 0.6944008453125
0 0.658620596875 0.785291728125 0.6643657125 0.785291728125 0.6643657125 0.7728809249999999 0.658620596875 0.7728809249999999 0.658620596875 0.785291728125
0 0.578394175 0.6929407515625 0.5831133765625001 0.6929407515625 0.5831133765625001 0.680529946875 0.578394175 0.680529946875 0.578394175 0.6929407515625
0 0.5724438765625 0.69476586875 0.576137165625 0.69476586875 0.576137165625 0.68673535 0.5724438765625 0.68673535 0.5724438765625 0.69476586875
0 0.51868601875 0.7652154296875 0.5236104015625 0.7652154296875 0.5236104015625 0.761359384375 0.5236104015625 0.759393665625 0.5236104015625 0.747329271875 0.51868601875 0.747329271875 0.51868601875 0.7652154296875
0 0.513761634375 0.7670405484374999 0.5172497390624999 0.7670405484374999 0.5172497390624999 0.75827998125 0.513761634375 0.75827998125 0.513761634375 0.7670405484374999
0 0.50883725 0.763755334375 0.513761634375 0.763755334375 0.513761634375 0.7560898390624999 0.50883725 0.7560898390624999 0.50883725 0.763755334375
0 0.4899604453125 0.7257928765624999 0.4948848296875 0.7257928765624999 0.4948848296875 0.7060816015625 0.4899604453125 0.7060816015625 0.4899604453125 0.7257928765624999
0 0.4926278203125 0.6984161062500001 0.4926278203125 0.6838151609375 0.4899604453125 0.6838151609375 0.4899604453125 0.6984161062500001 0.49228170000000004 0.6984161062500001 0.4926278203125 0.6984161062500001
0 0.5035025015625 0.7035264359375 0.5035025015625 0.6896555390625 0.5000143953125 0.6896555390625 0.5000143953125 0.7035264359375 0.50287781875 0.7035264359375 0.5035025015625 0.7035264359375
0 0.5133512687499999 0.702431365625 0.517454921875 0.702431365625 0.517454921875 0.6834501375 0.5133512687499999 0.6834501375 0.5133512687499999 0.702431365625
0 0.5229948546875 0.658993553125 0.5279192390625 0.658993553125 0.5279192390625 0.6495029390625 0.5229948546875 0.6495029390625 0.5229948546875 0.658993553125
0 0.50596469375 0.6714043578125001 0.511914990625 0.6714043578125001 0.511914990625 0.6633738375 0.50596469375 0.6633738375 0.50596469375 0.6714043578125001
0 0.50329731875 0.650598009375 0.5071957890625 0.650598009375 0.5071957890625 0.6370921359375 0.50329731875 0.6370921359375 0.50329731875 0.650598009375
0 0.5190963843749999 0.6403773484374999 0.5248414984374999 0.6403773484374999 0.5248414984374999 0.6213961203125 0.5190963843749999 0.6213961203125 0.5190963843749999 0.6403773484374999
0 0.48113759062500006 0.6188409546875 0.48565160937499996 0.6188409546875 0.48565160937499996 0.6024148921875 0.48113759062500006 0.6024148921875 0.48113759062500006 0.6188409546875
0 0.5147875484375 0.596209490625 0.521968940625 0.596209490625 0.521968940625 0.58854399375 0.5147875484375 0.58854399375 0.5147875484375 0.596209490625
0 0.492833003125 0.5505815359375 0.49509001250000007 0.5505815359375 0.49509001250000007 0.5363456156249999 0.492833003125 0.5363456156249999 0.492833003125 0.5505815359375
0 0.5026817703125 0.5440111109375 0.5061698765625 0.5440111109375 0.5061698765625 0.5367106390624999 0.5026817703125 0.5367106390624999 0.5026817703125 0.5440111109375
0 0.5026817703125 0.5560568906250001 0.5065802406250001 0.5560568906250001 0.5065802406250001 0.5440111109375 0.5026817703125 0.5440111109375 0.5026817703125 0.5560568906250001
0 0.543718303125 0.559342103125 0.5478219578125 0.559342103125 0.5478219578125 0.547661346875 0.543718303125 0.547661346875 0.543718303125 0.559342103125
0 0.550899696875 0.5527716781249999 0.550899696875 0.5407258984375 0.5465908609375 0.5407258984375 0.5465908609375 0.5527716781249999 0.5482095890625 0.5527716781249999 0.550899696875 0.5527716781249999
0 0.554387803125 0.571022859375 0.5586966390625 0.571022859375 0.5586966390625 0.5604371734375 0.554387803125 0.5604371734375 0.554387803125 0.571022859375
0 0.5628002921874999 0.5637223875 0.5586966390625 0.5637223875 0.5586966390625 0.57211793125 0.5628002921874999 0.57211793125 0.5628002921874999 0.5637223875
0 0.5855755671875 0.611175459375 0.59029476875 0.611175459375 0.59029476875 0.5936543249999999 0.5855755671875 0.5936543249999999 0.5855755671875 0.611175459375
0 0.5730594250000001 0.5881789703125 0.5755216171875001 0.5881789703125 0.5755216171875001 0.5797834265625 0.5730594250000001 0.5797834265625 0.5730594250000001 0.5881789703125
0 0.6225084484375 0.5837986859375001 0.6301002062500001 0.5837986859375001 0.6301002062500001 0.5688327171875 0.6225084484375 0.5688327171875 0.6225084484375 0.5837986859375001
0 0.5714179640625 0.533425425 0.576137165625 0.533425425 0.576137165625 0.5257599296875 0.5714179640625 0.5257599296875 0.5714179640625 0.533425425
0 0.53510063125 0.547661346875 0.543718303125 0.547661346875 0.543718303125 0.53999585 0.53510063125 0.53999585 0.53510063125 0.547661346875
0 0.5330488046874999 0.5644524343749999 0.542282025 0.5644524343749999 0.542282025 0.5524066546874999 0.5330488046874999 0.5524066546874999 0.5330488046874999 0.5644524343749999
0 0.7334028984375001 0.933999353125 0.7372500734375 0.933999353125 0.7372500734375 0.914607471875 0.7334028984375001 0.914607471875 0.7334028984375001 0.933999353125
0 0.7317999093750001 0.927725509375 0.7372500734375 0.927725509375 0.7372500734375 0.9054818812500001 0.7317999093750001 0.9054818812500001 0.7317999093750001 0.927725509375
0 0.41373081875000006 0.5741062078125 0.4188603859375 0.5741062078125 0.4188603859375 0.560600334375 0.41373081875000006 0.560600334375 0.41373081875000006 0.5741062078125
0 0.40716497343749997 0.5525698140624999 0.411473809375 0.5525698140624999 0.411473809375 0.5397939859374999 0.40716497343749997 0.5397939859374999 0.40716497343749997 0.5525698140624999
0 0.40141985937499997 0.5459993890625 0.4053183296875 0.5459993890625 0.4053183296875 0.5332235609375 0.40141985937499997 0.5332235609375 0.40141985937499997 0.5459993890625
0 0.3973162046875 0.51875 0.3973162046875 0.5251930406249999 0.40162504062500004 0.5251930406249999 0.40162504062500004 0.51875 0.3973162046875 0.51875
0 0.42398995156249997 0.550379671875 0.427272875 0.550379671875 0.427272875 0.5394289624999999 0.42398995156249997 0.5394289624999999 0.42398995156249997 0.550379671875
0 0.39013481250000004 0.5452693421875 0.3950591953125 0.5452693421875 0.3950591953125 0.53468365625 0.39013481250000004 0.53468365625 0.39013481250000004 0.5452693421875
0 0.660468840625 0.62015343125 0.668470965625 0.62015343125 0.668470965625 0.6048224390625 0.660468840625 0.6048224390625 0.660468840625 0.62015343125
0 0.494379409375 0.7270387953125 0.49895133906249994 0.7270387953125 0.49895133906249994 0.721393159375 0.494379409375 0.721393159375 0.494379409375 0.7270387953125
0 0.5021785828125 0.7093363765625 0.51013911875 0.7093363765625 0.51013911875 0.702829540625 0.5021785828125 0.702829540625 0.5021785828125 0.7093363765625
0 0.5169701203125 0.7026381625 0.522348859375 0.7026381625 0.522348859375 0.698906303125 0.5169701203125 0.698906303125 0.5169701203125 0.7026381625
0 0.49136731562499997 0.7035264359375 0.5000143953125 0.7035264359375 0.5000143953125 0.69680115 0.49136731562499997 0.69680115 0.49136731562499997 0.7035264359375
0 0.524287915625 0.6399680625 0.5280530328124999 0.6399680625 0.5280530328124999 0.6353750015624999 0.524287915625 0.6353750015624999 0.524287915625 0.6399680625
0 0.5584721781249999 0.8706435734374999 0.5649266671875 0.8706435734374999 0.5649266671875 0.8651414703124999 0.5584721781249999 0.8651414703124999 0.5584721781249999 0.8706435734374999
0 0.5579343046874999 0.8515058218749999 0.5643215578125 0.8515058218749999 0.5643215578125 0.8464821624999999 0.5579343046874999 0.8464821624999999 0.5579343046874999 0.8515058218749999
0 0.60917794375 0.7702269296875001 0.6135885109375 0.7702269296875001 0.6135885109375 0.7654424921875 0.60917794375 0.7654424921875 0.60917794375 0.7702269296875001
0 0.6108991406250001 0.769844175 0.6177839281249999 0.769844175 0.6177839281249999 0.75979685625 0.6108991406250001 0.75979685625 0.6108991406250001 0.769844175
0 0.607349171875 0.7644856046875 0.6108991406250001 0.7644856046875 0.6108991406250001 0.7467831859375 0.607349171875 0.7467831859375 0.607349171875 0.7644856046875
0 0.5892970984375 0.613155253125 0.594030390625 0.613155253125 0.594030390625 0.6083708156250001 0.5892970984375 0.6083708156250001 0.5892970984375 0.613155253125
0 0.5823024296874999 0.694339775 0.585744825 0.694339775 0.585744825 0.690435675 0.5823024296874999 0.690435675 0.5823024296874999 0.694339775
0 0.5242263406250001 0.766307640625 0.5279992046875 0.766307640625 0.5279992046875 0.7622902437500001 0.5242263406250001 0.7622902437500001 0.5242263406250001 0.766307640625
0 0.5482095890625 0.563308709375 0.5526218375 0.563308709375 0.5526218375 0.5527716781249999 0.5482095890625 0.5527716781249999 0.5482095890625 0.563308709375
0 0.4958929328125 0.5530296453125 0.5005152890625 0.5530296453125 0.5005152890625 0.5476097734375001 0.4958929328125 0.5476097734375001 0.4958929328125 0.5530296453125
0 0.408744775 0.5364194 0.4162298390625 0.5364194 0.4162298390625 0.529410946875 0.408744775 0.529410946875 0.408744775 0.5364194
0 0.41688642343750004 0.556743915625 0.42305831875 0.556743915625 0.42305831875 0.5448295453124999 0.41688642343750004 0.5448295453124999 0.41688642343750004 0.556743915625
0 0.430412065625 0.5504363078125001 0.44039215 0.5504363078125001 0.44039215 0.53805470625 0.430412065625 0.53805470625 0.430412065625 0.5504363078125001
