0 0.0224980765625 0.56875 0.02308785625 0.5434106375 0.0102253296875 0.5432609687500001 0.009632065625 0.56875 0.0224980765625 0.56875
0 0.0140625 0.56875 0.0140625 0.5535261125 0.004885476562499999 0.553739709375 0.0047981484375 0.56875 0.0140625 0.56875
0 0 0.56875 0.0057883671875 0.56875 0.0061266171875 0.5542174171875 0 0.5543243578125 0 0.56875
0 0.0078125 0.4604472234375 0.007802353125 0.460011271875 0.0051167703124999995 0.45999564687500005 0.0054296328125 0.4734375 0.0078125 0.4734375 0.0078125 0.4604472234375
0 0.0109375 0.46512972656249996 0.0078125 0.4651660875 0.0078125 0.478125 0.0109375 0.478125 0.0109375 0.46512972656249996
0 0.011721912499999999 0.465625 0.0114309703125 0.478125 0.0140625 0.478125 0.0140625 0.465625 0.011721912499999999 0.465625
0 0.044464101562500004 0.42964194375 0.0441721 0.4421875 0.047431009375 0.4421875 0.0477247765625 0.42956605000000003 0.044464101562500004 0.42964194375
0 0.0421875 0.434375 0.040625 0.434375 0.040625 0.43745042968750003 0.0407173703125 0.440625 0.0421875 0.440625 0.0421875 0.434375
0 0.0381792734375 0.4331078828125 0.0381792734375 0.4390625 0.0404395140625 0.4390625 0.0404395140625 0.4331341828125 0.0381792734375 0.4331078828125
0 0.035470639062499996 0.43145244062500004 0.035782998437500005 0.4421875 0.0375 0.4421875 0.0375 0.43141701875000005 0.035470639062499996 0.43145244062500004
0 0.031701525 0.43462672187500007 0.031701525 0.440625 0.034375 0.440625 0.034375 0.43462672187500007 0.031701525 0.43462672187500007
0 0.029062650000000002 0.43429324375 0.0290994875 0.440625 0.0296875 0.440625 0.0296875 0.43429324375 0.029062650000000002 0.43429324375
0 0.07231610625 0.47272660625 0.0720896578125 0.4921875 0.0765625 0.4921875 0.0765625 0.47272660625 0.07231610625 0.47272660625
0 0.0667682921875 0.4772267765625 0.06652918125 0.4875 0.0703125 0.4875 0.0703125 0.4771649125 0.0667682921875 0.4772267765625
0 0.22543850468749999 0.4917916796875 0.22543850468749999 0.5203125 0.23125 0.5203125 0.23125 0.49189311875 0.22543850468749999 0.4917916796875
0 0.2221336875 0.4966693984375 0.2220403890625 0.5046875 0.225 0.5046875 0.225 0.4967528 0.2221336875 0.4966693984375
0 0.2174544765625 0.4984547078125 0.217309225 0.5109375 0.221875 0.5109375 0.221875 0.49853186875000005 0.2174544765625 0.4984547078125
0 0.21339163593750002 0.4875 0.21302795937500002 0.503125 0.2202697984375 0.503125 0.2203125 0.50129038125 0.2203125 0.4875 0.21339163593750002 0.4875
0 0.20134800312499998 0.48988443281249994 0.20109913437500002 0.4984375 0.20625 0.4984375 0.20625 0.4899129515625 0.20134800312499998 0.48988443281249994
0 0.1578125 0.5480124640625 0.15 0.5481033703125 0.15 0.565625 0.1578125 0.565625 0.1578125 0.5480124640625
0 0.1492298765625 0.5370042796875001 0.14945962031249999 0.546875 0.1559032734375 0.546875 0.155675275 0.5370792796875 0.1492298765625 0.5370042796875001
0 0.1484375 0.5398107000000001 0.14375 0.5397561546875 0.14375 0.5461494234375001 0.1437668875 0.546875 0.1484375 0.546875 0.1484375 0.5398107000000001
0 0.55 0.56875 0.55 0.5639736531249999 0.5426175765625 0.563801825 0.5426175765625 0.56875 0.55 0.56875
0 0.615625 0.5465898218749999 0.6156048281250001 0.544856259375 0.61181024375 0.544790025 0.6120163187500001 0.5625 0.615625 0.5625 0.615625 0.5465898218749999
0 0.6239654125 0.538584809375 0.6241919390625 0.5515625 0.6265625 0.5515625 0.6265625 0.5386301421875 0.6239654125 0.538584809375
0 0.3640625 0.3581419734375 0.364037171875 0.3581419734375 0.3640625 0.362495453125 0.3640625 0.3581419734375
0 0.3674821765625 0.36473173124999997 0.3674250171875 0.3671875 0.36875 0.3671875 0.36875 0.364761240625 0.3674821765625 0.36473173124999997
0 0.7853386015625 0.18717548906249998 0.7867281234375 0.246875 0.8046875 0.246875 0.8046875 0.1872880578125 0.7853386015625 0.18717548906249998
0 0.40287850937499997 0.938618746875 0.4027954453125 0.9421875 0.403125 0.9421875 0.403125 0.9386244843749999 0.40287850937499997 0.938618746875
0 0.5169296875 0.9456959921875001 0.5169547265625 0.95 0.5171875 0.95 0.5171875 0.94570349375 0.5169296875 0.9456959921875001
0 0.5243725125 0.949959059375 0.5245100953125 0.9546875 0.525 0.9546875 0.525 0.9499481062499999 0.5243725125 0.949959059375
0 0.24819681093749998 0.9293460109374999 0.24827749375 0.9328125 0.2484375 0.9328125 0.2484375 0.9293474109375 0.24819681093749998 0.9293460109374999
0 0.7694619312500001 0.72348046875 0.769153346875 0.75 0.78125 0.75 0.78125 0.723343303125 0.7694619312500001 0.72348046875
0 0.71339010625 0.5915012609375 0.71308319375 0.6046875 0.71875 0.6046875 0.71875 0.5915636296875 0.71339010625 0.5915012609375
0 0.799130378125 0.6756578375 0.7994749484375 0.6875 0.80770325625 0.6875 0.8073545078125001 0.6755142859375 0.799130378125 0.6756578375
0 0.816096921875 0.6306244921874999 0.8163296859375 0.640625 0.821875 0.640625 0.821875 0.6306581078125 0.816096921875 0.6306244921874999
0 0.7957315031250001 0.6619442140625 0.795558159375 0.671875 0.8091347796875 0.671875 0.8093108812500001 0.6617862046875 0.7957315031250001 0.6619442140625
0 0.8944223828125001 0.56875 0.8946042406250001 0.575 0.8984375 0.575 0.8984375 0.56875 0.8944223828125001 0.56875
0 0.99022145 0.7023156140625 0.9901349281249999 0.7171875 0.9953125 0.7171875 0.9953125 0.702434109375 0.99022145 0.7023156140625
0 0.9620216906250001 0.6198185171875 0.9627634890625 0.6453125 0.96875 0.6453125 0.96875 0.619779371875 0.9620216906250001 0.6198185171875
