0 0.159375 0.109903028125 0.1590821546875 0.1098979171875 0.1575868828125 0.10987181718750001 0.157793525 0.11875 0.159375 0.11875 0.159375 0.109903028125
0 0.1640625 0.111926928125 0.1609375 0.1118905640625 0.1609375 0.1171875 0.1640625 0.1171875 0.1640625 0.111926928125
0 0.17509431250000002 0.1169151203125 0.1765625 0.11694929218750001 0.1765625 0.110265415625 0.1751331921875 0.1102321484375 0.17509431250000002 0.1169151203125
0 0.180371078125 0.108406459375 0.18023943125 0.1140625 0.1828125 0.1140625 0.1828125 0.1083780515625 0.180371078125 0.108406459375
0 0.178570959375 0.11280606093750001 0.17846898125 0.1171875 0.1875 0.1171875 0.1875 0.112909959375 0.178570959375 0.11280606093750001
0 0.23313734687499998 0.1087694046875 0.23321712031250003 0.115625 0.234375 0.115625 0.234375 0.10874059843749999 0.23313734687499998 0.1087694046875
0 0.6310307953125001 0 0.6313944703125 0.015625 0.6421875 0.015625 0.6421875 0 0.6310307953125001 0
0 0.6184841984375 0 0.6189388390625 0.015625 0.628125 0.015625 0.628125 0 0.6184841984375 0
0 0.609375 0 0.609375 0.0140625 0.6203125 0.0140625 0.6203125 0 0.609375 0
0 0.8813020640625 0.245655990625 0.8813020640625 0.23214395312499997 0.8713678296874999 0.23214395312499997 0.8713678296874999 0.245655990625 0.8749272296874999 0.245655990625 0.8813020640625 0.245655990625
0 0.8698095171875 0.2768376140625 0.8698095171875 0.266443740625 0.8616283828124999 0.266443740625 0.8616283828124999 0.2768376140625 0.8668518078125 0.2768376140625 0.8698095171875 0.2768376140625
0 0.309375 0.0673504578125 0.3295084203125 0.0673504578125 0.3295084203125 0.0504985234375 0.309375 0.0504985234375 0.309375 0.0673504578125
0 0.35154917656249995 0.05511063125 0.37069770625 0.05511063125 0.37069770625 0.034888307812500005 0.35154917656249995 0.034888307812500005 0.35154917656249995 0.05511063125
0 0.3268540375 0.05166100781250001 0.34592278125 0.05166100781250001 0.34592278125 0.037611815625 0.3268540375 0.037611815625 0.3268540375 0.05166100781250001
0 0.6634932265625 0.105303196875 0.7054803671875 0.105303196875 0.7054803671875 0.0767436015625 0.6634932265625 0.0767436015625 0.6634932265625 0.105303196875
0 0.9817706906249999 0 0.9817706906249999 0.0329708125 0.9964312828124999 0.0329708125 0.9964312828124999 0 0.9817706906249999 0
0 0.190625 1 0.190625 0.9687564984375001 0.1902527046875 0.96875 0.1822125484375 0.96875 0.1829399 1 0.190625 1
0 0.8585766140625001 1 0.8585766140625001 0.988458259375 0.8527454109375 0.988458259375 0.8527454109375 1 0.8585766140625001 1
0 0.7618064046875 0.9472526265625 0.76722109375 0.9472526265625 0.76722109375 0.9303957765625 0.7618064046875 0.9303957765625 0.7618064046875 0.9472526265625
0 0.8655889265625 0.9868057328125002 0.8714889937500001 0.9868057328125002 0.8714889937500001 0.969011559375 0.8655889265625 0.969011559375 0.8655889265625 0.9868057328125002
0 0.865162415625 0.9741260531249999 0.870138375 0.9741260531249999 0.870138375 0.9563318796875 0.865162415625 0.9563318796875 0.865162415625 0.9741260531249999
0 0.828390309375 0.9151672453125 0.8370676937500001 0.9151672453125 0.8370676937500001 0.9029733437499999 0.828390309375 0.9029733437499999 0.828390309375 0.9151672453125
0 0.7778892921875 0.9132218140624999 0.782083315625 0.9132218140624999 0.782083315625 0.8964931593750001 0.7778892921875 0.8964931593750001 0.7778892921875 0.9132218140624999
0 0.7724868203125 0.9067221453125001 0.7761121640625 0.9067221453125001 0.7761121640625 0.8915917703125 0.7724868203125 0.8915917703125 0.7724868203125 0.9067221453125001
0 0.7842869546875 0.9110907749999999 0.7896183406249999 0.9110907749999999 0.7896183406249999 0.8924441859375001 0.7842869546875 0.8924441859375001 0.7842869546875 0.9110907749999999
0 0.7462960375 0.8891798546875 0.751990571875 0.8891798546875 0.751990571875 0.8729213187500001 0.7462960375 0.8729213187500001 0.7462960375 0.8891798546875
0 0.7502669421875 0.8410706593749999 0.7547097640625 0.8410706593749999 0.7547097640625 0.825462465625 0.7502669421875 0.825462465625 0.7502669421875 0.8410706593749999
0 0.753599059375 0.8394057859374999 0.7592914234375 0.8394057859374999 0.7592914234375 0.8233813734375002 0.753599059375 0.8233813734375002 0.753599059375 0.8394057859374999
0 0.8004567078125 0.81742270625 0.81390665625 0.81742270625 0.81390665625 0.7819790984375 0.8004567078125 0.7819790984375 0.8004567078125 0.81742270625
0 0.726048121875 0.8223002671875002 0.7423182203125 0.8223002671875002 0.7423182203125 0.8047410484374999 0.726048121875 0.8047410484374999 0.726048121875 0.8223002671875002
0 0.7930809296875 0.7380810546875 0.8028429890624998 0.7380810546875 0.8028429890624998 0.72279803125 0.7930809296875 0.72279803125 0.7930809296875 0.7380810546875
0 0.4883517234375 0.8242031375 0.4932327531249999 0.8242031375 0.4932327531249999 0.8116027734374999 0.4883517234375 0.8116027734374999 0.4883517234375 0.8242031375
0 0.49946962500000003 0.83802289375 0.5040794859375 0.83802289375 0.5040794859375 0.8258289921875 0.49946962500000003 0.8258289921875 0.49946962500000003 0.83802289375
0 0.5199699499999999 0.825422528125 0.5236578390625001 0.825422528125 0.5236578390625001 0.8153422359375 0.5199699499999999 0.8153422359375 0.5199699499999999 0.825422528125
0 0.78461910625 0.62345123125 0.78711819375 0.62345123125 0.78711819375 0.6130457703125 0.78461910625 0.6130457703125 0.78461910625 0.62345123125
0 0.680361540625 0.8990049062499998 0.6863087796875 0.8990049062499998 0.6863087796875 0.8825052265625001 0.680361540625 0.8825052265625001 0.680361540625 0.8990049062499998
0 0.8318690265625002 0.961049709375 0.8358649046875 0.961049709375 0.8358649046875 0.9454512421875 0.8318690265625002 0.9454512421875 0.8318690265625002 0.961049709375
0 0.8279158875 0.96153015625 0.8327023921875 0.96153015625 0.8327023921875 0.9417998546875002 0.8279158875 0.9417998546875002 0.8279158875 0.96153015625
0 0.9122993078124999 0.93495545 0.9167825609375001 0.93495545 0.9167825609375001 0.9244171109374999 0.9122993078124999 0.9244171109374999 0.9122993078124999 0.93495545
0 0.8989514406249999 0.958323071875 0.9039441531249999 0.958323071875 0.9039441531249999 0.9442719531249999 0.8989514406249999 0.9442719531249999 0.8989514406249999 0.958323071875
0 0.8732387609375 0.9754874296875 0.8794468421874999 0.9754874296875 0.8794468421874999 0.9564072328125001 0.8732387609375 0.9564072328125001 0.8732387609375 0.9754874296875
0 0.9389978140625 0.9055008843749999 0.9429209046875 0.9055008843749999 0.9429209046875 0.898244153125 0.9389978140625 0.898244153125 0.9389978140625 0.9055008843749999
0 0.9344486984374999 0.9103804109375 0.9382048484375 0.9103804109375 0.9382048484375 0.9022478671874999 0.9344486984374999 0.9022478671874999 0.9344486984374999 0.9103804109375
0 0.8409532640624999 0.7916153609375 0.8448659203125001 0.7916153609375 0.8448659203125001 0.7793383484375 0.8409532640624999 0.7793383484375 0.8409532640624999 0.7916153609375
0 0.8292152921875001 0.7920063468749999 0.8329192750000001 0.7920063468749999 0.8329192750000001 0.7816060765625 0.8292152921875001 0.7816060765625 0.8292152921875001 0.7920063468749999
0 0.8372492812499999 0.7927883234374999 0.8404837453125001 0.7927883234374999 0.8404837453125001 0.7809022984375 0.8372492812499999 0.7809022984375 0.8372492812499999 0.7927883234374999
