0 0.9840894453125 0 0.9840894453125 0.0353819953125 0.9939661421875 0.0353819953125 0.9939661421875 0 0.9840894453125 0
0 0.9448031203125 0.2372705671875 0.9580078734375 0.2372705671875 0.9580078734375 0.1923726078125 0.9448031203125 0.1923726078125 0.9448031203125 0.2372705671875
0 0.8150520546875001 0.279107303125 0.8357203656250001 0.279107303125 0.8357203656250001 0.25155628281250003 0.8150520546875001 0.25155628281250003 0.8150520546875001 0.279107303125
0 0.722044653125 0.0913522 0.73410116875 0.0913522 0.73410116875 0.0699236296875 0.722044653125 0.0699236296875 0.722044653125 0.0913522
0 0.69104999375 0.1929991390625 0.7006915328125001 0.1929991390625 0.7006915328125001 0.1737730171875 0.69104999375 0.1737730171875 0.69104999375 0.1929991390625
0 0.6633011796874999 0.2072097515625 0.6752943109375 0.2072097515625 0.6752943109375 0.189655465625 0.6633011796874999 0.189655465625 0.6633011796874999 0.2072097515625
0 0.6872874437500001 0.2427362828125 0.6985750968750001 0.2427362828125 0.6985750968750001 0.22100240468750001 0.6872874437500001 0.22100240468750001 0.6872874437500001 0.2427362828125
0 0.9654392796875001 0.10118383281250001 0.9754863765625 0.10118383281250001 0.9754863765625 0.0641940375 0.9654392796875001 0.0641940375 0.9654392796875001 0.10118383281250001
0 0.2765625 0.6091475578125001 0.2515625 0.6088566562500001 0.2515625 0.6302715375 0.25253083125 0.671875 0.2765625 0.671875 0.2765625 0.6091475578125001
0 0.541427634375 0.9821754593750001 0.556389834375 0.9821754593750001 0.556389834375 0.9635938828124999 0.541427634375 0.9635938828124999 0.541427634375 0.9821754593750001
0 0.56835959375 0.99196175625 0.5935517625 0.99196175625 0.5935517625 0.9721414078125001 0.56835959375 0.9721414078125001 0.56835959375 0.99196175625
0 0.6231977953125 1 0.6231977953125 0.98440525 0.60030215 0.98440525 0.60030215 1 0.6231977953125 1
0 0.639609728125 0.9810566015625 0.646151340625 0.9810566015625 0.646151340625 0.97102255 0.639609728125 0.97102255 0.639609728125 0.9810566015625
0 0.659304159375 0.9794461984375001 0.6677247453125 0.9794461984375001 0.6677247453125 0.9699076546875001 0.659304159375 0.9699076546875001 0.659304159375 0.9794461984375001
0 0.653736828125 0.9941875828125 0.661531090625 0.9941875828125 0.661531090625 0.9861355640625 0.653736828125 0.9861355640625 0.653736828125 0.9941875828125
