0 0.5869915765625 0.9998252000000001 0.5916429421875 0.9998252000000001 0.5916429421875 0.99019849375 0.5869915765625 0.99019849375 0.5869915765625 0.9998252000000001
0 0.637329684375 0.9609481171875001 0.6405339578125 0.9609481171875001 0.6405339578125 0.9487296046875 0.637329684375 0.9487296046875 0.637329684375 0.9609481171875001
0 0.6405339578125 0.9576157953125 0.6438415953125001 0.9576157953125 0.6438415953125001 0.9459526703125001 0.6405339578125 0.9459526703125001 0.6405339578125 0.9576157953125
0 0.6572788734375 0.9607629875000001 0.661516784375 0.9607629875000001 0.661516784375 0.947803959375 0.6572788734375 0.947803959375 0.6572788734375 0.9607629875000001
0 0.6578990546875 0.9020771062499999 0.66131005625 0.9020771062499999 0.66131005625 0.8948570765625 0.6578990546875 0.8948570765625 0.6578990546875 0.9020771062499999
0 0.7126818015625 0.9129997140624999 0.71857353125 0.9129997140624999 0.71857353125 0.90152171875 0.7126818015625 0.90152171875 0.7126818015625 0.9129997140624999
0 0.64477186875 0.8059951734374999 0.6478727796875 0.8059951734374999 0.6478727796875 0.7956279515625 0.64477186875 0.7956279515625 0.64477186875 0.8059951734374999
0 0.6374330484375 0.8008115625000001 0.640120503125 0.8008115625000001 0.640120503125 0.7928510171875 0.6374330484375 0.7928510171875 0.6374330484375 0.8008115625000001
0 0.6413608671875 0.7856309875 0.6452886875 0.7856309875 0.6452886875 0.7748935078125 0.6413608671875 0.7748935078125 0.6413608671875 0.7856309875
0 0.709477528125 0.7452728734375 0.7143356203125 0.7452728734375 0.7143356203125 0.7374974562500001 0.709477528125 0.7374974562500001 0.709477528125 0.7452728734375
0 0.8551201078125 0.9635732828125001 0.8599652796875 0.9635732828125001 0.8599652796875 0.94802534375 0.8551201078125 0.94802534375 0.8551201078125 0.9635732828125001
0 0.8710688 0.95887274375 0.8761158531250001 0.95887274375 0.8761158531250001 0.9451327031250001 0.8710688 0.9451327031250001 0.8710688 0.95887274375
0 0.6582544078125 0.6651490453125 0.6608384984375 0.6651490453125 0.6608384984375 0.6586695312499999 0.6582544078125 0.6586695312499999 0.6582544078125 0.6651490453125
0 0.65740109375 0.6823568296875 0.6602023328125 0.6823568296875 0.6602023328125 0.6759197375 0.65740109375 0.6759197375 0.65740109375 0.6823568296875
