0 0.13359375 0.13359375 0.2671875 0.0109375
0 0.13984375 0.13828125 0.2796875 0.0140625
0 0.13984375 0.15390625 0.2796875 0.0109375
0 0.10390625 0.13203125 0.2078125 0.0171875
0 0.0890625 0.13515625 0.178125 0.0078125
0 0.09609375 0.14453125 0.1921875 0.0078125
0 0.090625 0.29296875 0.18125 0.0140625
0 0.3945597671875 0.1005095015625 0.3947931515625 0.140625 0.4140625 0.140625 0.4140625 0.10062296562499999 0.3945597671875 0.1005095015625
0 0.5029409031250001 0.11800813125000001 0.5023824828125 0.15 0.5140625 0.15 0.5140625 0.118072834375 0.5029409031250001 0.11800813125000001
0 0.5390625 0.15 0.5390625 0.11363859999999999 0.5282982046875 0.11338805781250001 0.528125 0.1208296359375 0.528125 0.15 0.5390625 0.15
0 0.0754649890625 0.779462790625 0.07553901874999999 0.7921875 0.08125 0.7921875 0.08125 0.779496446875 0.0754649890625 0.779462790625
0 0.25249273125 0.8320362328125 0.2523564296875 0.84375 0.2578125 0.84375 0.2578125 0.8321290890625 0.25249273125 0.8320362328125
0 0.16451179375 0.5941469359375 0.16415963125 0.60625 0.16875 0.60625 0.16875 0.5941469359375 0.16451179375 0.5941469359375
0 0.240625 0.6806048328125 0.23301719531249998 0.680560571875 0.2328125 0.6875955015625 0.2328125 0.6953125 0.24037405625 0.6953125 0.240625 0.68668810625 0.240625 0.6806048328125
0 0.26056581562500003 0.592832825 0.2603626296875 0.6015625 0.275 0.6015625 0.275 0.5927488484375 0.26056581562500003 0.592832825
0 0.24764294687500002 0.5324178203125 0.2477384453125 0.540625 0.2515625 0.540625 0.2515625 0.5324406234375 0.24764294687500002 0.5324178203125
0 0.1350767828125 0.5095246765624999 0.1347628890625 0.5203125 0.1421875 0.5203125 0.1421875 0.5096074171874999 0.1350767828125 0.5095246765624999
0 0.2451388265625 0.858066328125 0.259201653125 0.858066328125 0.259201653125 0.8451231312499999 0.2451388265625 0.8451231312499999 0.2451388265625 0.858066328125
0 0.7686479828125 0.602494525 0.7685551578125 0.6078125 0.7703125 0.6078125 0.7703125 0.602504209375 0.7686479828125 0.602494525
0 0.6126404734374999 0.6086892421875 0.6125517765625 0.6125 0.615625 0.6125 0.615625 0.6087587078125 0.6126404734374999 0.6086892421875
0 0.440625 1 0.440625 0.9655481781249999 0.43125 0.9655481781249999 0.43125 1 0.440625 1
