0 0.8142857140625 0.150929028125 0.9748299312500001 0.150929028125 0.9748299312500001 0.0461468171875 0.8142857140625 0.0461468171875 0.8142857140625 0.150929028125
0 0.853345059375 0.6998911828125001 0.8651005234375001 0.6998911828125001 0.8651005234375001 0.6647321078124999 0.853345059375 0.6647321078124999 0.853345059375 0.6998911828125001
0 0.8835896999999999 0.6964161578125 0.8923777656249999 0.6964161578125 0.8923777656249999 0.66105266875 0.8835896999999999 0.66105266875 0.8835896999999999 0.6964161578125
0 0.9056169296875 0.6833337125 0.9125789031249999 0.6833337125 0.9125789031249999 0.66432328125 0.9056169296875 0.66432328125 0.9056169296875 0.6833337125
0 0.9109810734374999 0.6908970015625 0.919198484375 0.6908970015625 0.919198484375 0.6747483546875 0.9109810734374999 0.6747483546875 0.9109810734374999 0.6908970015625
0 0.7213987703125 0.6619272515625 0.7276402937500001 0.6619272515625 0.7276402937500001 0.6322234546875001 0.7213987703125 0.6322234546875001 0.7213987703125 0.6619272515625
0 0.663263434375 0.6079493828125 0.6711099203125 0.6079493828125 0.6711099203125 0.5827171250000001 0.663263434375 0.5827171250000001 0.663263434375 0.6079493828125
0 0.5547898296875 0.5688996421875 0.5579307078125 0.5688996421875 0.5579307078125 0.5550322484375 0.5547898296875 0.5550322484375 0.5547898296875 0.5688996421875
0 0.5528176515625 0.5618351203125 0.557054184375 0.5618351203125 0.557054184375 0.5483602000000001 0.5528176515625 0.5483602000000001 0.5528176515625 0.5618351203125
0 0.545659371875 0.5617042953125 0.54887329375 0.5617042953125 0.54887329375 0.5477060781249999 0.545659371875 0.5477060781249999 0.545659371875 0.5617042953125
0 0.5416419718750001 0.5628817171875 0.545805459375 0.5628817171875 0.545805459375 0.5460053593749999 0.5416419718750001 0.5460053593749999 0.5416419718750001 0.5628817171875
0 0.5111097203125 0.54993009375 0.5157845156249999 0.54993009375 0.5157845156249999 0.542342275 0.5111097203125 0.542342275 0.5111097203125 0.54993009375
0 0.6835571359375 0.5606203671875 0.6876943734375 0.5606203671875 0.6876943734375 0.546055925 0.6835571359375 0.546055925 0.6835571359375 0.5606203671875
0 0.6503165625 0.5514217718750001 0.654739128125 0.5514217718750001 0.654739128125 0.5386459453125 0.6503165625 0.5386459453125 0.6503165625 0.5514217718750001
0 0.63348228125 0.5516772875 0.6390461546874999 0.5516772875 0.6390461546874999 0.5363462953125 0.63348228125 0.5363462953125 0.63348228125 0.5516772875
0 0.6406154515625 0.537623878125 0.6444673640625 0.537623878125 0.6444673640625 0.525359084375 0.6406154515625 0.525359084375 0.6406154515625 0.537623878125
0 0.6144359015624999 0.5302519703125 0.6175744953125 0.5302519703125 0.6175744953125 0.5184982109375 0.6144359015624999 0.5184982109375 0.6144359015624999 0.5302519703125
0 0.5167985515625 0.514882309375 0.5186976875 0.514882309375 0.5186976875 0.50677119375 0.5167985515625 0.50677119375 0.5167985515625 0.514882309375
0 0.5186976875 0.514882309375 0.5215463890625001 0.514882309375 0.5215463890625001 0.507425315625 0.5186976875 0.507425315625 0.5186976875 0.514882309375
0 0.3646011640625 0.5399770546875 0.3676327625 0.5399770546875 0.3676327625 0.5284788109375 0.3646011640625 0.5284788109375 0.3646011640625 0.5399770546875
0 0.013075853125 0.544911703125 0.0178907421875 0.544911703125 0.0178907421875 0.5251091703124999 0.013075853125 0.5251091703124999 0.013075853125 0.544911703125
0 0.2388117078125 0.5416767515625 0.243719328125 0.5416767515625 0.243719328125 0.529820784375 0.2388117078125 0.529820784375 0.2388117078125 0.5416767515625
0 0.2426921515625 0.5371796609375 0.2480562953125 0.5371796609375 0.2480562953125 0.5259369328125 0.2426921515625 0.5259369328125 0.2426921515625 0.5371796609375
0 0.417211809375 0.5225449953125 0.420484165625 0.5225449953125 0.420484165625 0.5149048453125 0.417211809375 0.5149048453125 0.417211809375 0.5225449953125
0 0.4302427984375 0.5163700796875 0.4336320234375 0.5163700796875 0.4336320234375 0.5090439109375 0.4302427984375 0.5090439109375 0.4302427984375 0.5163700796875
0 0.385656946875 0.5264173999999999 0.38904617343750003 0.5264173999999999 0.38904617343750003 0.5198238453124999 0.385656946875 0.5198238453124999 0.385656946875 0.5264173999999999
0 0.3923185296875 0.526522059375 0.394480621875 0.526522059375 0.394480621875 0.5163700796875 0.3923185296875 0.5163700796875 0.3923185296875 0.526522059375
0 0.39377940312500004 0.528301271875 0.396759584375 0.528301271875 0.396759584375 0.5176259953125 0.39377940312500004 0.5176259953125 0.39377940312500004 0.528301271875
0 0.39553245000000004 0.526522059375 0.40038254999999995 0.526522059375 0.40038254999999995 0.520033165625 0.39553245000000004 0.520033165625 0.39553245000000004 0.526522059375
0 0.027948953125 0.5048172546874999 0.0303154828125 0.5048172546874999 0.0303154828125 0.4969566484375 0.027948953125 0.4969566484375 0.027948953125 0.5048172546874999
0 0.06374810625 0.5058190953125 0.066544915625 0.5058190953125 0.066544915625 0.496571325 0.06374810625 0.496571325 0.06374810625 0.5058190953125
0 0.095918803125 0.510079978125 0.09898453593749999 0.510079978125 0.09898453593749999 0.50487810625 0.095918803125 0.50487810625 0.095918803125 0.510079978125
0 0.10689090000000001 0.49880925625000005 0.11259208750000001 0.49880925625000005 0.11259208750000001 0.49254774375 0.10689090000000001 0.49254774375 0.10689090000000001 0.49880925625000005
0 0.11302236562500001 0.5111396187499999 0.11576539062499999 0.5111396187499999 0.11576539062499999 0.505937746875 0.11302236562500001 0.505937746875 0.11302236562500001 0.5111396187499999
0 0.12732911875 0.505937746875 0.12463987968750001 0.505937746875 0.12463987968750001 0.5067939484374999 0.12463987968750001 0.5098288015625 0.12463987968750001 0.5118139359375 0.12732911875 0.5118139359375 0.12732911875 0.505937746875
0 0.11364411875 0.47885223281249994 0.11364411875 0.485695584375 0.11626021093750001 0.485695584375 0.11626021093750001 0.483464675 0.11626021093750001 0.47885223281249994 0.11364411875 0.47885223281249994
0 0.13546568125 0.4937260078125 0.1398975484375 0.4937260078125 0.1398975484375 0.488023215625 0.13546568125 0.488023215625 0.13546568125 0.4937260078125
0 0.14949275312500002 0.493340684375 0.1556887609375 0.493340684375 0.1556887609375 0.48432410781249996 0.14949275312500002 0.48432410781249996 0.14949275312500002 0.493340684375
0 0.160593934375 0.48856266875000004 0.16227201875 0.48856266875000004 0.16227201875 0.484401171875 0.160593934375 0.484401171875 0.160593934375 0.48856266875000004
0 0.16657480156249999 0.483630525 0.1685110546875 0.483630525 0.1685110546875 0.478235990625 0.16657480156249999 0.478235990625 0.16657480156249999 0.483630525
0 0.1781492875 0.4892562515625 0.1781492875 0.4932636203125 0.17995645625 0.4932636203125 0.17995645625 0.4918951296875 0.17995645625 0.4892562515625 0.1781492875 0.4892562515625
0 0.1907671984375 0.4861206796875 0.1907671984375 0.4882974578125 0.1907671984375 0.491592278125 0.1921440890625 0.491592278125 0.1921440890625 0.4861206796875 0.1907671984375 0.4861206796875
0 0.2561994171875 0.5012199546875 0.2561994171875 0.5069227484375001 0.258996225 0.5069227484375001 0.258996225 0.5048140453125 0.258996225 0.5012199546875 0.2561994171875 0.5012199546875
0 0.24804994531250002 0.49297182343749996 0.2551753546875 0.49297182343749996 0.2551753546875 0.4875464640625 0.24804994531250002 0.4875464640625 0.24804994531250002 0.49297182343749996
0 0.23563050156249998 0.5023219812499999 0.23563050156249998 0.5070229328125 0.237566753125 0.5070229328125 0.237566753125 0.504486984375 0.237566753125 0.5023219812499999 0.23563050156249998 0.5023219812499999
0 0.2299938546875 0.4892209703125 0.2299938546875 0.4948466984375 0.231757996875 0.4948466984375 0.231757996875 0.492222190625 0.231757996875 0.4892209703125 0.2299938546875 0.4892209703125
0 0.2716716859375 0.4915618140625 0.267368903125 0.4915618140625 0.267368903125 0.49695634687499995 0.2716716859375 0.49695634687499995 0.2716716859375 0.4915618140625
0 0.278377471875 0.4953247421875 0.28173364375 0.4953247421875 0.28173364375 0.49177976250000005 0.278377471875 0.49177976250000005 0.278377471875 0.4953247421875
0 0.3137640796875 0.5021089671875 0.30537365312500003 0.5021089671875 0.30537365312500003 0.5157879640624999 0.3137640796875 0.5157879640624999 0.3137640796875 0.5021089671875
0 0.29826666562500004 0.50779215 0.29628738593750004 0.50779215 0.29628738593750004 0.516269275 0.29826666562500004 0.516269275 0.29826666562500004 0.50779215
0 0.36917635 0.516218921875 0.3750926765625 0.516218921875 0.3750926765625 0.5063931640625 0.36917635 0.5063931640625 0.36917635 0.516218921875
0 0.3662181859375 0.5091867625 0.36014050468750003 0.5091867625 0.36014050468750003 0.5175675562500001 0.3662181859375 0.5175675562500001 0.3662181859375 0.5091867625
0 0.4646129390625 0.48916614375 0.46714082343749996 0.48916614375 0.46714082343749996 0.48540923593749996 0.4646129390625 0.48540923593749996 0.4646129390625 0.48916614375
0 0.48763524062499997 0.5344624015624999 0.48415859218749996 0.5344624015624999 0.48415859218749996 0.547162675 0.48763524062499997 0.547162675 0.48763524062499997 0.5344624015624999
0 0.053766664062500004 0.5041249109375 0.055589834375 0.5041249109375 0.055589834375 0.497761609375 0.053766664062500004 0.497761609375 0.053766664062500004 0.5041249109375
0 0.0561040609375 0.50437609375 0.0575999953125 0.50437609375 0.0575999953125 0.497761609375 0.0561040609375 0.497761609375 0.0561040609375 0.50437609375
0 0.0575999953125 0.50437609375 0.059984140625 0.50437609375 0.059984140625 0.4991849796875 0.0575999953125 0.4991849796875 0.0575999953125 0.50437609375
0 0.3196953453125 0.5154793390625 0.320817296875 0.5154793390625 0.320817296875 0.5091160359375 0.3196953453125 0.5091160359375 0.3196953453125 0.5154793390625
0 0.322462825 0.5156133015625 0.324370140625 0.5156133015625 0.324370140625 0.5093169828125 0.322462825 0.5093169828125 0.322462825 0.5156133015625
