0 0.9875 0.1875 0.9832282078125001 0.1875 0.9828125 0.20536051875 0.9828125 0.20625 0.987276940625 0.20625 0.9875 0.19666649687499999 0.9875 0.1875
0 0.9807193859375001 0.177002025 0.9807193859375001 0.1953125 0.9859375 0.1953125 0.9859375 0.1769716671875 0.9807193859375001 0.177002025
0 0.9712558328124998 0.17628031875 0.9711451062500001 0.1953125 0.975 0.1953125 0.975 0.17623675156250002 0.9712558328124998 0.17628031875
0 0.965625 0.198386934375 0.9703125 0.1983323890625 0.9703125 0.17420881875 0.965625 0.17426336250000002 0.965625 0.198386934375
0 0.9265625 0.16875 0.9258418593750001 0.16875 0.9212438625000001 0.1688837875 0.9214953203124999 0.1796875 0.9229332484375 0.1796875 0.9265625 0.17958190000000002 0.9265625 0.16875
0 0.9292807734374999 0.1175595796875 0.9290348609375 0.128125 0.93125 0.128125 0.93125 0.1175595796875 0.9292807734374999 0.1175595796875
0 0.9325577109375001 0.12961751562499998 0.934375 0.12962808750000002 0.934375 0.1189713609375 0.9322475796875 0.11895898437500001 0.9325577109375001 0.12961751562499998
0 0.7116285765625 0.149226621875 0.7116285765625 0.165625 0.714760696875 0.165625 0.715625 0.16561494375000002 0.715625 0.1491801203125 0.7116285765625 0.149226621875
0 0.5390625 0.1515625 0.5328125 0.1515625 0.5328125 0.1671875 0.5390625 0.1671875 0.5390625 0.1515625
0 0.5384186046874999 0.1456682640625 0.5379743171875 0.1609375 0.5453125 0.1609375 0.5453125 0.1455078078125 0.5384186046874999 0.1456682640625
0 0.7871174984375 0.12953799375 0.787006671875 0.1390625 0.790625 0.1390625 0.790625 0.1295175875 0.7871174984375 0.12953799375
0 0.80566675 0.12115555 0.8058653343750001 0.1296875 0.809375 0.1296875 0.809375 0.12111240000000001 0.80566675 0.12115555
0 0.7423724265625 0.1373814296875 0.7425570234375 0.1453125 0.746875 0.1453125 0.746875 0.1373290375 0.7423724265625 0.1373814296875
0 0.7519160390625 0.13161220625 0.7518363328125 0.1453125 0.7546875 0.1453125 0.7546875 0.1315799578125 0.7519160390625 0.13161220625
0 0.7543130687499999 0.134032675 0.75389393125 0.1484375 0.7578125 0.1484375 0.7578125 0.134114125 0.7543130687499999 0.134032675
0 0.7567552531249999 0.13634038906249998 0.757016315625 0.1453125 0.7625 0.1453125 0.7625 0.136173234375 0.7567552531249999 0.13634038906249998
0 0.557158953125 0.11828880625 0.559375 0.11823722656249999 0.559375 0.110087140625 0.5572063765624999 0.11013761562499999 0.557158953125 0.11828880625
0 0.5456150234375 0.0903626703125 0.545425534375 0.096875 0.5546875 0.096875 0.5546875 0.0901515046875 0.5456150234375 0.0903626703125
0 0.5729968421875 0.09558035000000001 0.5731724453125 0.103125 0.578125 0.103125 0.578125 0.09549083750000001 0.5729968421875 0.09558035000000001
0 0.5889408781250001 0.0964388140625 0.588982315625 0.1 0.5921875 0.1 0.5921875 0.0965143796875 0.5889408781250001 0.0964388140625
0 0.62806508125 0.130898015625 0.6375 0.130733328125 0.6375 0.111171553125 0.6274961796875 0.1113461703125 0.62806508125 0.130898015625
0 0.6148930765625 0.1199439328125 0.614564103125 0.13125 0.6171875 0.13125 0.6171875 0.1198771734375 0.6148930765625 0.1199439328125
0 0.7189454937499999 0.11770467031250001 0.7187878796875 0.13125 0.7265625 0.13125 0.7265625 0.11766035625 0.7189454937499999 0.11770467031250001
0 0.705747675 0.121875 0.705684040625 0.1328125 0.7125 0.1328125 0.7125 0.121875 0.705747675 0.121875
0 0.854828215625 0.0877619890625 0.854931221875 0.0921875 0.8578125 0.0921875 0.8578125 0.0878140796875 0.854828215625 0.0877619890625
0 0.883232246875 0.157814128125 0.8828322406249999 0.175 0.8875 0.175 0.8875 0.157888621875 0.883232246875 0.157814128125
0 0.647586540625 0.121875 0.6476319921875 0.1296875 0.6484375 0.1296875 0.6484375 0.121875 0.647586540625 0.121875
0 0.652154721875 0.121205571875 0.6519573015625 0.1296875 0.654683515625 0.1296875 0.6546875 0.1295163265625 0.6546875 0.12126452343750001 0.652154721875 0.121205571875
0 0.230382209375 0.9672683921874998 0.23074356875 0.9796875 0.2328125 0.9796875 0.2328125 0.9672259703125 0.230382209375 0.9672683921874998
0 0.3765625 0.9885205703125 0.3734375 0.9884660234375 0.3734375 0.9953125 0.3765625 0.9953125 0.3765625 0.9885205703125
0 0.1375 0.9609375 0.1375 0.9571572546875 0.137272084375 0.957154603125 0.1359375 0.9571390734375 0.1359375 0.9609375 0.1375 0.9609375
0 0.38971709374999997 0.988467553125 0.38961926406249997 0.996875 0.393598309375 0.996875 0.39369586875 0.9884907015625 0.38971709374999997 0.988467553125
0 0.38716314375 0.996825040625 0.3919657125 0.996825040625 0.3919657125 0.9883519734374999 0.38716314375 0.9883519734374999 0.38716314375 0.996825040625
0 0.49342789375 0.9964809531250001 0.49769490625 0.9964809531250001 0.49769490625 0.9869371859375 0.49342789375 0.9869371859375 0.49342789375 0.9964809531250001
0 0.3856177375 0.9970196921875001 0.3895730328125 0.9970196921875001 0.3895730328125 0.9883181453125001 0.3856177375 0.9883181453125001 0.3856177375 0.9970196921875001
0 0.3810721171875 0.997130703125 0.38515366093750003 0.997130703125 0.38515366093750003 0.9882499250000001 0.3810721171875 0.9882499250000001 0.3810721171875 0.997130703125
0 0.48773300468749997 0.9967669125 0.49249847031250005 0.9967669125 0.49249847031250005 0.9867657046874999 0.48773300468749997 0.9867657046874999 0.48773300468749997 0.9967669125
0 0.148514215625 0.9597077828125 0.15091560312500002 0.9597077828125 0.15091560312500002 0.95543865 0.148514215625 0.95543865 0.148514215625 0.9597077828125
0 0.160577 0.9582741484374999 0.1631861359375 0.9582741484374999 0.1631861359375 0.953889846875 0.160577 0.953889846875 0.160577 0.9582741484374999
0 0.30734276875 1 0.30734276875 0.9935629546874999 0.304799728125 0.9935629546874999 0.304799728125 1 0.30734276875 1
0 0.4130070828125 0.9988220390624999 0.48621969218750005 0.9988220390624999 0.48621969218750005 0.9853302828124999 0.4130070828125 0.9853302828124999 0.4130070828125 0.9988220390624999
0 0.3739454765625 0.9448550203125 0.522379578125 0.9448550203125 0.522379578125 0.9365218765625001 0.3739454765625 0.9365218765625001 0.3739454765625 0.9448550203125
0 0.5209180109375 1 0.5209180109375 0.9913566125 0.5185043515625 0.9913566125 0.5185043515625 1 0.5209180109375 1
0 0.527866421875 1 0.527866421875 0.9917466984375001 0.5260378921875 0.9917466984375001 0.5260378921875 1 0.527866421875 1
0 0.946875 1 0.946875 0.9680839703124999 0.9379135156250001 0.96797969375 0.9375 0.9916699906249999 0.9375 1 0.946875 1
0 0.928647928125 0.9890625 0.929347271875 0.9590158515624999 0.9177082953125 0.9590158515624999 0.9171875 0.9813913249999999 0.9171875 0.9890625 0.928647928125 0.9890625
0 0.5359375 1 0.5359375 0.9757325328124999 0.53040056875 0.9757969625000001 0.5309638999999999 1 0.5359375 1
0 0.553125 1 0.553125 0.9898279750000001 0.5462017375 0.989908534375 0.5461430265625 1 0.553125 1
0 0.559375 1 0.559375 0.9832256578125002 0.5517629765625001 0.9830484859374999 0.5512697375 1 0.559375 1
0 0.628125 0.9546875 0.6210163093750001 0.9546875 0.6196831031250001 0.9547262921874999 0.6205457921875001 0.984375 0.628125 0.984375 0.628125 0.9546875
0 0.8025910953125 0.897749596875 0.8025910953125 0.934375 0.809375 0.934375 0.809375 0.8977890640624999 0.8025910953125 0.897749596875
0 0.7956298187499999 0.8980162875000002 0.795436471875 0.93125 0.8043368875000001 0.93125 0.8045308375 0.897912715625 0.7956298187499999 0.8980162875000002
0 0.777586934375 0.8647476874999999 0.777906225 0.8921875 0.784375 0.8921875 0.784375 0.8645896937499999 0.777586934375 0.8647476874999999
0 0.765449184375 0.8953118671875 0.771875 0.895162303125 0.771875 0.862848109375 0.765637209375 0.8629932968750001 0.765449184375 0.8953118671875
0 0.788348146875 0.84591994375 0.787683859375 0.86875 0.79375 0.86875 0.79375 0.8457942156249999 0.788348146875 0.84591994375
0 0.7167146203125 0.861151028125 0.7165795078125 0.884375 0.721875 0.884375 0.721875 0.8611810500000001 0.7167146203125 0.861151028125
0 0.71316941875 0.8659144640625 0.713034746875 0.8890625 0.7171875 0.8890625 0.7171875 0.865867709375 0.71316941875 0.8659144640625
0 0.7125 0.8712779578125 0.709375 0.8713325062500001 0.709375 0.8859375 0.7125 0.8859375 0.7125 0.8712779578125
0 0.7041961109375 0.8631420578124999 0.704479540625 0.8875 0.709375 0.8875 0.709375 0.8632625984375 0.7041961109375 0.8631420578124999
0 0.73125 0.8282381359375 0.725 0.8283472296875001 0.725 0.8450537203125 0.7251893859375 0.8515625 0.73125 0.8515625 0.73125 0.8282381359375
0 0.5908317046875 0.8648508875 0.5900817546875 0.890625 0.596875 0.890625 0.596875 0.8646750453125 0.5908317046875 0.8648508875
0 0.587907084375 0.8239851453124999 0.587604375 0.85 0.5953125 0.85 0.5953125 0.8239420609374999 0.587907084375 0.8239851453124999
0 0.5665988375000001 0.8072786015624999 0.5664957375 0.825 0.571875 0.825 0.571875 0.8071865062499999 0.5665988375000001 0.8072786015624999
0 0.5688768 0.79873236875 0.5693790828124999 0.8203125 0.575 0.8203125 0.575 0.79883925 0.5688768 0.79873236875
0 0.5576607906250001 0.76471563125 0.557166846875 0.7859375 0.5625 0.7859375 0.5625 0.7648001 0.5576607906250001 0.76471563125
0 0.5461497343749999 0.75650374375 0.5462391609375 0.771875 0.55 0.771875 0.55 0.7564589421875001 0.5461497343749999 0.75650374375
0 0.6514199359375 0.7945502765625 0.6508930484375 0.8171875 0.6577799796875 0.8171875 0.6578125 0.8157902671875 0.6578125 0.7946990640625 0.6514199359375 0.7945502765625
0 0.6580512703125 0.7666901578124999 0.658293415625 0.7875 0.6640625 0.7875 0.6640625 0.766620209375 0.6580512703125 0.7666901578124999
0 0.6674232078125 0.77856285625 0.6673712140625 0.7875 0.671875 0.7875 0.671875 0.7784592390625 0.6674232078125 0.77856285625
0 0.681538903125 0.7917682203125 0.6813133953125 0.8046875 0.6859375 0.8046875 0.6859375 0.7918706 0.681538903125 0.7917682203125
0 0.686738025 0.7834920328124999 0.6869482953125 0.8015625 0.6921875 0.8015625 0.6921875 0.7834920328124999 0.686738025 0.7834920328124999
0 0.6869269828125 0.8186272875 0.6921875 0.818596684375 0.6921875 0.8052264796875 0.6869269828125 0.8052570828124999 0.6869269828125 0.8186272875
0 0.6953125 0.815625 0.6953125 0.8072220578125 0.6922056999999999 0.8072039828124999 0.6921875 0.8103323828125 0.6921875 0.815625 0.6953125 0.815625
0 0.793751575 0.8279166984374999 0.7984375 0.8278894375 0.7984375 0.8002281 0.79326879375 0.8002581703124999 0.793751575 0.8279166984374999
0 0.7794720500000001 0.8036780203125 0.780077428125 0.8296875 0.7859375 0.8296875 0.7859375 0.8035275343750001 0.7794720500000001 0.8036780203125
0 0.7757088968750001 0.7776575671874999 0.7755580078125 0.790625 0.78125 0.790625 0.78125 0.7775285953125 0.7757088968750001 0.7776575671874999
0 0.7720410171875 0.78125 0.7721682859375 0.7921875 0.7765625 0.7921875 0.7765625 0.78125 0.7720410171875 0.78125
0 0.7589016 0.8055966828125001 0.7585901875 0.8234375 0.7640625 0.8234375 0.7640625 0.8057168046874998 0.7589016 0.8055966828125001
0 0.755188228125 0.8080749781249998 0.7553048765625 0.828125 0.7609375 0.828125 0.7609375 0.8080415296875 0.755188228125 0.8080749781249998
0 0.7486107343749999 0.8111535828124999 0.7482884546874999 0.825 0.753125 0.825 0.753125 0.8110485125 0.7486107343749999 0.8111535828124999
0 0.7287505140625 0.7611829984374999 0.728964415625 0.7734375 0.7328125 0.7734375 0.7328125 0.7612539 0.7287505140625 0.7611829984374999
0 0.7390625 0.7569779656250001 0.734375 0.7569506921875 0.734375 0.7682385265624999 0.734532375 0.775 0.7390625 0.775 0.7390625 0.7569779656250001
0 0.6 0.76637504375 0.59987901875 0.7594439937499999 0.5908874828124999 0.7596009406249999 0.5911017265625 0.771875 0.6 0.771875 0.6 0.76637504375
0 0.5515625 0.7287998421874999 0.5465623328125 0.7287125640625 0.5469331093750001 0.7499543140625 0.549550446875 0.75 0.5515625 0.75 0.5515625 0.7287998421874999
0 0.6006414171875 0.715625 0.600495965625 0.728125 0.60625 0.728125 0.60625 0.715625 0.6006414171875 0.715625
0 0.60861751875 0.70867284375 0.6089025109375 0.725 0.6125 0.725 0.6125 0.7087180203125 0.60861751875 0.70867284375
0 0.5833230281249999 0.6835733968750001 0.58360975625 0.7 0.5875 0.7 0.5875 0.6836706171875 0.5833230281249999 0.6835733968750001
0 0.5901011374999999 0.68386074375 0.589761859375 0.6984375 0.59375 0.6984375 0.59375 0.683775815625 0.5901011374999999 0.68386074375
0 0.596875 0.6894927234375 0.59375 0.6894381765625 0.59375 0.6953125 0.596875 0.6953125 0.596875 0.6894927234375
0 0.622849228125 0.6921875 0.622958321875 0.6984375 0.6296875 0.6984375 0.6296875 0.6921875 0.622849228125 0.6921875
0 0.6265385890624999 0.6796875 0.62662949375 0.6953125 0.6296875 0.6953125 0.6296875 0.6796875 0.6265385890624999 0.6796875
0 0.633539675 0.689718184375 0.6336373234375 0.6953125 0.6359375 0.6953125 0.6359375 0.6897460859375 0.633539675 0.689718184375
0 0.64452406875 0.709375 0.6515625 0.709375 0.6515625 0.6985875546875 0.6451155859375 0.6984375 0.64433315625 0.6984375 0.64452406875 0.709375
0 0.6527531359375 0.6939810703125 0.6526726671875 0.7078125 0.65625 0.7078125 0.65625 0.6940421078125001 0.6527531359375 0.6939810703125
0 0.738045446875 0.6773655046875 0.738045446875 0.6921875 0.7421875 0.6921875 0.7421875 0.6773655046875 0.738045446875 0.6773655046875
0 0.7454457703124999 0.6449889437499999 0.7456423328125 0.65625 0.7484375 0.65625 0.7484375 0.645058578125 0.7454457703124999 0.6449889437499999
0 0.722267178125 0.7184560125 0.728125 0.7185582609375001 0.728125 0.7039650046875 0.7224369515625 0.7038657203125 0.722267178125 0.7184560125
0 0.7660055781249999 0.7294020531250001 0.7660890531250001 0.74375 0.7703125 0.74375 0.7703125 0.729376996875 0.7660055781249999 0.7294020531250001
0 0.6908921953125 0.6728150562499999 0.6911976234375 0.6859375 0.6953125 0.6859375 0.6953125 0.6727121734375 0.6908921953125 0.6728150562499999
0 0.6786063062500001 0.6629986515625 0.67868521875 0.6765625 0.6828125 0.6765625 0.6828125 0.6630475953125 0.6786063062500001 0.6629986515625
0 0.671653121875 0.665076721875 0.6719204578125 0.6765625 0.6734375 0.6765625 0.6734375 0.6650974859375001 0.671653121875 0.665076721875
0 0.671070090625 0.6766572109375 0.6712860921875 0.6859375 0.67496341875 0.6859375 0.6747474171875 0.6766572109375 0.671070090625 0.6766572109375
0 0.65272501875 0.6796875 0.65279774375 0.6921875 0.65625 0.6921875 0.65625 0.6796875 0.65272501875 0.6796875
0 0.6502958765625 0.6796875 0.6505868171875 0.6921875 0.653125 0.6921875 0.653125 0.6796875 0.6502958765625 0.6796875
0 0.6367102796874999 0.6861926578124999 0.6364616453125 0.696875 0.64375 0.696875 0.64375 0.6862336140625 0.6367102796874999 0.6861926578124999
0 0.653909921875 0.6543592953124999 0.6536113421875 0.6671875 0.65625 0.6671875 0.65625 0.6543592953124999 0.653909921875 0.6543592953124999
0 0.6507566703125 0.6666354968749999 0.6508753984375 0.6734375 0.6578125 0.6734375 0.6578125 0.6664712703125 0.6507566703125 0.6666354968749999
0 0.6465359640624999 0.6564462703125 0.64666095 0.6671875 0.6484375 0.6671875 0.6484375 0.6564352078125 0.6465359640624999 0.6564462703125
0 0.63978496875 0.6601605828125 0.6395532203125 0.6734375 0.64375 0.6734375 0.64375 0.6601144453125001 0.63978496875 0.6601605828125
0 0.6302278765625 0.6639967328124999 0.6328125 0.6640117703125 0.6328125 0.6541253703125001 0.63011283125 0.6541096640624999 0.6302278765625 0.6639967328124999
0 0.613461215625 0.656899321875 0.6135392515625 0.6703125 0.6171875 0.6703125 0.6171875 0.656921 0.613461215625 0.656899321875
0 0.601268815625 0.6356467921875 0.6013159578125 0.64375 0.603125 0.64375 0.603125 0.6357008015625001 0.601268815625 0.6356467921875
0 0.5884783765625 0.6593040515624999 0.5921875 0.6593040515624999 0.5921875 0.64602795625 0.5883238953125 0.64602795625 0.5884783765625 0.6593040515624999
0 0.5665358359375 0.6403842875000001 0.5662861734375 0.6546875 0.5703125 0.6546875 0.5703125 0.6404062578125 0.5665358359375 0.6403842875000001
0 0.5426774296875 0.6407729671875 0.542317196875 0.65625 0.5466404453125 0.65625 0.546875 0.6461726203125 0.546875 0.6406752671875 0.5426774296875 0.6407729671875
0 0.565625 0.6401463656249999 0.5472379109375 0.6397184015625 0.547763334375 0.6577760359375 0.5493299828125 0.6578125 0.565625 0.6578125 0.565625 0.6401463656249999
0 0.5597583828125 0.6166125 0.5599172359375 0.6234375 0.5625 0.6234375 0.5625 0.6166125 0.5597583828125 0.6166125
0 0.5324267109374999 0.606677825 0.5325622234375 0.6125 0.5359375 0.6125 0.5359375 0.6066165437500001 0.5324267109374999 0.606677825
0 0.5546875 0.6594713953125 0.5484375 0.6593986703125 0.5484375 0.665625 0.5546875 0.665625 0.5546875 0.6594713953125
