0 0.808163265625 0.151538228125 0.9775510203125 0.151538228125 0.9775510203125 0.0321352421875 0.808163265625 0.0321352421875 0.808163265625 0.151538228125
0 0.5949659859375 0.9269265921875001 0.6106122453125 0.9269265921875001 0.6106122453125 0.85625951875 0.5949659859375 0.85625951875 0.5949659859375 0.9269265921875001
0 0.533061225 0.9062138281250001 0.5473469390625 0.9062138281250001 0.5473469390625 0.864788303125 0.533061225 0.864788303125 0.533061225 0.9062138281250001
0 0.5145360546875 0.8900140109375 0.524636734375 0.8900140109375 0.524636734375 0.8332464203125 0.5145360546875 0.8332464203125 0.5145360546875 0.8900140109375
0 0.505828571875 0.880032896875 0.5145360546875 0.880032896875 0.5145360546875 0.8332464203125 0.505828571875 0.8332464203125 0.505828571875 0.880032896875
0 0.50722176875 0.8276320437500001 0.5204571421875 0.8276320437500001 0.5204571421875 0.80267925625 0.50722176875 0.80267925625 0.50722176875 0.8276320437500001
0 0.4744816328125 0.859446846875 0.4849306125 0.859446846875 0.4849306125 0.8313749625 0.4744816328125 0.8313749625 0.4744816328125 0.859446846875
0 0.49433469375000005 0.913719159375 0.5120979593749999 0.913719159375 0.5120979593749999 0.8544562906250001 0.49433469375000005 0.8544562906250001 0.49433469375000005 0.913719159375
0 0.46786394531250003 0.6747962234375 0.47274013593750003 0.6747962234375 0.47274013593750003 0.6523387140625 0.46786394531250003 0.6523387140625 0.46786394531250003 0.6747962234375
0 0.606487075 0.7016204687500001 0.6155428578125 0.7016204687500001 0.6155428578125 0.6822820593750001 0.606487075 0.6822820593750001 0.606487075 0.7016204687500001
0 0.67336054375 0.594323484375 0.68032653125 0.594323484375 0.68032653125 0.5743612546875 0.67336054375 0.5743612546875 0.67336054375 0.594323484375
0 0.694606803125 0.594323484375 0.697741496875 0.594323484375 0.697741496875 0.5805994515624999 0.694606803125 0.5805994515624999 0.694606803125 0.594323484375
0 0.68854918125 0.5889037390625 0.6928290828125 0.5889037390625 0.6928290828125 0.5802161765625 0.68854918125 0.5802161765625 0.68854918125 0.5889037390625
0 0.6521700140625 0.5538979734375 0.6575912234375 0.5538979734375 0.6575912234375 0.5421442125 0.6521700140625 0.5421442125 0.6521700140625 0.5538979734375
0 0.5849755515624999 0.5595193375 0.5899687703125001 0.5595193375 0.5899687703125001 0.5467435109375 0.5849755515624999 0.5467435109375 0.5849755515624999 0.5595193375
0 0.34207564687500003 0.8315718546875001 0.34932027187500003 0.8315718546875001 0.34932027187500003 0.8076171796875 0.34207564687500003 0.8076171796875 0.34207564687500003 0.8315718546875001
0 0.253189659375 0.794142675 0.25931972812500004 0.794142675 0.25931972812500004 0.753719159375 0.253189659375 0.753719159375 0.253189659375 0.794142675
0 0.288306590625 0.8540143921875 0.29910386875 0.8540143921875 0.29910386875 0.8209519484375001 0.288306590625 0.8209519484375001 0.288306590625 0.8540143921875
0 0.288306590625 0.89705795 0.29980046875 0.89705795 0.29980046875 0.8540143921875 0.288306590625 0.8540143921875 0.288306590625 0.89705795
0 0.26601543437499997 0.895810309375 0.28099230468749997 0.895810309375 0.28099230468749997 0.840914178125 0.26601543437499997 0.840914178125 0.26601543437499997 0.895810309375
0 0.801617084375 0.5763618593750001 0.806610303125 0.5763618593750001 0.806610303125 0.5597532859375 0.801617084375 0.5597532859375 0.801617084375 0.5763618593750001
0 0.7963385374999999 0.574317728125 0.801617084375 0.574317728125 0.801617084375 0.5607753515625 0.7963385374999999 0.5607753515625 0.7963385374999999 0.574317728125
0 0.7906320015625 0.5370123140625 0.79319994375 0.5370123140625 0.79319994375 0.5260251015625 0.7906320015625 0.5260251015625 0.7906320015625 0.5370123140625
0 0.78699465625 0.5348884593750001 0.788893790625 0.5348884593750001 0.788893790625 0.528870534375 0.78699465625 0.528870534375 0.78699465625 0.5348884593750001
0 0.78195464375 0.535019284375 0.7833424734375 0.535019284375 0.7833424734375 0.530309603125 0.78195464375 0.530309603125 0.78195464375 0.535019284375
0 0.758678253125 0.5184224625 0.7617098515625 0.5184224625 0.7617098515625 0.5104375703125 0.758678253125 0.5104375703125 0.758678253125 0.5184224625
0 0.7460354234375 0.5174489453125 0.74795281875 0.5174489453125 0.74795281875 0.5141783328125 0.7460354234375 0.5141783328125 0.7460354234375 0.5174489453125
0 0.7426571531249999 0.5221913328125 0.744391940625 0.5221913328125 0.744391940625 0.51319715 0.7426571531249999 0.51319715 0.7426571531249999 0.5221913328125
0 0.7391875796875 0.520065434375 0.7415614984375 0.520065434375 0.7415614984375 0.5149959859375 0.7391875796875 0.5149959859375 0.7391875796875 0.520065434375
0 0.7333440875 0.5238266375 0.7362658328125 0.5238266375 0.7362658328125 0.5182665984375 0.7333440875 0.5182665984375 0.7333440875 0.5238266375
0 0.729691903125 0.5109077203125 0.7366310515625 0.5109077203125 0.7366310515625 0.5006052953125 0.729691903125 0.5006052953125 0.729691903125 0.5109077203125
0 0.7133483843749999 0.49913352031249997 0.7169092625 0.49913352031249997 0.7169092625 0.49308288749999996 0.7133483843749999 0.49308288749999996 0.7133483843749999 0.49913352031249997
0 0.697643996875 0.49161111249999995 0.7049483640624999 0.49161111249999995 0.7049483640624999 0.48261692968750003 0.697643996875 0.48261692968750003 0.697643996875 0.49161111249999995
0 0.6385699359375 0.517612475 0.6403047234375 0.517612475 0.6403047234375 0.5104171296875 0.6385699359375 0.5104171296875 0.6385699359375 0.517612475
0 0.63646993125 0.517612475 0.6385699359375 0.517612475 0.6385699359375 0.5102535984375 0.63646993125 0.5102535984375 0.63646993125 0.517612475
0 0.6398474703125 0.48955585937499996 0.6456442140624999 0.48955585937499996 0.6456442140624999 0.48570438749999995 0.6398474703125 0.48570438749999995 0.6398474703125 0.48955585937499996
0 0.5783235921875 0.4855988546875 0.585043609375 0.4855988546875 0.585043609375 0.47837734374999996 0.5783235921875 0.47837734374999996 0.5783235921875 0.4855988546875
0 0.59421789375 0.4887386421875 0.603918090625 0.4887386421875 0.603918090625 0.48130781093749997 0.59421789375 0.48130781093749997 0.59421789375 0.4887386421875
0 0.6271751937500001 0.47785404531250003 0.62886980625 0.47785404531250003 0.62886980625 0.47377232343750003 0.6271751937500001 0.47377232343750003 0.6271751937500001 0.47785404531250003
0 0.46502268124999996 0.5287751468749999 0.467744978125 0.5287751468749999 0.467744978125 0.5207966374999999 0.46502268124999996 0.5207966374999999 0.46502268124999996 0.5287751468749999
0 0.4478227125 0.5108235 0.4510399734375 0.5108235 0.4510399734375 0.5037314921875 0.4478227125 0.5037314921875 0.4478227125 0.5108235
0 0.468239940625 0.49397997968749996 0.470467275 0.49397997968749996 0.470467275 0.4882177234375 0.468239940625 0.4882177234375 0.468239940625 0.49397997968749996
0 0.4536385296875 0.49397997968749996 0.45586586406249996 0.49397997968749996 0.45586586406249996 0.4868879703125 0.4536385296875 0.4868879703125 0.4536385296875 0.49397997968749996
0 0.386573846875 0.5047268578125 0.3882369234375 0.5047268578125 0.3882369234375 0.4999042921875 0.386573846875 0.4999042921875 0.386573846875 0.5047268578125
0 0.383722859375 0.5081310218749999 0.3861778765625 0.5081310218749999 0.3861778765625 0.49947877187499995 0.383722859375 0.49947877187499995 0.383722859375 0.5081310218749999
0 0.13089136562499998 0.582265228125 0.13450261562500002 0.582265228125 0.13450261562500002 0.5744356515625 0.13089136562499998 0.5744356515625 0.13089136562499998 0.582265228125
0 0.1257595875 0.5880523078125 0.1303845234375 0.5880523078125 0.1303845234375 0.5692159328125 0.1257595875 0.5692159328125 0.1257595875 0.5880523078125
0 0.003653934375 0.5157532312499999 0.0065247203125 0.5157532312499999 0.0065247203125 0.5026330156250001 0.003653934375 0.5026330156250001 0.003653934375 0.5157532312499999
0 0.011870321875000001 0.509725025 0.015038084375 0.509725025 0.015038084375 0.5042287171875001 0.011870321875000001 0.5042287171875001 0.011870321875000001 0.509725025
0 0.00989046875 0.509725025 0.011870321875000001 0.509725025 0.011870321875000001 0.5068882203125 0.00989046875 0.5068882203125 0.00989046875 0.509725025
0 0.036816460937500003 0.51593053125 0.040776167187500004 0.51593053125 0.040776167187500004 0.508483921875 0.036816460937500003 0.508483921875 0.036816460937500003 0.51593053125
0 0.0559220375 0.507597421875 0.058891815624999996 0.507597421875 0.058891815624999996 0.49908701093749996 0.0559220375 0.49908701093749996 0.0559220375 0.507597421875
0 0.066811225 0.50582441875 0.06958301875 0.50582441875 0.06958301875 0.4999735125 0.066811225 0.4999735125 0.066811225 0.50582441875
0 0.0695974328125 0.524496259375 0.0724357484375 0.524496259375 0.0724357484375 0.5158542203125001 0.0695974328125 0.5158542203125001 0.0695974328125 0.524496259375
0 0.06663747343750001 0.524496259375 0.0695974328125 0.524496259375 0.0695974328125 0.5136029343749999 0.06663747343750001 0.5136029343749999 0.06663747343750001 0.524496259375
0 0.0981477453125 0.51651881875 0.10144222031250001 0.51651881875 0.10144222031250001 0.5057162703125 0.0981477453125 0.5057162703125 0.0981477453125 0.51651881875
0 0.09277521875 0.5113444890625 0.0963737984375 0.5113444890625 0.0963737984375 0.5020851625 0.09277521875 0.5020851625 0.09277521875 0.5113444890625
0 0.104990115625 0.50063271875 0.106814746875 0.50063271875 0.106814746875 0.4941875015625 0.104990115625 0.4941875015625 0.104990115625 0.50063271875
0 0.133556134375 0.5255341578125 0.1369139640625 0.5255341578125 0.1369139640625 0.5153216656249999 0.133556134375 0.5153216656249999 0.133556134375 0.5255341578125
0 0.1440097546875 0.5239455484375 0.147811071875 0.5239455484375 0.147811071875 0.5135061125 0.1440097546875 0.5135061125 0.1440097546875 0.5239455484375
0 0.149078178125 0.5279170734374999 0.1531962703125 0.5279170734374999 0.1531962703125 0.5129387515625 0.149078178125 0.5129387515625 0.149078178125 0.5279170734374999
0 0.1361537015625 0.50034334375 0.1381810703125 0.50034334375 0.1381810703125 0.4939889046875 0.1361537015625 0.4939889046875 0.1361537015625 0.50034334375
0 0.1308952125 0.498981678125 0.1334294234375 0.498981678125 0.1334294234375 0.4939889046875 0.1308952125 0.4939889046875 0.1308952125 0.498981678125
0 0.1340629765625 0.50034334375 0.1361537015625 0.50034334375 0.1361537015625 0.49489668125 0.1340629765625 0.49489668125 0.1340629765625 0.50034334375
0 0.2739728859375 0.49759539375 0.275652890625 0.49759539375 0.275652890625 0.49445560625 0.2739728859375 0.49445560625 0.2739728859375 0.49759539375
0 0.2671085359375 0.4963359203125 0.2691537578125 0.4963359203125 0.2691537578125 0.49078896250000004 0.2671085359375 0.49078896250000004 0.2671085359375 0.4963359203125
0 0.2501269796875 0.492844215625 0.2501269796875 0.497867875 0.2515524421875 0.497867875 0.25321234375 0.497867875 0.25321234375 0.492844215625 0.2501269796875 0.492844215625
0 0.23731609374999998 0.5031139453125 0.23931338124999998 0.5031139453125 0.23931338124999998 0.4977480984375 0.23731609374999998 0.4977480984375 0.23731609374999998 0.5031139453125
0 0.33957122812499996 0.4829317171875 0.3414995796875 0.4829317171875 0.3414995796875 0.47612884375000003 0.33957122812499996 0.47612884375000003 0.33957122812499996 0.4829317171875
0 0.5849755515624999 0.5741417328125 0.5899477140625 0.5741417328125 0.5899477140625 0.5595193375 0.5849755515624999 0.5595193375 0.5849755515624999 0.5741417328125
0 0.68662403125 0.4954532125 0.6910213609375 0.4954532125 0.6910213609375 0.49087091875000005 0.68662403125 0.49087091875000005 0.68662403125 0.4954532125
0 0.65435561875 0.48461483593750004 0.6555836734375 0.48461483593750004 0.6555836734375 0.4805824171875 0.65435561875 0.4805824171875 0.65435561875 0.48461483593750004
0 0.5853914328125 0.481025109375 0.5869843 0.481025109375 0.5869843 0.4775340609375 0.5853914328125 0.4775340609375 0.5853914328125 0.481025109375
0 0.5580411578125 0.46855224218749997 0.5380213109375 0.46855224218749997 0.5380213109375 0.491120034375 0.5580411578125 0.491120034375 0.5580411578125 0.46855224218749997
0 0.4952952453125 0.48413203749999995 0.5245894640625 0.48413203749999995 0.5245894640625 0.474509221875 0.4952952453125 0.474509221875 0.4952952453125 0.48413203749999995
0 0.42142008906250006 0.487110528125 0.49260887656249996 0.487110528125 0.49260887656249996 0.4739364359375 0.42142008906250006 0.4739364359375 0.42142008906250006 0.487110528125
0 0.47572312656250004 0.49959727656249997 0.481351709375 0.49959727656249997 0.481351709375 0.4889434453125 0.47572312656250004 0.4889434453125 0.47572312656250004 0.49959727656249997
0 0.4347240140625 0.4739364359375 0.47297279531249997 0.4739364359375 0.47297279531249997 0.46408450625000003 0.4347240140625 0.46408450625000003 0.4347240140625 0.4739364359375
0 0.5126926859375 0.475196565625 0.53584663125 0.475196565625 0.53584663125 0.46477185 0.5126926859375 0.46477185 0.5126926859375 0.475196565625
0 0.5333086515625001 0.4851630546875 0.5352274859375 0.4851630546875 0.5352274859375 0.4802370890625 0.5333086515625001 0.4802370890625 0.5333086515625001 0.4851630546875
0 0.30168201250000004 0.4920900640625 0.3135148296875 0.4920900640625 0.3135148296875 0.4729017125 0.30168201250000004 0.4729017125 0.30168201250000004 0.4920900640625
0 0.28433254375 0.5320419328125 0.28705089375 0.5320419328125 0.28705089375 0.520729396875 0.28433254375 0.520729396875 0.28433254375 0.5320419328125
0 0.1897083828125 0.522755809375 0.1931367015625 0.522755809375 0.1931367015625 0.51285805625 0.1897083828125 0.51285805625 0.1897083828125 0.522755809375
0 0.09954871093749999 0.5091005749999999 0.10190248125000001 0.5091005749999999 0.10190248125000001 0.50011928125 0.09954871093749999 0.50011928125 0.09954871093749999 0.5091005749999999
0 0.0743735921875 0.5070843671875 0.07657385625 0.5070843671875 0.07657385625 0.49901953125 0.0743735921875 0.49901953125 0.0743735921875 0.5070843671875
0 0.033540778125 0.498378009375 0.031238176562499997 0.498378009375 0.031238176562499997 0.5086423453125 0.033540778125 0.5086423453125 0.033540778125 0.498378009375
0 0.0296519390625 0.5086423453125 0.0316475265625 0.5086423453125 0.0316475265625 0.4984696546875 0.0296519390625 0.4984696546875 0.0296519390625 0.5086423453125
