0 0.0027210890625000003 0.7999244140624999 0.017006803125 0.7999244140624999 0.017006803125 0.7249433109375001 0.0027210890625000003 0.7249433109375001 0.0027210890625000003 0.7999244140624999
0 0.044217687500000005 0.767271353125 0.02789115625 0.767271353125 0.02789115625 0.8362055937499999 0.044217687500000005 0.8362055937499999 0.044217687500000005 0.767271353125
0 0.055102040625 0.8156462578125 0.08231292500000001 0.8156462578125 0.08231292500000001 0.7624338625 0.055102040625 0.7624338625 0.055102040625 0.8156462578125
0 0.13537415 0.8095993953124999 0.1517006796875 0.8095993953124999 0.1517006796875 0.77210884375 0.13537415 0.77210884375 0.13537415 0.8095993953124999
0 0.0666666671875 0.93537415 0.0782312921875 0.93537415 0.0782312921875 0.8894179890625 0.0666666671875 0.8894179890625 0.0666666671875 0.93537415
0 0.052380953125 0.9934240359375 0.07482993125000001 0.9934240359375 0.07482993125000001 0.901511715625 0.052380953125 0.901511715625 0.052380953125 0.9934240359375
0 0.127210884375 0.9680272109375 0.1503401359375 0.9680272109375 0.1503401359375 0.8749055171875 0.127210884375 0.8749055171875 0.127210884375 0.9680272109375
0 0.17482993125 0.91239606875 0.1952380953125 0.91239606875 0.1952380953125 0.8362055937499999 0.17482993125 0.8362055937499999 0.17482993125 0.91239606875
0 0.282312925 0.8773242625 0.3054421765625 0.8773242625 0.3054421765625 0.8132275124999999 0.282312925 0.8132275124999999 0.282312925 0.8773242625
0 0.42312925156250003 0.74671201875 0.43537415 0.74671201875 0.43537415 0.6947089937500001 0.42312925156250003 0.6947089937500001 0.42312925156250003 0.74671201875
0 0.4693877546875 0.728571428125 0.481632653125 0.728571428125 0.481632653125 0.6753590328125 0.4693877546875 0.6753590328125 0.4693877546875 0.728571428125
0 0.3503401359375 0.6862433859375 0.3612244890625 0.6862433859375 0.3612244890625 0.658427815625 0.3503401359375 0.658427815625 0.3503401359375 0.6862433859375
0 0.1700680265625 0.776946334375 0.18231292500000001 0.776946334375 0.18231292500000001 0.7370370375 0.1700680265625 0.7370370375 0.1700680265625 0.776946334375
0 0.24625850312500003 0.8204837484375 0.24625850312500003 0.8978835984375 0.26462585 0.8978835984375 0.26462585 0.86764928125 0.26462585 0.8204837484375 0.24625850312500003 0.8204837484375
0 0.2265306125 0.93537415 0.2442176875 0.93537415 0.2442176875 0.856764928125 0.2265306125 0.856764928125 0.2265306125 0.93537415
0 0.4503401359375 0.8688586546874999 0.4680272109375 0.8688586546874999 0.4680272109375 0.82290249375 0.4503401359375 0.82290249375 0.4503401359375 0.8688586546874999
0 0.4877551015625 0.8507180640625001 0.5027210890625 0.8507180640625001 0.5027210890625 0.7842025703125 0.4877551015625 0.7842025703125 0.4877551015625 0.8507180640625001
0 0.5183673468750001 0.8495086921875 0.534693878125 0.8495086921875 0.534693878125 0.8156462578125 0.5183673468750001 0.8156462578125 0.5183673468750001 0.8495086921875
0 0.290476190625 0.8749055171875 0.26462585 0.8749055171875 0.26462585 0.9510959937499999 0.290476190625 0.9510959937499999 0.290476190625 0.8749055171875
0 0.32244897968749997 0.8773242625 0.3054421765625 0.8773242625 0.3054421765625 0.9728647015625 0.32244897968749997 0.9728647015625 0.32244897968749997 0.8773242625
0 0.363945578125 0.94504913125 0.3945578234375 0.94504913125 0.3945578234375 0.8918367343750001 0.363945578125 0.8918367343750001 0.363945578125 0.94504913125
0 0.5496598640625 0.63061224375 0.5659863953125 0.63061224375 0.5659863953125 0.6064247921875 0.5496598640625 0.6064247921875 0.5496598640625 0.63061224375
0 0.5782312921874999 0.6015873015625 0.5897959187499999 0.6015873015625 0.5897959187499999 0.5810279671874999 0.5782312921874999 0.5810279671874999 0.5782312921874999 0.6015873015625
0 0.73673469375 0.66326530625 0.7578231296875 0.66326530625 0.7578231296875 0.6281935 0.73673469375 0.6281935 0.73673469375 0.66326530625
0 0.7179047625 0.4988873765625 0.7283537421874999 0.4988873765625 0.7283537421874999 0.4810854125 0.7179047625 0.4810854125 0.7179047625 0.4988873765625
0 0.7697142859375 0.501209371875 0.77842176875 0.501209371875 0.77842176875 0.49037339375 0.7697142859375 0.49037339375 0.7697142859375 0.501209371875
0 0.7832108843750001 0.4996613765625 0.792789115625 0.4996613765625 0.792789115625 0.48185941093749995 0.7832108843750001 0.48185941093749995 0.7832108843750001 0.4996613765625
0 0.8437278906250001 0.4656054421875 0.852 0.4656054421875 0.852 0.44625547968749996 0.8437278906250001 0.44625547968749996 0.8437278906250001 0.4656054421875
0 0.5502857140625 0.501209371875 0.557687075 0.501209371875 0.557687075 0.47876341718750004 0.5502857140625 0.47876341718750004 0.5502857140625 0.501209371875
0 0.5772789109375001 0.4640574453125 0.582938775 0.4640574453125 0.582938775 0.43928949375000004 0.5772789109375001 0.43928949375000004 0.5772789109375001 0.4640574453125
0 0.5903401359375 0.43000151249999996 0.5951292515625 0.43000151249999996 0.5951292515625 0.41142554843749995 0.5903401359375 0.41142554843749995 0.5903401359375 0.43000151249999996
0 0.6012244890625 0.418391534375 0.5951292515625 0.418391534375 0.5951292515625 0.43464550312499994 0.6012244890625 0.43464550312499994 0.6012244890625 0.418391534375
0 0.6208163265625 0.41993953125 0.6238639453125 0.41993953125 0.6238639453125 0.395945578125 0.6208163265625 0.395945578125 0.6208163265625 0.41993953125
0 0.6290884359375 0.395945578125 0.6238639453125 0.395945578125 0.6238639453125 0.4191655328125 0.6290884359375 0.4191655328125 0.6290884359375 0.395945578125
0 0.658258503125 0.41684353749999997 0.6665306125 0.41684353749999997 0.6665306125 0.39749357500000004 0.658258503125 0.39749357500000004 0.658258503125 0.41684353749999997
0 0.6281197281249999 0.393433565625 0.6330237828125 0.393433565625 0.6330237828125 0.37678950312500004 0.6281197281249999 0.37678950312500004 0.6281197281249999 0.393433565625
0 0.629457196875 0.37163776875 0.6330237828125 0.37163776875 0.6330237828125 0.35618256718749997 0.629457196875 0.35618256718749997 0.629457196875 0.37163776875
0 0.6229927625 0.37203405625 0.6258906125 0.37203405625 0.6258906125 0.356578853125 0.6229927625 0.356578853125 0.6229927625 0.37203405625
0 0.6109555375 0.34587909843750003 0.614522121875 0.34587909843750003 0.614522121875 0.33438676875 0.6109555375 0.33438676875 0.6109555375 0.34587909843750003
0 0.605605659375 0.35499370625000004 0.610063890625 0.35499370625000004 0.610063890625 0.34072736406250004 0.605605659375 0.34072736406250004 0.605605659375 0.35499370625000004
0 0.668243809375 0.3664860359375 0.6718103953125001 0.3664860359375 0.6718103953125001 0.35103083281249997 0.668243809375 0.35103083281249997 0.668243809375 0.3664860359375
0 0.713049034375 0.3926409921875 0.7186218234374999 0.3926409921875 0.7186218234374999 0.37203405625 0.713049034375 0.37203405625 0.713049034375 0.3926409921875
0 0.7215196734375 0.38907440625 0.724863346875 0.38907440625 0.724863346875 0.37282663125000004 0.7215196734375 0.37282663125000004 0.7215196734375 0.38907440625
0 0.730881959375 0.3791672265625 0.7351172796875 0.3791672265625 0.7351172796875 0.35895657812500004 0.730881959375 0.35895657812500004 0.730881959375 0.3791672265625
0 0.9564003 0.43305236562499994 0.9643894515625 0.43305236562499994 0.9643894515625 0.4026175078125 0.9564003 0.4026175078125 0.9564003 0.43305236562499994
0 0.9506937640625001 0.43305236562499994 0.9564003 0.43305236562499994 0.9564003 0.4031247546875 0.9506937640625001 0.4031247546875 0.9506937640625001 0.43305236562499994
0 0.9428472765624999 0.43305236562499994 0.9506937640625001 0.43305236562499994 0.9506937640625001 0.40236388281249996 0.9428472765624999 0.40236388281249996 0.9428472765624999 0.43305236562499994
0 0.8441144953125 0.3987161671875 0.8476810796875001 0.3987161671875 0.8476810796875001 0.3771581421875 0.8441144953125 0.3771581421875 0.8441144953125 0.3987161671875
0 0.8354120265624999 0.39592630624999997 0.8404052468750001 0.39592630624999997 0.8404052468750001 0.377665390625 0.8354120265624999 0.377665390625 0.8354120265624999 0.39592630624999997
0 0.7971782359375 0.39288281875000003 0.8034554249999999 0.39288281875000003 0.8034554249999999 0.369295803125 0.7971782359375 0.369295803125 0.7971782359375 0.39288281875000003
0 0.7867638078125 0.3885712140625 0.7918996890625001 0.3885712140625 0.7918996890625001 0.3665059421875 0.7867638078125 0.3665059421875 0.7867638078125 0.3885712140625
0 0.772212140625 0.3705639234375 0.7754933984375 0.3705639234375 0.7754933984375 0.3556001171875 0.772212140625 0.3556001171875 0.772212140625 0.3705639234375
0 0.7722406828125 0.3529315171875 0.7758928671875001 0.3529315171875 0.7758928671875001 0.345018453125 0.7722406828125 0.345018453125 0.7722406828125 0.3529315171875
0 0.7701863312499999 0.3529315171875 0.7722406828125 0.3529315171875 0.7722406828125 0.34664164531249997 0.7701863312499999 0.34664164531249997 0.7701863312499999 0.3529315171875
0 0.76721893125 0.3563808 0.769387415625 0.3563808 0.769387415625 0.3480619390625 0.76721893125 0.3480619390625 0.76721893125 0.3563808
0 0.755919990625 0.3614532765625 0.7584308656250001 0.3614532765625 0.7584308656250001 0.3484677375 0.755919990625 0.3484677375 0.755919990625 0.3614532765625
0 0.7629960953125 0.3379169859375 0.76596349375 0.3379169859375 0.76596349375 0.3312213171875 0.7629960953125 0.3312213171875 0.7629960953125 0.3379169859375
0 0.739827559375 0.350496728125 0.7441645265625 0.350496728125 0.7441645265625 0.3429894625 0.739827559375 0.3429894625 0.739827559375 0.350496728125
0 0.73480580625 0.350496728125 0.739827559375 0.350496728125 0.739827559375 0.33609089375 0.73480580625 0.33609089375 0.73480580625 0.350496728125
0 0.705616875 0.3657750265625 0.7086299265625 0.3657750265625 0.7086299265625 0.35717210625 0.705616875 0.35717210625 0.705616875 0.3657750265625
0 0.70251251875 0.3648011109375 0.7047951343750001 0.3648011109375 0.7047951343750001 0.35684746875 0.70251251875 0.35684746875 0.70251251875 0.3648011109375
0 0.6881777015625 0.3594445765625 0.6909168375 0.3594445765625 0.6909168375 0.3462967171875 0.6881777015625 0.3462967171875 0.6881777015625 0.3594445765625
0 0.6815124671875 0.35603587187499997 0.6853472593750001 0.35603587187499997 0.6853472593750001 0.3453228015625 0.6815124671875 0.3453228015625 0.6815124671875 0.35603587187499997
0 0.6306536046875 0.3479484765625 0.6330788828125 0.3479484765625 0.6330788828125 0.33704265312500004 0.6306536046875 0.33704265312500004 0.6306536046875 0.3479484765625
0 0.64064004375 0.33501366250000003 0.64263733125 0.33501366250000003 0.64263733125 0.3223324703125 0.64064004375 0.3223324703125 0.64064004375 0.33501366250000003
0 0.64663190625 0.33349191875 0.6487718578125 0.33349191875 0.6487718578125 0.3215715984375 0.64663190625 0.3215715984375 0.64663190625 0.33349191875
0 0.6345055171875 0.351752834375 0.6380721015625 0.351752834375 0.6380721015625 0.34389049531250004 0.6345055171875 0.34389049531250004 0.6345055171875 0.351752834375
0 0.7312032046875 0.3290967984375 0.7336284828124999 0.3290967984375 0.7336284828124999 0.321488084375 0.7312032046875 0.321488084375 0.7312032046875 0.3290967984375
0 0.7006732359375001 0.3146402421875 0.7029558515625001 0.3146402421875 0.7029558515625001 0.3037344171875 0.7006732359375001 0.3037344171875 0.7006732359375001 0.3146402421875
0 0.6981052953125 0.309314140625 0.6981052953125 0.3126112515625 0.7006732359375001 0.3126112515625 0.7006732359375001 0.309314140625 0.6994853484375 0.309314140625 0.6981052953125 0.309314140625
0 0.6921134328125 0.31743010312500003 0.6969639875 0.31743010312500003 0.6969639875 0.3052561609375 0.6921134328125 0.3052561609375 0.6921134328125 0.31743010312500003
0 0.6888321734375 0.31743010312500003 0.6921134328125 0.31743010312500003 0.6921134328125 0.309314140625 0.6888321734375 0.309314140625 0.6888321734375 0.31743010312500003
0 0.6839816187500001 0.3184445984375 0.687405540625 0.3184445984375 0.687405540625 0.3077923984375 0.6839816187500001 0.3077923984375 0.6839816187500001 0.3184445984375
0 0.6804150328125 0.32503881875 0.6824123203125 0.32503881875 0.6824123203125 0.3176837265625 0.6804150328125 0.3176837265625 0.6804150328125 0.32503881875
0 0.6769911125 0.3268141859375 0.6798443796875 0.3268141859375 0.6798443796875 0.3192054703125 0.6769911125 0.3192054703125 0.6769911125 0.3268141859375
0 0.6732818640625 0.3268141859375 0.6769911125 0.3268141859375 0.6769911125 0.3204735890625 0.6732818640625 0.3204735890625 0.6732818640625 0.3268141859375
0 0.6789883999999999 0.3143866171875 0.6839816187500001 0.3143866171875 0.6839816187500001 0.30474891249999997 0.6789883999999999 0.30474891249999997 0.6789883999999999 0.3143866171875
0 0.672568546875 0.3123576265625 0.6748511609375 0.3123576265625 0.6748511609375 0.3055097828125 0.672568546875 0.3055097828125 0.672568546875 0.3123576265625
0 0.6692872875 0.321488084375 0.6722832203125 0.321488084375 0.6722832203125 0.3151474890625 0.6692872875 0.3151474890625 0.6692872875 0.321488084375
0 0.666719346875 0.3164156078125 0.666719346875 0.321488084375 0.6692872875 0.321488084375 0.6692872875 0.3164156078125 0.668807009375 0.3164156078125 0.666719346875 0.3164156078125
0 0.6615834640625 0.32072721249999997 0.663723415625 0.32072721249999997 0.663723415625 0.3126112515625 0.6615834640625 0.3126112515625 0.6615834640625 0.32072721249999997
0 0.6580168796875 0.31717647968749996 0.6580168796875 0.32250257968749996 0.6610128109375 0.32250257968749996 0.6610128109375 0.31717647968749996 0.659345465625 0.31717647968749996 0.6580168796875 0.31717647968749996
0 0.6538212375 0.31439929843750003 0.6562179828125 0.31439929843750003 0.6562179828125 0.30526884062500004 0.6538212375 0.30526884062500004 0.6538212375 0.31439929843750003
0 0.634807059375 0.32279931875 0.637180978125 0.32279931875 0.637180978125 0.3125732078125 0.634807059375 0.3125732078125 0.634807059375 0.32279931875
0 0.6288722625000001 0.30786594843750004 0.63124618125 0.30786594843750004 0.63124618125 0.2994253484375 0.6288722625000001 0.2994253484375 0.6288722625000001 0.30786594843750004
0 0.619257078125 0.30790064687499996 0.6214483875 0.30790064687499996 0.6214483875 0.2990704796875 0.619257078125 0.2990704796875 0.619257078125 0.30790064687499996
0 0.61618924375 0.3085499234375 0.6182344671875 0.3085499234375 0.6182344671875 0.2990704796875 0.61618924375 0.2990704796875 0.61618924375 0.3085499234375
0 0.6125370609375 0.3091992 0.6153857640625 0.3091992 0.6153857640625 0.2990704796875 0.6125370609375 0.2990704796875 0.6125370609375 0.3091992
0 0.6151666328125 0.2953046734375 0.6168466375 0.2953046734375 0.6168466375 0.29153886562500003 0.6151666328125 0.29153886562500003 0.6151666328125 0.2953046734375
0 0.6099805328125 0.308679778125 0.6125370609375 0.308679778125 0.6125370609375 0.2986809125 0.6099805328125 0.2986809125 0.6099805328125 0.308679778125
0 0.60610921875 0.2989406234375 0.60610921875 0.308679778125 0.6099805328125 0.308679778125 0.6099805328125 0.2989406234375 0.6092239296875 0.2989406234375 0.60610921875 0.2989406234375
0 0.5939839703125 0.31400385000000003 0.595663975 0.31400385000000003 0.595663975 0.30543339375 0.5939839703125 0.30543339375 0.5939839703125 0.31400385000000003
0 0.5831004656250001 0.32062647499999997 0.58507264375 0.32062647499999997 0.58507264375 0.31049775468749996 0.5831004656250001 0.31049775468749996 0.5831004656250001 0.32062647499999997
0 0.5814935046875 0.3220548859375 0.582954378125 0.3220548859375 0.582954378125 0.31660095781250003 0.5814935046875 0.31660095781250003 0.5814935046875 0.3220548859375
0 0.5736778328125001 0.3245221375 0.5769647984375 0.3245221375 0.5769647984375 0.3132247171875 0.5736778328125001 0.3132247171875 0.5736778328125001 0.3245221375
0 0.5711213046875 0.32309372812500003 0.5736778328125001 0.32309372812500003 0.5736778328125001 0.3162113921875 0.5711213046875 0.3162113921875 0.5711213046875 0.32309372812500003
0 0.5662273796874999 0.3041348390625 0.567615209375 0.3041348390625 0.567615209375 0.297382359375 0.5662273796874999 0.297382359375 0.5662273796874999 0.3041348390625
0 0.5563677296875 0.3270629171875 0.5587416484375 0.3270629171875 0.5587416484375 0.3230049359375 0.5563677296875 0.3230049359375 0.5563677296875 0.3270629171875
0 0.5520764140625001 0.3239788515625 0.5540851140624999 0.3239788515625 0.5540851140624999 0.31781071875 0.5520764140625001 0.31781071875 0.5520764140625001 0.3239788515625
0 0.548241621875 0.3230049359375 0.55043293125 0.3230049359375 0.55043293125 0.31310346093749997 0.548241621875 0.31310346093749997 0.548241621875 0.3230049359375
0 0.545137265625 0.3230049359375 0.548241621875 0.3230049359375 0.548241621875 0.3118049078125 0.545137265625 0.3118049078125 0.545137265625 0.3230049359375
0 0.5297906515624999 0.30930477343749996 0.5316897859374999 0.30930477343749996 0.5316897859374999 0.3021627265625 0.5297906515624999 0.3021627265625 0.5297906515624999 0.30930477343749996
0 0.5262845546875 0.3115123140625 0.528548909375 0.3115123140625 0.528548909375 0.3039807015625 0.5262845546875 0.3039807015625 0.5262845546875 0.3115123140625
0 0.5243854203125 0.3115123140625 0.5262845546875 0.3115123140625 0.5262845546875 0.3063180984375 0.5243854203125 0.3063180984375 0.5243854203125 0.3115123140625
0 0.5152549625 0.2982670640625 0.5170080109375 0.2982670640625 0.5170080109375 0.2911250171875 0.5152549625 0.2911250171875 0.5152549625 0.2982670640625
0 0.5362184937500001 0.30320156875 0.5382637156250001 0.30320156875 0.5382637156250001 0.2951505359375 0.5362184937500001 0.2951505359375 0.5362184937500001 0.30320156875
0 0.532566309375 0.2955401015625 0.5344654453125 0.2955401015625 0.5344654453125 0.287748778125 0.532566309375 0.287748778125 0.532566309375 0.2955401015625
0 0.52599238125 0.29294299375 0.5289871703125 0.29294299375 0.5289871703125 0.28658007812499997 0.52599238125 0.28658007812499997 0.52599238125 0.29294299375
0 0.5492933078125 0.29683865625 0.5521420109374999 0.29683865625 0.5521420109374999 0.2898264640625 0.5492933078125 0.2898264640625 0.5492933078125 0.29683865625
0 0.5624634546875 0.2896909015625 0.56474606875 0.2896909015625 0.56474606875 0.279951746875 0.5624634546875 0.279951746875 0.5624634546875 0.2896909015625
0 0.56675476875 0.28271117343749996 0.565567809375 0.28271117343749996 0.565567809375 0.28790538906249996 0.56675476875 0.28790538906249996 0.56675476875 0.28271117343749996
0 0.5360764312499999 0.2939112015625 0.53781121875 0.2939112015625 0.53781121875 0.29098945625 0.5360764312499999 0.29098945625 0.5360764312499999 0.2939112015625
0 0.5365329546875001 0.2875807515625 0.5397286140625 0.2875807515625 0.5397286140625 0.28271117343749996 0.5365329546875001 0.28271117343749996 0.5365329546875001 0.2875807515625
0 0.48918931718750003 0.2984063078125 0.49119801875 0.2984063078125 0.49119801875 0.29110194218749996 0.48918931718750003 0.29110194218749996 0.48918931718750003 0.2984063078125
0 0.4852632203125 0.3003541390625 0.48699800781249997 0.3003541390625 0.48699800781249997 0.29532224218750003 0.4852632203125 0.29532224218750003 0.4852632203125 0.3003541390625
0 0.48462408906250004 0.2940236875 0.48581104843749995 0.2940236875 0.48581104843749995 0.2898033875 0.48462408906250004 0.2898033875 0.48462408906250004 0.2940236875
0 0.47695898437500006 0.2979714234375 0.4790589890625 0.2979714234375 0.4790589890625 0.2906670578125 0.47695898437500006 0.2906670578125 0.47695898437500006 0.2979714234375
0 0.4692893984375 0.3028410015625 0.47138940468749996 0.3028410015625 0.47138940468749996 0.29488735781250003 0.4692893984375 0.29488735781250003 0.4692893984375 0.3028410015625
0 0.4545893625 0.301217809375 0.456415453125 0.301217809375 0.456415453125 0.29488735781250003 0.4545893625 0.29488735781250003 0.4545893625 0.301217809375
0 0.45121109375 0.30024389375 0.4536763171875 0.30024389375 0.4536763171875 0.2927772078125 0.45121109375 0.2927772078125 0.45121109375 0.30024389375
0 0.4490197828125 0.30024389375 0.45121109375 0.30024389375 0.45121109375 0.2956989546875 0.4490197828125 0.2956989546875 0.4490197828125 0.30024389375
0 0.45422414375000003 0.29245256875000003 0.4565980625 0.29245256875000003 0.4565980625 0.2885569078125 0.45422414375000003 0.2885569078125 0.45422414375000003 0.29245256875000003
0 0.4409849796875 0.2978091046875 0.4432675953125 0.2978091046875 0.4432675953125 0.291154015625 0.4409849796875 0.291154015625 0.4409849796875 0.2978091046875
0 0.43870236562500003 0.29358880468750004 0.43870236562500003 0.3017047671875 0.4409849796875 0.3017047671875 0.4409849796875 0.29358880468750004 0.44058378125 0.29358880468750004 0.43870236562500003 0.29358880468750004
0 0.4131156171875 0.296957 0.41486866562499997 0.296957 0.41486866562499997 0.2913732171875 0.4131156171875 0.2913732171875 0.4131156171875 0.296957
0 0.4029625484375 0.29591815625 0.405080815625 0.29591815625 0.405080815625 0.2900746640625 0.4029625484375 0.2900746640625 0.4029625484375 0.29591815625
0 0.3972156703125 0.289814953125 0.3958773140625 0.289814953125 0.3958773140625 0.29578830156249997 0.3978494921875 0.29578830156249997 0.3978494921875 0.289814953125 0.39753023593750003 0.289814953125 0.3972156703125 0.289814953125
0 1 0.834758528125 0.8925426875 0.834758528125 0.8925426875 0.9862306484375001 1 0.9862306484375001 1 0.834758528125
0 0.4961184828125 0.29832025624999997 0.49763311562499996 0.29832025624999997 0.49763311562499996 0.2937426984375 0.4961184828125 0.2937426984375 0.4961184828125 0.29832025624999997
0 0.49919823750000003 0.29455050312500003 0.49763311562499996 0.29455050312500003 0.49763311562499996 0.2980509890625 0.49919823750000003 0.2980509890625 0.49919823750000003 0.29455050312500003
0 0.38901438125 0.2912124265625 0.390592125 0.2912124265625 0.390592125 0.285076759375 0.38901438125 0.285076759375 0.38901438125 0.2912124265625
0 0.014486396874999998 0.7893120921875 0.02605733125 0.7893120921875 0.02605733125 0.7220482078125 0.014486396874999998 0.7220482078125 0.014486396874999998 0.7893120921875
0 0.1641842703125 0.8045043218749999 0.14699716406250002 0.8045043218749999 0.14699716406250002 0.8729055328124999 0.1641842703125 0.8729055328124999 0.1641842703125 0.8045043218749999
0 0.20754265312500003 0.8246427484375 0.193480475 0.8246427484375 0.193480475 0.8763776765625 0.20754265312500003 0.8763776765625 0.20754265312500003 0.8246427484375
0 0.2065661125 0.932279175 0.2221907546875 0.932279175 0.2221907546875 0.90901581875 0.2065661125 0.90901581875 0.2065661125 0.932279175
0 0.3451066921875 0.9774975843749999 0.359106371875 0.9774975843749999 0.359106371875 0.9515426234375 0.3451066921875 0.9515426234375 0.3451066921875 0.9774975843749999
0 0.3134074171875 0.9479871484375 0.3245071625 0.9479871484375 0.3245071625 0.8877218609374999 0.3134074171875 0.8877218609374999 0.3134074171875 0.9479871484375
0 0.308307534375 0.8734999640625001 0.294607846875 0.8734999640625001 0.294607846875 0.956875834375 0.308307534375 0.956875834375 0.308307534375 0.8734999640625001
0 0.3306320234375 0.66927130625 0.3226634546875 0.66927130625 0.3226634546875 0.6862153625 0.3306320234375 0.6862153625 0.3306320234375 0.66927130625
0 0.3365693875 0.66927130625 0.3293820515625 0.66927130625 0.3293820515625 0.6845487328125001 0.3365693875 0.6845487328125001 0.3365693875 0.66927130625
0 0.257623234375 0.7117766265625 0.24579630468749997 0.7117766265625 0.24579630468749997 0.7265218890625 0.257623234375 0.7265218890625 0.257623234375 0.7117766265625
0 0.508541921875 0.88783146875 0.524621553125 0.88783146875 0.524621553125 0.8337882609375 0.508541921875 0.8337882609375 0.508541921875 0.88783146875
0 0.4182858578125 0.6343194515625 0.40900606875 0.6343194515625 0.40900606875 0.660345521875 0.4182858578125 0.660345521875 0.4182858578125 0.6343194515625
0 0.47324459843750005 0.6105688828125 0.4671647390625 0.6105688828125 0.4671647390625 0.6274929390625 0.47324459843750005 0.6274929390625 0.47324459843750005 0.6105688828125
0 0.4742045765625 0.6181064875 0.48404435156250003 0.6181064875 0.48404435156250003 0.5979113953125 0.4742045765625 0.5979113953125 0.4742045765625 0.6181064875
0 0.69718226875 0.5970115203125 0.702162890625 0.5970115203125 0.702162890625 0.58035119375 0.69718226875 0.58035119375 0.69718226875 0.5970115203125
0 0.6989844671875 0.6040601203125 0.712124134375 0.6040601203125 0.712124134375 0.5829143218749999 0.6989844671875 0.5829143218749999 0.6989844671875 0.6040601203125
0 0.7119602984375 0.5922930359375 0.7211678953125 0.5922930359375 0.7211678953125 0.5679433281249999 0.7119602984375 0.5679433281249999 0.7119602984375 0.5922930359375
0 0.8198714234375 0.550629975 0.8118076078125 0.550629975 0.8118076078125 0.5745227609375 0.8198714234375 0.5745227609375 0.8198714234375 0.550629975
0 0.834975078125 0.534360125 0.8265272703125 0.534360125 0.8265272703125 0.5786186671875 0.834975078125 0.5786186671875 0.834975078125 0.534360125
0 0.8570160734375 0.45331486875 0.8514162015625001 0.45331486875 0.8514162015625001 0.462701321875 0.8570160734375 0.462701321875 0.8570160734375 0.45331486875
0 0.9653100406249999 0.4717171890625 0.9805096921875001 0.4717171890625 0.9805096921875001 0.45216208125 0.9653100406249999 0.45216208125 0.9653100406249999 0.4717171890625
0 1 0.43047368906249994 0.9931094046875 0.43047368906249994 0.9931094046875 0.44434003750000006 1 0.44434003750000006 1 0.43047368906249994
0 0.62133545625 0.3506604625 0.6182635265624999 0.3506604625 0.6182635265624999 0.3643498921875 0.62133545625 0.3643498921875 0.62133545625 0.3506604625
0 0.67003578125 0.31366987812499997 0.6718379796875 0.31366987812499997 0.6718379796875 0.3039853359375 0.67003578125 0.3039853359375 0.67003578125 0.31366987812499997
0 0.676179640625 0.3040581515625 0.67466415625 0.3040581515625 0.67466415625 0.312286371875 0.676179640625 0.312286371875 0.676179640625 0.3040581515625
0 0.7346282234375 0.307553325 0.7312695796875001 0.307553325 0.7312695796875001 0.3135242453125 0.7346282234375 0.3135242453125 0.7346282234375 0.307553325
0 0.7499059531250001 0.3080630375 0.7475303281250001 0.3080630375 0.7475303281250001 0.3166553390625 0.7499059531250001 0.3166553390625 0.7499059531250001 0.3080630375
0 0.7534284328124999 0.36136443125 0.7502336265625 0.36136443125 0.7502336265625 0.3672625359375 0.7534284328124999 0.3672625359375 0.7534284328124999 0.36136443125
0 0.7102414296874999 0.3090444234375 0.7082344359375 0.3090444234375 0.7082344359375 0.3166172984375 0.7102414296874999 0.3166172984375 0.7102414296874999 0.3090444234375
0 0.6449624125 0.297858503125 0.6424721015625 0.297858503125 0.6424721015625 0.30292650625 0.6449624125 0.30292650625 0.6449624125 0.297858503125
0 0.634378590625 0.3140528078125 0.6326419265625 0.3140528078125 0.6326419265625 0.3224412234375 0.634378590625 0.3224412234375 0.634378590625 0.3140528078125
0 0.605029721875 0.3002071875 0.603079415625 0.3002071875 0.603079415625 0.3081109390625 0.605029721875 0.3081109390625 0.605029721875 0.3002071875
0 0.5553320125 0.3049584203125 0.5534236484374999 0.3049584203125 0.5534236484374999 0.31338411875 0.5553320125 0.31338411875 0.5553320125 0.3049584203125
0 0.5517669359374999 0.31140818124999997 0.5534236484374999 0.31140818124999997 0.5534236484374999 0.3047720109375 0.5517669359374999 0.3047720109375 0.5517669359374999 0.31140818124999997
0 0.4002145296875 0.2900373921875 0.398201309375 0.2900373921875 0.398201309375 0.2947721875 0.4002145296875 0.2947721875 0.4002145296875 0.2900373921875
0 0.40776410468749996 0.2917896390625 0.40908527968749997 0.2917896390625 0.40908527968749997 0.2862719265625 0.40776410468749996 0.2862719265625 0.40776410468749996 0.2917896390625
0 0.41128723906250003 0.29835124375 0.4127761828125 0.29835124375 0.4127761828125 0.29272168593750003 0.41128723906250003 0.29272168593750003 0.41128723906250003 0.29835124375
0 0.4342714984375 0.291118565625 0.432426046875 0.291118565625 0.432426046875 0.2980157078125 0.4342714984375 0.2980157078125 0.4342714984375 0.291118565625
0 0.4626872578125 0.2835503515625 0.4626872578125 0.2795611921875 0.4623936640625 0.2795611921875 0.4605062703125 0.2795611921875 0.4605062703125 0.2835503515625 0.4626872578125 0.2835503515625
0 0.4645117390625 0.28004585625 0.46308570781249997 0.28004585625 0.46308570781249997 0.2834757875 0.4645117390625 0.2834757875 0.4645117390625 0.28004585625
0 0.468936628125 0.2986494984375 0.4674267125 0.2986494984375 0.4674267125 0.3020794296875 0.468936628125 0.3020794296875 0.468936628125 0.2986494984375
