0 0.0521448875 0.155660065625 0.052077823437500004 0.1671875 0.055657029687500005 0.1671875 0.055724215625 0.1556392421875 0.0521448875 0.155660065625
0 0.0719925546875 0.16257650625 0.07211893281250001 0.1734375 0.0734375 0.1734375 0.0734375 0.1626101375 0.0719925546875 0.16257650625
0 0.075467309375 0.16050301875 0.0755152890625 0.16875 0.07797582812500001 0.16875 0.07792809843750001 0.160545971875 0.075467309375 0.16050301875
0 0.078863009375 0.20266464687500002 0.08125 0.202692421875 0.08125 0.189959253125 0.0789370828125 0.1899323390625 0.078863009375 0.20266464687500002
0 0.10393426406249999 0.1609268078125 0.10377043749999999 0.1703125 0.1078125 0.1703125 0.1078125 0.160836540625 0.10393426406249999 0.1609268078125
0 0.13050675 0.1757028140625 0.13050675 0.184375 0.133862371875 0.184375 0.133862371875 0.1756832921875 0.13050675 0.1757028140625
0 0.00625 0.1765625 0.003125 0.1765625 0.003125 0.1875 0.00625 0.1875 0.00625 0.1765625
0 0.011375371875 0.200258471875 0.0112511109375 0.2109375 0.021875 0.2109375 0.021875 0.200258471875 0.011375371875 0.200258471875
0 0.0256103078125 0.14436717968749999 0.0258031203125 0.1609375 0.03125 0.1609375 0.03125 0.14433436875 0.0256103078125 0.14436717968749999
0 0.630686490625 0.1296875 0.6309046593750001 0.1671875 0.6375 0.1671875 0.6375 0.1296875 0.630686490625 0.1296875
0 0.596875 0.101243053125 0.589181253125 0.101153528125 0.5890625 0.10625565625 0.5890625 0.128125 0.5963075015625 0.128125 0.596875 0.10374290156249999 0.596875 0.101243053125
0 0.42293237812499995 0.0308930328125 0.423156796875 0.04375 0.4265625 0.04375 0.4265625 0.0309352734375 0.42293237812499995 0.0308930328125
0 0.459597534375 0.029870726562499998 0.459955915625 0.0421875 0.4625 0.0421875 0.4625 0.029921389062499998 0.459597534375 0.029870726562499998
0 0.454453065625 0.026796684375 0.45421169062499994 0.040625 0.4578125 0.040625 0.4578125 0.026738045312499997 0.454453065625 0.026796684375
0 0.52272878125 0.0526980390625 0.52272878125 0.065625 0.5265625 0.065625 0.5265625 0.052631121875 0.52272878125 0.0526980390625
0 0.5307360328125 0.0448153375 0.5305637140625 0.0546875 0.534375 0.0546875 0.534375 0.044836509375 0.5307360328125 0.0448153375
0 0.5449148046875 0.050055848437499995 0.5442799328125 0.071875 0.5484375 0.071875 0.5484375 0.049994359375000005 0.5449148046875 0.050055848437499995
0 0.5524988421875 0.0489948203125 0.5523684546875 0.071406371875 0.5562444125 0.0713161578125 0.55625 0.0703558171875 0.55625 0.048907510937499996 0.5524988421875 0.0489948203125
0 0.5567100875 0.069994515625 0.5564863484375 0.0828125 0.5624740296875 0.0828125 0.5625 0.08132467812500001 0.5625 0.06985975312500001 0.5567100875 0.069994515625
0 0.5607875171875 0.0789995578125 0.5609489984375 0.0859375 0.565625 0.0859375 0.565625 0.07908399687499999 0.5607875171875 0.0789995578125
0 0.571653796875 0.07949484999999999 0.571653796875 0.0875 0.575 0.0875 0.575 0.07949484999999999 0.571653796875 0.07949484999999999
0 0.5703125 0.061882607812500004 0.5671875 0.061809873437499996 0.5671875 0.074461390625 0.5674182421875 0.084375 0.5703125 0.084375 0.5703125 0.061882607812500004
0 0.5713727859375 0.0495070625 0.5716024656250001 0.059375 0.571875 0.059375 0.571875 0.0494982953125 0.5713727859375 0.0495070625
0 0.5740420609375001 0.0414457 0.573851615625 0.0578125 0.5765625 0.0578125 0.5765625 0.04148969375 0.5740420609375001 0.0414457
0 0.58015786875 0.0348630703125 0.580312990625 0.04375 0.58125 0.04375 0.58125 0.034875778125 0.58015786875 0.0348630703125
0 0.6568343343749999 0.07032505781250001 0.6568343343749999 0.0953125 0.6604988781250001 0.0953125 0.6604988781250001 0.07032505781250001 0.6568343343749999 0.07032505781250001
0 0.6558360609375 0.0650814984375 0.652101046875 0.064994565625 0.651710953125 0.08734298593749999 0.6554459671874999 0.08742991875 0.6558360609375 0.0650814984375
0 0.67982010625 0.0662491609375 0.6794345906249999 0.0828125 0.6828125 0.0828125 0.6828125 0.06630139375 0.67982010625 0.0662491609375
0 0.6890625 0.05551238125 0.6859375 0.055439646875000005 0.6859375 0.0559989109375 0.686176778125 0.0765625 0.6890625 0.0765625 0.6890625 0.05551238125
0 0.680534078125 0.0427383515625 0.6805945046874999 0.053125 0.6859375 0.053125 0.6859375 0.042644034375 0.680534078125 0.0427383515625
0 0.6359375 0.0222800078125 0.6328125 0.022225459375 0.6328125 0.0390625 0.6359375 0.0390625 0.6359375 0.0222800078125
0 0.6166869359375 0.030728446875 0.6163474890625 0.0453125 0.61875 0.0453125 0.61875 0.030680428125 0.6166869359375 0.030728446875
0 0.6167689859375 0.025439684375 0.6166806390625 0.040625 0.6203125 0.040625 0.6203125 0.0254809171875 0.6167689859375 0.025439684375
0 0.641504609375 0.0228399734375 0.64167519375 0.0375 0.64375 0.0375 0.64375 0.022866101562499998 0.641504609375 0.0228399734375
0 0.663667340625 0.0282426546875 0.663342771875 0.0421875 0.665625 0.0421875 0.665625 0.0282426546875 0.663667340625 0.0282426546875
0 0.66875 0.018981403124999997 0.6671875 0.018963221875 0.6671875 0.029165446875 0.6672663 0.0359375 0.66875 0.0359375 0.66875 0.018981403124999997
0 0.7197959625 0.031526784375 0.7199927359375 0.0484375 0.721875 0.0484375 0.721875 0.0315388796875 0.7197959625 0.031526784375
0 0.72789835 0.032859701562499996 0.72778045 0.053125 0.73125 0.053125 0.73125 0.0327816921875 0.72789835 0.032859701562499996
0 0.7325001796875 0.040092224999999995 0.7326518296875 0.053125 0.734375 0.053125 0.734375 0.0401358625 0.7325001796875 0.040092224999999995
0 0.9167973406249998 0.1796875 0.9169427859375 0.2046875 0.9265625 0.2046875 0.9265625 0.1796875 0.9167973406249998 0.1796875
0 0.9337122703125 0.186681171875 0.9340586375000001 0.2015625 0.9390625 0.2015625 0.9390625 0.186836846875 0.9337122703125 0.186681171875
0 0.760156228125 0.020571921875 0.760016796875 0.0265625 0.7625 0.0265625 0.7625 0.020517370312499998 0.760156228125 0.020571921875
0 0.8148787765625001 0.0476765703125 0.814706290625 0.0625 0.8179536390625 0.0625 0.818126125 0.0476765703125 0.8148787765625001 0.0476765703125
0 0.840178509375 0.0775249140625 0.8401295671875001 0.0859375 0.8421875 0.0859375 0.8421875 0.077489846875 0.840178509375 0.0775249140625
0 0.8366198546875001 0.0741008765625 0.836895353125 0.0859375 0.8390625 0.0859375 0.8390625 0.0741435140625 0.8366198546875001 0.0741008765625
0 0.8617724140625 0.054607240625 0.8612250328125001 0.078125 0.8651032859375001 0.078125 0.865625 0.05571 0.865625 0.054584828125 0.8617724140625 0.054607240625
0 0.8090494406250001 0.034898684375 0.8089282656249999 0.0453125 0.8125 0.0453125 0.8125 0.034858534375 0.8090494406250001 0.034898684375
0 0.9328125 0.0734375 0.9328125 0.0509280515625 0.9281599625 0.05095511874999999 0.928125 0.056964671875 0.928125 0.0734375 0.9328125 0.0734375
0 0.9347052843749999 0.0618019078125 0.9348770390624999 0.0765625 0.9375 0.0765625 0.9375 0.061866954687499996 0.9347052843749999 0.0618019078125
0 0.9775539171875 0.0088752953125 0.977675 0.0296875 0.9984375 0.0296875 0.9984375 0.009239820312499999 0.9775539171875 0.0088752953125
0 0.9915617484375 0.05984753281250001 0.9914281421875 0.0828125 0.996875 0.0828125 0.996875 0.059909357812499994 0.9915617484375 0.05984753281250001
0 0.646069665625 0.02787905 0.645866809375 0.0453125 0.646875 0.0453125 0.646875 0.02787905 0.646069665625 0.02787905
0 0.6515625 0.032145921875 0.65 0.0321277390625 0.65 0.0484375 0.6515625 0.0484375 0.6515625 0.032145921875
0 0.659375 0.04375 0.659375 0.026244265625000002 0.6531540015624999 0.0262080734375 0.653125 0.027869571875 0.653125 0.04375 0.659375 0.04375
0 0.6635959843749999 0.01985043125 0.663424278125 0.0296875 0.665625 0.0296875 0.665625 0.0198150140625 0.6635959843749999 0.01985043125
0 0.8869393656250001 0.017795564062499998 0.886710084375 0.0375 0.896875 0.0375 0.896875 0.017795564062499998 0.8869393656250001 0.017795564062499998
0 0.9149653843750001 0.0201834484375 0.9147994921875 0.0296875 0.9171875 0.0296875 0.9171875 0.02024810625 0.9149653843750001 0.0201834484375
0 0.9382123046874999 0.027114479687499998 0.9382967890625 0.034375 0.9388204874999999 0.034375 0.940625 0.034333 0.940625 0.027058323437499997 0.9382123046874999 0.027114479687499998
0 0.934435646875 0.021107753125 0.9344855625000001 0.0296875 0.9359375 0.0296875 0.9359375 0.021099015625000002 0.934435646875 0.021107753125
0 0.937396303125 0.017998354687500003 0.9375141375 0.028125 0.9390625 0.028125 0.9390625 0.0180080484375 0.937396303125 0.017998354687500003
0 0.9230395625 0.019318695312500002 0.9228345921875001 0.028125 0.928125 0.028125 0.928125 0.019289109375 0.9230395625 0.019318695312500002
0 0.95463535 0.022341293749999998 0.9503632828124999 0.0222169890625 0.9503124343749999 0.030957167187500002 0.9545845015625 0.031081471875 0.95463535 0.022341293749999998
0 0.875 0.0300101375 0.8734375 0.0300101375 0.8734375 0.0421875 0.875 0.0421875 0.875 0.0300101375
0 0.8546875 0.07885196718750001 0.8515625 0.0788701484375 0.8515625 0.08289225624999999 0.851579753125 0.084375 0.8546875 0.084375 0.8546875 0.07885196718750001
0 0.6591813625 0.056317459375000004 0.65972530625 0.0796875 0.6640625 0.0796875 0.6640625 0.0562890625 0.6591813625 0.056317459375000004
0 0.5638592375 0.0375 0.5632227390625 0.059375 0.5703125 0.059375 0.5703125 0.0375 0.5638592375 0.0375
0 0.433242684375 0.590625 0.4334063171875 0.6046875 0.4375 0.6046875 0.4375 0.590625 0.433242684375 0.590625
