0 0.49586359375000005 0.11453379687500001 0.49575998906249996 0.1234375 0.498176109375 0.1234375 0.4982793859375 0.1145619078125 0.49586359375000005 0.11453379687500001
0 0.5054830203125 0.11411754375000001 0.5056999453125 0.1234375 0.50625 0.1234375 0.50625 0.11413539531250001 0.5054830203125 0.11411754375000001
0 0.22734664062499998 0.14058842031250002 0.22726418124999997 0.1453125 0.2291674703125 0.1453125 0.2292495421875 0.14061056249999998 0.22734664062499998 0.14058842031250002
0 0.2222241453125 0.14249896875 0.2221222921875 0.146875 0.2234375 0.146875 0.2234375 0.1425130875 0.2222241453125 0.14249896875
0 0.521997740625 0.044327253125 0.521997740625 0.05 0.5234375 0.05 0.5234375 0.04434400625 0.521997740625 0.044327253125
0 0.5265370359375 0.05149515624999999 0.5264556578125 0.047998832812499996 0.5264476874999999 0.047656365625 0.5241879921875 0.047695809374999995 0.5242773406250001 0.0515346 0.5265370359375 0.05149515624999999
0 0.0101043890625 0.40350864062499997 0.009908859374999999 0.4203125 0.0125 0.4203125 0.0125 0.40350864062499997 0.0101043890625 0.40350864062499997
0 0.1484375 0.19963790625 0.1484057890625 0.19854806875 0.145471409375 0.198565140625 0.14564955156249998 0.2046875 0.1484375 0.2046875 0.1484375 0.19963790625
0 0.15012195625 0.1974818875 0.15012195625 0.2046875 0.153125 0.2046875 0.153125 0.1975168296875 0.15012195625 0.1974818875
0 0.4978418734375 0.192092671875 0.4984375 0.1920788078125 0.4984375 0.18468731562500001 0.498057090625 0.18469617031250002 0.4978418734375 0.192092671875
0 0.49910075468750004 0.18563387343749999 0.499024496875 0.1921875 0.5010465953125001 0.1921875 0.50112216875 0.185692690625 0.49910075468750004 0.18563387343749999
0 0.523883125 0.0567043171875 0.5239842890624999 0.0625 0.5262358484375 0.0625 0.5261339984375 0.056665028125 0.523883125 0.0567043171875
0 0.499460775 0.0409493953125 0.4994353921875 0.0453125 0.5015625 0.0453125 0.5015625 0.0409983125 0.499460775 0.0409493953125
0 0.2509697265625 0.24432404375 0.25080125 0.2515625 0.2515625 0.2515625 0.2515625 0.244337840625 0.2509697265625 0.24432404375
0 0.2560528828125 0.253125 0.2562165234375 0.24375 0.2539633765625 0.24375 0.2537997359375 0.253125 0.2560528828125 0.253125
0 0.9539931124999999 0.019607540625 0.9538989859375 0.025 0.9578125 0.025 0.9578125 0.0196519828125 0.9539931124999999 0.019607540625
0 0.76299099375 0.459375 0.7640529890625001 0.4137473375 0.7535303921875001 0.41362489687500004 0.753125 0.43104221093749995 0.753125 0.459375 0.76299099375 0.459375
0 0.26484375 0.77109375 0.5296875 0.0046875
0 0.26484375 0.74921875 0.5296875 0.0046875
0 0.26484375 0.7453125 0.5296875 0.003125
0 0.26484375 0.6640625 0.5296875 0.003125
0 0.26484375 0.6578125 0.5296875 0.003125
0 0.26484375 0.65078125 0.5296875 0.0046875
0 0.26484375 0.63046875 0.5296875 0.0046875
0 0.26484375 0.55546875 0.5296875 0.0046875
0 0.26484375 0.5546875 0.5296875 0.00625
0 0.253125 0.92734375 0.50625 0.0078125
0 0.253125 0.9140625 0.50625 0.00625
0 0.26484375 0.75234375 0.5296875 0.0046875
0 0.26484375 0.71953125 0.5296875 0.0046875
0 0.26484375 0.6703125 0.5296875 0.003125
0 0.26484375 0.67421875 0.5296875 0.0046875
0 0.7328125 1 0.7328125 0.9833513437499999 0.7236832203125 0.983245115625 0.723488259375 1 0.7328125 1
0 0.5506303984375001 0.7440431109375 0.5520055453125 0.803125 0.5640625 0.803125 0.5640625 0.744355746875 0.5506303984375001 0.7440431109375
0 0.541640140625 0.459375 0.541494690625 0.471875 0.5515625 0.471875 0.5515625 0.459375 0.541640140625 0.459375
0 0.8373498265624999 0.769369378125 0.8222859984374999 0.769457015625 0.823936365625 0.826176446875 0.8375 0.8260975375000001 0.8375 0.774530503125 0.8373498265624999 0.769369378125
0 0.909375 0.65754155625 0.9015625 0.65745065 0.9015625 0.7125 0.909375 0.7125 0.909375 0.65754155625
0 0.9203125 0.6571087453125 0.9084771 0.6573842187500001 0.9078125 0.6802250421875 0.9078125 0.6984375 0.919679675 0.6984375 0.9203125 0.67668870625 0.9203125 0.6571087453125
0 0.9209912812500001 0.48261689687500003 0.920498109375 0.525 0.9328125 0.525 0.9328125 0.4829608578125 0.9209912812500001 0.48261689687500003
0 0.8725222640625001 0.5791263640625 0.8827302218749999 0.5791263640625 0.8827302218749999 0.5236673656249999 0.8725222640625001 0.5236673656249999 0.8725222640625001 0.5791263640625
0 0.8430326062500001 0.60836838125 0.8532405640625 0.60836838125 0.8532405640625 0.5650095281249999 0.8430326062500001 0.5650095281249999 0.8430326062500001 0.60836838125
0 0.7273424109375 0.7505450875 0.7398188046875 0.7505450875 0.7398188046875 0.6900443624999999 0.7273424109375 0.6900443624999999 0.7273424109375 0.7505450875
0 0.7108962562500001 0.692061053125 0.7222384328125 0.692061053125 0.7222384328125 0.643660471875 0.7108962562500001 0.643660471875 0.7108962562500001 0.692061053125
0 0.6740341843750001 0.66382738125 0.6853763609375 0.66382738125 0.6853763609375 0.61946018125 0.6740341843750001 0.61946018125 0.6740341843750001 0.66382738125
0 0.7040909515625 0.658785653125 0.7154331265625 0.658785653125 0.7154331265625 0.6255102546875 0.7040909515625 0.6255102546875 0.7040909515625 0.658785653125
0 0.701822515625 0.6013099625 0.714298909375 0.6013099625 0.714298909375 0.549884346875 0.701822515625 0.549884346875 0.701822515625 0.6013099625
0 0.747758328125 0.6376104 0.7608018296875001 0.6376104 0.7608018296875001 0.5882014734375 0.747758328125 0.5882014734375 0.747758328125 0.6376104
0 0.6972856453125 0.57811801875 0.707493603125 0.57811801875 0.707493603125 0.531734128125 0.6972856453125 0.531734128125 0.6972856453125 0.57811801875
0 0.6978527546875 0.5589594546875001 0.707493603125 0.5589594546875001 0.707493603125 0.5115672203125 0.6978527546875 0.5115672203125 0.6978527546875 0.5589594546875001
0 0.6819737078125 0.553917728125 0.6921816656249999 0.553917728125 0.6921816656249999 0.501483765625 0.6819737078125 0.501483765625 0.6819737078125 0.553917728125
0 0.846435259375 0.5619844921875 0.8594787609375001 0.5619844921875 0.8594787609375001 0.5297174375 0.846435259375 0.5297174375 0.846435259375 0.5619844921875
0 0.8362273 0.542825928125 0.846435259375 0.542825928125 0.846435259375 0.488375275 0.8362273 0.488375275 0.8362273 0.542825928125
0 0.7789493125 0.52568405625 0.7863217265625 0.52568405625 0.7863217265625 0.49240865625 0.7789493125 0.49240865625 0.7789493125 0.52568405625
0 0.7829190734375 0.5186256375 0.7959625765625 0.5186256375 0.7959625765625 0.47022505625 0.7829190734375 0.47022505625 0.7829190734375 0.5186256375
0 0.7851875093749999 0.459375 0.7851875093749999 0.47022505625 0.7959625765625 0.47022505625 0.7959625765625 0.459375 0.7851875093749999 0.459375
0 0.6480905921875 0.459375 0.6480905921875 0.47915382656250005 0.6564384343749999 0.47915382656250005 0.6564384343749999 0.459375 0.6480905921875 0.459375
0 0.6549866359375 0.459375 0.6549866359375 0.47399109843750004 0.665875125 0.47399109843750004 0.665875125 0.459375 0.6549866359375 0.459375
0 0.7746030906250001 0.459375 0.7746030906250001 0.48988602343750004 0.7829190734375 0.48988602343750004 0.7829190734375 0.459375 0.7746030906250001 0.459375
0 0.7995929265624999 0.459375 0.7995929265624999 0.490711225 0.8551949875 0.490711225 0.8551949875 0.459375 0.7995929265624999 0.459375
