0 0.1 0.4796875 0.1 0.44222442187500005 0.070416725 0.44291297968750004 0.070416725 0.4796875 0.1 0.4796875
0 0.20685863593749998 0.2303054140625 0.206498615625 0.2921875 0.2390625 0.2921875 0.2390625 0.2297432921875 0.20685863593749998 0.2303054140625
0 0.2243579015625 0.184905071875 0.223548946875 0.23125 0.25596251406250004 0.23125 0.25625 0.214779921875 0.25625 0.18546175 0.2243579015625 0.184905071875
0 0.278125 0.140625 0.26380126718749997 0.140625 0.258382684375 0.14075111875 0.258382684375 0.1703125 0.2673220421875 0.1703125 0.278125 0.170061059375 0.278125 0.140625
0 0.28198269374999996 0.0962370734375 0.28235374375 0.128125 0.309375 0.128125 0.309375 0.095599509375 0.28198269374999996 0.0962370734375
0 0.275849396875 0.0712325234375 0.276409865625 0.0953125 0.2875 0.0953125 0.2875 0.07130030312499999 0.275849396875 0.0712325234375
0 0.2946038328125 0.06750263749999999 0.2941583609375 0.0828125 0.30625 0.0828125 0.30625 0.0677737046875 0.2946038328125 0.06750263749999999
0 0.299905453125 0.035561414062500005 0.299905453125 0.0609375 0.3140625 0.0609375 0.3140625 0.0354790515625 0.299905453125 0.035561414062500005
0 0.2817164546875 0.024301770312500002 0.28219729375 0.065625 0.29375 0.065625 0.29375 0.024581854687499998 0.2817164546875 0.024301770312500002
0 0.32383159687499996 0 0.3239381078125 0.009153465625 0.35 0.009153465625 0.35 0 0.32383159687499996 0
0 0.23857646875 0 0.2387128359375 0.0078125 0.2484375 0.0078125 0.2484375 0 0.23857646875 0
0 0.1828529484375 0 0.1835347859375 0.0390625 0.196875 0.0390625 0.196875 0 0.1828529484375 0
0 0.2140625 0.025 0.196875 0.025 0.196875 0.053125 0.2140625 0.053125 0.2140625 0.025
0 0.17890968125 0.056241937500000005 0.1792188578125 0.0828125 0.1953125 0.0828125 0.1953125 0.055955624999999995 0.17890968125 0.056241937500000005
0 0.0453125 0.4796875 0.0453125 0.4330661421875 0.0038853671875 0.433548190625 0.0038853671875 0.4796875 0.0453125 0.4796875
0 0.0375 0.3593266859375 0.0140625 0.35878117187499997 0.0140625 0.3617633390625 0.0149888375 0.4015625 0.0375 0.4015625 0.0375 0.3593266859375
0 0 0.378125 0.0125 0.378125 0.0125 0.350517025 0 0.350662475 0 0.378125
0 0 0.35 0.0078125 0.35 0.0078125 0.32823115625 0 0.32823115625 0 0.35
0 0 0.33125 0.0109375 0.33125 0.0109375 0.3180947328125 0 0.318158365625 0 0.33125
0 0.006182065625 0.2851695015625 0.00685455625 0.3140625 0.0265625 0.3140625 0.0265625 0.28552524375 0.006182065625 0.2851695015625
0 0.0395335328125 0.2935006484375 0.0393139140625 0.33125 0.059106957812500006 0.33125 0.05932925625 0.293039896875 0.0395335328125 0.2935006484375
0 0.053661028124999996 0.314966665625 0.053661028124999996 0.34375 0.08125 0.34375 0.08125 0.3156088078125 0.053661028124999996 0.314966665625
0 0.1011097140625 0.27762770625 0.101460946875 0.3078125 0.125 0.3078125 0.125 0.27721070000000003 0.1011097140625 0.27762770625
0 0.1204396234375 0.2943083171875 0.1211662640625 0.3359375 0.15625 0.3359375 0.15625 0.294725009375 0.1204396234375 0.2943083171875
0 0.178125 0.1453125 0.15051862968750002 0.1453125 0.15 0.17502481406249998 0.15 0.196875 0.177795728125 0.196875 0.178125 0.1780110546875 0.178125 0.1453125
0 0.11768026093749999 0.21986236250000002 0.11730610781249999 0.2359375 0.134659971875 0.2359375 0.15 0.23558045781249998 0.15 0.21911011249999998 0.11768026093749999 0.21986236250000002
0 0.11642430937499999 0.192791496875 0.11596558906250001 0.2125 0.1390625 0.2125 0.1390625 0.1922645875 0.11642430937499999 0.192791496875
0 0.0500172546875 0.19330633125000002 0.050406828125000004 0.215625 0.0671875 0.215625 0.0671875 0.1929066890625 0.0500172546875 0.19330633125000002
0 0.0119070640625 0.21993394843749997 0.0375 0.219785053125 0.0375 0.1975578171875 0.0112604265625 0.197710475 0.0119070640625 0.21993394843749997
0 0.011408320312500001 0.2255985296875 0.0111062015625 0.2515625 0.028125 0.2515625 0.028125 0.2255985296875 0.011408320312500001 0.2255985296875
0 0 0.17495705625 0.0140625 0.174793425 0.0140625 0.153125 0 0.153125 0 0.17495705625
0 0 0.136787940625 0.0000628296875 0.1421875 0.0171875 0.1421875 0.0171875 0.121875 0 0.121875 0 0.136787940625
0 0.0681460359375 0.147545434375 0.0685161640625 0.16875 0.090625 0.16875 0.090625 0.147545434375 0.0681460359375 0.147545434375
0 0.0953125 0.1306940171875 0.08125 0.13102132500000002 0.08125 0.1484375 0.0953125 0.1484375 0.0953125 0.1306940171875
0 0.07300865625 0.11656961562499998 0.0726669671875 0.13125 0.090625 0.13125 0.090625 0.116262121875 0.07300865625 0.11656961562499998
0 0.04753618125 0.1578125 0.0640625 0.1578125 0.0640625 0.1393248984375 0.049029660937500004 0.1390625 0.04753618125 0.1390625 0.04753618125 0.1578125
0 0.0392044640625 0.138917290625 0.05625 0.138917290625 0.05625 0.122343853125 0.039590215625 0.122343853125 0.0392044640625 0.138917290625
0 0.11009806562499999 0.0998391546875 0.11067361718749999 0.1328125 0.1296875 0.1328125 0.1296875 0.0997251859375 0.11009806562499999 0.0998391546875
0 0.1078125 0.0914663328125 0.1077155296875 0.0873001 0.0924698671875 0.0873001 0.0929836671875 0.109375 0.1078125 0.109375 0.1078125 0.0914663328125
0 0.0740937484375 0.0934614359375 0.074371521875 0.109375 0.0890625 0.109375 0.0890625 0.09337435 0.0740937484375 0.0934614359375
0 0.0703125 0.08018764843750001 0.0701799421875 0.072593446875 0.0587456953125 0.07232731249999999 0.059065084375 0.090625 0.0703125 0.090625 0.0703125 0.08018764843750001
0 0.0418225703125 0.096875 0.0418225703125 0.1109375 0.0546875 0.1109375 0.0546875 0.096875 0.0418225703125 0.096875
0 0.03738043125 0.0917580046875 0.04375 0.0917950625 0.04375 0.0786111984375 0.0374571296875 0.0785745875 0.03738043125 0.0917580046875
0 0.020219271875 0.0633359 0.01987930625 0.0828125 0.0359375 0.0828125 0.0359375 0.0628785453125 0.020219271875 0.0633359
0 0.013958856250000002 0.10283908125 0.025 0.10271060624999999 0.025 0.08048261718750001 0.01357094375 0.08061560625 0.013958856250000002 0.10283908125
0 0 0.0734375 0.0109375 0.0734375 0.0109375 0.052560735937500005 0 0.052497103125 0 0.0734375
0 0.2609375 0.0731895140625 0.2609375 0.065625 0.2592849671875 0.065625 0.2441304578125 0.0658895234375 0.24375 0.0876859625 0.24375 0.0890625 0.2606604359375 0.0890625 0.2609375 0.0731895140625
0 0.227593690625 0.0900062421875 0.2278554296875 0.1125 0.2421875 0.1125 0.2421875 0.090260978125 0.227593690625 0.0900062421875
0 0.203826921875 0.1001035296875 0.20336668750000003 0.1264703609375 0.227188034375 0.126193175 0.2276452375 0.1 0.2127242578125 0.1 0.203826921875 0.1001035296875
0 0.136596359375 0.090625 0.1625 0.090625 0.1625 0.0657927859375 0.152887578125 0.065625 0.136596359375 0.065625 0.136596359375 0.090625
0 0.136107928125 0 0.1365170328125 0.0234375 0.1546875 0.0234375 0.1546875 0.00035443125 0.13945970624999998 0 0.136107928125 0
0 0.11397692968749999 0.0162475015625 0.1131766890625 0.04375 0.128125 0.04375 0.128125 0.0162475015625 0.11397692968749999 0.0162475015625
0 0.1218011828125 0.0513910828125 0.10353815 0.050859682812499994 0.1032039515625 0.0795806984375 0.1068744828125 0.0796875 0.121471925 0.0796875 0.1218011828125 0.0513910828125
0 0.08544787499999999 0.029695154687500003 0.0850116421875 0.0484375 0.096875 0.0484375 0.096875 0.0294291859375 0.08544787499999999 0.029695154687500003
0 0.1051347953125 0.001803540625 0.10525156718749999 0.021875 0.1203125 0.021875 0.1203125 0.001803540625 0.1051347953125 0.001803540625
0 0.0830642734375 0 0.0828125 0.0108171984375 0.0828125 0.015625 0.1 0.015625 0.1 0 0.0830642734375 0
0 0.07069457812499999 0 0.0703125 0.013131184374999999 0.0703125 0.015625 0.08241323125 0.015625 0.0828125 0.001903009375 0.0828125 0 0.07069457812499999 0
0 0.056592995312500005 0 0.05677480781250001 0.015625 0.0703125 0.015625 0.0703125 0 0.056592995312500005 0
0 0.011805260937500001 0.0280284046875 0.011805260937500001 0.040625 0.0296875 0.040625 0.0296875 0.028340539062499996 0.011805260937500001 0.0280284046875
0 0.0176347640625 0.0047274015625 0.017888839062500002 0.0265625 0.0421875 0.0265625 0.0421875 0.0048702453125 0.0176347640625 0.0047274015625
0 0 0 0 0.0140625 0.0125 0.0140625 0.0125 0 0 0
0 0.04308059375 0.219719296875 0.042904425 0.25 0.071875 0.25 0.071875 0.22055712968750002 0.04308059375 0.219719296875
0 0.4402568484375 0.1917373375 0.43997625625000003 0.2078125 0.44375 0.2078125 0.44375 0.1917983109375 0.4402568484375 0.1917373375
0 0.4390625 0.2 0.440625 0.2 0.440625 0.18125 0.4390625 0.18125 0.4390625 0.2
0 0.4390625 0.1671875 0.440625 0.1671875 0.440625 0.1484375 0.4390625 0.1484375 0.4390625 0.1671875
0 0.4544297890625 0.17939805312499998 0.454763834375 0.19375 0.4640625 0.19375 0.4640625 0.1792859671875 0.4544297890625 0.17939805312499998
0 0.46985028125 0.152050778125 0.47005712187500004 0.1609375 0.4734375 0.1609375 0.4734375 0.1520716484375 0.46985028125 0.152050778125
0 0.46386874375 0.1603612546875 0.46875 0.1604464578125 0.46875 0.150864415625 0.463924484375 0.1507801859375 0.46386874375 0.1603612546875
0 0.464750790625 0.12931173125 0.46492099062500003 0.1390625 0.46875 0.1390625 0.46875 0.129241925 0.464750790625 0.12931173125
0 0.459675271875 0.1288585015625 0.45972554531250004 0.1375 0.4640625 0.1375 0.4640625 0.128960615625 0.459675271875 0.1288585015625
0 0.497574640625 0.12869703906250002 0.4978159 0.1390625 0.5027706875 0.1390625 0.5025307703124999 0.128754709375 0.497574640625 0.12869703906250002
0 0.49075233906250004 0.140384696875 0.4953125 0.140278559375 0.4953125 0.1287988953125 0.4905520421875 0.12890969531250002 0.49075233906250004 0.140384696875
0 0.4890625 0.11945952500000001 0.4890625 0.1243560765625 0.48915461093749996 0.13227208125 0.4953125 0.132200428125 0.4953125 0.11938679999999999 0.4890625 0.11945952500000001
0 0.49888034843749995 0.1502051109375 0.49898705000000004 0.159375 0.5030657062499999 0.159375 0.5029581765625 0.1501339328125 0.49888034843749995 0.1502051109375
0 0.5037907953125 0.1497062578125 0.5037907953125 0.159375 0.5078125 0.159375 0.5078125 0.149682859375 0.5037907953125 0.1497062578125
0 0.5208316140625 0.1168535453125 0.5210575937499999 0.1265625 0.525 0.1265625 0.525 0.11680504218750001 0.5208316140625 0.1168535453125
0 0.5340901296875 0.127077884375 0.5343479171875 0.1359375 0.5375 0.1359375 0.5375 0.127077884375 0.5340901296875 0.127077884375
0 0.5352304453125 0.1509322703125 0.5354050859375 0.1609375 0.5390625 0.1609375 0.5390625 0.150954565625 0.5352304453125 0.1509322703125
0 0.5411261828125 0.14920344531250002 0.5412627203125 0.1609375 0.5453125 0.1609375 0.5453125 0.14908163593749998 0.5411261828125 0.14920344531250002
0 0.534405365625 0.173891415625 0.534724725 0.1921875 0.540625 0.1921875 0.540625 0.17403617968750001 0.534405365625 0.173891415625
0 0.5910185578125 0.1166993453125 0.5910185578125 0.125 0.5953125 0.125 0.5953125 0.11662439375 0.5910185578125 0.1166993453125
0 0.585725 0.1165326390625 0.585577203125 0.125 0.5890625 0.125 0.5890625 0.1166297515625 0.585725 0.1165326390625
0 0.57755159375 0.1509660484375 0.5773922406249999 0.1578125 0.58125 0.1578125 0.58125 0.15105212968749998 0.57755159375 0.1509660484375
0 0.5710685453125001 0.1291523421875 0.570977384375 0.134375 0.575 0.134375 0.575 0.12919808906250002 0.5710685453125001 0.1291523421875
0 0.5703125 0.13155217187499998 0.565625 0.131661275 0.565625 0.1375 0.5703125 0.1375 0.5703125 0.13155217187499998
0 0.50625 0.20552300781250002 0.5062085359374999 0.20374154687499998 0.49905273125000005 0.2036166421875 0.499368596875 0.2171875 0.50625 0.2171875 0.50625 0.20552300781250002
0 0.7647784062499999 0.10486190312500002 0.764418790625 0.1203125 0.76875 0.1203125 0.76875 0.104885009375 0.7647784062499999 0.10486190312500002
0 0.7613218125 0.12754442187499998 0.7614807953125 0.134375 0.7640625 0.134375 0.7640625 0.1275603671875 0.7613218125 0.12754442187499998
0 0.7571061546875001 0.1280780109375 0.756887146875 0.140625 0.7609375 0.140625 0.7609375 0.1280334296875 0.7571061546875001 0.1280780109375
0 0.78677234375 0.16299656406250002 0.7866934203125 0.1765625 0.790625 0.1765625 0.790625 0.16310866562499998 0.78677234375 0.16299656406250002
0 0.78873825625 0.12842199062499998 0.7886490796875 0.14375 0.7921875 0.14375 0.7921875 0.12838185468750002 0.78873825625 0.12842199062499998
0 0.7743270015625 0.1370048765625 0.778125 0.13711538750000002 0.778125 0.11970792187499998 0.7743270015625 0.11959741093750001 0.7743270015625 0.1370048765625
0 0.7720109515625 0.1361016625 0.7719391828125 0.1484375 0.77328328125 0.1484375 0.7765625 0.148380259375 0.7765625 0.13602221406249998 0.7720109515625 0.1361016625
0 0.7758827 0.1369015140625 0.7755015734375 0.15 0.7796875 0.15 0.7796875 0.13679080625 0.7758827 0.1369015140625
0 0.7823908546875 0.13783557500000002 0.7823473546875 0.1453125 0.784375 0.1453125 0.784375 0.13787020781249998 0.7823908546875 0.13783557500000002
0 0.7957341453125 0.11818200000000001 0.7984375 0.11811907968749999 0.7984375 0.1116739578125 0.7955467390625 0.1117412390625 0.7957341453125 0.11818200000000001
0 0.800547246875 0.1143683078125 0.8003725265625 0.121875 0.8078125 0.121875 0.8078125 0.11432603906250001 0.800547246875 0.1143683078125
0 0.792654175 0.0809436671875 0.7924179421875 0.0890625 0.796875 0.0890625 0.796875 0.08104190781250001 0.792654175 0.0809436671875
0 0.8134868281250001 0.06043485 0.8133416859375 0.06875 0.816870575 0.06875 0.8170157171875001 0.06043485 0.8134868281250001 0.06043485
0 0.8732307234375 0.0997218109375 0.8735281374999999 0.1125 0.878125 0.1125 0.878125 0.0998357265625 0.8732307234375 0.0997218109375
0 0.977083134375 0.0820530890625 0.976851690625 0.0953125 0.98125 0.0953125 0.98125 0.0819803546875 0.977083134375 0.0820530890625
0 0.821875 0.0648344046875 0.8171875 0.06488894843750001 0.8171875 0.0796875 0.821875 0.0796875 0.821875 0.0648344046875
0 0.809375 0.0414389328125 0.80625 0.041420751562500004 0.80625 0.0513227 0.8063024421874999 0.053125 0.809375 0.053125 0.809375 0.0414389328125
0 0.7747188078125 0.038668701562500005 0.7744187015625 0.0515625 0.778125 0.0515625 0.778125 0.038609246874999996 0.7747188078125 0.038668701562500005
0 0.6273406296874999 0.19727766875 0.6275723015625 0.2171875 0.6328125 0.2171875 0.6328125 0.19737318125 0.6273406296874999 0.19727766875
0 0.61057110625 0.23734520625000002 0.6103693109374999 0.2546875 0.615625 0.2546875 0.615625 0.237433421875 0.61057110625 0.23734520625000002
0 0.6210282359375 0.24592037968749997 0.620860546875 0.253125 0.626509828125 0.253125 0.6265625 0.250862021875 0.6265625 0.24604919062500002 0.6210282359375 0.24592037968749997
0 0.602113446875 0.25810953593749997 0.60190044375 0.2703125 0.60625 0.2703125 0.60625 0.25801325625 0.602113446875 0.25810953593749997
0 0.5986868328125 0.2625004609375 0.5986868328125 0.26875 0.6015625 0.26875 0.6015625 0.26245026562499996 0.5986868328125 0.2625004609375
0 0.49616420312500004 0.2296875 0.49616420312500004 0.246875 0.5 0.246875 0.5 0.2296875 0.49616420312500004 0.2296875
0 0.45562248125 0.2547126 0.455803734375 0.2625 0.4578125 0.2625 0.4578125 0.2547635734375 0.45562248125 0.2547126
0 0.44491109531250006 0.278490675 0.4410685265625 0.2785353875 0.4409356328125 0.28424503749999996 0.44477820156250003 0.284200325 0.44491109531250006 0.278490675
0 0.4633088859375 0.290625 0.46353620624999997 0.2984375 0.465625 0.2984375 0.465625 0.290625 0.4633088859375 0.290625
0 0.5198780875 0.3081179734375 0.519807140625 0.3203125 0.525 0.3203125 0.525 0.308088175 0.5198780875 0.3081179734375
0 0.5305015937500001 0.30025057187500004 0.5306775984375001 0.3078125 0.5357728125 0.3078125 0.535598878125 0.3003395453125 0.5305015937500001 0.30025057187500004
0 0.6084616140625 0.14200506875000002 0.60870009375 0.1625 0.6263505171875 0.1625 0.6261060625 0.14149166875000002 0.6084616140625 0.14200506875000002
0 0.60033329375 0.11793132343749999 0.6001055921875 0.1375 0.6109375 0.1375 0.6109375 0.1177462265625 0.60033329375 0.11793132343749999
0 0.6368997453125 0.1171875 0.6366452062500001 0.1390625 0.65 0.1390625 0.65 0.1171875 0.6368997453125 0.1171875
0 0.6609375 0.1234375 0.6609375 0.10146708906249999 0.65020211875 0.10134217187500001 0.65 0.11292153437500001 0.65 0.1234375 0.6609375 0.1234375
0 0.678125 0.115342128125 0.6671875 0.11508755625 0.6671875 0.12475104687500001 0.6673282125 0.1328125 0.678125 0.1328125 0.678125 0.115342128125
0 0.6489961078125 0.1420674875 0.6488954171875 0.159375 0.6609375 0.159375 0.6609375 0.1417895484375 0.6489961078125 0.1420674875
0 0.680742959375 0.10493449218749999 0.680742959375 0.1234375 0.690625 0.1234375 0.690625 0.1051645 0.680742959375 0.10493449218749999
0 0.8157013062499999 0.0865692796875 0.8159303109374999 0.10625 0.8265625 0.10625 0.8265625 0.086379696875 0.8157013062499999 0.0865692796875
0 0.8246855765625 0.072179934375 0.825062084375 0.09375 0.8328125 0.09375 0.8328125 0.07227449999999999 0.8246855765625 0.072179934375
0 0.85625 0.1032317765625 0.8441200890625 0.1032317765625 0.84375 0.1244341359375 0.84375 0.125 0.8561869109375 0.125 0.85625 0.1213855984375 0.85625 0.1032317765625
0 0.82979366875 0.12249044687499999 0.829298846875 0.14375 0.840625 0.14375 0.840625 0.1222383453125 0.82979366875 0.12249044687499999
0 0.8869867953125 0.1055339984375 0.88653371875 0.125 0.896875 0.125 0.896875 0.1053038484375 0.8869867953125 0.1055339984375
0 0.5888264296875001 0.034375 0.588608240625 0.021875 0.5851563687500001 0.021875 0.58537455625 0.034375 0.5888264296875001 0.034375
0 0.606332609375 0.0050674109375 0.6067307312500001 0.01875 0.609375 0.01875 0.609375 0.0050497109375 0.606332609375 0.0050674109375
0 0.6047392859375 0.044665228125 0.604640846875 0.053125 0.6078125 0.053125 0.6078125 0.044665228125 0.6047392859375 0.044665228125
0 0.6003386421875 0.04389325625 0.6002849343750001 0.053125 0.603125 0.053125 0.603125 0.043860834375000005 0.6003386421875 0.04389325625
0 0.65241515625 0.006072334375 0.6525626734375 0.01875 0.6546875 0.01875 0.6546875 0.0060591140625 0.65241515625 0.006072334375
0 0.6493270859375 0.009296165625 0.6491988984375 0.0203125 0.653125 0.0203125 0.653125 0.009296165625 0.6493270859375 0.009296165625
0 0.8566248390624999 0.0862849046875 0.8570006046875001 0.1078125 0.8671875 0.1078125 0.8671875 0.0862849046875 0.8566248390624999 0.0862849046875
0 0.8658157921875 0.077605084375 0.8657400453124999 0.090625 0.875 0.090625 0.875 0.0773913203125 0.8658157921875 0.077605084375
0 0.9076967734375 0.07231846875 0.9072706859374999 0.090625 0.915625 0.090625 0.915625 0.07218008125 0.9076967734375 0.07231846875
0 0.8962724984375001 0.0950264390625 0.8962724984375001 0.10625 0.9 0.10625 0.9 0.095091503125 0.8962724984375001 0.0950264390625
0 0.8749243140625002 0.126662628125 0.8746357031249999 0.1390625 0.8828125 0.1390625 0.8828125 0.126662628125 0.8749243140625002 0.126662628125
0 0.91634490625 0.1259546375 0.9164918828124999 0.134375 0.9234375 0.134375 0.9234375 0.1259133734375 0.91634490625 0.1259546375
0 0.978085471875 0.10901685937500001 0.9782826390625001 0.1203125 0.9828125 0.1203125 0.9828125 0.1089893578125 0.978085471875 0.10901685937500001
0 0.9744972749999998 0.10782163281249998 0.9746880296875 0.11875 0.978125 0.11875 0.978125 0.10790606875 0.9744972749999998 0.10782163281249998
0 0.9617683515625 0.11672240468749999 0.9617683515625 0.1359375 0.971875 0.1359375 0.971875 0.116781203125 0.9617683515625 0.11672240468749999
0 0.9311490828124999 0.10325342500000001 0.931013475 0.1265625 0.9421875 0.1265625 0.9421875 0.10331764531250001 0.9311490828124999 0.10325342500000001
0 0.9418456093749998 0.084923484375 0.9415006281250001 0.1046875 0.9514411265625 0.1046875 0.9515625 0.10468396875 0.9515625 0.0846407515625 0.9418456093749998 0.084923484375
0 1 0.1205750125 0.99375 0.12053865156250002 0.99375 0.1328125 1 0.1328125 1 0.1205750125
0 0.624145190625 0.282185821875 0.623861515625 0.2984375 0.640625 0.2984375 0.640625 0.2819940609375 0.624145190625 0.282185821875
0 0.6901009375 0.2528752734375 0.6901009375 0.2671875 0.7 0.2671875 0.7 0.2530480625 0.6901009375 0.2528752734375
0 0.684722925 0.2741501625 0.6848741265625 0.2828125 0.6921875 0.2828125 0.6921875 0.274323903125 0.684722925 0.2741501625
0 0.7545125500000001 0.269172321875 0.7492192156249999 0.269172321875 0.7489608984375 0.27805013125 0.7542542328125 0.27805013125 0.7545125500000001 0.269172321875
0 0.7629851375 0.284375 0.7699472484375001 0.284375 0.7700190921875001 0.278200775 0.7674148890625 0.278125 0.7630578625 0.278125 0.7629851375 0.284375
0 0.846345340625 0.2489135515625 0.846138215625 0.2578125 0.853125 0.2578125 0.853125 0.24875575312499998 0.846345340625 0.2489135515625
0 0.8646987515625 0.2354841328125 0.8647468406249998 0.24375 0.86875 0.24375 0.86875 0.2354841328125 0.8646987515625 0.2354841328125
0 0.9730312171875 0.25000217187499996 0.9729221640624999 0.2546875 0.975 0.2546875 0.975 0.24999071874999998 0.9730312171875 0.25000217187499996
0 0.6928632765625 0.2946679234375 0.7 0.2948340328125 0.7 0.283794021875 0.6928632765625 0.28362791249999997 0.6928632765625 0.2946679234375
0 0.641205890625 0.2964957953125 0.641205890625 0.30625 0.646875 0.30625 0.646875 0.296396840625 0.641205890625 0.2964957953125
0 0.0789140828125 0.7125 0.078477671875 0.73125 0.0859375 0.73125 0.0859375 0.7125 0.0789140828125 0.7125
0 0.0341768796875 0.6735779859375001 0.0341768796875 0.69375 0.0421875 0.69375 0.0421875 0.6733915375 0.0341768796875 0.6735779859375001
0 0.038637746875000004 0.664247771875 0.038547921875 0.6796875 0.0515625 0.6796875 0.0515625 0.6640221687500001 0.038637746875000004 0.664247771875
0 0.030616054687499998 0.7375 0.0310160984375 0.7546875 0.0390625 0.7546875 0.0390625 0.7375 0.030616054687499998 0.7375
0 0 0.6890625 0.010274284375000001 0.6890625 0.0109375 0.6662692703124999 0.0109375 0.6615015984375 0 0.661247025 0 0.6890625
0 0.05992879062499999 0.7232946124999999 0.065625 0.723261471875 0.065625 0.7036537015625 0.05992879062499999 0.7036868421875 0.05992879062499999 0.7232946124999999
0 0.128125 0.7613074 0.121875 0.7611619296875001 0.121875 0.7695720671874999 0.12193815937500001 0.775 0.128125 0.775 0.128125 0.7613074
0 0.1505850296875 0.8011756828125 0.15069861874999999 0.8109375 0.1546875 0.8109375 0.1546875 0.8011756828125 0.1505850296875 0.8011756828125
0 0.15625 0.780360225 0.1484375 0.7804965906250001 0.1484375 0.79375 0.15625 0.79375 0.15625 0.780360225
0 0.160323284375 0.784184896875 0.16072775156250002 0.8015625 0.165625 0.8015625 0.165625 0.7841232046875 0.160323284375 0.784184896875
0 0.27437599687500003 0.8605534453124999 0.2859375 0.8606207078124999 0.2859375 0.8477882703125001 0.274077278125 0.84771926875 0.27437599687500003 0.8605534453124999
0 0.2729794640625 0.7726221375 0.272920178125 0.7828125 0.2765625 0.7828125 0.2765625 0.7726846796875 0.2729794640625 0.7726221375
0 0.146545740625 0.6570080375 0.14683251875 0.6734375 0.1546875 0.6734375 0.1546875 0.6568659234374999 0.146545740625 0.6570080375
0 0.12658868437499998 0.5984375 0.1266886796875 0.615625 0.1359375 0.615625 0.1359375 0.5984375 0.12658868437499998 0.5984375
0 0.1328534109375 0.51805435625 0.1331969109375 0.5328125 0.140625 0.5328125 0.140625 0.5181447859375 0.1328534109375 0.51805435625
0 0.0480799171875 0.6157732671875 0.04826824375 0.6265625 0.0546875 0.6265625 0.0546875 0.615619475 0.0480799171875 0.6157732671875
0 0.057528625 0.6214685453125 0.0609375 0.6214288796874999 0.0609375 0.609952325 0.0573951 0.6099935453125 0.057528625 0.6214685453125
0 0.0576368203125 0.635688284375 0.0703125 0.6354670312499999 0.0703125 0.6235439765625 0.0574981125 0.6237676515625 0.0576368203125 0.635688284375
