0 0.715625 0.9162572390625 0.696875 0.9159299578125001 0.696875 0.95 0.715625 0.95 0.715625 0.9162572390625
0 0.6238140546875 0.8359375 0.6421875 0.8359375 0.6421875 0.8112324531249999 0.6252896640625 0.8109375 0.6243959359375 0.8109375 0.6238140546875 0.8359375
0 0.6230667609375 0.7448154265625 0.6247633968749999 0.803125 0.65 0.803125 0.65 0.7454423046875001 0.6230667609375 0.7448154265625
0 0.58588585625 0.6625 0.5849585546875 0.715625 0.6092120734375 0.715625 0.609375 0.7062909375 0.609375 0.662739634375 0.5990793625 0.6625 0.58588585625 0.6625
0 0.8255526265625001 0.8722804421875001 0.8275434078125 0.9578125 0.853125 0.9578125 0.853125 0.8729221953125 0.8255526265625001 0.8722804421875001
0 0.5241060187500001 0.6085112359375 0.5234375 0.6372335140625001 0.5234375 0.6591171984375 0.5421875 0.6592262828125 0.5421875 0.6086164296875001 0.5241060187500001 0.6085112359375
0 0.515625 0.6421875 0.4971504828125 0.6421875 0.48005066718750006 0.642485978125 0.47937403906250003 0.68125 0.49874916718750006 0.68125 0.515625 0.6809554312499999 0.515625 0.6421875
0 0.728125 0.70625 0.728125 0.68359738125 0.7172662328125 0.6832814234375 0.7171875 0.6877920203125 0.7171875 0.70625 0.728125 0.70625
0 0.9166382875 0.7892797828125 0.918487978125 0.86875 0.9453125 0.86875 0.9453125 0.78944660625 0.9166382875 0.7892797828125
0 0.68125 0.696443625 0.6650585046874999 0.696443625 0.6640625 0.73923608125 0.6640625 0.7546875 0.6808350578125 0.7546875 0.68125 0.736859896875 0.68125 0.696443625
0 0.6258636734375 0.58125 0.6266818796875 0.628125 0.640625 0.628125 0.640625 0.58125 0.6258636734375 0.58125
0 0.5527920749999999 0.6450925921875 0.5671875 0.6451763421875001 0.5671875 0.6009032140625 0.55201920625 0.6008149671874999 0.5527920749999999 0.6450925921875
0 0.5570410984375 0.5683881671875 0.5575907484375 0.615625 0.5703125 0.615625 0.5703125 0.5685425953125 0.5570410984375 0.5683881671875
0 0.5406727921875 0.5684340140625 0.539930890625 0.6109375 0.556086771875 0.6109375 0.55625 0.6015861546875 0.55625 0.5680714515625 0.5406727921875 0.5684340140625
0 0.5601406875 0.5453125 0.560795253125 0.5828125 0.571875 0.5828125 0.571875 0.5453125 0.5601406875 0.5453125
0 0.48938668906250005 0.5848060078125 0.490170096875 0.6296875 0.5015625 0.6296875 0.5015625 0.5846643281249999 0.48938668906250005 0.5848060078125
0 0.5234375 0.5692860390625001 0.514929103125 0.5694840734375 0.5140625 0.6067169046875 0.5140625 0.6078125 0.5230647671875 0.6078125 0.5234375 0.591798375 0.5234375 0.5692860390625001
0 0.47392570312500004 0.5320466734375 0.47363035625 0.5828125 0.49375 0.5828125 0.49375 0.5323927078125 0.47392570312500004 0.5320466734375
0 0.50626768125 0.4975444203125 0.5064819546875 0.534375 0.5171875 0.534375 0.5171875 0.4975444203125 0.50626768125 0.4975444203125
0 0.5097358 0.5765625 0.510519240625 0.5429026625000001 0.49888227968750004 0.5427672546875 0.4984375 0.5618768171874999 0.4984375 0.5765625 0.5097358 0.5765625
0 0.49086107968750003 0.5228642203125 0.4906304859375 0.5625 0.509375 0.5625 0.509375 0.522756509375 0.49086107968750003 0.5228642203125
0 0.5400744718749999 0.5308522578125 0.5402858640625 0.5671875 0.55 0.5671875 0.55 0.5310832765625 0.5400744718749999 0.5308522578125
0 0.5626316765625 0.6546875 0.563031665625 0.6890625 0.575 0.6890625 0.575 0.6546875 0.5626316765625 0.6546875
0 0.615625 0.7875 0.615625 0.749237534375 0.6001218671874999 0.74887669375 0.6 0.7558584515625 0.6 0.7875 0.615625 0.7875
0 0.58523145 0.6268971734375001 0.58548403125 0.6703125 0.6015625 0.6703125 0.6015625 0.6268971734375001 0.58523145 0.6268971734375001
0 0.5982566296874999 0.5849207578125 0.5989834875 0.6265625 0.6109375 0.6265625 0.6109375 0.5846256078125001 0.5982566296874999 0.5849207578125
0 0.608554625 0.562594221875 0.6089717 0.5984375 0.615625 0.5984375 0.615625 0.5627999484374999 0.608554625 0.562594221875
0 0.6358334140624999 0.5871378890625 0.65 0.5869730468750001 0.65 0.5426924234375 0.6355758140625 0.5428602640625 0.6358334140624999 0.5871378890625
0 0.5859375 0.596875 0.5859375 0.5597614515625 0.5765625 0.5594886671875 0.5765625 0.585283746875 0.57669716875 0.5968571468749999 0.57731074375 0.596875 0.5859375 0.596875
0 0.5882630578125 0.5588748703124999 0.58922025625 0.6 0.596875 0.6 0.596875 0.558975078125 0.5882630578125 0.5588748703124999
0 0.921875 0.7026330515625 0.9078484734375 0.7027962656250001 0.9078125 0.70434183125 0.9078125 0.7609375 0.9206335328125 0.7609375 0.921875 0.7075989593750001 0.921875 0.7026330515625
0 0.8407765000000001 0.85283961875 0.8421875 0.8043467109375 0.8421875 0.7890625 0.841957075 0.7890625 0.822429625 0.7895170078125 0.821875 0.8085782265624999 0.821875 0.853125 0.8285153953125001 0.853125 0.8407765000000001 0.85283961875
0 0.8471401859375 0.7514627515625 0.8462845015625 0.825 0.871875 0.825 0.871875 0.7520384609375 0.8471401859375 0.7514627515625
0 0.884375 0.8175156484375 0.884375 0.8390625 0.8952397734375002 0.8390625 0.8953125 0.8359378828124999 0.8953125 0.8175792812499999 0.884375 0.8175156484375
0 0.7404259328125 0.76956175625 0.7406848312500001 0.8140625 0.7703125 0.8140625 0.7703125 0.76956175625 0.7404259328125 0.76956175625
0 0.871875 0.70625 0.85831759375 0.70625 0.8578125 0.7279508625 0.8578125 0.7671875 0.871041396875 0.7671875 0.871875 0.7313725468750001 0.871875 0.70625
0 0.8186600140625 0.70785526875 0.8180968906250001 0.75625 0.8328125 0.75625 0.8328125 0.70785526875 0.8186600140625 0.70785526875
0 0.784476378125 0.673179871875 0.784476378125 0.728125 0.803125 0.728125 0.803125 0.672854359375 0.784476378125 0.673179871875
0 0.75099605 0.6610143781250001 0.7525217 0.7265625 0.7640625 0.7265625 0.7640625 0.6610143781250001 0.75099605 0.6610143781250001
0 0.700211215625 0.6099882140624999 0.7017846171875 0.6640625 0.715625 0.6640625 0.715625 0.609719165625 0.700211215625 0.6099882140624999
0 0.7257144875 0.5905891765625 0.7272427609375001 0.65625 0.7390625 0.65625 0.7390625 0.5907444953125001 0.7257144875 0.5905891765625
0 0.59375 0.5254786578124999 0.59367185 0.5221210187499999 0.5784791499999999 0.5221210187499999 0.5793098796875 0.5578125 0.59375 0.5578125 0.59375 0.5254786578124999
0 0.58417874375 0.5078125 0.5847787609375 0.5421875 0.6 0.5421875 0.6 0.5078125 0.58417874375 0.5078125
0 0.6182816093750001 0.523511221875 0.6178737937500001 0.546875 0.628125 0.546875 0.628125 0.5236257609375 0.6182816093750001 0.523511221875
0 0.5824584109375 0.49150813437499996 0.58232719375 0.5140625 0.5921875 0.5140625 0.5921875 0.4916213421875 0.5824584109375 0.49150813437499996
0 0.6671875 0.52011756875 0.6667700703125 0.49620299531249995 0.6570726015625 0.496146578125 0.657658059375 0.5296875 0.6671875 0.5296875 0.6671875 0.52011756875
0 0.6189705609375 0.5354150859375 0.6234375 0.5354670640625 0.6234375 0.492920303125 0.6184754187499999 0.49286256406250006 0.6189705609375 0.5354150859375
0 0.743312684375 0.4683240890625 0.7430920375 0.50625 0.753125 0.50625 0.753125 0.4680957046875 0.743312684375 0.4683240890625
0 0.6714777890625 0.5712475609375 0.6712014265625 0.61875 0.6796875 0.61875 0.6796875 0.5714864375 0.6714777890625 0.5712475609375
0 0.6796875 0.633267209375 0.6676977203125001 0.6333369640625 0.6671875 0.6552581046875 0.6671875 0.6859375 0.678755225 0.6859375 0.6796875 0.6458831765624999 0.6796875 0.633267209375
0 0.6916524234375 0.5972617453125 0.6924435093750001 0.63125 0.7 0.63125 0.7 0.59701885625 0.6916524234375 0.5972617453125
0 0.75911785625 0.5551731796875 0.7582199703125 0.59375 0.7671875 0.59375 0.7671875 0.5550792796875 0.75911785625 0.5551731796875
0 0.7796875 0.5243525015625 0.76875 0.52428886875 0.76875 0.553125 0.7796875 0.553125 0.7796875 0.5243525015625
0 0.846875 0.6132802796875 0.839641046875 0.61311190625 0.8390625 0.6462568046875 0.8390625 0.6625 0.8468634796875001 0.6625 0.846875 0.6618400390625 0.846875 0.6132802796875
0 0.8110520843749999 0.6546875 0.81154298125 0.696875 0.8203125 0.696875 0.8203125 0.6546875 0.8110520843749999 0.6546875
0 0.794861778125 0.6266955125 0.7950609937500001 0.6609375 0.8046875 0.6609375 0.8046875 0.6266955125 0.794861778125 0.6266955125
0 0.7780046031250001 0.6342367125 0.7780046031250001 0.671875 0.790625 0.671875 0.790625 0.6345304546875 0.7780046031250001 0.6342367125
0 0.7568320843749999 0.6435178500000001 0.7671875 0.643397353125 0.7671875 0.6111998046875 0.7572067875 0.611315940625 0.7568320843749999 0.6435178500000001
0 0.7754075 0.60412285 0.776257096875 0.640625 0.790625 0.640625 0.790625 0.6042999218749999 0.7754075 0.60412285
0 0.7203125 0.5921875 0.7203125 0.5534071875000001 0.712927821875 0.5535790687500001 0.7125 0.5719600218750001 0.7125 0.5921875 0.7203125 0.5921875
0 0.6984375 0.5734375 0.6914022890625 0.5734375 0.6880665796875001 0.573495725 0.6888289453125 0.60625 0.6984375 0.60625 0.6984375 0.5734375
0 0.7078125 0.5231421093749999 0.6953125 0.5232148328124999 0.6953125 0.5671875 0.7078125 0.5671875 0.7078125 0.5231421093749999
0 0.7417166515625 0.528125 0.7429441828125001 0.5703125 0.75 0.5703125 0.75 0.528125 0.7417166515625 0.528125
0 0.7287378484375 0.5349474796875 0.7284502875 0.584375 0.739764 0.584375 0.7400515609375 0.5349474796875 0.7287378484375 0.5349474796875
0 0.98125 0.7421875 0.98125 0.6890625 0.9694702124999999 0.6890625 0.96875 0.72000574375 0.96875 0.7421875 0.98125 0.7421875
0 1 0.6640931343750001 0.980757278125 0.663869225 0.9801005 0.7203125 0.99982135625 0.7203125 1 0.7049598984375001 1 0.6640931343750001
0 0.9359375 0.686641184375 0.9211433843750001 0.686382953125 0.9205144187500001 0.74043615625 0.9313332953125 0.740625 0.9359375 0.740625 0.9359375 0.686641184375
0 0.9375 0.7015625 0.9375 0.6741269187500001 0.9372158171875 0.6578460953125 0.9165278859375 0.6572441375 0.9173007546874998 0.7015217625 0.9187008109375 0.7015625 0.9375 0.7015625
0 0.8935154421875 0.6099925046875 0.893219053125 0.6609375 0.9078125 0.6609375 0.9078125 0.6096597375 0.8935154421875 0.6099925046875
0 0.9046875 0.6743841671874999 0.8937560890625 0.674574975 0.89375 0.6756215921875001 0.89375 0.721875 0.904470253125 0.721875 0.9046875 0.6845334734375 0.9046875 0.6743841671874999
0 0.8640625 0.6660495484375 0.8489846875 0.66648826875 0.8484375 0.689997671875 0.8484375 0.725 0.8639035234375001 0.725 0.8640625 0.7181697218750001 0.8640625 0.6660495484375
0 0.8859375 0.706531925 0.8857961031249999 0.6822277546875 0.8751935390625001 0.682166071875 0.87546091875 0.728125 0.8859375 0.728125 0.8859375 0.706531925
0 0.8765625 0.6289922015625 0.8636375171874999 0.6292930328125 0.8625 0.6781653671875001 0.8625 0.6859375 0.87653435 0.6859375 0.8765625 0.684728040625 0.8765625 0.6289922015625
0 0.85030725 0.6097404531249999 0.8490065234374999 0.665625 0.8575437609375001 0.665625 0.8578125 0.6540789015625 0.8578125 0.6098714562499999 0.85030725 0.6097404531249999
0 0.8104685390625 0.5957405375 0.8113610937499999 0.646875 0.8234375 0.646875 0.8234375 0.5954386828125 0.8104685390625 0.5957405375
0 0.8140525343749999 0.5737596734375 0.8145396796875 0.615625 0.8296875 0.615625 0.8296875 0.5735777437499999 0.8140525343749999 0.5737596734375
0 0.85625 0.575 0.85625 0.5376015640625 0.8462787015625001 0.5373694796875 0.8453125 0.5705756828124999 0.8453125 0.575 0.85625 0.575
0 0.9015625 0.54263965625 0.8953125 0.5424941859375 0.8953125 0.5875 0.9015625 0.5875 0.9015625 0.54263965625
0 0.8827560921875002 0.6035617375 0.882161190625 0.6546875 0.8953125 0.6546875 0.8953125 0.603780909375 0.8827560921875002 0.6035617375
0 0.94015578125 0.603125 0.9392102250000001 0.64375 0.953125 0.64375 0.953125 0.603125 0.94015578125 0.603125
0 0.9369581437499999 0.64053456875 0.9360462296875 0.671875 0.9484375 0.671875 0.9484375 0.6406681421875 0.9369581437499999 0.64053456875
0 0.9730089546875 0.6208780453125 0.9746292078125001 0.6765625 0.9796875 0.6765625 0.9796875 0.6208780453125 0.9730089546875 0.6208780453125
0 0.9853737406249999 0.616589684375 0.9856044765625 0.65625 0.99375 0.65625 0.99375 0.6166384171875 0.9853737406249999 0.616589684375
0 0.978125 0.564039390625 0.9781092453125 0.5633625062500001 0.9687996765625 0.5633625062500001 0.9701252031250001 0.6203125 0.978125 0.6203125 0.978125 0.564039390625
0 0.9403670078124999 0.5645268390625 0.9315746359375 0.5647314828125001 0.93185833125 0.6134943734375 0.940625 0.613290328125 0.940625 0.6088717546875 0.9403670078124999 0.5645268390625
0 0.8532435093749999 0.580936790625 0.8534089578125 0.609375 0.8609375 0.609375 0.8609375 0.580892028125 0.8532435093749999 0.580936790625
0 0.8634937718749999 0.6065923984375 0.8643476281249999 0.6359375 0.8734375 0.6359375 0.8734375 0.6066502500000001 0.8634937718749999 0.6065923984375
0 0.9808936312500001 0.5353748546875 0.98003833125 0.584375 0.990625 0.584375 0.990625 0.5356013546875 0.9808936312500001 0.5353748546875
0 0.8400372375 0.51882331875 0.825814284375 0.5191543624999999 0.8255279140624999 0.5683772796875 0.8397508671875 0.5680462359375 0.8400372375 0.51882331875
0 0.90814980625 0.5038352609375 0.9075399046874999 0.55625 0.915625 0.55625 0.915625 0.5037482796875 0.90814980625 0.5038352609375
0 0.8706328890624999 0.508809465625 0.8711485453125001 0.553125 0.8828125 0.553125 0.8828125 0.508809465625 0.8706328890624999 0.508809465625
0 0.8640625 0.5226671203125 0.8582578906249999 0.5225320171875 0.8590367828125001 0.5671546624999999 0.8604476250000002 0.5671875 0.8640625 0.5671875 0.8640625 0.5226671203125
0 0.7888595109375001 0.472092790625 0.7903455140625 0.5359375 0.796875 0.5359375 0.796875 0.4723260171875 0.7888595109375001 0.472092790625
0 0.81875 0.5067353609375 0.8055123453124999 0.5067353609375 0.8046875 0.5421740640625 0.8046875 0.5495178968750001 0.8187395234375 0.5495178968750001 0.81875 0.54906778125 0.81875 0.5067353609375
0 0.8025613140625001 0.5512512968750001 0.8032231734374999 0.5796875 0.8203125 0.5796875 0.8203125 0.5510447421875 0.8025613140625001 0.5512512968750001
0 0.7796875 0.603125 0.7859375 0.603125 0.7859375 0.5828125 0.784457590625 0.5828125 0.7797500875 0.5828946703125 0.7796875 0.5864803140625 0.7796875 0.603125
0 0.6442610249999999 0.4296875 0.644115575 0.4421875 0.65 0.4421875 0.65 0.4296875 0.6442610249999999 0.4296875
0 0.6802483671875 0.4296875 0.6803665421874999 0.45 0.6859375 0.45 0.6859375 0.4296875 0.6802483671875 0.4296875
0 0.6915538781249999 0.4296875 0.6918811609375 0.4484375 0.7 0.4484375 0.7 0.4296875 0.6915538781249999 0.4296875
0 0.707022984375 0.43335896875 0.70713798125 0.453125 0.7109375 0.453125 0.7109375 0.433290640625 0.707022984375 0.43335896875
0 0.7655212078125 0.4296875 0.7655212078125 0.4375 0.7671875 0.4375 0.7671875 0.4296875 0.7655212078125 0.4296875
0 0.7674117375 0.4296875 0.76730640625 0.4387396703125 0.775 0.43851581093750003 0.775 0.4296875 0.7674117375 0.4296875
0 0.851278515625 0.47243210937499996 0.8507577390625001 0.5171875 0.859375 0.5171875 0.859375 0.4722907828125 0.851278515625 0.47243210937499996
0 0.8125 0.44083226093750005 0.8019061328125 0.44064734375 0.8015625 0.4524572421875 0.8015625 0.4859375 0.8113515124999999 0.4859375 0.8125 0.44646654999999996 0.8125 0.44083226093750005
0 0.846875 0.4377998953125 0.846875 0.490625 0.8525658640625 0.490625 0.853125 0.47140875 0.853125 0.437981753125 0.846875 0.4377998953125
0 0.8859375 0.4828125 0.8859375 0.43487670781250004 0.8794931531250001 0.43495169375 0.878125 0.4819720671875 0.878125 0.4828125 0.8859375 0.4828125
0 0.5135538640625 0.69029095 0.5132551484375 0.703125 0.5265625 0.703125 0.5265625 0.6903666328125 0.5135538640625 0.69029095
0 0.4484375 0.5609375 0.4359375 0.5609375 0.4359375 0.5921875 0.4484375 0.5921875 0.4484375 0.5609375
0 0.9482228171875 0.47451851562499997 0.9473416609375 0.525 0.9605261984375 0.525 0.9609375 0.501436525 0.9609375 0.47429657968749994 0.9482228171875 0.47451851562499997
0 0.9823902109375 0.44933745781249995 0.982943359375 0.496875 0.9921875 0.496875 0.9921875 0.449451459375 0.9823902109375 0.44933745781249995
0 0.928125 0.534375 0.91875 0.534375 0.91875 0.53735168125 0.9194889749999999 0.5796875 0.928125 0.5796875 0.928125 0.534375
0 0.95 0.5466327078125 0.95 0.6 0.9618858812500001 0.6 0.9625 0.5648171859375 0.9625 0.5469964203125001 0.95 0.5466327078125
0 0.96664455625 0.584375 0.98125 0.584375 0.98125 0.5497002375 0.9811188640624999 0.5421875 0.9659081703125001 0.5421875 0.96664455625 0.584375
0 0.6953125 0.5333479062500001 0.6859375 0.5336206906250001 0.6859375 0.5734375 0.6898479953125 0.5734375 0.695273975 0.5732796203125 0.6953125 0.5666577265624999 0.6953125 0.5333479062500001
0 0.659375 0.5296875 0.659375 0.484375 0.6556205734375 0.484375 0.6515625 0.484398609375 0.6515625 0.5296875 0.659375 0.5296875
0 0.634375 0.50030661875 0.634282665625 0.4950167953125 0.6274970234375 0.49485885781250005 0.627995865625 0.5234375 0.634375 0.5234375 0.634375 0.50030661875
0 0.6975397078125 0.4296875 0.6973942578125 0.4421875 0.7046360140625 0.4421875 0.7046875 0.4377628203125 0.7046875 0.4296875 0.6975397078125 0.4296875
0 0.74004740625 0.4296875 0.74004740625 0.4515625 0.746875 0.4515625 0.746875 0.4296875 0.74004740625 0.4296875
0 0.71441758125 0.4296875 0.7150995421874999 0.453125 0.7203125 0.453125 0.7203125 0.4296875 0.71441758125 0.4296875
0 0.749094415625 0.4296875 0.7493489546875 0.4515625 0.75625 0.4515625 0.75625 0.4296875 0.749094415625 0.4296875
0 0.7759393640625001 0.4296875 0.7758939125000001 0.4375 0.78125 0.4375 0.78125 0.4296875 0.7759393640625001 0.4296875
0 0.8682935624999999 0.50110338125 0.8772969500000001 0.50110338125 0.8772969500000001 0.454938725 0.8682935624999999 0.454938725 0.8682935624999999 0.50110338125
0 0.8287845781249998 0.48715977187500004 0.8381057328124999 0.48715977187500004 0.8381057328124999 0.43515387343749995 0.8287845781249998 0.43515387343749995 0.8287845781249998 0.48715977187500004
0 0.816179834375 0.4799995390625 0.8250772999999999 0.4799995390625 0.8250772999999999 0.43515387343749995 0.816179834375 0.43515387343749995 0.816179834375 0.4799995390625
0 0.8549473640624999 0.475288859375 0.8645862843749998 0.475288859375 0.8645862843749998 0.439676125 0.8549473640624999 0.439676125 0.8549473640624999 0.475288859375
0 0.89558058125 0.5392627015625 0.9058550343749999 0.5392627015625 0.9058550343749999 0.4814155609375 0.89558058125 0.4814155609375 0.89558058125 0.5392627015625
0 0.9086156328125 0.5063586078125 0.9182148328124999 0.5063586078125 0.9182148328124999 0.453363465625 0.9086156328125 0.453363465625 0.9086156328125 0.5063586078125
0 0.8857761562500001 0.525790159375 0.8953753562500001 0.525790159375 0.8953753562500001 0.4686731734375 0.8857761562500001 0.4686731734375 0.8857761562500001 0.525790159375
0 0.799052346875 0.5237292359375 0.8094790640625 0.5237292359375 0.8094790640625 0.4748559390625 0.799052346875 0.4748559390625 0.799052346875 0.5237292359375
0 0.8898164468750001 0.4296875 0.8898164468750001 0.46715899375000003 0.8957745718750001 0.46715899375000003 0.8957745718750001 0.4296875 0.8898164468750001 0.4296875
0 0.8957745718750001 0.4296875 0.8957745718750001 0.4520848203125 0.9031891265624999 0.4520848203125 0.9031891265624999 0.4296875 0.8957745718750001 0.4296875
0 0.93787865 0.48741491562499994 0.9441015796875 0.48741491562499994 0.9441015796875 0.446196471875 0.93787865 0.446196471875 0.93787865 0.48741491562499994
0 0.9217255125000001 0.485295109375 0.9301992890624999 0.485295109375 0.9301992890624999 0.44125025781250005 0.9217255125000001 0.44125025781250005 0.9217255125000001 0.485295109375
0 0.908352834375 0.4296875 0.908352834375 0.4492584125 0.9168266109375001 0.4492584125 0.9168266109375001 0.4296875 0.908352834375 0.4296875
0 0.961446340625 0.4916545265625 0.9676692718750001 0.4916545265625 0.9676692718750001 0.45043608281249997 0.961446340625 0.45043608281249997 0.961446340625 0.4916545265625
0 0.9712441453124999 0.4787001578125 0.976407853125 0.4787001578125 0.976407853125 0.4502005484375 0.9712441453124999 0.4502005484375 0.9712441453124999 0.4787001578125
0 0.9729653812500001 0.4699854015625 0.9782614921875 0.4699854015625 0.9782614921875 0.4396015203125 0.9729653812500001 0.4396015203125 0.9729653812500001 0.4699854015625
0 0.9336417609375001 0.4296875 0.9336417609375001 0.45326249062499996 0.9427775515625001 0.45326249062499996 0.9427775515625001 0.4296875 0.9336417609375001 0.4296875
0 0.6472523109375 0.5372321359375001 0.65464144375 0.5372321359375001 0.65464144375 0.5032248 0.6472523109375 0.5032248 0.6472523109375 0.5372321359375001
0 0.9235667062499999 0.5259478515625 0.9287568937499999 0.5259478515625 0.9287568937499999 0.5093662609375 0.9235667062499999 0.5093662609375 0.9235667062499999 0.5259478515625
0 0.6985420875 0.8018034765625 0.7102928328125 0.8018034765625 0.7102928328125 0.772950565625 0.6985420875 0.772950565625 0.6985420875 0.8018034765625
0 0.790231 0.7932653703125 0.8071123515625 0.7932653703125 0.8071123515625 0.7343818796875 0.790231 0.7343818796875 0.790231 0.7932653703125
0 0.7973476484375001 0.8757022578125 0.8206836359375 0.8757022578125 0.8206836359375 0.7962095453125 0.7973476484375001 0.7962095453125 0.7973476484375001 0.8757022578125
0 0.6954148484375 0.6112798109375 0.7096084234375001 0.6112798109375 0.7096084234375001 0.567753134375 0.6954148484375 0.567753134375 0.6954148484375 0.6112798109375
0 0.8400279703125001 0.5810258296875 0.8494616671875 0.5810258296875 0.8494616671875 0.5227311734375 0.8400279703125001 0.5227311734375 0.8400279703125001 0.5810258296875
0 0.9277447999999999 0.526264184375 0.9371784968749999 0.526264184375 0.9371784968749999 0.4938782640625 0.9277447999999999 0.4938782640625 0.9277447999999999 0.526264184375
0 1 0.4296875 0.9963078484375 0.4296875 0.9963078484375 0.46894308125000006 1 0.46894308125000006 1 0.4296875
0 0.6554218109375001 0.7315323031250001 0.6653534953125 0.7315323031250001 0.6653534953125 0.7026793921875 0.6554218109375001 0.7026793921875 0.6554218109375001 0.7315323031250001
0 0.6348993828125 0.6741208999999999 0.6449950937500001 0.6741208999999999 0.6449950937500001 0.656161434375 0.6348993828125 0.656161434375 0.6348993828125 0.6741208999999999
0 0.6842194125 0.6755929875 0.6923290812499999 0.6755929875 0.6923290812499999 0.66146095 0.6842194125 0.66146095 0.6842194125 0.6755929875
0 0.6845764859375001 0.785106784375 0.696185559375 0.785106784375 0.696185559375 0.7670177765625 0.6845764859375001 0.7670177765625 0.6845764859375001 0.785106784375
0 0.7235606484374999 0.6515129749999999 0.73829045625 0.6515129749999999 0.73829045625 0.602639678125 0.7235606484374999 0.602639678125 0.7235606484374999 0.6515129749999999
0 0.74606911875 0.6939090875 0.7660950359375001 0.6939090875 0.7660950359375001 0.633847928125 0.74606911875 0.633847928125 0.74606911875 0.6939090875
