0 0.8829931984374999 0.103325775 0.984353740625 0.103325775 0.984353740625 0.01625094375 0.8829931984374999 0.01625094375 0.8829931984374999 0.103325775
0 0.9368163265625 0.9846198046874999 0.9418318359375 0.9846198046874999 0.9418318359375 0.96975903125 0.9368163265625 0.96975903125 0.9368163265625 0.9846198046874999
0 0.94629006875 0.9920501890625 0.9490764625000001 0.9920501890625 0.9490764625000001 0.9806569312500001 0.94629006875 0.9806569312500001 0.94629006875 0.9920501890625
0 0.9593861234375 0.9326071062500001 0.9652375515625 0.9326071062500001 0.9652375515625 0.9241860015625001 0.9593861234375 0.9241860015625001 0.9593861234375 0.9326071062500001
0 0.9577142859375 0.8384888890625 0.9618938781249999 0.8384888890625 0.9618938781249999 0.82511419375 0.9577142859375 0.82511419375 0.9577142859375 0.8384888890625
0 0.93207945625 0.76468039375 0.9418318359375 0.76468039375 0.9418318359375 0.7547732125 0.93207945625 0.7547732125 0.93207945625 0.76468039375
0 0.8994362859375 0.8935870796875 0.904115646875 0.8935870796875 0.904115646875 0.8810073375 0.8994362859375 0.8810073375 0.8994362859375 0.8935870796875
0 0.8948710562500001 0.88526821875 0.8982949796874999 0.88526821875 0.8982949796874999 0.8781667515624999 0.8948710562500001 0.8781667515624999 0.8948710562500001 0.88526821875
0 0.86165901875 0.8704565875 0.8667949 0.8704565875 0.8667949 0.862137725 0.86165901875 0.862137725 0.86165901875 0.8704565875
0 0.8585774875000001 0.862137725 0.8640557624999999 0.862137725 0.8640557624999999 0.8538188640625 0.8585774875000001 0.8538188640625 0.8585774875000001 0.862137725
0 0.78439251875 0.89987695 0.79283819375 0.89987695 0.79283819375 0.8808044390624999 0.78439251875 0.8808044390624999 0.78439251875 0.89987695
0 0.8467295781249999 0.967472771875 0.851722796875 0.967472771875 0.851722796875 0.9603713062500001 0.8467295781249999 0.9603713062500001 0.8467295781249999 0.967472771875
0 0.8565733515625 0.9996829984375 0.861566571875 0.9996829984375 0.861566571875 0.9908061640625 0.8565733515625 0.9908061640625 0.8565733515625 0.9996829984375
0 0.8958057890625 0.9750814875 0.900228353125 0.9750814875 0.900228353125 0.9629075437499999 0.8958057890625 0.9629075437499999 0.8958057890625 0.9750814875
0 0.7849848578125 0.9747771390625 0.8112349234374999 0.9747771390625 0.8112349234374999 0.9437335812500001 0.7849848578125 0.9437335812500001 0.7849848578125 0.9747771390625
0 0.211962775 0.6048079093750001 0.2242229125 0.6048079093750001 0.2242229125 0.5893527062499999 0.211962775 0.5893527062499999 0.211962775 0.6048079093750001
0 0.269949840625 0.9602574890625 0.28081677968749996 0.9602574890625 0.28081677968749996 0.93994776875 0.269949840625 0.93994776875 0.269949840625 0.9602574890625
0 0.314532153125 0.8275012687500001 0.33041460312500004 0.8275012687500001 0.33041460312500004 0.79530293125 0.314532153125 0.79530293125 0.314532153125 0.8275012687500001
0 0.042858684375 0.9741275421875001 0.06710031718750001 0.9741275421875001 0.06710031718750001 0.9424245640625 0.042858684375 0.9424245640625 0.042858684375 0.9741275421875001
0 0.016666575 0.7799468015625 0.0283694328125 0.7799468015625 0.0283694328125 0.76508603125 0.016666575 0.76508603125 0.016666575 0.7799468015625
0 0.7187167343749999 0.8935898421875 0.72540408125 0.8935898421875 0.72540408125 0.8787290703125 0.7187167343749999 0.8787290703125 0.7187167343749999 0.8935898421875
0 0.6599238093750001 0.9678936953124999 0.6646606796875 0.9678936953124999 0.6646606796875 0.9555097203124999 0.6599238093750001 0.9555097203124999 0.6599238093750001 0.9678936953124999
0 0.6584401109375 0.9597523703125 0.662434684375 0.9597523703125 0.662434684375 0.9532596015625 0.6584401109375 0.9532596015625 0.6584401109375 0.9597523703125
0 0.5742961515625 0.9192878312499999 0.5787543828125 0.9192878312499999 0.5787543828125 0.910866728125 0.5742961515625 0.910866728125 0.5742961515625 0.9192878312499999
0 0.5623146546875 0.9291950124999999 0.5670515265625 0.9291950124999999 0.5670515265625 0.9192878312499999 0.5623146546875 0.9192878312499999 0.5623146546875 0.9291950124999999
0 0.7032387484375 0.861483609375 0.7076969796875 0.861483609375 0.7076969796875 0.8515764296875 0.7032387484375 0.8515764296875 0.7032387484375 0.861483609375
0 0.709480271875 0.8420655359375001 0.7137155921875 0.8420655359375001 0.7137155921875 0.8341397921875 0.709480271875 0.8341397921875 0.709480271875 0.8420655359375001
0 0.612736653125 0.752900909375 0.6154115921875001 0.752900909375 0.6154115921875001 0.7465603140625 0.612736653125 0.7465603140625 0.612736653125 0.752900909375
0 0.6004765171875001 0.817099440625 0.604488925 0.817099440625 0.604488925 0.808381121875 0.6004765171875001 0.808381121875 0.6004765171875001 0.817099440625
0 0.6397089515625 0.6740397515625001 0.64171515625 0.6740397515625001 0.64171515625 0.66730286875 0.6397089515625 0.66730286875 0.6397089515625 0.6740397515625001
0 0.635027809375 0.6752286140625 0.637256925 0.6752286140625 0.637256925 0.66769915625 0.635027809375 0.66769915625 0.635027809375 0.6752286140625
0 0.6459504765624999 0.6589808374999999 0.6501857953125 0.6589808374999999 0.6501857953125 0.6506588062499999 0.6459504765624999 0.6506588062499999 0.6459504765624999 0.6589808374999999
0 0.7638693875 0.7808163265625 0.7819809515625 0.7808163265625 0.7819809515625 0.7498563875 0.7638693875 0.7498563875 0.7638693875 0.7808163265625
0 0.8014857140625 0.7876275140625 0.8363156453125 0.7876275140625 0.8363156453125 0.7498563875 0.8014857140625 0.7498563875 0.8014857140625 0.7876275140625
0 0.871493878125 0.552951171875 0.8930884359375 0.552951171875 0.8930884359375 0.5071304609375 0.871493878125 0.5071304609375 0.871493878125 0.552951171875
0 0.78685714375 0.653880575 0.8147210875 0.653880575 0.8147210875 0.5913414968749999 0.78685714375 0.5913414968749999 0.78685714375 0.653880575
0 0.771531971875 0.7083700687500001 0.78337415 0.7083700687500001 0.78337415 0.6848405140625 0.771531971875 0.6848405140625 0.771531971875 0.7083700687500001
0 0.8418884359375 0.4606905515625 0.90214421875 0.4606905515625 0.90214421875 0.3870058953125 0.8418884359375 0.3870058953125 0.8418884359375 0.4606905515625
0 0.9087619046875 0.635923809375 0.9331428578125 0.635923809375 0.9331428578125 0.5517127734375 0.9087619046875 0.5517127734375 0.9087619046875 0.635923809375
0 0.1934117015625 0.67725416875 0.199653225 0.67725416875 0.199653225 0.6681395609375 0.1934117015625 0.6681395609375 0.1934117015625 0.67725416875
0 0.1617582578125 0.7097497203125 0.1677768703125 0.7097497203125 0.1677768703125 0.6978611046875 0.1617582578125 0.6978611046875 0.1617582578125 0.7097497203125
0 0.171789278125 0.7133163062500001 0.1766933328125 0.7133163062500001 0.1766933328125 0.7045979859375 0.171789278125 0.7045979859375 0.171789278125 0.7133163062500001
0 0.1448169796875 0.72837521875 0.1499439453125 0.72837521875 0.1499439453125 0.716486603125 0.1448169796875 0.716486603125 0.1448169796875 0.72837521875
0 0.15172723906250002 0.7509635921875 0.15596255781249999 0.7509635921875 0.15596255781249999 0.7434341343749999 0.15172723906250002 0.7434341343749999 0.15172723906250002 0.7509635921875
0 0.20723221875000003 0.7517561671874999 0.21325082968750003 0.7517561671874999 0.21325082968750003 0.743830421875 0.20723221875000003 0.743830421875 0.20723221875000003 0.7517561671874999
0 0.131665196875 0.753341315625 0.1372379875 0.753341315625 0.1372379875 0.7442267078125 0.131665196875 0.7442267078125 0.131665196875 0.753341315625
0 0.2593935234375 0.7489821562500001 0.26630378125 0.7489821562500001 0.26630378125 0.7363009640625 0.2593935234375 0.7363009640625 0.2593935234375 0.7489821562500001
