0 0.042297659375000005 0.9499138828125 0.046330040625 0.9499138828125 0.046330040625 0.9334515734375 0.042297659375000005 0.9334515734375 0.042297659375000005 0.9499138828125
0 0.783128909375 0.7675909625 0.7857380968750001 0.7675909625 0.7857380968750001 0.757309984375 0.783128909375 0.757309984375 0.783128909375 0.7675909625
0 0.77890676875 0.768780496875 0.7828442703125 0.768780496875 0.7828442703125 0.75747991875 0.77890676875 0.75747991875 0.77890676875 0.768780496875
0 0.5117227890625 0.6285000265625 0.515429021875 0.6285000265625 0.515429021875 0.6205343921875001 0.5117227890625 0.6205343921875001 0.5117227890625 0.6285000265625
0 0.53314110625 0.6231517671875 0.5418700234375 0.6231517671875 0.5418700234375 0.6086224515625 0.53314110625 0.6086224515625 0.53314110625 0.6231517671875
0 0.21134446406250001 0.7775572765625001 0.21461780937500002 0.7775572765625001 0.21461780937500002 0.76693643125 0.21134446406250001 0.76693643125 0.21134446406250001 0.7775572765625001
0 0.38266910468750004 0.6754930734375 0.3846805515625 0.6754930734375 0.3846805515625 0.66767613125 0.38266910468750004 0.66767613125 0.38266910468750004 0.6754930734375
0 0.3846805515625 0.6754930734375 0.3865781421875 0.6754930734375 0.3865781421875 0.6686957328124999 0.3846805515625 0.6686957328124999 0.3846805515625 0.6754930734375
0 0.3878396609375 0.6735789421875 0.3905357578125 0.6735789421875 0.3905357578125 0.66448681875 0.3878396609375 0.66448681875 0.3878396609375 0.6735789421875
0 0.39199310781249996 0.67105576875 0.3939605296875 0.67105576875 0.3939605296875 0.6631382265625 0.39199310781249996 0.6631382265625 0.39199310781249996 0.67105576875
0 0.3953450125 0.6687066078125 0.396948096875 0.6687066078125 0.396948096875 0.661702628125 0.3953450125 0.661702628125 0.3953450125 0.6687066078125
0 0.397020965625 0.6677495421875 0.3989883875 0.6677495421875 0.3989883875 0.6592664625 0.397020965625 0.6592664625 0.397020965625 0.6677495421875
0 0.39875513749999997 0.667429484375 0.4006967171875 0.667429484375 0.4006967171875 0.660474571875 0.39875513749999997 0.660474571875 0.39875513749999997 0.667429484375
0 0.343344153125 0.7032369218750001 0.3767808875 0.7032369218750001 0.3767808875 0.6840731812499999 0.343344153125 0.6840731812499999 0.343344153125 0.7032369218750001
