0 0.35625 0.35 0.35625 0.330340071875 0.34478711562500003 0.3305401578125 0.3449003296875 0.35 0.35625 0.35
0 0.400598884375 0.29001513437500004 0.4015913765625 0.346875 0.4140625 0.346875 0.4140625 0.28970176406250003 0.400598884375 0.29001513437500004
0 0.421875 0.35 0.421875 0.32894411875 0.411231634375 0.3287583390625 0.41160240937500003 0.35 0.421875 0.35
0 0.3609375 0.071221003125 0.35214174374999996 0.07101627968749999 0.3515625 0.09092359531250001 0.3515625 0.0984375 0.3607580703125 0.0984375 0.3609375 0.092270903125 0.3609375 0.071221003125
0 0.30119411406249996 0.025818017187499997 0.3007767421875 0.04375 0.3046875 0.04375 0.3046875 0.025838342187500002 0.30119411406249996 0.025818017187499997
0 0.29948902187500004 0.0984375 0.29936175625 0.0765625 0.2928521125 0.0765625 0.2929793765625 0.0984375 0.29948902187500004 0.0984375
0 0.522968209375 0 0.5228318171875 0.0046875 0.528125 0.0046875 0.528125 0 0.522968209375 0
0 0.5054399015625 0.0043987921875 0.5053382281250001 0.021875 0.509375 0.021875 0.509375 0.0043301046875 0.5054399015625 0.0043987921875
0 0.4929912640625 0 0.4929912640625 0.01875 0.4984375 0.01875 0.4984375 0 0.4929912640625 0
0 0.265395709375 0.1321216609375 0.2651109140625 0.1484375 0.2703125 0.1484375 0.2703125 0.1322361 0.265395709375 0.1321216609375
0 0.2322222671875 0.0359871515625 0.23249440937500002 0.059375 0.2390625 0.059375 0.2390625 0.0359871515625 0.2322222671875 0.0359871515625
0 0.25210125625 0.0875 0.252410340625 0.0609375 0.24608033125 0.0609375 0.24577124687500002 0.0875 0.25210125625 0.0875
0 0.22450082187499998 0.0321399703125 0.2241839140625 0.059375 0.23125 0.059375 0.23125 0.03210070625 0.22450082187499998 0.0321399703125
0 0.2331847203125 0.094454396875 0.23293837812499998 0.115625 0.2390625 0.115625 0.2390625 0.09438600312499999 0.2331847203125 0.094454396875
0 0.221875 0.0640625 0.221875 0.040217970312500004 0.21599714531249997 0.040115371875 0.215625 0.0614355875 0.215625 0.0640625 0.221875 0.0640625
0 0.981061234375 0.9015625 0.9808976031250001 0.915625 0.984375 0.915625 0.984375 0.9015625 0.981061234375 0.9015625
