0 0.6005012390625 0.6897101484375 0.6106572578125 0.6897101484375 0.6106572578125 0.6688772921874999 0.6005012390625 0.6688772921874999 0.6005012390625 0.6897101484375
0 0.622844478125 0.5744350093749999 0.63143803125 0.5744350093749999 0.63143803125 0.544157925 0.622844478125 0.544157925 0.622844478125 0.5744350093749999
0 0.58612656875 0.6041565515625 0.5940951359375 0.6041565515625 0.5940951359375 0.58637918125 0.58612656875 0.58637918125 0.58612656875 0.6041565515625
0 0.57518931875 0.690821234375 0.5845641046875001 0.690821234375 0.5845641046875001 0.6741549484375 0.57518931875 0.6741549484375 0.57518931875 0.690821234375
0 0.5292528703125 0.6141563234375 0.537377684375 0.6141563234375 0.537377684375 0.597212265625 0.5292528703125 0.597212265625 0.5292528703125 0.6141563234375
0 0.5580505312499999 0.56366473125 0.562556028125 0.56366473125 0.562556028125 0.541164553125 0.5580505312499999 0.541164553125 0.5580505312499999 0.56366473125
0 0.5541594203125 0.5601695578125 0.5592793031250001 0.5601695578125 0.5592793031250001 0.5373052984375 0.5541594203125 0.5373052984375 0.5541594203125 0.5601695578125
0 0.0224993078125 0.78661574375 0.032452359375 0.78661574375 0.032452359375 0.7564698734374999 0.0224993078125 0.7564698734374999 0.0224993078125 0.78661574375
0 0.0257760328125 0.7796982140625001 0.0377360796875 0.7796982140625001 0.0377360796875 0.7499892406249999 0.0257760328125 0.7499892406249999 0.0257760328125 0.7796982140625001
0 0.2129722609375 0.835877653125 0.2231301078125 0.835877653125 0.2231301078125 0.8044939078125 0.2129722609375 0.8044939078125 0.2129722609375 0.835877653125
0 0.2664102359375 0.8481346640625 0.27263601406250004 0.8481346640625 0.27263601406250004 0.8179014140625 0.2664102359375 0.8179014140625 0.2664102359375 0.8481346640625
0 0.20767566093749998 0.3900397890625 0.21586747343749998 0.3900397890625 0.21586747343749998 0.3738837140625 0.20767566093749998 0.3738837140625 0.20767566093749998 0.3900397890625
0 0.3224897828125 0.41522676875000003 0.3307708421875 0.41522676875000003 0.3307708421875 0.3924495125 0.3224897828125 0.3924495125 0.3224897828125 0.41522676875000003
0 0.3073338796875 0.3830052828125 0.3135837359375 0.3830052828125 0.3135837359375 0.3591169421875 0.3073338796875 0.3591169421875 0.3073338796875 0.3830052828125
0 0.4813111265625 0.36402934375 0.48606101874999996 0.36402934375 0.48606101874999996 0.34069654374999997 0.4813111265625 0.34069654374999997 0.4813111265625 0.36402934375
0 0.4941858328125 0.384251103125 0.5001856953125 0.384251103125 0.5001856953125 0.360251653125 0.4941858328125 0.360251653125 0.4941858328125 0.384251103125
0 0.2281993359375 0.30996938281249997 0.23419919843749998 0.30996938281249997 0.23419919843749998 0.28796988749999997 0.2281993359375 0.28796988749999997 0.2281993359375 0.30996938281249997
0 0.1595431625 0.301675953125 0.1686054546875 0.301675953125 0.1686054546875 0.284731896875 0.1595431625 0.284731896875 0.1595431625 0.301675953125
0 0.2740691625 0.1590411625 0.2807250109375 0.1590411625 0.2807250109375 0.13867540625000002 0.2740691625 0.13867540625000002 0.2740691625 0.1590411625
0 0.2495577234375 0.1748559109375 0.253781628125 0.1748559109375 0.253781628125 0.1557416828125 0.2495577234375 0.1557416828125 0.2495577234375 0.1748559109375
0 0.2459098078125 0.1729217328125 0.2495577234375 0.1729217328125 0.2495577234375 0.1540350546875 0.2459098078125 0.1540350546875 0.2459098078125 0.1729217328125
0 0.22272452187499997 0.048468021875 0.22824439531250001 0.048468021875 0.22824439531250001 0.032112842187500004 0.22272452187499997 0.032112842187500004 0.22272452187499997 0.048468021875
0 0.2078448625 0.0264240828125 0.212084765625 0.0264240828125 0.212084765625 0.011064434375 0.2078448625 0.011064434375 0.2078448625 0.0264240828125
0 0.057053068750000005 0.1809058953125 0.0637703546875 0.1809058953125 0.0637703546875 0.15942514218749998 0.057053068750000005 0.15942514218749998 0.057053068750000005 0.1809058953125
0 0.9010108718750001 0.9556339671874999 0.9010108718750001 0.987846228125 0.9978066 0.987846228125 0.9978066 0.9556339671874999 0.9043486546875 0.9556339671874999 0.9010108718750001 0.9556339671874999
0 0.9100705703124999 0.9556339671874999 0.988270075 0.9556339671874999 0.988270075 0.831023375 0.9100705703124999 0.831023375 0.9100705703124999 0.9556339671874999
0 0.45760990625 0.7216226 0.44941809375 0.7216226 0.44941809375 0.74995261875 0.45760990625 0.74995261875 0.45760990625 0.7216226
0 0.47392953281250005 0.7220777015625 0.46938563593750005 0.7220777015625 0.46938563593750005 0.7388026515624999 0.47392953281250005 0.7388026515624999 0.47392953281250005 0.7220777015625
0 0.1557873515625 0.030157081250000002 0.15109508124999999 0.030157081250000002 0.15109508124999999 0.0381260765625 0.1557873515625 0.0381260765625 0.1557873515625 0.030157081250000002
0 0.1738908734375 0.0531270140625 0.1790680984375 0.0531270140625 0.1790680984375 0.042408482812499995 0.1738908734375 0.042408482812499995 0.1738908734375 0.0531270140625
0 0.1826942875 0 0.1826942875 0.007066775 0.186036546875 0.007066775 0.186036546875 0 0.1826942875 0
0 0.19167251406250002 0.00013468125 0.1884613234375 0.00013468125 0.1884613234375 0.006367740625 0.19167251406250002 0.006367740625 0.19167251406250002 0.00013468125
0 0.0683423421875 0.16582373125 0.0637703546875 0.16582373125 0.0637703546875 0.1814284890625 0.0683423421875 0.1814284890625 0.0683423421875 0.16582373125
0 0.0696077421875 0.176792621875 0.07423323281250001 0.176792621875 0.07423323281250001 0.1568085859375 0.0696077421875 0.1568085859375 0.0696077421875 0.176792621875
0 0.1463882609375 0.12301584218749999 0.152358371875 0.12301584218749999 0.152358371875 0.1081951453125 0.1463882609375 0.1081951453125 0.1463882609375 0.12301584218749999
