0 0.138676415625 0.356003871875 0.1421875 0.356106034375 0.1421875 0.3430105015625 0.1386002140625 0.3429061203125 0.138676415625 0.356003871875
0 1 0.22522356562499998 0.9782544265625 0.22572969999999998 0.9780586843750001 0.259375 1 0.259375 1 0.22522356562499998
0 0.55 0.74060184375 0.5437964609375 0.74060184375 0.5437964609375 0.7787827890625 0.55 0.7787827890625 0.55 0.74060184375
0 0.533079003125 0.761874084375 0.540223975 0.761874084375 0.540223975 0.7227840703125 0.533079003125 0.7227840703125 0.533079003125 0.761874084375
0 0.55 0.7026368046875 0.54887449375 0.7026368046875 0.54887449375 0.7202500374999999 0.55 0.7202500374999999 0.55 0.7026368046875
0 0.5422243124999999 0.7242567640625 0.54679709375 0.7242567640625 0.54679709375 0.7027299828125 0.5422243124999999 0.7027299828125 0.5422243124999999 0.7242567640625
0 0.5406565015625 0.722162265625 0.5447066796875 0.722162265625 0.5447066796875 0.6953992421875 0.5406565015625 0.6953992421875 0.5406565015625 0.722162265625
0 0.533797328125 0.7184387140624999 0.537390228125 0.7184387140624999 0.537390228125 0.7001700421875 0.533797328125 0.7001700421875 0.533797328125 0.7184387140624999
0 0.5189031234375 0.7506707046875001 0.5252396921875 0.7506707046875001 0.5252396921875 0.7159951343750001 0.5189031234375 0.7159951343750001 0.5189031234375 0.7506707046875001
0 0.5261038171875 0.7226554140625 0.5312462375 0.7226554140625 0.5312462375 0.6933883015625 0.5261038171875 0.6933883015625 0.5261038171875 0.7226554140625
0 0.5185365156249999 0.7146125421875 0.5234280859375 0.7146125421875 0.5234280859375 0.689739221875 0.5185365156249999 0.689739221875 0.5185365156249999 0.7146125421875
0 0.51092740625 0.7082080359375 0.5154008937500001 0.7082080359375 0.5154008937500001 0.6914520546875 0.51092740625 0.6914520546875 0.51092740625 0.7082080359375
0 0.5151082359375 0.7362091390625001 0.5189031234375 0.7362091390625001 0.5189031234375 0.7095485125 0.5151082359375 0.7095485125 0.5151082359375 0.7362091390625001
0 0.5106347484375 0.7355389 0.5155681265625 0.7355389 0.5155681265625 0.7114102890625 0.5106347484375 0.7114102890625 0.5106347484375 0.7355389
0 0.5060776437500001 0.7370283203125 0.5121816546875 0.7370283203125 0.5121816546875 0.704707896875 0.5060776437500001 0.704707896875 0.5060776437500001 0.7370283203125
0 0.5073292796875 0.7800213734375 0.5150376828125001 0.7800213734375 0.5150376828125001 0.7415058906249999 0.5073292796875 0.7415058906249999 0.5073292796875 0.7800213734375
0 0.4953466515625 0.7564110046875 0.5011606171875 0.7564110046875 0.5011606171875 0.7237135703125 0.4953466515625 0.7237135703125 0.4953466515625 0.7564110046875
0 0.4931909109375 0.7313933953125 0.49907020312499994 0.7313933953125 0.49907020312499994 0.7052121765624999 0.4931909109375 0.7052121765624999 0.4931909109375 0.7313933953125
0 0.49123114687499997 0.761414525 0.4958692546875 0.761414525 0.4958692546875 0.740353190625 0.49123114687499997 0.740353190625 0.49123114687499997 0.761414525
0 0.48874877968749997 0.771654290625 0.49508535 0.771654290625 0.49508535 0.7469857656250001 0.48874877968749997 0.7469857656250001 0.48874877968749997 0.771654290625
0 0.4829348140625 0.770723403125 0.490251265625 0.770723403125 0.490251265625 0.7424476875 0.4829348140625 0.7424476875 0.4829348140625 0.770723403125
0 0.4889860546875 0.7665778359375001 0.4947723234375 0.7665778359375001 0.4947723234375 0.7306530140625 0.4889860546875 0.7306530140625 0.4889860546875 0.7665778359375001
0 0.44514535625 0.7524155406249999 0.451922871875 0.7524155406249999 0.451922871875 0.7179436015625 0.44514535625 0.7179436015625 0.44514535625 0.7524155406249999
0 0.27746200625 0.7379033359375 0.28416041718749996 0.7379033359375 0.28416041718749996 0.7157447515625 0.27746200625 0.7157447515625 0.27746200625 0.7379033359375
0 0.20638229375 0.7288080890625 0.21242489843749998 0.7288080890625 0.21242489843749998 0.7087358203124999 0.20638229375 0.7087358203124999 0.20638229375 0.7288080890625
0 0.1895609875 0.7318625640625 0.197155071875 0.7318625640625 0.197155071875 0.7224082359375 0.1895609875 0.7224082359375 0.1895609875 0.7318625640625
0 0.176740865625 0.7138266140625 0.180333765625 0.7138266140625 0.180333765625 0.7084449187499999 0.176740865625 0.7084449187499999 0.176740865625 0.7138266140625
0 0.3923866484375 0.7473633468750001 0.4006544015625 0.7473633468750001 0.4006544015625 0.731727340625 0.3923866484375 0.731727340625 0.3923866484375 0.7473633468750001
0 0.4146381328125 0.742999809375 0.421885175 0.742999809375 0.421885175 0.715364078125 0.4146381328125 0.715364078125 0.4146381328125 0.742999809375
0 0.43331713125000004 0.7268183625 0.437706184375 0.7268183625 0.437706184375 0.7090005875000001 0.43331713125000004 0.7090005875000001 0.43331713125000004 0.7268183625
0 0.44046210312499995 0.71572770625 0.44423873125 0.71572770625 0.44423873125 0.7050006796874999 0.44046210312499995 0.7050006796874999 0.44046210312499995 0.71572770625
0 0.43821654062500004 0.7090005875000001 0.44189109687499994 0.7090005875000001 0.44189109687499994 0.6960917921875 0.43821654062500004 0.6960917921875 0.43821654062500004 0.7090005875000001
0 0.3974902 0.703000725 0.4003481875 0.703000725 0.4003481875 0.695909978125 0.3974902 0.695909978125 0.3974902 0.703000725
0 0.41821061875 0.703364353125 0.42157896250000004 0.703364353125 0.42157896250000004 0.691364628125 0.41821061875 0.691364628125 0.41821061875 0.703364353125
0 0.4567934671875 0.71281868125 0.4613866640625 0.71281868125 0.4613866640625 0.6942736515625001 0.4567934671875 0.6942736515625001 0.4567934671875 0.71281868125
0 0.45100007968750006 0.7500824109374999 0.45430293437499997 0.7500824109374999 0.45430293437499997 0.7279645171875 0.45100007968750006 0.7279645171875 0.45100007968750006 0.7500824109374999
0 0.4531741109375 0.7550719703125 0.45798206406249997 0.7550719703125 0.45798206406249997 0.7243154374999999 0.4531741109375 0.7243154374999999 0.4531741109375 0.7550719703125
0 0.460542821875 0.746023740625 0.4664796 0.746023740625 0.4664796 0.7158629765625 0.460542821875 0.7158629765625 0.460542821875 0.746023740625
0 0.46476545937499997 0.7546623796875 0.47003330468750004 0.7546623796875 0.47003330468750004 0.7368638046875 0.46476545937499997 0.7368638046875 0.46476545937499997 0.7546623796875
0 0.4674829984375 0.7436406671875 0.47262541875 0.7436406671875 0.47262541875 0.720629121875 0.4674829984375 0.720629121875 0.4674829984375 0.7436406671875
0 0.466563215625 0.7352254421875 0.4707022375 0.7352254421875 0.4707022375 0.7131075484375 0.466563215625 0.7131075484375 0.466563215625 0.7352254421875
0 0.462716853125 0.728597521875 0.4661451328125 0.728597521875 0.4661451328125 0.7060328015625 0.462716853125 0.7060328015625 0.462716853125 0.728597521875
0 0.47446498437500007 0.7548113203125 0.4814051609375 0.7548113203125 0.4814051609375 0.7348530859375 0.47446498437500007 0.7348530859375 0.47446498437500007 0.7548113203125
0 0.48145186874999996 0.7381237031250001 0.48605078125 0.7381237031250001 0.48605078125 0.71116519375 0.48145186874999996 0.71116519375 0.48145186874999996 0.7381237031250001
0 0.4855072734375 0.7352193328125 0.4881830046875 0.7352193328125 0.4881830046875 0.7195804171875 0.4855072734375 0.7195804171875 0.4855072734375 0.7352193328125
0 0.48128463593750004 0.7301553046875 0.484462065625 0.7301553046875 0.484462065625 0.7058032781250001 0.48128463593750004 0.7058032781250001 0.48128463593750004 0.7301553046875
0 0.4834142453125 0.70783726875 0.48621540156250004 0.70783726875 0.48621540156250004 0.6983794484375 0.4834142453125 0.6983794484375 0.4834142453125 0.70783726875
0 0.4761396015625 0.70865645 0.479484265625 0.70865645 0.479484265625 0.6957729625 0.4761396015625 0.6957729625 0.4761396015625 0.70865645
0 0.4702446328125 0.7059754921875 0.47287855468749995 0.7059754921875 0.47287855468749995 0.69100681875 0.4702446328125 0.69100681875 0.4702446328125 0.7059754921875
0 0.4646005125 0.69986886875 0.46744347656249996 0.69986886875 0.46744347656249996 0.6872832671875 0.4646005125 0.6872832671875 0.4646005125 0.69986886875
0 0.49797962812499996 0.7065105546874999 0.5008694171875 0.7065105546874999 0.5008694171875 0.6952147906249999 0.49797962812499996 0.6952147906249999 0.49797962812499996 0.7065105546874999
0 0.496079859375 0.7021257015625 0.4993174921875 0.7021257015625 0.4993174921875 0.68858985 0.496079859375 0.68858985 0.496079859375 0.7021257015625
0 0.49268167968750004 0.7034125609374999 0.4956784984375 0.7034125609374999 0.4956784984375 0.691258890625 0.49268167968750004 0.691258890625 0.49268167968750004 0.7034125609374999
0 0.48949756093749996 0.69740721875 0.49220004843750004 0.69740721875 0.49220004843750004 0.687588959375 0.48949756093749996 0.687588959375 0.48949756093749996 0.69740721875
0 0.5059800625 0.70021924375 0.5083882203125001 0.70021924375 0.5083882203125001 0.6923074421875001 0.5059800625 0.6923074421875001 0.5059800625 0.70021924375
0 0.5037495734374999 0.7008007125 0.506147028125 0.7008007125 0.506147028125 0.6950660875000001 0.5037495734374999 0.6950660875000001 0.5037495734374999 0.7008007125
0 0.37327662031250003 0.6946084609375001 0.3769691296875 0.6946084609375001 0.3769691296875 0.6806436546875 0.37327662031250003 0.6806436546875 0.37327662031250003 0.6946084609375001
0 0.33696570000000003 0.6912952453125 0.3399090046875 0.6912952453125 0.3399090046875 0.6815246484374999 0.33696570000000003 0.6815246484374999 0.33696570000000003 0.6912952453125
0 0.2346279859375 0.6956340890625 0.2386683390625 0.6956340890625 0.2386683390625 0.6832421125 0.2346279859375 0.6832421125 0.2346279859375 0.6956340890625
0 0.102371678125 0.6907731359375 0.10579661250000001 0.6907731359375 0.10579661250000001 0.6806307781250001 0.102371678125 0.6806307781250001 0.102371678125 0.6907731359375
0 0.099695946875 0.689553003125 0.10209340156249999 0.689553003125 0.10209340156249999 0.67967755 0.099695946875 0.67967755 0.099695946875 0.689553003125
0 0.096741940625 0.689553003125 0.099695946875 0.689553003125 0.099695946875 0.6781905125 0.096741940625 0.6781905125 0.096741940625 0.689553003125
0 0.033275290624999995 0.694103709375 0.0369988421875 0.694103709375 0.0369988421875 0.6846784703125 0.033275290624999995 0.6846784703125 0.033275290624999995 0.694103709375
0 0.0872994453125 0.6908456015625 0.0904350671875 0.6908456015625 0.0904350671875 0.684445746875 0.0872994453125 0.684445746875 0.0872994453125 0.6908456015625
0 0.11408288281250001 0.68956563125 0.1170225296875 0.68956563125 0.1170225296875 0.683049415625 0.11408288281250001 0.683049415625 0.11408288281250001 0.68956563125
0 0.121268684375 0.69189285 0.1261027671875 0.69189285 0.1261027671875 0.6843293859374999 0.121268684375 0.6843293859374999 0.121268684375 0.69189285
0 0.13864525625 0.6925910156249999 0.148444075 0.6925910156249999 0.148444075 0.682700334375 0.13864525625 0.682700334375 0.13864525625 0.6925910156249999
0 0.1944331984375 0.6927073765625 0.205407875 0.6927073765625 0.205407875 0.6817694453125 0.1944331984375 0.6817694453125 0.1944331984375 0.6927073765625
0 0.2642007875 0.6925910156249999 0.2720398421875 0.6925910156249999 0.2720398421875 0.683631221875 0.2642007875 0.683631221875 0.2642007875 0.6925910156249999
0 0.29346659218750004 0.6942200703125 0.2979087234375 0.6942200703125 0.2979087234375 0.686423884375 0.29346659218750004 0.686423884375 0.29346659218750004 0.6942200703125
0 0.379711275 0.694660315625 0.38457148750000003 0.694660315625 0.38457148750000003 0.685630703125 0.379711275 0.685630703125 0.379711275 0.694660315625
0 0.39194019999999996 0.6951257578125001 0.3965391125 0.6951257578125001 0.3965391125 0.68358275 0.39194019999999996 0.68358275 0.39194019999999996 0.6951257578125001
0 0.4055278953125 0.692891628125 0.4094996828125 0.692891628125 0.4094996828125 0.6808831765625 0.4055278953125 0.6808831765625 0.4055278953125 0.692891628125
0 0.41216830625 0.6929065234375 0.41572702812499995 0.6929065234375 0.41572702812499995 0.684994721875 0.41216830625 0.684994721875 0.41216830625 0.6929065234375
0 0.41644947656250003 0.6917149859375 0.4200884703125 0.6917149859375 0.4200884703125 0.679561315625 0.41644947656250003 0.679561315625 0.41644947656250003 0.6917149859375
0 0.421747421875 0.6935261203125 0.42463721249999997 0.6935261203125 0.42463721249999997 0.687520778125 0.421747421875 0.687520778125 0.421747421875 0.6935261203125
0 0.4250653296875 0.6939550734375001 0.429614071875 0.6939550734375001 0.429614071875 0.6868535171875 0.4250653296875 0.6868535171875 0.4250653296875 0.6939550734375001
0 0.429614071875 0.6939550734375001 0.43319955156249995 0.6939550734375001 0.43319955156249995 0.6866628718750001 0.429614071875 0.6866628718750001 0.429614071875 0.6939550734375001
0 0.43319955156249995 0.6939550734375001 0.43710611874999994 0.6939550734375001 0.43710611874999994 0.68628158125 0.43319955156249995 0.68628158125 0.43319955156249995 0.6939550734375001
0 0.43962130468750005 0.6929541828125 0.4431265125 0.6929541828125 0.4431265125 0.6857573046875001 0.43962130468750005 0.6857573046875001 0.43962130468750005 0.6929541828125
0 0.445267096875 0.6963858078125 0.44893284843750003 0.6963858078125 0.44893284843750003 0.684994721875 0.445267096875 0.684994721875 0.445267096875 0.6963858078125
0 0.45023032656249995 0.693271878125 0.4533341734375 0.693271878125 0.4533341734375 0.6873237265625 0.45023032656249995 0.6873237265625 0.45023032656249995 0.693271878125
0 0.45620255781249996 0.6910222578124999 0.45982014531250004 0.6910222578124999 0.45982014531250004 0.685379140625 0.45620255781249996 0.685379140625 0.45620255781249996 0.6910222578124999
0 0.4851332265625 0.689858125 0.48776715 0.689858125 0.48776715 0.68248549375 0.4851332265625 0.68248549375 0.4851332265625 0.689858125
0 0.46161884999999997 0.6862359859375 0.46453539531250004 0.6862359859375 0.46453539531250004 0.676942003125 0.46161884999999997 0.676942003125 0.46161884999999997 0.6862359859375
0 0.4670505828125 0.6854257421875001 0.4767099703125 0.6854257421875001 0.4767099703125 0.678610153125 0.4670505828125 0.678610153125 0.4670505828125 0.6854257421875001
0 0.472803403125 0.694290771875 0.48216846249999995 0.694290771875 0.48216846249999995 0.6862836484375 0.472803403125 0.6862836484375 0.472803403125 0.694290771875
0 0.4841637828125 0.6815073359375 0.4869679484375 0.6815073359375 0.4869679484375 0.6764361578125 0.4841637828125 0.6764361578125 0.4841637828125 0.6815073359375
0 0.4919296078125 0.687768146875 0.49439128125 0.687768146875 0.49439128125 0.6789507765625 0.4919296078125 0.6789507765625 0.4919296078125 0.687768146875
0 0.4951672421875 0.687148546875 0.497816215625 0.687148546875 0.497816215625 0.6787124703125 0.4951672421875 0.6787124703125 0.4951672421875 0.687148546875
0 0.49856542031249995 0.689722265625 0.501508725 0.689722265625 0.501508725 0.6794273921875 0.49856542031249995 0.6794273921875 0.49856542031249995 0.689722265625
0 0.5020171125 0.6922006625 0.5052547484375001 0.6922006625 0.5052547484375001 0.6827636937499999 0.5020171125 0.6827636937499999 0.5020171125 0.6922006625
0 0.5097529015625 0.690468465625 0.5133116234374999 0.690468465625 0.5133116234374999 0.6796969765625 0.5097529015625 0.6796969765625 0.5097529015625 0.690468465625
0 0.5201882515625 0.6903731421875 0.5234280859375 0.6903731421875 0.5234280859375 0.68007826875 0.5201882515625 0.68007826875 0.5201882515625 0.6903731421875
0 0.5238004890625 0.6909450796875001 0.5265029765625 0.6909450796875001 0.5265029765625 0.684224815625 0.5238004890625 0.684224815625 0.5238004890625 0.6909450796875001
0 0.5008159609375 0.6808408515625001 0.5043746828125 0.6808408515625001 0.5043746828125 0.6751214765625 0.5008159609375 0.6751214765625 0.5008159609375 0.6808408515625001
0 0.515452209375 0.6922319390625 0.51810118125 0.6922319390625 0.51810118125 0.6855593359375 0.515452209375 0.6855593359375 0.515452209375 0.6922319390625
0 0.5073179875 0.685035059375 0.5100739890625 0.685035059375 0.5100739890625 0.67950633125 0.5073179875 0.67950633125 0.5073179875 0.685035059375
0 0.51521139375 0.6847014296875 0.51997419375 0.6847014296875 0.51997419375 0.679029715625 0.51521139375 0.679029715625 0.51521139375 0.6847014296875
0 0.5266367625 0.6902778203125 0.5296335812499999 0.6902778203125 0.5296335812499999 0.67950633125 0.5266367625 0.67950633125 0.5266367625 0.6902778203125
0 0.5326036421875 0.6878470859375 0.5353596453125 0.6878470859375 0.5353596453125 0.6798876218750001 0.5326036421875 0.6798876218750001 0.5326036421875 0.6878470859375
0 0.5394535140625 0.689658221875 0.5426643906249999 0.689658221875 0.5426643906249999 0.6792680234375 0.5394535140625 0.6792680234375 0.5394535140625 0.689658221875
0 0.5426643906249999 0.689658221875 0.5456599546875001 0.689658221875 0.5456599546875001 0.6795026078124999 0.5426643906249999 0.6795026078124999 0.5426643906249999 0.689658221875
0 0.34178868125 0.6854804453125001 0.3454678109375 0.6854804453125001 0.3454678109375 0.6776758828125 0.34178868125 0.6776758828125 0.34178868125 0.6854804453125001
0 0.330885078125 0.6902465906249999 0.334865228125 0.6902465906249999 0.334865228125 0.6828590671875 0.330885078125 0.6828590671875 0.330885078125 0.6902465906249999
0 0.37833156093750003 0.7249886125 0.38982884218749997 0.7249886125 0.38982884218749997 0.7104434921875 0.37833156093750003 0.7104434921875 0.37833156093750003 0.7249886125
0 0.346975340625 0.7341811296875 0.3536385375 0.7341811296875 0.3536385375 0.7210323390625 0.346975340625 0.7210323390625 0.346975340625 0.7341811296875
0 0.1658236453125 0.693736015625 0.1710027921875 0.693736015625 0.1710027921875 0.684030175 0.1658236453125 0.684030175 0.1658236453125 0.693736015625
0 0.173484465625 0.6944086984375 0.17828596562500001 0.6944086984375 0.17828596562500001 0.6836457859375 0.173484465625 0.6836457859375 0.173484465625 0.6944086984375
0 0.1808215890625 0.69363991875 0.1886442578125 0.69363991875 0.1886442578125 0.6808589609375 0.1808215890625 0.6808589609375 0.1808215890625 0.69363991875
0 0.21168066875 0.6911413843750001 0.21890989218749998 0.6911413843750001 0.21890989218749998 0.682780909375 0.21168066875 0.682780909375 0.21168066875 0.6911413843750001
0 0.222740303125 0.6923906515625 0.2300774265625 0.6923906515625 0.2300774265625 0.6843184671875 0.222740303125 0.6843184671875 0.222740303125 0.6923906515625
0 0.056754415625 0.690336259375 0.063357828125 0.690336259375 0.063357828125 0.6788045671875 0.056754415625 0.6788045671875 0.056754415625 0.690336259375
0 0.06482525156249999 0.6927963531250001 0.08122588124999999 0.6927963531250001 0.08122588124999999 0.67949646875 0.06482525156249999 0.67949646875 0.06482525156249999 0.6927963531250001
0 0.025032146875 0.692950109375 0.0324555890625 0.692950109375 0.0324555890625 0.682340953125 0.025032146875 0.682340953125 0.025032146875 0.692950109375
0 0.4494283296875 0.6837113390624999 0.45230102812500006 0.6837113390624999 0.45230102812500006 0.675642228125 0.4494283296875 0.675642228125 0.4494283296875 0.6837113390624999
0 0.45287556875 0.6834751703124999 0.456322809375 0.6834751703124999 0.456322809375 0.6771379671875 0.45287556875 0.6771379671875 0.45287556875 0.6834751703124999
0 0.45698573906249995 0.6838687859375 0.46074234531249997 0.6838687859375 0.46074234531249997 0.6745007453125 0.45698573906249995 0.6745007453125 0.45698573906249995 0.6838687859375
