0 0.565996128125 0.9972132968749999 0.56767613125 0.9972132968749999 0.56767613125 0.9828226046875 0.565996128125 0.9828226046875 0.565996128125 0.9972132968749999
0 0.56234394375 0.9962975249999999 0.565411778125 0.9962975249999999 0.565411778125 0.9846541468750001 0.56234394375 0.9846541468750001 0.56234394375 0.9962975249999999
0 0.6519808609375 0.667858646875 0.6538354859375 0.667858646875 0.6538354859375 0.6604486671875 0.6519808609375 0.6604486671875 0.6519808609375 0.667858646875
0 0.659542021875 0.6681141625 0.6615393093749999 0.6681141625 0.6615393093749999 0.6609597 0.659542021875 0.6609597 0.659542021875 0.6681141625
0 0.44584622500000004 0.68548494375 0.4473070984375 0.68548494375 0.4473070984375 0.680670603125 0.44584622500000004 0.680670603125 0.44584622500000004 0.68548494375
0 0.4417557796875 0.6861129015625 0.44333352187499997 0.6861129015625 0.44333352187499997 0.682240496875 0.4417557796875 0.682240496875 0.4417557796875 0.6861129015625
0 0.67193804375 0.6122314046875 0.6736728296875001 0.6122314046875 0.6736728296875001 0.6071619546875 0.67193804375 0.6071619546875 0.67193804375 0.6122314046875
0 0.6754076171875 0.6122314046875 0.6754076171875 0.6095504546875 0.6754076171875 0.609287853125 0.6736728296875001 0.609287853125 0.6736728296875001 0.6122314046875 0.6754076171875 0.6122314046875
0 0.70709030625 0.601601915625 0.708551178125 0.601601915625 0.708551178125 0.5978407125 0.70709030625 0.5978407125 0.70709030625 0.601601915625
0 0.2793068328125 0.8958740640625 0.2823027640625 0.8958740640625 0.2823027640625 0.8823316875 0.2793068328125 0.8823316875 0.2793068328125 0.8958740640625
0 0.3852854328125 0.7249868625 0.383032684375 0.7249868625 0.383032684375 0.730122028125 0.3852854328125 0.730122028125 0.3852854328125 0.7249868625
0 0.3890536671875 0.7239598296875001 0.3865551640625 0.7239598296875001 0.3865551640625 0.73034210625 0.3890536671875 0.73034210625 0.3890536671875 0.7239598296875001
0 0.6545009390625001 0.7144484640625001 0.65328461875 0.7144484640625001 0.65328461875 0.720120034375 0.6545009390625001 0.720120034375 0.6545009390625001 0.7144484640625001
0 0.6560527953124999 0.71474894375 0.6545009390625001 0.71474894375 0.6545009390625001 0.720608315625 0.6560527953124999 0.720608315625 0.6560527953124999 0.71474894375
0 0.673562446875 0.6212691968749999 0.675290459375 0.6212691968749999 0.675290459375 0.6160708828125 0.673562446875 0.6160708828125 0.673562446875 0.6212691968749999
0 0.65449641875 0.608529753125 0.6566009046875 0.608529753125 0.6566009046875 0.604664371875 0.65449641875 0.604664371875 0.65449641875 0.608529753125
0 0.4660345890625 0.7600942515625 0.46409476875 0.7600942515625 0.46409476875 0.7656813125 0.4660345890625 0.7656813125 0.4660345890625 0.7600942515625
0 0.4679219828125 0.7596717 0.466191871875 0.7596717 0.466191871875 0.767136765625 0.4679219828125 0.767136765625 0.4679219828125 0.7596717
