0 0.05733088125 0.385585975 0.057609753124999996 0.4015625 0.059375 0.4015625 0.059375 0.3855978671875 0.05733088125 0.385585975
0 0.0603392953125 0.3780052046875 0.060477754687499996 0.3859375 0.0625 0.3859375 0.0625 0.377942334375 0.0603392953125 0.3780052046875
0 0.0703125 0.409375 0.0703125 0.39852882031250003 0.06661131718749999 0.3986365140625 0.0662988578125 0.409375 0.0703125 0.409375
0 0.159728659375 0.3986501921875 0.1595154046875 0.4078125 0.1625 0.4078125 0.1625 0.398714696875 0.159728659375 0.3986501921875
0 0.1703125 0.39957817812499996 0.1671875 0.39948725 0.1671875 0.4078125 0.1703125 0.4078125 0.1703125 0.39957817812499996
0 0.1495395390625 0.3691778 0.150118125 0.3890625 0.1515625 0.3890625 0.1515625 0.3691424890625 0.1495395390625 0.3691778
0 0.1429853890625 0.3730229296875 0.1429853890625 0.390625 0.1453125 0.390625 0.1453125 0.3730229296875 0.1429853890625 0.3730229296875
0 0.0801387875 0.3783150296875 0.07992282187500001 0.396875 0.0828125 0.396875 0.0828125 0.3783305859375 0.0801387875 0.3783150296875
0 0.1011700375 0.372870409375 0.101246059375 0.3859375 0.1015625 0.3859375 0.1015625 0.3728589890625 0.1011700375 0.372870409375
0 0.103922865625 0.3733284375 0.104015040625 0.38125 0.10625 0.38125 0.10625 0.37327427343749997 0.103922865625 0.3733284375
0 0.1293532140625 0.350268871875 0.12949553593750002 0.3625 0.13125 0.3625 0.13125 0.3502247234375 0.1293532140625 0.350268871875
0 0.0011626703125 0.28389859375 0.00431355625 0.3921875 0.0484375 0.3921875 0.0484375 0.2830734078125 0.0011626703125 0.28389859375
0 0.1171875 0.2776619078125 0.05 0.2776619078125 0.05 0.2821898734375 0.05151091249999999 0.36875 0.1171875 0.36875 0.1171875 0.2776619078125
0 0.15 0.273477434375 0.1176504171875 0.2731010125 0.1171875 0.2890104515625 0.1171875 0.346875 0.1492342015625 0.346875 0.15 0.320556184375 0.15 0.273477434375
0 0.142810903125 0.26488696875 0.1422066453125 0.36875 0.2171875 0.36875 0.2171875 0.266618103125 0.142810903125 0.26488696875
0 0.2234375 0.328125 0.1777593078125 0.328125 0.172641075 0.32821433906249997 0.1730223515625 0.39375 0.2234375 0.39375 0.2234375 0.328125
0 0.31875 0.409375 0.31875 0.2645956921875 0.19877276093750001 0.2645956921875 0.20045742031249997 0.409375 0.31875 0.409375
0 0.41766672343750005 0.409375 0.4185757578125 0.253125 0.38079741093749997 0.253125 0.309973440625 0.2539491109375 0.309375 0.35681242968750004 0.309375 0.409375 0.41766672343750005 0.409375
0 0.528125 0.409375 0.528125 0.2828125 0.46100967343750004 0.2828125 0.403683215625 0.28314601562499997 0.406621228125 0.409375 0.528125 0.409375
0 0.55 0.2941077515625 0.517297846875 0.2941077515625 0.5161594609375 0.35932582343749997 0.55 0.35932582343749997 0.55 0.2941077515625
0 0.11245810468749999 0.365625 0.111321503125 0.4046875 0.1291848671875 0.4046875 0.1359375 0.40453033125 0.1359375 0.365625 0.11245810468749999 0.365625
0 0.08997855 0.38091654531249997 0.0898402546875 0.4046875 0.0984375 0.4046875 0.0984375 0.38076889375 0.08997855 0.38091654531249997
0 0.55 0.409375 0.55 0.38780983281250003 0.5335209562500001 0.3881933875 0.5335209562500001 0.409375 0.55 0.409375
0 0.0375 0.409375 0.0375 0.3996075953125 0.032989146875 0.3996600828125 0.033102190625 0.409375 0.0375 0.409375
0 0.9162281625 0 0.9165917890624999 0.03125 0.9859375 0.03125 0.9859375 0 0.9162281625 0
0 0.844259959375 0.9480538765625 0.8515625 0.9480113906250001 0.8515625 0.9193947953125001 0.844259959375 0.9194372812499999 0.844259959375 0.9480538765625
0 0.8632824703124999 0.8661429546875 0.8632824703124999 0.884375 0.8703125 0.884375 0.8703125 0.8661429546875 0.8632824703124999 0.8661429546875
