0 0.2953125 0.4796875 0.2953125 0.464403415625 0.289683334375 0.464501671875 0.2900367890625 0.4796875 0.2953125 0.4796875
0 0.290625 0.4796875 0.290625 0.46464423750000006 0.2829350546875 0.46473371874999997 0.2831960734375 0.4796875 0.290625 0.4796875
0 0.265625 0.448814821875 0.265625 0.4609375 0.27241616875 0.4609375 0.27318905781249997 0.434375 0.26604515625 0.434375 0.265625 0.448814821875
0 0.2557435796875 0.43168327968750003 0.2552329453125 0.4609375 0.2624415140625 0.4609375 0.2625 0.4575868859375 0.2625 0.431526021875 0.2557435796875 0.43168327968750003
0 0.276746825 0.41661572343750003 0.2765038140625 0.4375 0.28125 0.4375 0.28125 0.4166943265625 0.276746825 0.41661572343750003
0 0.21005776874999998 0.43036803125 0.21030438906249999 0.4515625 0.2140625 0.4515625 0.2140625 0.430298128125 0.21005776874999998 0.43036803125
0 0.207719571875 0.4352808796875 0.2075975765625 0.45625 0.2109375 0.45625 0.2109375 0.43520598125000004 0.207719571875 0.4352808796875
0 0.2025103875 0.440625 0.2023467578125 0.4546875 0.2046875 0.4546875 0.2046875 0.440625 0.2025103875 0.440625
0 0.198454090625 0.4321184578125 0.19808742031249998 0.453125 0.203125 0.453125 0.203125 0.4321184578125 0.198454090625 0.4321184578125
0 0.21740304843749997 0.4006868359375 0.2176495953125 0.421875 0.2234375 0.421875 0.2234375 0.40054638125 0.21740304843749997 0.4006868359375
0 0.0927536765625 0.4342262265625 0.09289089843750001 0.4578125 0.0984375 0.4578125 0.0984375 0.43409393281249997 0.0927536765625 0.4342262265625
0 0.09095766718750001 0.396071546875 0.090825728125 0.41875 0.0983870453125 0.41875 0.0984375 0.410077540625 0.0984375 0.3960280296875 0.09095766718750001 0.396071546875
0 0.0705695984375 0.3805678359375 0.0706644703125 0.396875 0.075 0.396875 0.075 0.38043892343749997 0.0705695984375 0.3805678359375
0 0.0732439875 0.3722883421875 0.0735913296875 0.3921875 0.078125 0.3921875 0.078125 0.3723167390625 0.0732439875 0.3722883421875
0 0.062055421875 0.3407968890625 0.062055421875 0.3609375 0.0671875 0.3609375 0.0671875 0.3407968890625 0.062055421875 0.3407968890625
0 0.0522071109375 0.33383569999999996 0.052282971874999994 0.346875 0.05625 0.346875 0.05625 0.33390627031250003 0.0522071109375 0.33383569999999996
0 0.14929944687500002 0.36855610156249996 0.14904265156250002 0.390625 0.1546875 0.390625 0.1546875 0.36865015 0.14929944687500002 0.36855610156249996
0 0.156209459375 0.3624403171875 0.1609375 0.3623853015625 0.1609375 0.34245241875 0.1557456421875 0.34251283125 0.156209459375 0.3624403171875
0 0.1639270109375 0.353771365625 0.164130171875 0.3625 0.1671875 0.3625 0.1671875 0.3538472546875 0.1639270109375 0.353771365625
0 0.1776047015625 0.3658798921875 0.1777471859375 0.378125 0.18125 0.378125 0.18125 0.3659647375 0.1776047015625 0.3658798921875
0 0.1820299875 0.3577853375 0.1824306625 0.375 0.1875 0.375 0.1875 0.3577216875 0.1820299875 0.3577853375
0 0.1875 0.3858375671875 0.187379365625 0.3789264625 0.1822106 0.3789565328125 0.18241427500000001 0.390625 0.1875 0.390625 0.1875 0.3858375671875
0 0.1867670859375 0.380705990625 0.18672755937500002 0.3875 0.1890625 0.3875 0.1890625 0.3807327 0.1867670859375 0.380705990625
0 0.28106714843749997 0.3998382484375 0.284375 0.3998382484375 0.284375 0.374150475 0.280319709375 0.374150475 0.28106714843749997 0.3998382484375
0 0.26833925937499997 0.37716663281249996 0.26848119062500003 0.4015625 0.2734375 0.4015625 0.2734375 0.3770182890625 0.26833925937499997 0.37716663281249996
0 0.2644813921875 0.352205709375 0.26420542187499996 0.3640625 0.26989389375 0.3640625 0.270172175 0.3521063765625 0.2644813921875 0.352205709375
0 0.261341828125 0.3559342046875 0.26111627187500003 0.365625 0.26546571874999997 0.365625 0.265625 0.35878163750000003 0.265625 0.3560588328125 0.261341828125 0.3559342046875
0 0.2485350703125 0.378979346875 0.248249975 0.3953125 0.253125 0.3953125 0.253125 0.378872515625 0.2485350703125 0.378979346875
0 0.24597672187500003 0.381800334375 0.24576495 0.4 0.25 0.4 0.25 0.38177692812499997 0.24597672187500003 0.381800334375
0 0.2404289375 0.3846505953125 0.2407134640625 0.396875 0.24375 0.396875 0.24375 0.384573296875 0.2404289375 0.3846505953125
0 0.221062296875 0.3380855234375 0.2213032421875 0.3484375 0.225 0.3484375 0.225 0.3379938734375 0.221062296875 0.3380855234375
0 0.22569624843749997 0.334259453125 0.225787825 0.35 0.2296875 0.35 0.2296875 0.3342130109375 0.22569624843749997 0.334259453125
0 0.0927618328125 0.3359287203125 0.0927618328125 0.346875 0.1 0.346875 0.1 0.3360129453125 0.0927618328125 0.3359287203125
0 0.0525283890625 0.3078125 0.05209197812500001 0.3265625 0.0578125 0.3265625 0.0578125 0.3078125 0.0525283890625 0.3078125
0 0.1078125 0.2946590578125 0.103125 0.2946590578125 0.103125 0.30625 0.1078125 0.30625 0.1078125 0.2946590578125
0 0.10894663593750001 0.28890319062500003 0.10857925156249999 0.3046875 0.1125 0.3046875 0.1125 0.2888618421875 0.10894663593750001 0.28890319062500003
0 0.0856908203125 0.2658095421875 0.08542130625 0.28125 0.0890625 0.28125 0.0890625 0.2657310640625 0.0856908203125 0.2658095421875
0 0.091545928125 0.26547453125 0.091545928125 0.278125 0.0953125 0.278125 0.0953125 0.265518359375 0.091545928125 0.26547453125
0 0.0960053109375 0.2712035671875 0.0960364875 0.2765625 0.0984375 0.2765625 0.0984375 0.2712035671875 0.0960053109375 0.2712035671875
0 0.1296875 0.2736573328125 0.1234375 0.2734754765625 0.1234375 0.2796875 0.1296875 0.2796875 0.1296875 0.2736573328125
0 0.1296875 0.262326234375 0.1265625 0.262308053125 0.1265625 0.2765625 0.1296875 0.2765625 0.1296875 0.262326234375
0 0.1318707875 0.27078173906249997 0.131944415625 0.275 0.134375 0.275 0.134375 0.27082544999999997 0.1318707875 0.27078173906249997
0 0.15 0.278868721875 0.14375 0.27883236093749997 0.14375 0.2890625 0.15 0.2890625 0.15 0.278868721875
0 0.1505486328125 0.27558290625000004 0.1505486328125 0.2875 0.1546875 0.2875 0.1546875 0.2754865734375 0.1505486328125 0.27558290625000004
0 0.230561696875 0.259755240625 0.230880153125 0.2734375 0.234375 0.2734375 0.234375 0.2596886796875 0.230561696875 0.259755240625
0 0.23698437499999997 0.22913680625000002 0.2370421203125 0.2390625 0.240625 0.2390625 0.240625 0.22917916875 0.23698437499999997 0.22913680625000002
0 0.21493133437499998 0.28415053281249997 0.214561090625 0.296875 0.21875 0.296875 0.21875 0.28417275000000003 0.21493133437499998 0.28415053281249997
0 0.2554006390625 0.3076769171875 0.255253609375 0.3203125 0.2601878890625 0.3203125 0.2603332484375 0.30782044218750004 0.2554006390625 0.3076769171875
0 0.1855975828125 0.2560369203125 0.18572733125000002 0.2671875 0.1890625 0.2671875 0.1890625 0.2560974015625 0.1855975828125 0.2560369203125
0 0.178125 0.246875 0.175 0.246875 0.175 0.259375 0.178125 0.259375 0.178125 0.246875
0 0.16757848749999998 0.2493734984375 0.1673457 0.259375 0.1703125 0.259375 0.1703125 0.249293946875 0.16757848749999998 0.2493734984375
0 0.167877946875 0.2586573953125 0.168026840625 0.2671875 0.1703125 0.2671875 0.1703125 0.2586290671875 0.167877946875 0.2586573953125
0 0.1505267890625 0.26230483437499996 0.1505267890625 0.2734375 0.153125 0.2734375 0.153125 0.26227460156250004 0.1505267890625 0.26230483437499996
0 0.1477892234375 0.2623729921875 0.14804675312499999 0.2734375 0.15 0.2734375 0.15 0.2623729921875 0.1477892234375 0.2623729921875
0 0.1358754234375 0.268360859375 0.1356481609375 0.278125 0.1421875 0.278125 0.1421875 0.2684710375 0.1358754234375 0.268360859375
0 0.1509237453125 0.23790120468749998 0.151205346875 0.25 0.153125 0.25 0.153125 0.2378371546875 0.1509237453125 0.23790120468749998
0 0.14947584687499998 0.2493978796875 0.1494450734375 0.2546875 0.15625 0.2546875 0.15625 0.2493978796875 0.14947584687499998 0.2493978796875
0 0.144620465625 0.240625 0.14434768125 0.25 0.146875 0.25 0.146875 0.240625 0.144620465625 0.240625
0 0.13788994375000002 0.2442844265625 0.137575075 0.2578125 0.1420219640625 0.2578125 0.1421875 0.250700425 0.1421875 0.24435944062499998 0.13788994375000002 0.2442844265625
0 0.12891597187499998 0.2385445953125 0.1287705640625 0.246875 0.13125 0.246875 0.13125 0.2385853359375 0.12891597187499998 0.2385445953125
0 0.1145414484375 0.2408131140625 0.11482801093749999 0.253125 0.11875 0.253125 0.11875 0.24083759843750002 0.1145414484375 0.2408131140625
0 0.1026054984375 0.2211231140625 0.10276846875000001 0.228125 0.1046875 0.228125 0.1046875 0.22115945468749998 0.1026054984375 0.2211231140625
0 0.0914412734375 0.23125 0.091250359375 0.2421875 0.095311615625 0.2421875 0.0953125 0.2421368234375 0.0953125 0.23125 0.0914412734375 0.23125
0 0.07121 0.2257526453125 0.0715518140625 0.2375 0.075 0.2375 0.075 0.2257746953125 0.07121 0.2257526453125
0 0.0485233171875 0.22678465625 0.0485233171875 0.240625 0.0515625 0.240625 0.0515625 0.22680233749999998 0.0485233171875 0.22678465625
0 0.053367340625 0.2243624734375 0.053272728125 0.240625 0.0703125 0.240625 0.0703125 0.2242638890625 0.053367340625 0.2243624734375
0 0.06472838125 0.2040589609375 0.0646883640625 0.2109375 0.0671875 0.2109375 0.0671875 0.20408757500000002 0.06472838125 0.2040589609375
0 0.03967639375 0.19483013437500002 0.0395560640625 0.2 0.0421875 0.2 0.0421875 0.19488858125 0.03967639375 0.19483013437500002
0 0.0315602203125 0.2116005921875 0.0316577390625 0.2171875 0.035743103124999995 0.2171875 0.0356468296875 0.21167192343750002 0.0315602203125 0.2116005921875
0 0.030331606249999997 0.229195071875 0.029999028125 0.240625 0.034375 0.240625 0.034375 0.2291715484375 0.030331606249999997 0.229195071875
0 0.053617915625 0.24375 0.053617915625 0.2484375 0.059375 0.2484375 0.059375 0.24375 0.053617915625 0.24375
0 0.0210570859375 0.2367876421875 0.020749565625 0.25 0.025 0.25 0.025 0.2368794140625 0.0210570859375 0.2367876421875
0 0.01996546875 0.25550924375 0.02002431875 0.265625 0.0234375 0.265625 0.0234375 0.2554082171875 0.01996546875 0.25550924375
0 0.0101330859375 0.26144388749999997 0.0104849765625 0.2765625 0.0140625 0.2765625 0.0140625 0.261558221875 0.0101330859375 0.26144388749999997
0 0.00565610625 0.258515653125 0.0057156484375 0.26875 0.0078125 0.26875 0.0078125 0.2585031078125 0.00565610625 0.258515653125
0 0.3564948953125 0.859375 0.356785834375 0.871875 0.359375 0.871875 0.359375 0.859375 0.3564948953125 0.859375
0 0.33801875625 0.8520701468749999 0.3381219375 0.8609375 0.340625 0.8609375 0.340625 0.8521004734375 0.33801875625 0.8520701468749999
0 0.3296875 0.8421382 0.3265625 0.8420654640624999 0.3265625 0.8463952640624999 0.3266526953125 0.8515625 0.3296875 0.8515625 0.3296875 0.8421382
0 0.322456753125 0.84392940625 0.322562715625 0.85 0.32484752656250004 0.85 0.324742028125 0.843955996875 0.322456753125 0.84392940625
0 0.31501878906249997 0.840625 0.3149733375 0.8484375 0.3171875 0.8484375 0.3171875 0.840625 0.31501878906249997 0.840625
0 0.311052528125 0.8487996499999999 0.31089520937500004 0.8578125 0.3125 0.8578125 0.3125 0.8488333406249999 0.311052528125 0.8487996499999999
0 0.320955721875 0.8829305046875 0.320955721875 0.890625 0.3234375 0.890625 0.3234375 0.882872740625 0.320955721875 0.8829305046875
0 0.313616628125 0.8801311671875001 0.313756915625 0.8921875 0.315625 0.8921875 0.315625 0.8801779125 0.313616628125 0.8801311671875001
0 0.31141245 0.869091375 0.31141245 0.8828125 0.3125 0.8828125 0.3125 0.8690723921875 0.31141245 0.869091375
0 0.307502375 0.8776121921875 0.307550809375 0.8859375 0.309375 0.8859375 0.309375 0.8776339828124999 0.307502375 0.8776121921875
0 0.3140625 0.8824365109375 0.315625 0.8824092374999999 0.315625 0.8754751765625001 0.3140625 0.8755024484374999 0.3140625 0.8824365109375
0 0.304782684375 0.839603059375 0.304782684375 0.85 0.3078125 0.85 0.3078125 0.83969121875 0.304782684375 0.839603059375
0 0.3030060203125 0.8501815656249999 0.30322 0.859375 0.3046875 0.859375 0.3046875 0.850220703125 0.3030060203125 0.8501815656249999
0 0.2946411 0.8651284890625 0.2946411 0.8765625 0.296875 0.8765625 0.296875 0.8651414859375001 0.2946411 0.8651284890625
0 0.2984375 0.879903771875 0.2984268578125 0.8789891859375001 0.2943791421875 0.8789891859375001 0.2945145375 0.890625 0.2984375 0.890625 0.2984375 0.879903771875
0 0.2890625 0.875 0.2890625 0.8619750828124999 0.2860812828125 0.8619230468750001 0.2859375 0.8681005374999999 0.2859375 0.875 0.2890625 0.875
0 0.3021578671875 0.8624156656249999 0.3023780359375 0.871875 0.303125 0.871875 0.303125 0.8624156656249999 0.3021578671875 0.8624156656249999
0 0.2985449609375 0.859719784375 0.298853178125 0.8703125 0.3015625 0.8703125 0.3015625 0.8596495515625 0.2985449609375 0.859719784375
0 0.30057004374999996 0.8433110124999998 0.300455846875 0.853125 0.303125 0.853125 0.303125 0.8432812843749999 0.30057004374999996 0.8433110124999998
0 0.294175675 0.8548385578125 0.29412201250000003 0.8640625 0.2964970671875 0.8640625 0.29655056874999997 0.8548661921875 0.294175675 0.8548385578125
0 0.288663128125 0.8430244640625 0.28852741718749997 0.8546875 0.290625 0.8546875 0.290625 0.843035878125 0.288663128125 0.8430244640625
0 0.2826802625 0.8416697875000001 0.2830196203125 0.85625 0.2859375 0.85625 0.2859375 0.8417076890625002 0.2826802625 0.8416697875000001
0 0.277107275 0.8835031765625001 0.2770203890625 0.8984375 0.28125 0.8984375 0.28125 0.883527278125 0.277107275 0.8835031765625001
0 0.278125 0.8636116968750001 0.2765625 0.8636116968750001 0.2765625 0.8765625 0.278125 0.8765625 0.278125 0.8636116968750001
0 0.278535415625 0.8557570859375 0.2786320578125 0.8640625 0.2796875 0.8640625 0.2796875 0.8557839015625 0.278535415625 0.8557570859375
0 0.270593896875 0.8430730265624999 0.2703599359375 0.853125 0.2734375 0.853125 0.2734375 0.8430233906249999 0.270593896875 0.8430730265624999
0 0.2652287828125 0.84832210625 0.2649540328125 0.8640625 0.26875 0.8640625 0.26875 0.84824015 0.2652287828125 0.84832210625
0 0.255097309375 0.861349509375 0.255036075 0.871875 0.2578125 0.871875 0.2578125 0.861317915625 0.255097309375 0.861349509375
0 0.254757009375 0.8729008953124999 0.254957290625 0.884375 0.25625 0.884375 0.25625 0.872874834375 0.254757009375 0.8729008953124999
0 0.2634329828125 0.8706776046875 0.2633714734375 0.88125 0.265625 0.88125 0.265625 0.8707413859375001 0.2634329828125 0.8706776046875
0 0.2640625 0.874660453125 0.2578125 0.874587728125 0.2578125 0.8921875 0.2640625 0.8921875 0.2640625 0.874660453125
0 0.2546875 0.8446647609374999 0.253125 0.844692034375 0.253125 0.85625 0.2546875 0.85625 0.2546875 0.8446647609374999
0 0.2557236 0.8450751531249999 0.2559186578125 0.85625 0.2578125 0.85625 0.2578125 0.8450508453125 0.2557236 0.8450751531249999
0 0.24780155312500002 0.8540674296875 0.24751072812500002 0.8640625 0.25 0.8640625 0.25 0.8540930109375001 0.24780155312500002 0.8540674296875
0 0.236449090625 0.8611417750000001 0.2362344671875 0.8734375 0.240625 0.8734375 0.240625 0.861044578125 0.236449090625 0.8611417750000001
0 0.2380883875 0.842353171875 0.23796304687499997 0.853125 0.24375 0.853125 0.24375 0.8424519953124999 0.2380883875 0.842353171875
0 0.2484375 0.8429358562499999 0.2453125 0.8429904031250001 0.2453125 0.8515625 0.2484375 0.8515625 0.2484375 0.8429358562499999
0 0.2375 0.875 0.23431195312500003 0.875 0.23349811250000002 0.8750189421875 0.2334164109375 0.8890625 0.2375 0.8890625 0.2375 0.875
0 0.2390625 0.9171090390625001 0.2421875 0.917036303125 0.2421875 0.8958690828125 0.2390625 0.8959418187499999 0.2390625 0.9171090390625001
0 0.23493178124999997 0.9016144546875001 0.2347145 0.9140625 0.2375 0.9140625 0.2375 0.9016144546875001 0.23493178124999997 0.9016144546875001
0 0.2328125 0.9 0.23275906562499998 0.9 0.2309559453125 0.9000419687499999 0.23115545312500002 0.9171875 0.2328125 0.9171875 0.2328125 0.9
0 0.225678121875 0.9036900953125 0.2257657375 0.91875 0.229266940625 0.91875 0.22917885 0.9036086156250001 0.225678121875 0.9036900953125
0 0.22938947812500002 0.8828125 0.229307665625 0.896875 0.2328125 0.896875 0.2328125 0.8828125 0.22938947812500002 0.8828125
0 0.22428889531250001 0.8857789109375 0.225 0.8857582203125001 0.225 0.8739242718749999 0.22422005937499997 0.873946965625 0.22428889531250001 0.8857789109375
0 0.228700109375 0.8487947968749999 0.2289120609375 0.8609375 0.23125 0.8609375 0.23125 0.8488096328125 0.228700109375 0.8487947968749999
0 0.2257620515625 0.8579595125000001 0.2257620515625 0.8640625 0.2265625 0.8640625 0.2265625 0.8579595125000001 0.2257620515625 0.8579595125000001
0 0.2210478078125 0.8560057546875001 0.2211037703125 0.865625 0.2234375 0.865625 0.2234375 0.8560474671874999 0.2210478078125 0.8560057546875001
0 0.22003732656250002 0.8730718984375001 0.21988762187500002 0.8859375 0.2234375 0.8859375 0.2234375 0.8731312484375 0.22003732656250002 0.8730718984375001
0 0.22536274218750002 0.840307003125 0.22555198281250002 0.8484375 0.2265625 0.8484375 0.2265625 0.8402930421875 0.22536274218750002 0.840307003125
0 0.225 0.8387661203124999 0.2234375 0.8387297531250001 0.2234375 0.846875 0.225 0.846875 0.225 0.8387661203124999
0 0.21431138437500002 0.8440299390625 0.2143990328125 0.8515625 0.215625 0.8515625 0.215625 0.8440605140624999 0.21431138437500002 0.8440299390625
0 0.22031038593750002 0.8415014624999999 0.22043545625 0.846875 0.221875 0.846875 0.221875 0.8414832562499999 0.22031038593750002 0.8415014624999999
0 0.229826334375 0.84123558125 0.22995204375 0.8484375 0.23125 0.8484375 0.23125 0.8412272984375001 0.229826334375 0.84123558125
0 0.21309277031249999 0.8852185640624999 0.2130067734375 0.9 0.215625 0.9 0.215625 0.8852480296875 0.21309277031249999 0.8852185640624999
0 0.212767640625 0.8609375 0.21322228281250002 0.8765625 0.2171875 0.8765625 0.2171875 0.8609375 0.212767640625 0.8609375
0 0.19838154375 0.893655640625 0.2046875 0.89347215625 0.2046875 0.8740196375 0.19826839062499999 0.8742064140625001 0.19838154375 0.893655640625
0 0.196392371875 0.9114250625 0.196149146875 0.921875 0.2015625 0.921875 0.2015625 0.9113348171875 0.196392371875 0.9114250625
0 0.19375 0.89770029375 0.190625 0.897609365625 0.190625 0.9109375 0.19375 0.9109375 0.19375 0.89770029375
0 0.1871320828125 0.89636785625 0.18687776875 0.9109375 0.1890625 0.9109375 0.1890625 0.8963229250000001 0.1871320828125 0.89636785625
0 0.1819612671875 0.89721910625 0.1818016390625 0.9109375 0.184375 0.9109375 0.184375 0.8972050640625 0.1819612671875 0.89721910625
0 0.17885635 0.897192875 0.17913989218749998 0.909375 0.18125 0.909375 0.18125 0.8971371625 0.17885635 0.897192875
0 0.1828194390625 0.9275883609375001 0.1859375 0.9275157875 0.1859375 0.9132599171875 0.182487809375 0.913340209375 0.1828194390625 0.9275883609375001
0 0.1958776125 0.840625 0.19594124531249998 0.8515625 0.1984375 0.8515625 0.1984375 0.840625 0.1958776125 0.840625
0 0.2096448640625 0.83843788125 0.2096448640625 0.8453125 0.2109375 0.8453125 0.2109375 0.838452921875 0.2096448640625 0.83843788125
0 0.1770297109375 0.8341500984374999 0.1767699046875 0.8453125 0.1796875 0.8453125 0.1796875 0.834181025 0.1770297109375 0.8341500984374999
0 0.1859375 0.8484375 0.184375 0.8484375 0.184375 0.8578125 0.1859375 0.8578125 0.1859375 0.8484375
0 0.1869191484375 0.8386292453124999 0.1862544484375 0.8671875 0.190625 0.8671875 0.190625 0.8385861234374999 0.1869191484375 0.8386292453124999
0 0.1916089078125 0.8427966828125001 0.19145589999999998 0.8515625 0.19375 0.8515625 0.19375 0.8427468484375 0.1916089078125 0.8427966828125001
0 0.161712384375 0.9012178515624999 0.161712384375 0.9171875 0.165625 0.9171875 0.165625 0.9012633796875 0.161712384375 0.9012178515624999
0 0.149634334375 0.9109375 0.1497343296875 0.928125 0.153125 0.928125 0.153125 0.9109375 0.149634334375 0.9109375
0 0.13978094218749998 0.9055789937500001 0.1394692203125 0.9234375 0.14375 0.9234375 0.14375 0.90569448125 0.13978094218749998 0.9055789937500001
0 0.147465296875 0.8742417375 0.1473292046875 0.8859375 0.15 0.8859375 0.15 0.8742564828124999 0.147465296875 0.8742417375
0 0.153125 0.8783118078125 0.1500453375 0.8782580515625 0.15026099531249998 0.8906130921875001 0.150943190625 0.890625 0.153125 0.890625 0.153125 0.8783118078125
0 0.15503202031250002 0.8796875 0.155222934375 0.890625 0.159375 0.890625 0.159375 0.8796875 0.15503202031250002 0.8796875
0 0.17736428906249999 0.875709396875 0.17736428906249999 0.8859375 0.178125 0.8859375 0.178125 0.875691690625 0.17736428906249999 0.875709396875
0 0.191206546875 0.8770982500000001 0.191375915625 0.884375 0.19375 0.884375 0.19375 0.8770538546875001 0.191206546875 0.8770982500000001
0 0.16840877031249998 0.871875 0.1703125 0.871875 0.1703125 0.8593809296874999 0.1698028421875 0.859375 0.1683360484375 0.859375 0.16840877031249998 0.871875
0 0.165625 0.86875 0.165625 0.85706710625 0.1628212484375 0.8570507953125001 0.1625 0.8680914046874999 0.1625 0.86875 0.165625 0.86875
0 0.1665808359375 0.8390574578125 0.1664898703125 0.846875 0.16875 0.846875 0.16875 0.8391205734374999 0.1665808359375 0.8390574578125
0 0.1765625 0.8402036234375 0.1765284453125 0.8372769703125 0.1741535515625 0.837235515625 0.1742293546875 0.84375 0.1765625 0.84375 0.1765625 0.8402036234375
0 0.1574831875 0.84375 0.15739228125 0.8359375 0.153672353125 0.8359375 0.153763259375 0.84375 0.1574831875 0.84375
0 0.152080140625 0.8429348921875001 0.1519156984375 0.85 0.152914325 0.85 0.153125 0.8499938703125001 0.153125 0.8429044906250001 0.152080140625 0.8429348921875001
0 0.14269224687499998 0.840262725 0.14375 0.8402504171875 0.14375 0.8318791749999999 0.14254615625 0.8318931828125 0.14269224687499998 0.840262725
0 0.13892025937500002 0.834375 0.13892025937500002 0.84375 0.140625 0.84375 0.140625 0.834375 0.13892025937500002 0.834375
0 0.159914584375 0.8507671125 0.160114934375 0.859375 0.1625 0.859375 0.1625 0.8507671125 0.159914584375 0.8507671125
0 0.12912454375 0.8676700703125 0.1288448359375 0.8796875 0.1328125 0.8796875 0.1328125 0.8677344437500001 0.12912454375 0.8676700703125
0 0.11957199062499999 0.8703125 0.1198265640625 0.88125 0.121875 0.88125 0.121875 0.8703125 0.11957199062499999 0.8703125
0 0.1172059625 0.8726573249999999 0.1171875 0.8758307921874999 0.1171875 0.8805286828125001 0.1203125 0.8805286828125001 0.1203125 0.8726573249999999 0.1172059625 0.8726573249999999
0 0.115625 0.8552259718749999 0.11141445781249999 0.8553239734375 0.1109375 0.8717159421874999 0.1109375 0.8796875 0.11540734374999999 0.8796875 0.115625 0.8722071171875001 0.115625 0.8552259718749999
0 0.12383774843749999 0.8316356953125 0.1236648875 0.8390625 0.1265625 0.8390625 0.1265625 0.8316832578125 0.12383774843749999 0.8316356953125
0 0.12167020312500001 0.8306023265625001 0.12152253125000001 0.8390625 0.1234375 0.8390625 0.1234375 0.830633175 0.12167020312500001 0.8306023265625001
0 0.11891984687499998 0.8328125 0.11910168437499999 0.840625 0.1203125 0.840625 0.1203125 0.8328125 0.11891984687499998 0.8328125
0 0.10641175781250001 0.8313993859375 0.1065537515625 0.8375 0.109375 0.8375 0.109375 0.8314511093749999 0.10641175781250001 0.8313993859375
0 0.0996463 0.828125 0.099509934375 0.8359375 0.1015625 0.8359375 0.1015625 0.828125 0.0996463 0.828125
0 0.12312253749999999 0.902177603125 0.12360474531250001 0.91875 0.1265625 0.91875 0.1265625 0.902197615625 0.12312253749999999 0.902177603125
0 0.1183411015625 0.89155838125 0.1183411015625 0.9046875 0.1203125 0.9046875 0.1203125 0.8915698515624999 0.1183411015625 0.89155838125
0 0.11359104687499999 0.8935163796874999 0.11352605468750002 0.9046875 0.115625 0.9046875 0.115625 0.8935045468750001 0.11359104687499999 0.8935163796874999
0 0.1140625 0.89017476875 0.1125 0.8901565874999999 0.1125 0.9046875 0.1140625 0.9046875 0.1140625 0.89017476875
0 0.109375 0.90625 0.109375 0.89389453125 0.10492389687499999 0.8937909312500001 0.1046875 0.9039475156249999 0.1046875 0.90625 0.109375 0.90625
0 0.10086097499999999 0.8669291874999999 0.1010291265625 0.8765625 0.103125 0.8765625 0.103125 0.86696870625 0.10086097499999999 0.8669291874999999
0 0.10262926562500001 0.8698856218750001 0.1023895234375 0.878125 0.1046875 0.878125 0.1046875 0.8698736468749999 0.10262926562500001 0.8698856218750001
0 0.085948290625 0.8354272359374999 0.085948290625 0.853125 0.0890625 0.853125 0.0890625 0.83548159375 0.085948290625 0.8354272359374999
0 0.0775383515625 0.827709890625 0.0773104828125 0.8375 0.0796875 0.8375 0.0796875 0.8277599125 0.0775383515625 0.827709890625
0 0.0659219328125 0.827055753125 0.06600996718749999 0.8421875 0.0703125 0.8421875 0.0703125 0.826928 0.0659219328125 0.827055753125
0 0.0522547234375 0.8263624843749999 0.052477584375 0.8359375 0.05625 0.8359375 0.05625 0.8264787359374999 0.0522547234375 0.8263624843749999
0 0.05857555625000001 0.8262632921874999 0.05862275 0.834375 0.059375 0.834375 0.059375 0.826258640625 0.05857555625000001 0.8262632921874999
0 0.06168588125 0.82470860625 0.061555221874999996 0.8359375 0.06365565937499999 0.8359375 0.06378631875 0.82470860625 0.06168588125 0.82470860625
0 0.09102785937499999 0.9171875 0.090627815625 0.934375 0.09375 0.934375 0.09375 0.9171875 0.09102785937499999 0.9171875
0 0.09214143125 0.8830476703125001 0.0923127796875 0.9125 0.103125 0.9125 0.103125 0.88272808125 0.09214143125 0.8830476703125001
0 0.0890625 0.8880136734375 0.084375 0.887931853125 0.084375 0.9015625 0.0890625 0.9015625 0.0890625 0.8880136734375
0 0.0835818484375 0.9099267171874998 0.083735859375 0.91875 0.084375 0.91875 0.084375 0.9099174874999999 0.0835818484375 0.9099267171874998
0 0.07922633125 0.909375 0.0787262265625 0.9265625 0.0828125 0.9265625 0.0828125 0.909375 0.07922633125 0.909375
0 0.078442409375 0.90120075625 0.08125 0.9012824500000001 0.08125 0.88365558125 0.078134575 0.8835649312499999 0.078442409375 0.90120075625
0 0.07163621875000001 0.8702923109375 0.071199490625 0.8953125 0.0765625 0.8953125 0.0765625 0.870406971875 0.07163621875000001 0.8702923109375
0 0.07272438437499999 0.901666271875 0.07263468437500001 0.909375 0.075 0.909375 0.075 0.90170599375 0.07272438437499999 0.901666271875
0 0.0714231328125 0.903903378125 0.07185512499999999 0.91875 0.071875 0.91875 0.071875 0.903903378125 0.0714231328125 0.903903378125
0 0.06595299375 0.89600285 0.0658155765625 0.9078125 0.0671875 0.9078125 0.0671875 0.8960387703125001 0.06595299375 0.89600285
0 0.05568092031250001 0.9273449062499999 0.0553399734375 0.9390625 0.0609375 0.9390625 0.0609375 0.9274060734375 0.05568092031250001 0.9273449062499999
0 0.053125 0.9260070515625 0.046875 0.9258615812500001 0.046875 0.9375 0.053125 0.9375 0.053125 0.9260070515625
0 0.050650165625 0.9043072125 0.05082044375 0.9140625 0.053125 0.9140625 0.053125 0.904379221875 0.050650165625 0.9043072125
0 0.0405875984375 0.9007219203125001 0.041066696875 0.9171875 0.04375 0.9171875 0.04375 0.9007587171874999 0.0405875984375 0.9007219203125001
0 0.0388719015625 0.907250959375 0.0387380984375 0.91875 0.040625 0.91875 0.040625 0.9072713593749999 0.0388719015625 0.907250959375
0 0.035024909375 0.9136802812500001 0.035490673437499995 0.9296875 0.0375 0.9296875 0.0375 0.9136802812500001 0.035024909375 0.9136802812500001
0 0.0323122546875 0.9068558796874999 0.0320717828125 0.9171875 0.0328125 0.9171875 0.0328125 0.9068587906250001 0.0323122546875 0.9068558796874999
0 0.029381212499999997 0.906930709375 0.029381212499999997 0.9203125 0.03125 0.9203125 0.03125 0.906930709375 0.029381212499999997 0.906930709375
0 0.029210521875 0.8729732 0.0289451421875 0.884375 0.03125 0.884375 0.03125 0.8730087984375 0.029210521875 0.8729732
0 0.06875 0.8608303890624999 0.0546875 0.8609122031249999 0.0546875 0.8618695546874999 0.055003918750000005 0.8890625 0.06875 0.8890625 0.06875 0.8608303890624999
0 0.0414239 0.865660459375 0.0412786609375 0.890625 0.053125 0.890625 0.053125 0.8659328046875 0.0414239 0.865660459375
0 0.0390625 0.8277161812500001 0.0375 0.8276798140625001 0.0375 0.834375 0.0390625 0.834375 0.0390625 0.8277161812500001
0 0.0316995296875 0.828125 0.0317904359375 0.8359375 0.034375 0.8359375 0.034375 0.828125 0.0316995296875 0.828125
0 0.025694417187500002 0.819097359375 0.025607551562500004 0.8265625 0.028125 0.8265625 0.028125 0.8190690765624999 0.025694417187500002 0.819097359375
0 0.0296875 0.8292344249999999 0.0265625 0.8292889718750001 0.0265625 0.836954190625 0.0265870328125 0.8390625 0.0296875 0.8390625 0.0296875 0.8292344249999999
0 0.0640625 0.8960124484375 0.059375 0.8960942703124999 0.059375 0.925 0.0640625 0.925 0.0640625 0.8960124484375
0 0.0661430515625 0.9104809796875 0.0660494921875 0.9265625 0.06875 0.9265625 0.06875 0.9105568343750001 0.0661430515625 0.9104809796875
0 0.025 0.9413483203125 0.021875 0.9414028671875 0.021875 0.95625 0.025 0.95625 0.025 0.9413483203125
0 0.0178801703125 0.8737233328125 0.018200825 0.8875 0.0218114390625 0.8875 0.021490295312499998 0.8737023296875 0.0178801703125 0.8737233328125
0 0.018248071875 0.893024875 0.0180717734375 0.903125 0.0203125 0.903125 0.0203125 0.893024875 0.018248071875 0.893024875
0 0.014353992187500001 0.914826153125 0.014699892187499999 0.9296875 0.0171875 0.9296875 0.0171875 0.9148426374999999 0.014353992187500001 0.914826153125
0 0.00643678125 0.876452228125 0.006629620312499999 0.8875 0.009375 0.8875 0.009375 0.876520615625 0.00643678125 0.876452228125
0 0.009934093750000001 0.8546875 0.009661309375 0.8640625 0.0109375 0.8640625 0.0109375 0.8546875 0.009934093750000001 0.8546875
0 0.01200133125 0.852411290625 0.012308884374999999 0.865625 0.0125 0.865625 0.0125 0.8524199953125 0.01200133125 0.852411290625
0 0.0881756953125 0.91875 0.08790297500000001 0.9421875 0.090625 0.9421875 0.090625 0.91875 0.0881756953125 0.91875
0 0.01959940625 0.9167015015625001 0.01998971875 0.9390625 0.0234375 0.9390625 0.0234375 0.9167015015625001 0.01959940625 0.9167015015625001
0 0.0040712171875 0.908214103125 0.0037532578125 0.921875 0.00625 0.921875 0.00625 0.9081887500000001 0.0040712171875 0.908214103125
0 0.0087877578125 0.9127440484375 0.0086073703125 0.94375 0.0125 0.94375 0.0125 0.912830453125 0.0087877578125 0.9127440484375
0 0.0072557609374999995 0.89280554375 0.0070447765625000006 0.9109375 0.0125 0.9109375 0.0125 0.8927750343749998 0.0072557609374999995 0.89280554375
0 0.005785384375 0.8408483046875 0.008323410937500001 0.8408483046875 0.008323410937500001 0.8329084468750001 0.005785384375 0.8329084468750001 0.005785384375 0.8408483046875
0 0.2436888234375 0.8700605484375 0.24738192812499998 0.8700605484375 0.24738192812499998 0.8549892234375001 0.2436888234375 0.8549892234375001 0.2436888234375 0.8700605484375
