0 0.2370480671875 0.70651199375 0.24467857187500003 0.70651199375 0.24467857187500003 0.680481203125 0.2370480671875 0.680481203125 0.2370480671875 0.70651199375
0 0.40079457500000004 0.6276863578125 0.4061565515625 0.6276863578125 0.4061565515625 0.60642176875 0.40079457500000004 0.60642176875 0.40079457500000004 0.6276863578125
0 0.3968234140625 0.6143967234375001 0.40168053906249995 0.6143967234375001 0.40168053906249995 0.5909323484375 0.3968234140625 0.5909323484375 0.3968234140625 0.6143967234375001
0 0.39287831875 0.5542229187500001 0.3999739453125 0.5542229187500001 0.3999739453125 0.52734213125 0.39287831875 0.52734213125 0.39287831875 0.5542229187500001
0 0.3835019546875 0.546263803125 0.3918646578125 0.546263803125 0.3918646578125 0.5220861109375 0.3835019546875 0.5220861109375 0.3835019546875 0.546263803125
0 0.43461693281249997 0.7016308171875 0.44464795312499994 0.7016308171875 0.44464795312499994 0.6786357296875 0.43461693281249997 0.6786357296875 0.43461693281249997 0.7016308171875
0 0.4364389734375 0.8535131515625001 0.4611205625 0.8535131515625001 0.4611205625 0.8155008640625001 0.4364389734375 0.8155008640625001 0.4364389734375 0.8535131515625001
0 0.642145009375 0.6320131171875001 0.6495362890624999 0.6320131171875001 0.6495362890624999 0.609956603125 0.642145009375 0.609956603125 0.642145009375 0.6320131171875001
0 0.65545855 0.63038938125 0.66213181875 0.63038938125 0.66213181875 0.6056110015625 0.65545855 0.6056110015625 0.65545855 0.63038938125
0 0.8095787796874999 0.59179503125 0.8019763234375 0.59179503125 0.8019763234375 0.61987719375 0.8095787796874999 0.61987719375 0.8095787796874999 0.59179503125
0 0.8315414359375 0.566866478125 0.8359339671875 0.566866478125 0.8359339671875 0.544340678125 0.8315414359375 0.544340678125 0.8315414359375 0.566866478125
0 0.84074885625 0.5422382703124999 0.8358494953125 0.5422382703124999 0.8358494953125 0.5658152734375 0.84074885625 0.5658152734375 0.84074885625 0.5422382703124999
0 1 0.823864653125 0.8930299406250001 0.823864653125 0.8930299406250001 0.9934314265624999 1 0.9934314265624999 1 0.823864653125
0 0.9508438953124999 0.412921246875 0.9441801140624999 0.412921246875 0.9441801140624999 0.4303605828125 0.9508438953124999 0.4303605828125 0.9508438953124999 0.412921246875
0 0.9511821578124999 0.40901243125000003 0.94526255625 0.40901243125000003 0.94526255625 0.4253091890625 0.9511821578124999 0.4253091890625 0.9511821578124999 0.40901243125000003
0 0.5152974796875001 0.6520216046875 0.5080565375 0.6520216046875 0.5080565375 0.6756060515625 0.5152974796875001 0.6756060515625 0.5152974796875001 0.6520216046875
0 0.12800285 0.8367429187500001 0.118489203125 0.8367429187500001 0.118489203125 0.8657771578125001 0.12800285 0.8657771578125001 0.12800285 0.8367429187500001
