0 0.8475163531250001 0.3390091921875 0.8516169578125 0.3390091921875 0.8516169578125 0.3189662265625 0.8475163531250001 0.3189662265625 0.8475163531250001 0.3390091921875
0 0.8492574765625001 0.2537419171875 0.854112590625 0.2537419171875 0.854112590625 0.2399815109375 0.8492574765625001 0.2399815109375 0.8492574765625001 0.2537419171875
0 0.8610672140625001 0.2558409625 0.8648725734375 0.2558409625 0.8648725734375 0.2455789640625 0.8610672140625001 0.2455789640625 0.8610672140625001 0.2558409625
0 0.8201267906249999 0.25770678125 0.8262940984375 0.25770678125 0.8262940984375 0.24347991875 0.8201267906249999 0.24347991875 0.8201267906249999 0.25770678125
0 0.796900975 0.2091955140625 0.8031995015625 0.2091955140625 0.8031995015625 0.19613478906249998 0.796900975 0.19613478906249998 0.796900975 0.2091955140625
0 0.7791863703125 0.27123396093749996 0.7829917296875 0.27123396093749996 0.7829917296875 0.2542083703125 0.7791863703125 0.2542083703125 0.7791863703125 0.27123396093749996
0 0.7735439390625001 0.27123396093749996 0.7791863703125 0.27123396093749996 0.7791863703125 0.2565406453125 0.7735439390625001 0.2565406453125 0.7735439390625001 0.27123396093749996
0 0.7631776140625 0.2584064625 0.7675078515625 0.2584064625 0.7675078515625 0.243246690625 0.7631776140625 0.243246690625 0.7631776140625 0.2584064625
0 0.7592410359375 0.2584064625 0.7631776140625 0.2584064625 0.7631776140625 0.24627864531250002 0.7592410359375 0.24627864531250002 0.7592410359375 0.2584064625
0 0.7645590062500001 0.2723661140625 0.76995266875 0.2723661140625 0.76995266875 0.2584361765625 0.7645590062500001 0.2584361765625 0.7645590062500001 0.2723661140625
0 0.754960490625 0.290482859375 0.7604862421874999 0.290482859375 0.7604862421874999 0.2698227265625 0.754960490625 0.2698227265625 0.754960490625 0.290482859375
0 0.749963096875 0.28488740625000003 0.7542780265625 0.28488740625000003 0.7542780265625 0.27111398593749997 0.749963096875 0.27111398593749997 0.749963096875 0.28488740625000003
0 0.78644059375 0.35 0.78644059375 0.328934284375 0.7788084609375 0.328934284375 0.7788084609375 0.35 0.78644059375 0.35
0 0.7778909734375 0.35 0.7778909734375 0.3253873640625 0.7701647828125 0.3253873640625 0.7701647828125 0.35 0.7778909734375 0.35
0 0.7683107015624999 0.35 0.7683107015624999 0.332864134375 0.76188095625 0.332864134375 0.76188095625 0.35 0.7683107015624999 0.35
0 0.735048271875 0.26791208437499997 0.7409067421875 0.26791208437499997 0.7409067421875 0.251003296875 0.735048271875 0.251003296875 0.735048271875 0.26791208437499997
0 0.7441315859375 0.2623713515625 0.7485926234375 0.2623713515625 0.7485926234375 0.2440296171875 0.7441315859375 0.2440296171875 0.7441315859375 0.2623713515625
0 0.75208620625 0.2502390578125 0.757353453125 0.2502390578125 0.757353453125 0.2295090734375 0.75208620625 0.2295090734375 0.75208620625 0.2502390578125
0 0.7446690609375001 0.23294815 0.7480551484375 0.23294815 0.7480551484375 0.21537065156250002 0.7446690609375001 0.21537065156250002 0.7446690609375001 0.23294815
0 0.7401542765625 0.22721635624999997 0.7446690609375001 0.22721635624999997 0.7446690609375001 0.20734614375 0.7401542765625 0.20734614375 0.7401542765625 0.22721635624999997
0 0.7780588093749999 0.22651331875 0.7846722625 0.22651331875 0.7846722625 0.2114001921875 0.7780588093749999 0.2114001921875 0.7780588093749999 0.22651331875
0 0.71542409375 0.270902621875 0.722352471875 0.270902621875 0.722352471875 0.2513115359375 0.71542409375 0.2513115359375 0.71542409375 0.270902621875
0 0.680467271875 0.2621332796875 0.6854011171875001 0.2621332796875 0.6854011171875001 0.24683357031250003 0.680467271875 0.24683357031250003 0.680467271875 0.2621332796875
0 0.6674503171875 0.2634393515625 0.6723841625 0.2634393515625 0.6723841625 0.2509383703125 0.6674503171875 0.2509383703125 0.6674503171875 0.2634393515625
0 0.6972633421875 0.20746481249999998 0.7025121140625 0.20746481249999998 0.7025121140625 0.195150415625 0.6972633421875 0.195150415625 0.6972633421875 0.20746481249999998
0 0.5503162796875001 0.232687815625 0.5555650515625 0.232687815625 0.5555650515625 0.21906734375 0.5503162796875001 0.21906734375 0.5503162796875001 0.232687815625
0 0.5463272124999999 0.185482621875 0.551575984375 0.185482621875 0.551575984375 0.17578036875 0.5463272124999999 0.17578036875 0.5463272124999999 0.185482621875
0 0.57173126875 0.2013420734375 0.5768750671875 0.2013420734375 0.5768750671875 0.18977400312499998 0.57173126875 0.18977400312499998 0.57173126875 0.2013420734375
0 0.87784631875 0.20458810624999998 0.882213296875 0.20458810624999998 0.882213296875 0.1927961375 0.87784631875 0.1927961375 0.87784631875 0.20458810624999998
0 0.8544997796875 0.1917512796875 0.8588667593749999 0.1917512796875 0.8588667593749999 0.1818997609375 0.8544997796875 0.1818997609375 0.8544997796875 0.1917512796875
0 0.796806328125 0.1873666078125 0.8011733062499999 0.1873666078125 0.8011733062499999 0.176141846875 0.796806328125 0.176141846875 0.796806328125 0.1873666078125
0 0.7931111921875 0.186411309375 0.796806328125 0.186411309375 0.796806328125 0.17626125937499998 0.7931111921875 0.17626125937499998 0.7931111921875 0.186411309375
0 0.7618705015625 0.20754729374999997 0.7665734000000001 0.20754729374999997 0.7665734000000001 0.195247821875 0.7618705015625 0.195247821875 0.7618705015625 0.20754729374999997
0 0.7538795078125 0.1964299109375 0.7581793015625 0.1964299109375 0.7581793015625 0.18487079687500002 0.7538795078125 0.18487079687500002 0.7538795078125 0.1964299109375
0 0.7547932140625 0.1801898328125 0.75823305 0.1801898328125 0.75823305 0.16939495625 0.7547932140625 0.16939495625 0.7547932140625 0.1801898328125
0 0.6573184359375001 0.19053983593749999 0.6929051109375 0.19053983593749999 0.6929051109375 0.14669311406250002 0.6573184359375001 0.14669311406250002 0.6573184359375001 0.19053983593749999
0 0.752111259375 0.14631995 0.714635028125 0.14631995 0.714635028125 0.205466378125 0.752111259375 0.205466378125 0.752111259375 0.14631995
0 0.7135852734375 0.1300873359375 0.6936399390625001 0.1300873359375 0.6936399390625001 0.1799046734375 0.7135852734375 0.1799046734375 0.7135852734375 0.1300873359375
0 0.8104762937500001 0.22447673125 0.8184544265625 0.22447673125 0.8184544265625 0.20413931562499998 0.8104762937500001 0.20413931562499998 0.8104762937500001 0.22447673125
0 0.7955697796875001 0.2651515625 0.807012103125 0.2651515625 0.807012103125 0.2504115984375 0.7955697796875001 0.2504115984375 0.7955697796875001 0.2651515625
0 0.7838125312499999 0.20488564375 0.7913707624999999 0.20488564375 0.7913707624999999 0.1923846625 0.7838125312499999 0.1923846625 0.7838125312499999 0.20488564375
0 0.76029803125 0.1866006265625 0.7674363625 0.1866006265625 0.7674363625 0.15786703124999998 0.76029803125 0.15786703124999998 0.76029803125 0.1866006265625
0 0.7689060171875 0.178204446875 0.790635934375 0.178204446875 0.790635934375 0.139395434375 0.7689060171875 0.139395434375 0.7689060171875 0.178204446875
0 0.7915807140625001 0.17615204843750001 0.855825684375 0.17615204843750001 0.855825684375 0.15003059531250001 0.7915807140625001 0.15003059531250001 0.7915807140625001 0.17615204843750001
0 0.9419615671875 0.2080074234375 0.9458582546875001 0.2080074234375 0.9458582546875001 0.1946332421875 0.9419615671875 0.1946332421875 0.9419615671875 0.2080074234375
0 0.9238889953125 0.17624374062499998 0.9289278171875001 0.17624374062499998 0.9289278171875001 0.16585486562500001 0.9238889953125 0.16585486562500001 0.9238889953125 0.17624374062499998
0 0.9355790609374999 0.1995291484375 0.9394085640625001 0.1995291484375 0.9394085640625001 0.188184975 0.9355790609374999 0.188184975 0.9355790609374999 0.1995291484375
0 0.08810091406250001 0.82286443125 0.116399859375 0.82286443125 0.116399859375 0.7681376828125 0.08810091406250001 0.7681376828125 0.08810091406250001 0.82286443125
0 0.20732869062499998 0.6780739546875 0.2254185234375 0.6780739546875 0.2254185234375 0.6278017109375 0.20732869062499998 0.6278017109375 0.20732869062499998 0.6780739546875
0 0.17956706875 0.6484833296875 0.20249279531250003 0.6484833296875 0.20249279531250003 0.5966201921875001 0.17956706875 0.5966201921875001 0.17956706875 0.6484833296875
0 0.2012390453125 0.5457115906250001 0.1777759953125 0.5457115906250001 0.1777759953125 0.5842112203125 0.2012390453125 0.5842112203125 0.2012390453125 0.5457115906250001
0 0.1728970015625 0.4913318578125 0.19023458437500002 0.4913318578125 0.19023458437500002 0.45391403593749996 0.1728970015625 0.45391403593749996 0.1728970015625 0.4913318578125
0 0.1658759984375 0.40504177812500003 0.1508309890625 0.40504177812500003 0.1508309890625 0.43329605156250006 0.1658759984375 0.43329605156250006 0.1658759984375 0.40504177812500003
0 0 0.3937626890625 0.005426140625 0.3937626890625 0.005426140625 0.3739083359375 0 0.3739083359375 0 0.3937626890625
0 0.0307877265625 0.3830718828125 0.0436834484375 0.3830718828125 0.0436834484375 0.357108496875 0.0307877265625 0.357108496875 0.0307877265625 0.3830718828125
0 0.03904073125 0.3800330984375 0.0516590515625 0.3800330984375 0.0516590515625 0.36022354375 0.03904073125 0.36022354375 0.03904073125 0.3800330984375
0 0.2254570375 0.35 0.2254570375 0.376269621875 0.2448980546875 0.376269621875 0.2448980546875 0.35 0.2254570375 0.35
0 0.55625 0.9275270546875 0.5421875 0.9276088671875 0.5421875 0.93894008125 0.5423525578125 0.953125 0.55625 0.953125 0.55625 0.9275270546875
0 0.54806703125 0.9648924578125001 0.559592340625 0.9648924578125001 0.559592340625 0.9466930171874999 0.54806703125 0.9466930171874999 0.54806703125 0.9648924578125001
0 0.6412939734374999 0.9667124031250001 0.658197759375 0.9667124031250001 0.658197759375 0.9412331828125 0.6412939734374999 0.9412331828125 0.6412939734374999 0.9667124031250001
0 0.6489775124999999 0.7096452875000001 0.6564049328125 0.7096452875000001 0.6564049328125 0.671426459375 0.6489775124999999 0.671426459375 0.6489775124999999 0.7096452875000001
0 0.69656195 0.715197965625 0.7063968796875 0.715197965625 0.7063968796875 0.6747224078125 0.69656195 0.6747224078125 0.69656195 0.715197965625
0 0.8190068296874999 0.918158140625 0.833267478125 0.918158140625 0.833267478125 0.8881654593749999 0.8190068296874999 0.8881654593749999 0.8190068296874999 0.918158140625
0 0.8344148875 0.9117519359374999 0.850642521875 0.9117519359374999 0.850642521875 0.8741882875 0.8344148875 0.8741882875 0.8344148875 0.9117519359374999
0 0.9403043 0.86341421875 0.9512866390625 0.86341421875 0.9512866390625 0.836624640625 0.9403043 0.836624640625 0.9403043 0.86341421875
0 0.9539092874999999 0.9114607453125 0.9621050624999998 0.9114607453125 0.9621050624999998 0.856425634375 0.9539092874999999 0.856425634375 0.9539092874999999 0.9114607453125
0 0.9675142734375001 0.856425634375 0.9675142734375001 0.8334215390625002 0.9573515125000001 0.8334215390625002 0.9573515125000001 0.846816328125 0.9573515125000001 0.856425634375 0.9675142734375001 0.856425634375
0 0.9709565 0.842739653125 0.9573515125000001 0.842739653125 0.9573515125000001 0.9108783640624999 0.9709565 0.9108783640624999 0.9709565 0.842739653125
0 0.9725729640624999 0.7336337171875 0.9871204656250001 0.7336337171875 0.9871204656250001 0.68667915625 0.9725729640624999 0.68667915625 0.9725729640624999 0.7336337171875
0 0.9855749687500002 0.652528203125 0.9917381921875 0.652528203125 0.9917381921875 0.6401817015625 0.9855749687500002 0.6401817015625 0.9855749687500002 0.652528203125
0 1 0.633193115625 0.994491971875 0.633193115625 0.994491971875 0.6522952500000001 1 0.6522952500000001 1 0.633193115625
0 0.684931465625 0.5771895234375 0.6917503500000001 0.5771895234375 0.6917503500000001 0.5529624265624999 0.684931465625 0.5529624265624999 0.684931465625 0.5771895234375
0 0.691356953125 0.5781213359375 0.6981758375 0.5781213359375 0.6981758375 0.5503999453125 0.691356953125 0.5503999453125 0.691356953125 0.5781213359375
0 0.7460391640624999 0.5264058015625 0.7508910625 0.5264058015625 0.7508910625 0.5007809875 0.7460391640624999 0.5007809875 0.7460391640624999 0.5264058015625
0 0.757578815625 0.5210478859375 0.7650533625 0.5210478859375 0.7650533625 0.5042752796875 0.757578815625 0.5042752796875 0.757578815625 0.5210478859375
0 0.7674137453125001 0.514292253125 0.7752816890625001 0.514292253125 0.7752816890625001 0.49076401562500005 0.7674137453125001 0.49076401562500005 0.7674137453125001 0.514292253125
0 0.7761996171875 0.4963548828125 0.7814449124999999 0.4963548828125 0.7814449124999999 0.47305959687500004 0.7761996171875 0.47305959687500004 0.7761996171875 0.4963548828125
0 0.8518627640625 0.5596004875 0.858624278125 0.5596004875 0.858624278125 0.531209359375 0.8518627640625 0.531209359375 0.8518627640625 0.5596004875
0 0.8760403 0.5534126781250001 0.883416496875 0.5534126781250001 0.883416496875 0.5348492484375 0.8760403 0.5348492484375 0.8760403 0.5534126781250001
0 0.87399135625 0.48607474375 0.8811626593749999 0.48607474375 0.8811626593749999 0.471515190625 0.87399135625 0.471515190625 0.87399135625 0.48607474375
0 0.8895112562499999 0.469473059375 0.89353964375 0.469473059375 0.89353964375 0.44949502187499996 0.8895112562499999 0.44949502187499996 0.8895112562499999 0.469473059375
0 0.8941271171875 0.469174878125 0.89781980625 0.469174878125 0.89781980625 0.4520295484375 0.8941271171875 0.4520295484375 0.8941271171875 0.469174878125
0 0.89756803125 0.470665778125 0.9026874406250001 0.470665778125 0.9026874406250001 0.4484513921875 0.89756803125 0.4484513921875 0.89756803125 0.470665778125
0 0.867019428125 0.44472414687499995 0.8739012562500001 0.44472414687499995 0.8739012562500001 0.432647871875 0.867019428125 0.432647871875 0.867019428125 0.44472414687499995
0 0.8239660375 0.45694951249999993 0.8296729203125001 0.45694951249999993 0.8296729203125001 0.44502232656250007 0.8239660375 0.44502232656250007 0.8239660375 0.45694951249999993
0 0.7937531328125 0.44517141718750003 0.7969422734375 0.44517141718750003 0.7969422734375 0.435927846875 0.7937531328125 0.435927846875 0.7937531328125 0.44517141718750003
0 0.797445821875 0.44487323749999996 0.803068778125 0.44487323749999996 0.803068778125 0.4317533328125 0.797445821875 0.4317533328125 0.797445821875 0.44487323749999996
0 0.84612216875 0.4199752359375 0.85015055625 0.4199752359375 0.85015055625 0.406706240625 0.84612216875 0.406706240625 0.84612216875 0.4199752359375
0 0.8487238343750001 0.4304115234375 0.8526682984375 0.4304115234375 0.8526682984375 0.41535345156250003 0.8487238343750001 0.41535345156250003 0.8487238343750001 0.4304115234375
0 0.9151922265625 0.45009138125000003 0.9188009906249999 0.45009138125000003 0.9188009906249999 0.4299642546875 0.9151922265625 0.4299642546875 0.9151922265625 0.45009138125000003
0 0.9198080874999999 0.44681140468749997 0.922661528125 0.44681140468749997 0.922661528125 0.42847335624999994 0.9198080874999999 0.42847335624999994 0.9198080874999999 0.44681140468749997
0 0.9235007750000002 0.44994229218750004 0.9262702921875 0.44994229218750004 0.9262702921875 0.430262434375 0.9235007750000002 0.430262434375 0.9235007750000002 0.44994229218750004
0 0.690919471875 0.43740273125 0.695001571875 0.43740273125 0.695001571875 0.42700222343750005 0.690919471875 0.42700222343750005 0.690919471875 0.43740273125
0 0.72336141875 0.42929224374999997 0.7281417718750001 0.42929224374999997 0.7281417718750001 0.4085866484375 0.72336141875 0.4085866484375 0.72336141875 0.42929224374999997
0 0.747155759375 0.42595263125000005 0.7513452828125 0.42595263125000005 0.7513452828125 0.40705996874999995 0.747155759375 0.40705996874999995 0.747155759375 0.42595263125000005
0 0.7441478968749999 0.38339643125 0.7479614375000001 0.38339643125 0.7479614375000001 0.374713440625 0.7441478968749999 0.374713440625 0.7441478968749999 0.38339643125
0 0.7457592515625 0.4029570171875 0.7527955015625001 0.4029570171875 0.7527955015625001 0.394560278125 0.7457592515625 0.394560278125 0.7457592515625 0.4029570171875
0 0.8318155718749999 0.3875823921875 0.8357096796875 0.3875823921875 0.8357096796875 0.3730312265625 0.8318155718749999 0.3730312265625 0.8318155718749999 0.3875823921875
0 0.858201509375 0.35 0.858201509375 0.3554982625 0.8608871 0.3554982625 0.8608871 0.35 0.858201509375 0.35
0 0.8716294671875 0.35 0.8716294671875 0.356333165625 0.8741807796875 0.356333165625 0.8741807796875 0.35 0.8716294671875 0.35
0 0.7173643140625 0.35 0.7173643140625 0.3559348453125 0.720400365625 0.3559348453125 0.720400365625 0.35 0.7173643140625 0.35
0 0.7148562734375 0.35 0.7148562734375 0.356364759375 0.7171663109375 0.356364759375 0.7171663109375 0.35 0.7148562734375 0.35
0 0.7128762390625 0.35 0.7128762390625 0.35730275 0.7153402812499999 0.35730275 0.7153402812499999 0.35 0.7128762390625 0.35
0 0.7108082046875 0.35 0.7108082046875 0.35781083125 0.7136022515625 0.35781083125 0.7136022515625 0.35 0.7108082046875 0.35
0 0.7081241609375001 0.35 0.7081241609375001 0.35781083125 0.711050209375 0.35781083125 0.711050209375 0.35 0.7081241609375001 0.35
0 0.7036580875 0.35 0.7036580875 0.3579671625 0.70706814375 0.3579671625 0.70706814375 0.35 0.7036580875 0.35
0 0.7007320375 0.35 0.7007320375 0.35726366875000004 0.7036580875 0.35726366875000004 0.7036580875 0.35 0.7007320375 0.35
0 0.6970799765625 0.35 0.6970799765625 0.3571073359375 0.7004020328125 0.3571073359375 0.7004020328125 0.35 0.6970799765625 0.35
0 0.693735921875 0.35 0.693735921875 0.357654496875 0.6973879828125 0.357654496875 0.6973879828125 0.35 0.693735921875 0.35
0 0.7175774015625 0.3794006234375 0.7203972734375 0.3794006234375 0.7203972734375 0.36699635 0.7175774015625 0.36699635 0.7175774015625 0.3794006234375
0 0.7257013171875 0.364253096875 0.7281183484375 0.364253096875 0.7281183484375 0.3536379015625 0.7257013171875 0.3536379015625 0.7257013171875 0.364253096875
0 0.6680953781250001 0.3798777109375 0.6711166671875001 0.3798777109375 0.6711166671875001 0.36818906875 0.6680953781250001 0.36818906875 0.6680953781250001 0.3798777109375
0 0.67225804375 0.3811897015625 0.675279334375 0.3811897015625 0.675279334375 0.37570319531249996 0.67225804375 0.37570319531249996 0.67225804375 0.3811897015625
0 0.6543092671874999 0.3998266578125 0.6571280640625 0.3998266578125 0.6571280640625 0.38602547187499997 0.6543092671874999 0.38602547187499997 0.6543092671874999 0.3998266578125
0 0.6517654734375 0.3897505703125 0.6562342984375 0.3897505703125 0.6562342984375 0.37637685468750004 0.6517654734375 0.37637685468750004 0.6517654734375 0.3897505703125
0 0.770063221875 0.38675849375000004 0.7726858703125 0.38675849375000004 0.7726858703125 0.374085859375 0.770063221875 0.374085859375 0.770063221875 0.38675849375000004
0 0.7755183296875 0.379304003125 0.77929494375 0.379304003125 0.77929494375 0.371290425 0.7755183296875 0.371290425 0.7755183296875 0.379304003125
0 0.7910444062499999 0.39141755 0.79482101875 0.39141755 0.79482101875 0.3770676546875 0.7910444062499999 0.3770676546875 0.7910444062499999 0.39141755
0 0.7807636265625 0.40558108437499996 0.7907296875000001 0.40558108437499996 0.7907296875000001 0.3835903359375 0.7807636265625 0.3835903359375 0.7807636265625 0.40558108437499996
0 0.80499689375 0.378372190625 0.809717659375 0.378372190625 0.809717659375 0.367935903125 0.80499689375 0.367935903125 0.80499689375 0.378372190625
0 0.8009055625 0.35 0.8009055625 0.3634632078125 0.8043674578125 0.3634632078125 0.8043674578125 0.35 0.8009055625 0.35
0 0.794086678125 0.3634632078125 0.7967093265624999 0.3634632078125 0.7967093265624999 0.35172238437500003 0.794086678125 0.35172238437500003 0.794086678125 0.3634632078125
0 0.7863236390624999 0.362345034375 0.7891560999999999 0.362345034375 0.7891560999999999 0.352467834375 0.7863236390624999 0.352467834375 0.7863236390624999 0.362345034375
0 0.7826519328125 0.3662586421875 0.7851696734375 0.3662586421875 0.7851696734375 0.3601086875 0.7826519328125 0.3601086875 0.7826519328125 0.3662586421875
0 0.7776164484375 0.3670040921875 0.781707778125 0.3670040921875 0.781707778125 0.3560087171875 0.7776164484375 0.3560087171875 0.7776164484375 0.3670040921875
0 0.770063221875 0.3630904828125 0.773839834375 0.3630904828125 0.773839834375 0.35470418125 0.770063221875 0.35470418125 0.770063221875 0.3630904828125
0 0.7654473609375 0.367749540625 0.7696435984375001 0.367749540625 0.7696435984375001 0.357499615625 0.7654473609375 0.357499615625 0.7654473609375 0.367749540625
0 0.6118616375 0.367599446875 0.614882928125 0.367599446875 0.614882928125 0.3573420671875 0.6118616375 0.3573420671875 0.6118616375 0.367599446875
0 0.6089746265625 0.369388525 0.6127344546875 0.369388525 0.6127344546875 0.3574613390625 0.6089746265625 0.3574613390625 0.6089746265625 0.369388525
0 0.6872278703125 0.35 0.6872278703125 0.3643540328125 0.6901927640625 0.3643540328125 0.6901927640625 0.35 0.6872278703125 0.35
0 0.6896404015625001 0.89048786875 0.6790615703125 0.89048786875 0.6790615703125 0.911991375 0.6896404015625001 0.911991375 0.6896404015625001 0.89048786875
0 0.6686861796875 0.943433478125 0.658197759375 0.943433478125 0.658197759375 0.9719843546875001 0.6686861796875 0.9719843546875001 0.6686861796875 0.943433478125
0 0.9387557937499998 0.6393155500000001 0.9338081562500001 0.6393155500000001 0.9338081562500001 0.6514587078125 0.9387557937499998 0.6514587078125 0.9387557937499998 0.6393155500000001
0 0.8933209828124999 0.40416588906249995 0.890508640625 0.40416588906249995 0.890508640625 0.4136953765625 0.8933209828124999 0.4136953765625 0.8933209828124999 0.40416588906249995
0 0.8560834984374999 0.3886226484375 0.8532190765625 0.3886226484375 0.8532190765625 0.395839153125 0.8560834984374999 0.395839153125 0.8560834984374999 0.3886226484375
0 0.8665516578125001 0.36354991875 0.8634789156250001 0.36354991875 0.8634789156250001 0.3741896375 0.8665516578125001 0.3741896375 0.8665516578125001 0.36354991875
0 0.8985290218750001 0.35614837499999996 0.8961333234375001 0.35614837499999996 0.8961333234375001 0.3652152671875 0.8985290218750001 0.3652152671875 0.8985290218750001 0.35614837499999996
0 0.9035287406249999 0.4354374109375 0.89717493125 0.4354374109375 0.89717493125 0.4468172828125 0.9035287406249999 0.4468172828125 0.9035287406249999 0.4354374109375
0 0.7309458484375 0.42838968125 0.726883578125 0.42838968125 0.726883578125 0.436161303125 0.7309458484375 0.436161303125 0.7309458484375 0.42838968125
0 0.73891415 0.43005502812500007 0.737195496875 0.43005502812500007 0.737195496875 0.4346809921875 0.73891415 0.4346809921875 0.73891415 0.43005502812500007
0 0.7421014703125 0.3949532078125 0.7398099328125 0.3949532078125 0.7398099328125 0.4027248296875 0.7421014703125 0.4027248296875 0.7421014703125 0.3949532078125
0 0.7420598046875 0.37237850156249996 0.739851596875 0.37237850156249996 0.739851596875 0.38325876875000003 0.7420598046875 0.38325876875000003 0.7420598046875 0.37237850156249996
0 0.768722365625 0.375261403125 0.765755865625 0.375261403125 0.765755865625 0.3872815078125 0.768722365625 0.3872815078125 0.768722365625 0.375261403125
0 0.794354253125 0.362293896875 0.7910544390625001 0.362293896875 0.7910544390625001 0.36756379687499996 0.794354253125 0.36756379687499996 0.794354253125 0.362293896875
0 0.6976813500000001 0.41786006093749994 0.6941919624999999 0.41786006093749994 0.6941919624999999 0.43201551406250005 0.6976813500000001 0.43201551406250005 0.6976813500000001 0.41786006093749994
0 0.6525797265625 0.387606253125 0.6492986609375 0.387606253125 0.6492986609375 0.39426764062499997 0.6525797265625 0.39426764062499997 0.6525797265625 0.387606253125
0 0.695954925 0.359114425 0.693928371875 0.359114425 0.693928371875 0.36716730468750003 0.695954925 0.36716730468750003 0.695954925 0.359114425
0 0.6984347843750001 0.3602039328125 0.69664821875 0.3602039328125 0.69664821875 0.366835715625 0.6984347843750001 0.366835715625 0.6984347843750001 0.3602039328125
0 0.701874590625 0.3571073359375 0.6998747046875 0.3571073359375 0.6998747046875 0.366977825 0.701874590625 0.366977825 0.701874590625 0.3571073359375
0 0.7895331437499999 0.3637705875 0.79121305 0.3637705875 0.79121305 0.3578967234375 0.7895331437499999 0.3578967234375 0.7895331437499999 0.3637705875
0 0.7753206125000001 0.384092265625 0.7806803109375 0.384092265625 0.7806803109375 0.3790236890625 0.7753206125000001 0.3790236890625 0.7753206125000001 0.384092265625
0 0.8524909968750001 0.35 0.8524909968750001 0.35547903125 0.8550325203125 0.35547903125 0.8550325203125 0.35 0.8524909968750001 0.35
