0 0.064830421875 0.3244016609375 0.0654611375 0.4328125 0.10625 0.4328125 0.10625 0.3253657125 0.064830421875 0.3244016609375
0 0 0.4390625 0.040625 0.4390625 0.040625 0.2984375 0.0012163828125 0.2984375 0 0.2984658109375 0 0.4390625
0 0.0359879671875 0.041298896875000005 0.038554382812499996 0.1515625 0.071875 0.1515625 0.071875 0.0408813140625 0.0359879671875 0.041298896875000005
0 0.0122342875 0.0953125 0.007180120312500001 0.0953125 0.00625 0.127278665625 0.00625 0.1515625 0.034332126562499996 0.1515625 0.034375 0.1500890359375 0.034375 0.0955701296875 0.0122342875 0.0953125
0 0.6075243109375 0.341641896875 0.6078001953125 0.3890625 0.621875 0.3890625 0.621875 0.34197591250000003 0.6075243109375 0.341641896875
0 0.5595298468750001 0.3421875 0.5603207796875 0.3875 0.5734375 0.3875 0.5734375 0.3421875 0.5595298468750001 0.3421875
0 0.5703125 0.2890625 0.5614815578125001 0.2890625 0.55405463125 0.2891489203125 0.55405463125 0.3328125 0.5703125 0.3328125 0.5703125 0.2890625
0 0.57879456875 0.290955528125 0.5794433625 0.328125 0.5890625 0.328125 0.5890625 0.2907165390625 0.57879456875 0.290955528125
0 0.5796875 0.22106709375000003 0.5678571484375 0.22092943593749997 0.5671875 0.24394377500000003 0.5671875 0.2578125 0.578625459375 0.2578125 0.5796875 0.22131252968749998 0.5796875 0.22106709375000003
0 0.55 0.175 0.5578125 0.175 0.5578125 0.144709890625 0.55 0.144573521875 0.55 0.175
0 0.550753946875 0.200427990625 0.5509059921875 0.2265625 0.5578125 0.2265625 0.5578125 0.20034585625 0.550753946875 0.200427990625
0 0.6960209328125 0.29142545468750003 0.706812103125 0.29142545468750003 0.706812103125 0.2695775046875 0.6960209328125 0.2695775046875 0.6960209328125 0.29142545468750003
0 0.715533734375 0.3048500984375 0.725585784375 0.3048500984375 0.725585784375 0.2866873453125 0.715533734375 0.2866873453125 0.715533734375 0.3048500984375
0 0.9041077906249999 0.39325326562499996 0.9176775953125 0.39325326562499996 0.9176775953125 0.3444120765625 0.9041077906249999 0.3444120765625 0.9041077906249999 0.39325326562499996
0 0.9038190703125 0.3392708984375 0.9145016828125 0.3392708984375 0.9145016828125 0.29659912187500004 0.9038190703125 0.29659912187500004 0.9038190703125 0.3392708984375
0 0.9228745421875001 0.33001677812499997 0.936444346875 0.33001677812499997 0.936444346875 0.29351441562499997 0.9228745421875001 0.29351441562499997 0.9228745421875001 0.33001677812499997
0 0.741582221875 0.0693578671875 0.75236748125 0.0693578671875 0.75236748125 0.053690518750000006 0.741582221875 0.053690518750000006 0.741582221875 0.0693578671875
0 0.7303239265625 0.053690518750000006 0.741582221875 0.053690518750000006 0.741582221875 0.03684390625 0.7303239265625 0.03684390625 0.7303239265625 0.053690518750000006
0 0.7725745843749999 0.7844767609375 0.7727012562500001 0.80625 0.7811631953125 0.80625 0.78103766875 0.7846737421875 0.7725745843749999 0.7844767609375
0 0.7581737078125 0.7953125 0.7584737171875 0.8125 0.7671875 0.8125 0.7671875 0.7953125 0.7581737078125 0.7953125
0 0.8293428296875 0.471875 0.8287460765624999 0.47188194375 0.8290004875000001 0.4828125 0.834375 0.4828125 0.834375 0.474300315625 0.8343185500000001 0.471875 0.8293428296875 0.471875
0 0.8083597250000001 0.47754775625 0.80807014375 0.4875 0.8150054499999999 0.4875 0.8152926828125 0.47762842812499995 0.8083597250000001 0.47754775625
0 0.7915116921875001 0.482232721875 0.79133793125 0.4921875 0.796875 0.4921875 0.796875 0.4823263375 0.7915116921875001 0.482232721875
0 0.7859375 0.502317003125 0.7762235875 0.502090909375 0.77665071875 0.5265612703125 0.7767035515625 0.5265625 0.7859375 0.5265625 0.7859375 0.502317003125
0 0.9489064421875 0.4390625 0.9489700750000001 0.45 0.9546875 0.45 0.9546875 0.4494812921875 0.9546268859375001 0.4390625 0.9489064421875 0.4390625
