0 0.340625 0.46875 0.340625 0.439450075 0.3191338984375 0.43957510624999996 0.3184548453125 0.46875 0.340625 0.46875
0 0.3586440046875 0.435273253125 0.3580102953125 0.4625 0.36875 0.4625 0.36875 0.43509685156250005 0.3586440046875 0.435273253125
0 0.35379182187499997 0.41047229218750003 0.3543481625 0.434375 0.3671875 0.434375 0.3671875 0.41070611562500003 0.35379182187499997 0.41047229218750003
0 0.350525815625 0.38190575 0.35109243437500004 0.40625 0.3625 0.40625 0.3625 0.3819754140625 0.350525815625 0.38190575
0 0.3518673875 0.2692781421875 0.35240668125 0.315625 0.365625 0.315625 0.365625 0.2691180578125 0.3518673875 0.2692781421875
0 0.4046875 0.302229159375 0.40277913125 0.3021736328125 0.3945577140625 0.3019344140625 0.394022965625 0.3203125 0.4046875 0.3203125 0.4046875 0.302229159375
0 0.055700309375 0.11473912343749999 0.0553991 0.140625 0.0625 0.140625 0.0625 0.1147786828125 0.055700309375 0.11473912343749999
0 0.044563518749999996 0.12084313124999999 0.044793701562499996 0.140625 0.0515625 0.140625 0.0515625 0.1209652984375 0.044563518749999996 0.12084313124999999
0 0.026999051562499998 0.11424884531249999 0.027160515625 0.128125 0.032632854687500004 0.128125 0.0324717609375 0.11428068437500001 0.026999051562499998 0.11424884531249999
0 0.37414254687500004 0.21178146875 0.3745593140625 0.2296875 0.3796875 0.2296875 0.3796875 0.21181372812500002 0.37414254687500004 0.21178146875
0 0.3586787421875 0.12458339843749999 0.3625 0.12458339843749999 0.3625 0.105272715625 0.3587910875 0.105272715625 0.3586787421875 0.12458339843749999
0 0.36507006249999996 0.10792858125 0.36467272031250003 0.125 0.36875 0.125 0.36875 0.10790717187500001 0.36507006249999996 0.10792858125
0 0.3698864125 0.101909328125 0.3698864125 0.1203125 0.3734375 0.1203125 0.3734375 0.10188866875 0.3698864125 0.101909328125
0 0.3789265828125 0.119431975 0.378839646875 0.134375 0.3839409265625 0.134375 0.3840275171875 0.11949132968750001 0.3789265828125 0.119431975
0 0.39922858125 0.10993885625 0.399712278125 0.1265625 0.403125 0.1265625 0.403125 0.109961525 0.39922858125 0.10993885625
0 0.468543053125 0.12368330000000001 0.46823195625 0.134375 0.4734375 0.134375 0.4734375 0.123711775 0.468543053125 0.12368330000000001
0 0.38461301406250004 0.11632307500000001 0.3847644703125 0.125 0.3890625 0.125 0.3890625 0.11624540781249999 0.38461301406250004 0.11632307500000001
0 0.34117395625 0.076943225 0.3409282453125 0.0875 0.3453125 0.0875 0.3453125 0.0770636453125 0.34117395625 0.076943225
0 0.356680815625 0.07929369375 0.35648302656249997 0.090625 0.3609375 0.090625 0.3609375 0.07919461875 0.356680815625 0.07929369375
0 0.409375 0.06875 0.391462771875 0.06875 0.3741809328125 0.0691522390625 0.3738401671875 0.0984375 0.409375 0.0984375 0.409375 0.06875
0 0.25897844999999997 0.1228398015625 0.25878968125 0.1390625 0.2640625 0.1390625 0.2640625 0.12272146875 0.25897844999999997 0.1228398015625
0 0.328125 0.06866957812499999 0.3234375 0.068724121875 0.3234375 0.0782806265625 0.32354298125000003 0.0828125 0.328125 0.0828125 0.328125 0.06866957812499999
0 0.3992904796875 0.1496102546875 0.3995904921875 0.1625 0.4015625 0.1625 0.4015625 0.1495705953125 0.3992904796875 0.1496102546875
0 0.5235094140625 0.3658444875 0.5233846984375 0.3765625 0.528125 0.3765625 0.528125 0.365763921875 0.5235094140625 0.3658444875
0 0.41143710625 0.3793689421875 0.4171875 0.3792351 0.4171875 0.3472809390625 0.4108795703125 0.3474277578125 0.41143710625 0.3793689421875
0 0.425987890625 0.340789840625 0.426165890625 0.3484375 0.4296875 0.3484375 0.4296875 0.34087595 0.425987890625 0.340789840625
0 0.43404507031249995 0.308369759375 0.43438403125 0.3375 0.4421875 0.3375 0.4421875 0.308369759375 0.43404507031249995 0.308369759375
0 0.0871558609375 0.1828125 0.0869376859375 0.2015625 0.096875 0.2015625 0.096875 0.1828125 0.0871558609375 0.1828125
0 0.30210437031250004 0.1185268 0.301800465625 0.1359375 0.30625 0.1359375 0.30625 0.11862329062500002 0.30210437031250004 0.1185268
0 0.2859375 0.11818982656250002 0.2828125 0.1181170921875 0.2828125 0.1265625 0.2859375 0.1265625 0.2859375 0.11818982656250002
0 0.290625 0.11666914218749999 0.2875 0.11657821406249999 0.2875 0.125 0.290625 0.125 0.290625 0.11666914218749999
0 0.42440577656249995 0.1643224328125 0.42402848437499996 0.1859375 0.428125 0.1859375 0.428125 0.1642575140625 0.42440577656249995 0.1643224328125
0 0.4432946765625 0.1186386578125 0.44342324062499994 0.1296875 0.4484375 0.1296875 0.4484375 0.11857881562499999 0.4432946765625 0.1186386578125
0 0.40710282031249995 0.1191267328125 0.40724388749999996 0.13125 0.409375 0.13125 0.409375 0.11910029375 0.40710282031249995 0.1191267328125
0 0.4131292015625 0.13251048125 0.415625 0.1324814390625 0.415625 0.1193709921875 0.4128241359375 0.1194035828125 0.4131292015625 0.13251048125
0 0.4234375 0.131192825 0.4265625 0.131138278125 0.4265625 0.1206737234375 0.4234375 0.1207282703125 0.4234375 0.131192825
0 0.3658109390625 0.1554868328125 0.366206090625 0.178125 0.3703125 0.178125 0.3703125 0.1554344515625 0.3658109390625 0.1554868328125
0 0.36452424687499996 0.240625 0.3654789921875 0.2734375 0.3703125 0.2734375 0.3703125 0.240625 0.36452424687499996 0.240625
0 0.3192699203125 0.23385877812500003 0.32006986406250004 0.2796875 0.328125 0.2796875 0.328125 0.23385877812500003 0.3192699203125 0.23385877812500003
0 0.3375 0.22448826406250003 0.33125 0.22434279375 0.33125 0.25462880781249997 0.331305571875 0.2578125 0.3375 0.2578125 0.3375 0.22448826406250003
0 0.32921628593749996 0.25786782812500003 0.329542603125 0.2765625 0.33125 0.2765625 0.33125 0.25782049218749997 0.32921628593749996 0.25786782812500003
0 0.3138374515625 0.23497312187500002 0.31408503125 0.25625 0.31875 0.25625 0.31875 0.23488737343750002 0.3138374515625 0.23497312187500002
0 0.2150019 0.34975560156249996 0.2150019 0.4046875 0.228125 0.4046875 0.228125 0.35006104531250004 0.2150019 0.34975560156249996
0 0.9223009234375 0.5839571125 0.9265625 0.5839323203125 0.9265625 0.5724006359375 0.9225693640625 0.5724238671874999 0.9223009234375 0.5839571125
0 0.7593681875 1 0.759375 0.999707315625 0.759375 0.965625 0.6843443546875 0.965625 0.6520987140625 0.9661878500000001 0.651311728125 1 0.7593681875 1
0 0.7227205265625 0.562816428125 0.722967734375 0.5734375 0.7234375 0.5734375 0.7234375 0.5628289421875 0.7227205265625 0.562816428125
0 0.6724577859374999 0.5524043796875 0.67272913125 0.5640625 0.6765625 0.5640625 0.6765625 0.552428259375 0.6724577859374999 0.5524043796875
