0 0.45850120624999996 0.4634425796875 0.4584066953125 0.4796875 0.465625 0.4796875 0.465625 0.4634425796875 0.45850120624999996 0.4634425796875
0 0.3618502609375 0.46965141875 0.3617555109375 0.4859375 0.3671875 0.4859375 0.3671875 0.46971352343749995 0.3618502609375 0.46965141875
0 0.4392332578125 0.4169177859375 0.43912103125 0.4265625 0.440625 0.4265625 0.440625 0.41695017968750003 0.4392332578125 0.4169177859375
0 0.43656422343749995 0.41656362812500003 0.4363314984375 0.4265625 0.4390625 0.4265625 0.4390625 0.4166072359375 0.43656422343749995 0.41656362812500003
0 0.44116079687500004 0.3813737875 0.441054575 0.3859375 0.44942394218750004 0.3859375 0.44952902968749997 0.3814224734375 0.44116079687500004 0.3813737875
0 0.3524810140625 0.37124092656249996 0.3524810140625 0.38125 0.36218209218749997 0.38125 0.36218209218749997 0.371410259375 0.3524810140625 0.37124092656249996
0 0.3890625 0.37548039843750003 0.37552016718750003 0.3751651984375 0.37533277656249997 0.3859008453125 0.3769076140625 0.3859375 0.3890625 0.3859375 0.3890625 0.37548039843750003
0 0.4226052953125 0.370130471875 0.4234375 0.37014984218749997 0.4234375 0.36425040000000003 0.42270822812500003 0.3642334265625 0.4226052953125 0.370130471875
0 0.1921875 0.43182677187499996 0.1890625 0.431844953125 0.1890625 0.4421875 0.1921875 0.4421875 0.1921875 0.43182677187499996
0 0.163788846875 0.4078125 0.1640616296875 0.4171875 0.1671875 0.4171875 0.1671875 0.4078125 0.163788846875 0.4078125
0 0.19333236250000002 0.393654703125 0.1953125 0.3936316625 0.1953125 0.3853044234375 0.1931385953125 0.38532971875 0.19333236250000002 0.393654703125
0 0.172591653125 0.3934848234375 0.175 0.3935549 0.175 0.383301825 0.172830134375 0.3832386875 0.172591653125 0.3934848234375
0 0.0780847328125 0.40199195468750004 0.0756839 0.402005921875 0.0758055171875 0.40897329375 0.078125 0.4089598 0.078125 0.40429883593750005 0.0780847328125 0.40199195468750004
0 0.0711436171875 0.40120211250000004 0.0710121546875 0.4125 0.0734375 0.4125 0.0734375 0.40120211250000004 0.0711436171875 0.40120211250000004
0 0.007340453125 0.36754967656250004 0.0071831328125 0.3765625 0.009375 0.3765625 0.009375 0.36759703125 0.007340453125 0.36754967656250004
0 0.509375 0.3890625 0.508023025 0.3890625 0.5079866625 0.3953125 0.509375 0.3953125 0.509375 0.3890625
0 0.46180292500000003 0.37452359999999996 0.461923115625 0.3796875 0.4625 0.3796875 0.4625 0.374507375 0.46180292500000003 0.37452359999999996
0 0.3629403015625 0.369220090625 0.362915765625 0.3734375 0.3640625 0.3734375 0.3640625 0.3691874375 0.3629403015625 0.369220090625
0 0.29416216875 0.3570557125 0.2945346 0.3890625 0.3234295640625 0.3890625 0.3230630015625 0.357560178125 0.29416216875 0.3570557125
0 0.23218846875 0.3649102609375 0.231803959375 0.378125 0.2734375 0.378125 0.2734375 0.3649102609375 0.23218846875 0.3649102609375
0 0.2265625 0.3640625 0.182396925 0.3640625 0.1256974578125 0.36505219218749996 0.1261108328125 0.3828125 0.199063828125 0.3828125 0.2265625 0.38233250937499996 0.2265625 0.3640625
0 0.2039034015625 0.386268803125 0.204081359375 0.4015625 0.2109375 0.4015625 0.2109375 0.386268803125 0.2039034015625 0.386268803125
0 0.1450174984375 0.35057208125 0.1454100296875 0.3640625 0.1984375 0.3640625 0.1984375 0.35181544531250003 0.1450174984375 0.35057208125
0 0.2578125 0.3515625 0.2578125 0.365625 0.28726098125 0.365625 0.290625 0.3655271171875 0.290625 0.3515625 0.2578125 0.3515625
0 0.2870129140625 0.37338137968749996 0.2868661375 0.3796875 0.2890625 0.3796875 0.2890625 0.37336945625 0.2870129140625 0.37338137968749996
0 0.5884266078125 0.41875 0.5886447968749999 0.43125 0.590625 0.43125 0.590625 0.41875 0.5884266078125 0.41875
0 0.5207508468750001 0.4625 0.5296875 0.4625 0.5296875 0.4484393203125 0.5293744921875 0.4484375 0.5210781546875001 0.4484375 0.5207508468750001 0.4625
0 0.5307172546875 0.42147217656249997 0.5303872859375 0.4328125 0.5341079359375 0.4328125 0.534375 0.423634078125 0.534375 0.42149345781249997 0.5307172546875 0.42147217656249997
0 0.5353070484375 0.4374213875 0.5390625 0.4374213875 0.5390625 0.42272255625 0.5353925640625 0.42272255625 0.5353070484375 0.4374213875
0 0.5398617015625 0.43847423281250003 0.54375 0.43851947812500003 0.54375 0.4100998140625 0.54002703125 0.41005649375 0.5398617015625 0.43847423281250003
0 0.51875 0.4022409265625 0.5155105765625 0.4021843828125 0.515526221875 0.403080625 0.5158542781250001 0.421875 0.51875 0.421875 0.51875 0.4022409265625
0 0.509951478125 0.42011267500000005 0.5140625 0.42011267500000005 0.5140625 0.400545590625 0.5105208218749999 0.400545590625 0.509951478125 0.42011267500000005
0 0.525799690625 0.3507313890625 0.526437284375 0.378125 0.5296875 0.378125 0.5296875 0.350618265625 0.525799690625 0.3507313890625
0 0.5984375 0.3485165390625 0.596875 0.34855290625 0.596875 0.353125 0.5984375 0.353125 0.5984375 0.3485165390625
0 0.6108012921875 0.3581612640625 0.61071444375 0.365625 0.6140625 0.365625 0.6140625 0.3581802375 0.6108012921875 0.3581612640625
0 0.628125 0.3658967875 0.62298495 0.365836978125 0.6228783796874999 0.374995496875 0.6232653765625 0.375 0.628125 0.375 0.628125 0.3658967875
0 0.670416 0.3734375 0.6653201953125001 0.3735857734375 0.665053709375 0.3827442921875 0.671875 0.38254581249999997 0.671875 0.3734375 0.670416 0.3734375
