0 0.8876370796874999 0.33873112031249997 0.9160381609374999 0.33873112031249997 0.9160381609374999 0.31760375937499996 0.8876370796874999 0.31760375937499996 0.8876370796874999 0.33873112031249997
0 0.9200666828124999 0.335508303125 0.8876370796874999 0.335508303125 0.8876370796874999 0.3587842078125 0.9200666828124999 0.3587842078125 0.9200666828124999 0.335508303125
0 0.9001254968750001 0.38456675156250003 0.8725301203125 0.38456675156250003 0.8725301203125 0.405336021875 0.9001254968750001 0.405336021875 0.9001254968750001 0.38456675156250003
0 0.8550060484375 0.36558793437500003 0.8251949843749999 0.36558793437500003 0.8251949843749999 0.38635720625 0.8550060484375 0.38635720625 0.8550060484375 0.36558793437500003
0 0.84271905625 0.37955347968750003 0.8135122687499999 0.37955347968750003 0.8135122687499999 0.4035455671875 0.84271905625 0.4035455671875 0.84271905625 0.37955347968750003
0 0.7071592812499999 0.35412902812499997 0.7299204328125 0.35412902812499997 0.7299204328125 0.331569303125 0.7071592812499999 0.331569303125 0.7071592812499999 0.35412902812499997
0 0.6088633390625 0.238465678125 0.6275959671875 0.238465678125 0.6275959671875 0.21948686093749997 0.6088633390625 0.21948686093749997 0.6088633390625 0.238465678125
0 0.8546031953125001 0.503094828125 0.8785729046874999 0.503094828125 0.8785729046874999 0.4762380140625 0.8546031953125001 0.4762380140625 0.8546031953125001 0.503094828125
0 0.7887368578125 0.522431734375 0.80887946875 0.522431734375 0.80887946875 0.49951391875000006 0.7887368578125 0.49951391875000006 0.7887368578125 0.522431734375
0 0.757515809375 0.5700578203125 0.7837012046875 0.5700578203125 0.7837012046875 0.534964915625 0.757515809375 0.534964915625 0.757515809375 0.5700578203125
0 0.8249935578125 0.6065830890624999 0.8648759281249999 0.6065830890624999 0.8648759281249999 0.5714901828125 0.8249935578125 0.5714901828125 0.8249935578125 0.6065830890624999
0 0.7125977875 0.567551184375 0.7375746249999999 0.567551184375 0.7375746249999999 0.5421267328125 0.7125977875 0.5421267328125 0.7125977875 0.567551184375
0 0.5959720671875 0.5403362781250001 0.626185984375 0.5403362781250001 0.626185984375 0.507750009375 0.5959720671875 0.507750009375 0.5959720671875 0.5403362781250001
0 0.5601182203125 0.4354156546875 0.58026083125 0.4354156546875 0.58026083125 0.40068084062500003 0.5601182203125 0.40068084062500003 0.5601182203125 0.4354156546875
0 0.9389491218750001 0.5712488078125 0.9640871000000001 0.5712488078125 0.9640871000000001 0.54030975625 0.9389491218750001 0.54030975625 0.9389491218750001 0.5712488078125
0 0.9237374218750001 0.694317478125 0.965247315625 0.694317478125 0.965247315625 0.6553571921875 0.9237374218750001 0.6553571921875 0.9237374218750001 0.694317478125
0 0.8345298250000001 0.6434399265625 0.86830495625 0.6434399265625 0.86830495625 0.6159385484375 0.8345298250000001 0.6159385484375 0.8345298250000001 0.6434399265625
0 0.7935910374999999 0.8066418546874999 0.839226640625 0.8066418546874999 0.839226640625 0.7499907593749999 0.7935910374999999 0.7499907593749999 0.7935910374999999 0.8066418546874999
0 0.6810756703124999 0.7695738546875 0.720023296875 0.7695738546875 0.720023296875 0.7192173265624999 0.6810756703124999 0.7192173265624999 0.6810756703124999 0.7695738546875
0 0.5882308218750001 0.7485919671875 0.6145893171875 0.7485919671875 0.6145893171875 0.7080269859375 0.5882308218750001 0.7080269859375 0.5882308218750001 0.7485919671875
0 0.5201708265625 0.6912414765625 0.5555777609375 0.6912414765625 0.5555777609375 0.6541734765625 0.5201708265625 0.6541734765625 0.5201708265625 0.6912414765625
0 0.5386611140625 0.7422974015625 0.5661998406250001 0.7422974015625 0.5661998406250001 0.7038306078125001 0.5386611140625 0.7038306078125001 0.5386611140625 0.7422974015625
0 0.495779384375 0.760481703125 0.533940190625 0.760481703125 0.533940190625 0.714321553125 0.495779384375 0.714321553125 0.495779384375 0.760481703125
0 0.5618723265625001 0.8744832875 0.5850835390625 0.8744832875 0.5850835390625 0.833218909375 0.5618723265625001 0.833218909375 0.5618723265625001 0.8744832875
0 0.605540878125 0.8807778546874999 0.616949778125 0.8807778546874999 0.616949778125 0.850703815625 0.605540878125 0.850703815625 0.605540878125 0.8807778546874999
0 0.68028885 0.8898700046875 0.7176628359375 0.8898700046875 0.7176628359375 0.83881408125 0.68028885 0.83881408125 0.68028885 0.8898700046875
0 0.7853294203125001 0.8765814765625001 0.8262440984375001 0.8765814765625001 0.8262440984375001 0.8115376281250001 0.7853294203125001 0.8115376281250001 0.7853294203125001 0.8765814765625001
0 0.7644786703124999 0.9045573250000001 0.7955580890625 0.9045573250000001 0.7955580890625 0.8632929484374999 0.7644786703124999 0.8632929484374999 0.7644786703124999 0.9045573250000001
0 0.8171956609375 0.952815665625 0.8569301093749999 0.952815665625 0.8569301093749999 0.901759740625 0.8171956609375 0.901759740625 0.8171956609375 0.952815665625
0 0.7959514999999999 0.9877854765625 0.8128681468750001 0.9877854765625 0.8128681468750001 0.9577114390625001 0.7959514999999999 0.9577114390625001 0.7959514999999999 0.9877854765625
0 0.7459883828125 0.9423247203124999 0.7821821375 0.9423247203124999 0.7821821375 0.900360946875 0.7459883828125 0.900360946875 0.7459883828125 0.9423247203124999
0 0.725924453125 0.9807915140624999 0.7597577453125 0.9807915140624999 0.7597577453125 0.9416253250000001 0.725924453125 0.9416253250000001 0.725924453125 0.9807915140624999
0 0.675174515625 0.944422909375 0.71372873125 0.944422909375 0.71372873125 0.8968639671874999 0.675174515625 0.8968639671874999 0.675174515625 0.944422909375
0 0.63504665625 0.995478834375 0.6806822593749999 0.995478834375 0.6806822593749999 0.9227416265624999 0.63504665625 0.9227416265624999 0.63504665625 0.995478834375
0 0.7042868828125 0.9975770234375 0.7428410984375 0.9975770234375 0.7428410984375 0.9633066078124999 0.7042868828125 0.9633066078124999 0.7042868828125 0.9975770234375
0 0.605540878125 0.9765951359375 0.6393741703125 0.9765951359375 0.6393741703125 0.92903619375 0.605540878125 0.92903619375 0.605540878125 0.9765951359375
0 0.5721009953125 0.9765951359375 0.5953122093750001 0.9765951359375 0.5953122093750001 0.9423247203124999 0.5721009953125 0.9423247203124999 0.5721009953125 0.9765951359375
0 0.559118453125 0.9947794375000001 0.58429671875 0.9947794375000001 0.58429671875 0.9640060046875 0.559118453125 0.9640060046875 0.559118453125 0.9947794375000001
0 0.5422018078125 0.9423247203124999 0.5721009953125 0.9423247203124999 0.5721009953125 0.900360946875 0.5422018078125 0.900360946875 0.5422018078125 0.9423247203124999
0 0.5103355671875 0.8912687968749999 0.5457425 0.8912687968749999 0.5457425 0.85000441875 0.5103355671875 0.85000441875 0.5103355671875 0.8912687968749999
0 0.48161660937499995 0.8353170984375 0.5044344125 0.8353170984375 0.5044344125 0.7982490984374999 0.48161660937499995 0.7982490984374999 0.48161660937499995 0.8353170984375
0 0.4702077078125 0.87588208125 0.5001068984375 0.87588208125 0.5001068984375 0.83881408125 0.4702077078125 0.83881408125 0.4702077078125 0.87588208125
0 0.5032541796875 0.9465210984375 0.5382677046875 0.9465210984375 0.5382677046875 0.900360946875 0.5032541796875 0.900360946875 0.5032541796875 0.9465210984375
0 0.49263209999999996 0.9598096265624999 0.5205642375 0.9598096265624999 0.5205642375 0.9206434390625 0.49263209999999996 0.9206434390625 0.49263209999999996 0.9598096265624999
0 0.46863406718749995 0.9877854765625 0.49971348750000005 0.9877854765625 0.49971348750000005 0.9486192875 0.46863406718749995 0.9486192875 0.46863406718749995 0.9877854765625
0 0.4387348796875 0.80734125 0.476108865625 0.80734125 0.476108865625 0.7632792875 0.4387348796875 0.7632792875 0.4387348796875 0.80734125
0 0.43362054375000003 0.83881408125 0.459585628125 0.83881408125 0.459585628125 0.79475211875 0.43362054375000003 0.79475211875 0.43362054375000003 0.83881408125
0 0.397033378125 0.7241131000000001 0.42181823281249997 0.7241131000000001 0.42181823281249997 0.6891432875 0.397033378125 0.6891432875 0.397033378125 0.7241131000000001
0 0.39663996875 0.5758411 0.4253589265625 0.5758411 0.4253589265625 0.5387731 0.39663996875 0.5387731 0.39663996875 0.5758411
0 0.401754303125 0.7688744578125 0.43165349218750004 0.7688744578125 0.43165349218750004 0.730407665625 0.401754303125 0.730407665625 0.401754303125 0.7688744578125
0 0.401754303125 0.8003472875 0.42063800156250003 0.8003472875 0.42063800156250003 0.7688744578125 0.401754303125 0.7688744578125 0.401754303125 0.8003472875
0 0.3667407796875 0.79475211875 0.3812969640625 0.79475211875 0.3812969640625 0.77027325 0.3667407796875 0.77027325 0.3667407796875 0.79475211875
0 0.44857013749999997 0.8807778546874999 0.4694208890625 0.8807778546874999 0.4694208890625 0.84440925 0.44857013749999997 0.84440925 0.44857013749999997 0.8807778546874999
0 0.43755464687499995 0.9122506828124999 0.46509337500000003 0.9122506828124999 0.46509337500000003 0.8695875140625 0.43755464687499995 0.8695875140625 0.43755464687499995 0.9122506828124999
0 0.3592659828125 0.8465074390625 0.383657425 0.8465074390625 0.383657425 0.81293641875 0.3592659828125 0.81293641875 0.3592659828125 0.8465074390625
0 0.340382284375 0.8884712125 0.373035346875 0.8884712125 0.373035346875 0.84440925 0.340382284375 0.84440925 0.340382284375 0.8884712125
0 0.325432690625 0.937428946875 0.362413265625 0.937428946875 0.362413265625 0.8835754390625 0.325432690625 0.8835754390625 0.325432690625 0.937428946875
0 0.2607463 0.910045515625 0.2881402515625 0.910045515625 0.2881402515625 0.869581246875 0.2607463 0.869581246875 0.2607463 0.910045515625
0 0.2261010078125 0.8434406140625 0.2623577078125 0.8434406140625 0.2623577078125 0.7929498015625 0.2261010078125 0.7929498015625 0.2261010078125 0.8434406140625
0 0.189038603125 0.8993027890624999 0.224086746875 0.8993027890624999 0.224086746875 0.8609870671875001 0.189038603125 0.8609870671875001 0.189038603125 0.8993027890624999
0 0.2002704703125 0.9629128765624999 0.235185640625 0.9629128765624999 0.235185640625 0.9139551406249999 0.2002704703125 0.9139551406249999 0.2002704703125 0.9629128765624999
0 0.2169904109375 1 0.2169904109375 0.9594158937499999 0.1776493734375 0.9594158937499999 0.1776493734375 1 0.2169904109375 1
0 0.12109663125 0.95242193125 0.15994590625 0.95242193125 0.15994590625 0.8990929703124999 0.12109663125 0.8990929703124999 0.12109663125 0.95242193125
0 0.098967296875 0.833524575 0.1171625265625 0.833524575 0.1171625265625 0.795932028125 0.098967296875 0.795932028125 0.098967296875 0.833524575
0 0.1156872390625 0.785441084375 0.14814359375 0.785441084375 0.14814359375 0.7338606125 0.1156872390625 0.7338606125 0.1156872390625 0.785441084375
0 0.1235554453125 0.778447121875 0.1235554453125 0.810794196875 0.13339070625 0.810794196875 0.156503565625 0.810794196875 0.156503565625 0.778447121875 0.1235554453125 0.778447121875
0 0.163388246875 0.810794196875 0.13339070625 0.810794196875 0.13339070625 0.8545064609375 0.163388246875 0.8545064609375 0.163388246875 0.810794196875
0 0.1628964828125 0.7732016500000001 0.19928694375 0.7732016500000001 0.19928694375 0.7268666500000001 0.1628964828125 0.7268666500000001 0.1628964828125 0.7732016500000001
0 0.2405950328125 0.742603065625 0.26518318281250003 0.742603065625 0.26518318281250003 0.7067590078125 0.2405950328125 0.7067590078125 0.2405950328125 0.742603065625
0 0.3482911234375 0.6359451421875 0.3777969015625 0.6359451421875 0.3777969015625 0.5904843859375 0.3482911234375 0.5904843859375 0.3482911234375 0.6359451421875
0 0.3217359234375 0.6455618390625 0.34534054531249997 0.6455618390625 0.34534054531249997 0.6149632546875 0.3217359234375 0.6149632546875 0.3217359234375 0.6455618390625
0 0.3114089 0.6744119328125 0.340422915625 0.6744119328125 0.340422915625 0.64031636875 0.3114089 0.64031636875 0.3114089 0.6744119328125
0 0.2843619375 0.6621724999999999 0.306983034375 0.6621724999999999 0.306983034375 0.6298254234375 0.2843619375 0.6298254234375 0.2843619375 0.6621724999999999
0 0.26567494375 0.6175859906250001 0.2932136703125 0.6175859906250001 0.2932136703125 0.5799934437500001 0.26567494375 0.5799934437500001 0.26567494375 0.6175859906250001
0 0.2607573140625 0.64468759375 0.2843619375 0.64468759375 0.2843619375 0.6079692921875 0.2607573140625 0.6079692921875 0.2607573140625 0.64468759375
0 0.5140275515625 0.388074028125 0.5379469015625 0.388074028125 0.5379469015625 0.36345528125 0.5140275515625 0.36345528125 0.5140275515625 0.388074028125
0 0.4778337953125 0.38359789218749996 0.4979764078125 0.38359789218749996 0.4979764078125 0.35897914375 0.4778337953125 0.35897914375 0.4778337953125 0.38359789218749996
0 0.4913671125 0.41884746093749997 0.514342278125 0.41884746093749997 0.514342278125 0.3903120953125 0.4913671125 0.3903120953125 0.4913671125 0.41884746093749997
0 0.469021403125 0.40262146874999993 0.48601673125 0.40262146874999993 0.48601673125 0.381919340625 0.469021403125 0.381919340625 0.469021403125 0.40262146874999993
0 0.44856406406250005 0.41772842812500005 0.468391946875 0.41772842812500005 0.468391946875 0.3919906453125 0.44856406406250005 0.3919906453125 0.44856406406250005 0.41772842812500005
0 0.013400540624999999 0.5712509906250001 0.026678140625000003 0.5712509906250001 0.026678140625000003 0.5424008953125 0.013400540624999999 0.5424008953125 0.013400540624999999 0.5712509906250001
0 0.241578559375 0.6656694812499999 0.26370789375000003 0.6656694812499999 0.26370789375000003 0.624579953125 0.241578559375 0.624579953125 0.241578559375 0.6656694812499999
0 0.2523973453125 0.9882659890625 0.2823948859375 0.9882659890625 0.2823948859375 0.939308253125 0.2523973453125 0.939308253125 0.2523973453125 0.9882659890625
0 0.3114089 0.9935114609375001 0.3409146796875 0.9935114609375001 0.3409146796875 0.9541704234375 0.3114089 0.9541704234375 0.3114089 0.9935114609375001
0 0.42746496250000005 1 0.42746496250000005 0.9707810828125 0.404843865625 0.9707810828125 0.404843865625 1 0.42746496250000005 1
0 0.038480451562500004 0.6123405187500001 0.0576592078125 0.6123405187500001 0.0576592078125 0.5799934437500001 0.038480451562500004 0.5799934437500001 0.038480451562500004 0.6123405187500001
0 0.072903859375 0.6114662734375 0.088640275 0.6114662734375 0.088640275 0.5738737265625 0.072903859375 0.5738737265625 0.072903859375 0.6114662734375
0 0.0630686 0.63332240625 0.07831325312500001 0.63332240625 0.07831325312500001 0.60097533125 0.0630686 0.60097533125 0.0630686 0.63332240625
0 0.09404966718749999 0.6202087265625 0.10732726875000001 0.6202087265625 0.10732726875000001 0.5948556125 0.09404966718749999 0.5948556125 0.09404966718749999 0.6202087265625
0 0.1456847796875 0.6691664609375 0.168797640625 0.6691664609375 0.168797640625 0.6306996687499999 0.1456847796875 0.6306996687499999 0.1456847796875 0.6691664609375
0 0.16535529843750002 0.710255990625 0.1801081875 0.710255990625 0.1801081875 0.6814058953125001 0.16535529843750002 0.6814058953125001 0.16535529843750002 0.710255990625
0 0.1683058765625 0.6420648578125 0.18059995 0.6420648578125 0.18059995 0.6228314625 0.1683058765625 0.6228314625 0.1683058765625 0.6420648578125
0 0.21502335781249998 0.6953938203125001 0.232726825 0.6953938203125001 0.232726825 0.6604240078125 0.21502335781249998 0.6604240078125 0.21502335781249998 0.6953938203125001
0 0.19387755 0.5030598578125 0.2169904109375 0.5030598578125 0.2169904109375 0.46546731093749993 0.19387755 0.46546731093749993 0.19387755 0.5030598578125
0 0.21207278125 0.46197033125000003 0.22535038125 0.46197033125000003 0.22535038125 0.4366172171875 0.21207278125 0.4366172171875 0.21207278125 0.46197033125000003
0 0.254856159375 0.44098844374999996 0.274526678125 0.44098844374999996 0.274526678125 0.4165095765625 0.254856159375 0.4165095765625 0.254856159375 0.44098844374999996
0 0.0802803046875 0.564257028125 0.0930661421875 0.564257028125 0.0930661421875 0.538903915625 0.0802803046875 0.538903915625 0.0802803046875 0.564257028125
0 0.08962380156250001 0.528412971875 0.0984755359375 0.528412971875 0.0984755359375 0.5074310843750001 0.08962380156250001 0.5074310843750001 0.08962380156250001 0.528412971875
0 0.1225719203125 0.5345326890625001 0.13437423125 0.5345326890625001 0.13437423125 0.5161735375000001 0.1225719203125 0.5161735375000001 0.1225719203125 0.5345326890625001
0 0.0930661421875 0.5598858015625 0.1063437421875 0.5598858015625 0.1063437421875 0.538903915625 0.0930661421875 0.538903915625 0.0930661421875 0.5598858015625
0 0.2184657 0.3937791984375 0.23125153593749997 0.3937791984375 0.23125153593749997 0.36667759375000003 0.2184657 0.36667759375000003 0.2184657 0.3937791984375
0 0.24698795156250003 0.399898915625 0.2607573140625 0.399898915625 0.2607573140625 0.3815397640625 0.24698795156250003 0.3815397640625 0.24698795156250003 0.399898915625
0 0.287804278125 0.3789170296875 0.30304892968749997 0.3789170296875 0.30304892968749997 0.3588093875 0.287804278125 0.3588093875 0.287804278125 0.3789170296875
0 0.9241455609375 0.7732016500000001 0.9659454140625 0.7732016500000001 0.9659454140625 0.72336966875 0.9241455609375 0.72336966875 0.9241455609375 0.7732016500000001
0 0.9290631906250001 0.920949103125 0.9777477250000001 0.920949103125 0.9777477250000001 0.8553807062500001 0.9290631906250001 0.8553807062500001 0.9290631906250001 0.920949103125
0 0.857265796875 1 0.857265796875 0.9637871203125 0.8248094421875001 0.9637871203125 0.8248094421875001 1 0.857265796875 1
0 0.1683058765625 0.6578012734375001 0.1874846328125 0.6578012734375001 0.1874846328125 0.6228314625 0.1683058765625 0.6228314625 0.1683058765625 0.6578012734375001
0 0.42992377656249997 0.2801273125 0.44516842968750003 0.2801273125 0.44516842968750003 0.25827118125 0.42992377656249997 0.25827118125 0.42992377656249997 0.2801273125
0 0.3964838953125 0.240786275 0.4092697328125 0.240786275 0.4092697328125 0.21630740624999997 0.3964838953125 0.21630740624999997 0.3964838953125 0.240786275
0 0.3345217609375 0.2469059921875 0.34779936093749997 0.2469059921875 0.34779936093749997 0.21805589687500002 0.3345217609375 0.21805589687500002 0.3345217609375 0.2469059921875
0 0.3281288421875 0.2792530671875 0.3355052875 0.2792530671875 0.3355052875 0.2477802359375 0.3281288421875 0.2477802359375 0.3281288421875 0.2792530671875
0 0.1252392421875 0.337904434375 0.1340516359375 0.337904434375 0.1340516359375 0.3119428453125 0.1252392421875 0.3119428453125 0.1252392421875 0.337904434375
0 0.11869289375 0.34730431875 0.127001721875 0.34730431875 0.127001721875 0.31955227812500003 0.11869289375 0.31955227812500003 0.11869289375 0.34730431875
0 0.0756380625 0.37460874843749997 0.0867164984375 0.37460874843749997 0.0867164984375 0.3464090921875 0.0756380625 0.3464090921875 0.0756380625 0.37460874843749997
0 0.054488320312500005 0.3790848828125 0.06632210468750001 0.3790848828125 0.06632210468750001 0.3495423875 0.054488320312500005 0.3495423875 0.054488320312500005 0.3790848828125
0 0.4140685515625 0.18673077968750001 0.42212559687500006 0.18673077968750001 0.42212559687500006 0.1626670734375 0.4140685515625 0.1626670734375 0.4140685515625 0.18673077968750001
0 0.6118909 0.0979211109375 0.6169184953125 0.0979211109375 0.6169184953125 0.080961928125 0.6118909 0.080961928125 0.6118909 0.0979211109375
0 0.5926829062500001 0.10296303124999999 0.599257453125 0.10296303124999999 0.599257453125 0.089670696875 0.5926829062500001 0.089670696875 0.5926829062500001 0.10296303124999999
0 0.5867529203124999 0.08806644999999999 0.59358529375 0.08806644999999999 0.59358529375 0.0750032953125 0.5867529203124999 0.0750032953125 0.5867529203124999 0.08806644999999999
0 0.5960346359375001 0.085087134375 0.60080440625 0.085087134375 0.60080440625 0.059190003125 0.5960346359375001 0.059190003125 0.5960346359375001 0.085087134375
0 0.5559427828125 0.0979211109375 0.5632908078125001 0.0979211109375 0.5632908078125001 0.07019055468749999 0.5559427828125 0.07019055468749999 0.5559427828125 0.0979211109375
0 0.572314696875 0.057814934375 0.5765688171875001 0.057814934375 0.5765688171875001 0.0426891765625 0.572314696875 0.0426891765625 0.572314696875 0.057814934375
0 0.60828134375 0.06400274375000001 0.60828134375 0.087837271875 0.61588719375 0.087837271875 0.61588719375 0.06400274375000001 0.6118086593750001 0.06400274375000001 0.60828134375 0.06400274375000001
0 0.46240402031250005 0.1593965296875 0.46240402031250005 0.1726888609375 0.46820509218749995 0.1726888609375 0.46820509218749995 0.1593965296875 0.4661869921875 0.1593965296875 0.46240402031250005 0.1593965296875
0 0.4373949546875 0.14243734375 0.44409841562499996 0.14243734375 0.44409841562499996 0.11860281718750001 0.4373949546875 0.11860281718750001 0.4373949546875 0.14243734375
0 0.38234922656250003 0.1733763953125 0.39008398906249997 0.1733763953125 0.39008398906249997 0.152062828125 0.38234922656250003 0.152062828125 0.38234922656250003 0.1733763953125
0 0.37770836874999997 0.1733763953125 0.383380528125 0.1733763953125 0.383380528125 0.14954186875 0.37770836874999997 0.14954186875 0.37770836874999997 0.1733763953125
0 0.3708759953125 0.172918040625 0.37629032812499996 0.172918040625 0.37629032812499996 0.148395978125 0.3708759953125 0.148395978125 0.3708759953125 0.172918040625
0 0.0759468109375 0.322856225 0.088354659375 0.322856225 0.088354659375 0.2904848109375 0.0759468109375 0.2904848109375 0.0759468109375 0.322856225
0 0.1521664515625 0.2747288125 0.1610292015625 0.2747288125 0.1610292015625 0.242070925 0.1521664515625 0.242070925 0.1521664515625 0.2747288125
0 0.21436683437499998 0.24636801562500002 0.21952334375000002 0.24636801562500002 0.21952334375000002 0.22201783593750002 0.21436683437499998 0.22201783593750002 0.21436683437499998 0.24636801562500002
0 0.2074377765625 0.24636801562500002 0.2150113984375 0.24636801562500002 0.2150113984375 0.2142830734375 0.2074377765625 0.2142830734375 0.2074377765625 0.24636801562500002
0 0.20969375 0.2349091078125 0.21436683437499998 0.2349091078125 0.21436683437499998 0.2177207453125 0.20969375 0.2177207453125 0.20969375 0.2349091078125
0 0.1716645 0.2624104859375 0.1798826859375 0.2624104859375 0.1798826859375 0.23290379843750003 0.1716645 0.23290379843750003 0.1716645 0.2624104859375
0 0.053011457812499996 0.16184486250000002 0.053011457812499996 0.246274353125 0.053011457812499996 0.2506513984375 0.12713626718749999 0.2506513984375 0.12713626718749999 0.16184486250000002 0.053011457812499996 0.16184486250000002
0 0.0114334890625 0.3081031609375 0.0247110890625 0.3081031609375 0.0247110890625 0.2775045765625 0.0114334890625 0.2775045765625 0.0114334890625 0.3081031609375
0 0.026087459375 0.30425642656249996 0.035240260937500004 0.30425642656249996 0.035240260937500004 0.2685046328125 0.026087459375 0.2685046328125 0.026087459375 0.30425642656249996
0 0.0619251921875 0.30104793124999996 0.0715936453125 0.30104793124999996 0.0715936453125 0.272171484375 0.0619251921875 0.272171484375 0.0619251921875 0.30104793124999996
0 0.0816488390625 0.28706806406249996 0.0880944734375 0.28706806406249996 0.0880944734375 0.2611709328125 0.0816488390625 0.2611709328125 0.0816488390625 0.28706806406249996
0 0.0443930640625 0.30379806875000004 0.055995209375 0.30379806875000004 0.055995209375 0.268962990625 0.0443930640625 0.268962990625 0.0443930640625 0.30379806875000004
0 0.041041334375 0.2781301171875 0.0508387 0.2781301171875 0.0508387 0.25085791562500004 0.041041334375 0.25085791562500004 0.041041334375 0.2781301171875
0 0.0949268484375 0.30013121875 0.102532696875 0.30013121875 0.102532696875 0.2652961390625 0.0949268484375 0.2652961390625 0.0949268484375 0.30013121875
0 0.09892314218750001 0.3044856046875 0.10588442812500001 0.3044856046875 0.10588442812500001 0.27537997812500004 0.09892314218750001 0.27537997812500004 0.09892314218750001 0.3044856046875
0 0.1141348421875 0.2889014890625 0.12315873125000001 0.2889014890625 0.12315873125000001 0.2572749046875 0.1141348421875 0.2572749046875 0.1141348421875 0.2889014890625
0 0.46708233125 0.1130514015625 0.4723677515625 0.1130514015625 0.4723677515625 0.08944605156249999 0.46708233125 0.08944605156249999 0.46708233125 0.1130514015625
0 0.45328867187500005 0.1192392109375 0.46037887031249997 0.1192392109375 0.46037887031249997 0.09609221875 0.45328867187500005 0.09609221875 0.45328867187500005 0.1192392109375
0 0.44413586875 0.09609221875 0.449550203125 0.09609221875 0.449550203125 0.0701950859375 0.44413586875 0.0701950859375 0.44413586875 0.09609221875
0 0.43975283593750003 0.09884235625 0.4451671703125 0.09884235625 0.4451671703125 0.072945225 0.43975283593750003 0.072945225 0.43975283593750003 0.09884235625
0 0.431760246875 0.12428113125 0.4373949546875 0.12428113125 0.4373949546875 0.0963213953125 0.431760246875 0.0963213953125 0.431760246875 0.12428113125
0 0.400950109375 0.1114471546875 0.4067511828125 0.1114471546875 0.4067511828125 0.0905919421875 0.400950109375 0.0905919421875 0.400950109375 0.1114471546875
0 0.3701399703125 0.0972381078125 0.3701399703125 0.11969756875 0.37568321875 0.11969756875 0.37568321875 0.1071850328125 0.37568321875 0.0972381078125 0.3701399703125 0.0972381078125
0 0.5303784734375 0.100446603125 0.5363084578125 0.100446603125 0.5363084578125 0.0805081046875 0.5303784734375 0.0805081046875 0.5303784734375 0.100446603125
0 0.5194208921875 0.0993007125 0.5253508765625 0.0993007125 0.5253508765625 0.0793622125 0.5194208921875 0.0793622125 0.5194208921875 0.0993007125
0 0.514908946875 0.10342591875 0.5191630671875 0.10342591875 0.5191630671875 0.0811956375 0.514908946875 0.0811956375 0.514908946875 0.10342591875
0 0.5120728671875 0.0811956375 0.517229375 0.0811956375 0.517229375 0.058506999999999997 0.5120728671875 0.058506999999999997 0.5120728671875 0.0811956375
0 0.5017598515625 0.0814248171875 0.507045271875 0.0814248171875 0.507045271875 0.0619446734375 0.5017598515625 0.0619446734375 0.5017598515625 0.0814248171875
0 0.5395312750000001 0.085550021875 0.5462347359375 0.085550021875 0.5462347359375 0.0587361796875 0.5395312750000001 0.0587361796875 0.5395312750000001 0.085550021875
0 0.56660294375 0.0848624890625 0.5743377078125 0.0848624890625 0.5743377078125 0.059882068749999996 0.56660294375 0.059882068749999996 0.56660294375 0.0848624890625
0 0.47133645 0.12703126874999998 0.47881338749999997 0.12703126874999998 0.47881338749999997 0.103884275 0.47133645 0.103884275 0.47133645 0.12703126874999998
0 0.6233233734375 0.05750960625 0.62822205625 0.05750960625 0.62822205625 0.034133432812499996 0.6233233734375 0.034133432812499996 0.6233233734375 0.05750960625
0 0.6438204953125 0.03757110625 0.6475589640625 0.03757110625 0.6475589640625 0.01717425 0.6438204953125 0.01717425 0.6438204953125 0.03757110625
0 0.6063068953124999 0.0407796 0.61313926875 0.0407796 0.61313926875 0.017861784375000002 0.6063068953124999 0.017861784375000002 0.6063068953124999 0.0407796
0 0.6159753484375 0.03573768125 0.62048729375 0.03573768125 0.62048729375 0.01579918125 0.6159753484375 0.01579918125 0.6159753484375 0.03573768125
0 0.6117212296875 0.036883571875 0.6117212296875 0.057967962500000005 0.618553603125 0.057967962500000005 0.618553603125 0.037341928125 0.618553603125 0.036883571875 0.6117212296875 0.036883571875
0 0.630681821875 0.052529803124999996 0.6377720203125 0.052529803124999996 0.6377720203125 0.0321329453125 0.630681821875 0.0321329453125 0.630681821875 0.052529803124999996
0 0.639447884375 0.0442793890625 0.64447548125 0.0442793890625 0.64447548125 0.027549382812500002 0.639447884375 0.027549382812500002 0.639447884375 0.0442793890625
0 0.650276553125 0.0408417171875 0.6558198 0.0408417171875 0.6558198 0.024799245312500003 0.650276553125 0.024799245312500003 0.650276553125 0.0408417171875
0 0.670000196875 0.036716509375 0.677348221875 0.036716509375 0.677348221875 0.013340337499999999 0.670000196875 0.013340337499999999 0.670000196875 0.036716509375
0 0.60696188125 0.0199865046875 0.6159753484375 0.0199865046875 0.6159753484375 0.00279814375 0.60696188125 0.00279814375 0.60696188125 0.0199865046875
0 0.6239783609375 0.0245700671875 0.6302950828125 0.0245700671875 0.6302950828125 0.00371485625 0.6239783609375 0.00371485625 0.6239783609375 0.0245700671875
0 0.6817312546875 0.0484045953125 0.7571451921875 0.0484045953125 0.7571451921875 0.0011938953125 0.6817312546875 0.0011938953125 0.6817312546875 0.0484045953125
0 0.00356528125 0.0974100484375 0.0468404234375 0.0974100484375 0.0468404234375 0.0274704265625 0.00356528125 0.0274704265625 0.00356528125 0.0974100484375
0 0.057167445312499995 0.110523728125 0.1451930171875 0.110523728125 0.1451930171875 0.024847690625 0.057167445312499995 0.024847690625 0.057167445312499995 0.110523728125
0 0.032579296875000004 0.08954184062500001 0.07388738593750001 0.08954184062500001 0.07388738593750001 0.017853728125000003 0.032579296875000004 0.017853728125000003 0.032579296875000004 0.08954184062500001
0 0.2478282765625 0.2321976890625 0.2544753375 0.2321976890625 0.2544753375 0.20820560000000002 0.2478282765625 0.20820560000000002 0.2478282765625 0.2321976890625
0 0.28509210625 0.2028342375 0.2921420203125 0.2028342375 0.2921420203125 0.1774097859375 0.28509210625 0.1774097859375 0.28509210625 0.2028342375
0 0.2722008359375 0.207847509375 0.27925075 0.207847509375 0.27925075 0.18636205781249998 0.2722008359375 0.18636205781249998 0.2722008359375 0.207847509375
0 0.30301903124999996 0.1763355140625 0.30301903124999996 0.19961141875 0.3076518328125 0.19961141875 0.3076518328125 0.18242305781249998 0.3076518328125 0.1763355140625 0.30301903124999996 0.1763355140625
0 0.31450031875 0.179200240625 0.3076518328125 0.179200240625 0.3076518328125 0.2014018734375 0.31450031875 0.2014018734375 0.31450031875 0.179200240625
0 0.276632209375 0.18886869374999998 0.2828764203125 0.18886869374999998 0.2828764203125 0.1630861515625 0.276632209375 0.1630861515625 0.276632209375 0.18886869374999998
0 0.2581010078125 0.19244960312499998 0.2661580515625 0.19244960312499998 0.2661580515625 0.16487660625 0.2581010078125 0.16487660625 0.2581010078125 0.19244960312499998
0 0.2456125890625 0.16666705937499998 0.2540724859375 0.16666705937499998 0.2540724859375 0.13443888125 0.2456125890625 0.13443888125 0.2456125890625 0.16666705937499998
0 0.1173202703125 0.17313110468749998 0.129824803125 0.17313110468749998 0.129824803125 0.142192053125 0.1173202703125 0.142192053125 0.1173202703125 0.17313110468749998
0 0.1362704390625 0.1749645296875 0.14464976406250002 0.1749645296875 0.14464976406250002 0.1467756171875 0.1362704390625 0.1467756171875 0.1362704390625 0.1749645296875
0 0.158443425 0.16694329375 0.1688853546875 0.16694329375 0.1688853546875 0.1389835578125 0.158443425 0.1389835578125 0.158443425 0.16694329375
0 0.1281489375 0.21690413125000002 0.135625875 0.21690413125000002 0.135625875 0.189402753125 0.1281489375 0.189402753125 0.1281489375 0.21690413125000002
0 0.1327897953125 0.21507070625 0.1389776046875 0.21507070625 0.1389776046875 0.1864234359375 0.1327897953125 0.1864234359375 0.1327897953125 0.21507070625
0 0.1344656609375 0.25448934843750004 0.14258716093749998 0.25448934843750004 0.14258716093749998 0.22400865468750003 0.1344656609375 0.22400865468750003 0.1344656609375 0.25448934843750004
0 0.244041465625 0.20063248125 0.2494558 0.20063248125 0.2494558 0.16923507499999998 0.244041465625 0.16923507499999998 0.244041465625 0.20063248125
0 0.29135242968749997 0.16419315625 0.297153503125 0.16419315625 0.297153503125 0.139441915625 0.29135242968749997 0.139441915625 0.29135242968749997 0.16419315625
0 0.47687593906250003 0.08222834999999999 0.47687593906250003 0.10642956249999999 0.4818261875 0.10642956249999999 0.4818261875 0.08791196875 0.4818261875 0.08222834999999999 0.47687593906250003 0.08222834999999999
0 0.488013996875 0.0858952 0.4818261875 0.0858952 0.4818261875 0.1124798671875 0.488013996875 0.1124798671875 0.488013996875 0.0858952
0 0.4903859921875 0.10936304375000001 0.49564563125000005 0.10936304375000001 0.49564563125000005 0.0875452828125 0.4903859921875 0.0875452828125 0.4903859921875 0.10936304375000001
0 0.42087625624999997 0.107346275 0.42520772500000004 0.107346275 0.42520772500000004 0.09194550312500001 0.42087625624999997 0.09194550312500001 0.42087625624999997 0.107346275
0 0.3954031046875 0.1355810234375 0.40117839375 0.1355810234375 0.40117839375 0.11192983906250001 0.3954031046875 0.11192983906250001 0.3954031046875 0.1355810234375
0 0.1482591 0.23290379843750003 0.2006298890625 0.23290379843750003 0.2006298890625 0.1733174796875 0.1482591 0.1733174796875 0.1482591 0.23290379843750003
0 0.441172953125 0.0336838625 0.44399291874999997 0.0336838625 0.44399291874999997 0.015421228125 0.441172953125 0.015421228125 0.441172953125 0.0336838625
0 0.428280159375 0.0605423375 0.43474320312500003 0.0605423375 0.43474320312500003 0.03673655625 0.428280159375 0.03673655625 0.428280159375 0.0605423375
0 0.44399291874999997 0.033547496875 0.44763653750000004 0.033547496875 0.44763653750000004 0.015421228125 0.44399291874999997 0.015421228125 0.44399291874999997 0.033547496875
0 0.4622671171875 0.025154343750000002 0.465963303125 0.025154343750000002 0.465963303125 0.005324015624999999 0.4622671171875 0.005324015624999999 0.4622671171875 0.025154343750000002
0 0.5010770640625 0.018466007812499997 0.5065553390625 0.018466007812499997 0.5065553390625 0.00215585625 0.5010770640625 0.00215585625 0.5010770640625 0.018466007812499997
0 0.4317735890625 0.01999141875 0.4354037703125 0.01999141875 0.4354037703125 0.002507875 0.4317735890625 0.002507875 0.4317735890625 0.01999141875
0 0 0.2764624765625 0.00953725 0.2764624765625 0.00953725 0.23572964062500001 0 0.23572964062500001 0 0.2764624765625
0 0.2660996703125 0.1128297765625 0.273028728125 0.1128297765625 0.273028728125 0.0818907265625 0.2660996703125 0.0818907265625 0.2660996703125 0.1128297765625
0 0.22678129375 0.0818907265625 0.23516061875 0.0818907265625 0.23516061875 0.052670510937500005 0.22678129375 0.052670510937500005 0.22678129375 0.0818907265625
0 0.256108934375 0.0773071625 0.256108934375 0.10280323124999999 0.2622322890625 0.10280323124999999 0.2622322890625 0.100224978125 0.2622322890625 0.0773071625 0.256108934375 0.0773071625
0 0.3490872296875 0.10308970625 0.35327689218749997 0.10308970625 0.35327689218749997 0.08933901562499999 0.3490872296875 0.08933901562499999 0.3490872296875 0.10308970625
0 0.569718253125 0.10176142968749999 0.5765825953125 0.10176142968749999 0.5765825953125 0.0741867140625 0.569718253125 0.0741867140625 0.569718253125 0.10176142968749999
0 0.5814730546875 0.059748245312500003 0.5849200109375 0.059748245312500003 0.5849200109375 0.03739935 0.5814730546875 0.03739935 0.5814730546875 0.059748245312500003
0 0.5863731390625 0.06010871250000001 0.5903945890625 0.06010871250000001 0.5903945890625 0.0438276609375 0.5863731390625 0.0438276609375 0.5863731390625 0.06010871250000001
0 0.5908677 0.059190003125 0.597018153125 0.059190003125 0.597018153125 0.037459428125 0.5908677 0.037459428125 0.5908677 0.059190003125
0 0.8790768640625 0.1248966875 0.9620446312500001 0.1248966875 0.9620446312500001 0.0486044890625 0.8790768640625 0.0486044890625 0.8790768640625 0.1248966875
0 0.4136074265625 0.12330951875 0.418487315625 0.12330951875 0.418487315625 0.10538992968750001 0.4136074265625 0.10538992968750001 0.4136074265625 0.12330951875
0 0.300306065625 0.168923440625 0.29502618593749996 0.168923440625 0.29502618593749996 0.1945228546875 0.300306065625 0.1945228546875 0.300306065625 0.168923440625
0 0.298946096875 0.1828608984375 0.3043059734375 0.1828608984375 0.3043059734375 0.156265953125 0.298946096875 0.156265953125 0.298946096875 0.1828608984375
0 0.25950700000000004 0.177172140625 0.25590708125 0.177172140625 0.25590708125 0.20447818125 0.25950700000000004 0.20447818125 0.25950700000000004 0.177172140625
0 0.2695067703125 0.1878385625 0.27470665156249996 0.1878385625 0.27470665156249996 0.16209693125 0.2695067703125 0.16209693125 0.2695067703125 0.1878385625
0 0.285586403125 0.1680701265625 0.28934631718750004 0.1680701265625 0.28934631718750004 0.15114606875 0.285586403125 0.15114606875 0.285586403125 0.1680701265625
0 0.29062628749999997 0.1605325203125 0.28486641874999996 0.1605325203125 0.28486641874999996 0.17446998125 0.29062628749999997 0.17446998125 0.29062628749999997 0.1605325203125
0 0.2927862390625 0.181012053125 0.2973461328125 0.181012053125 0.2973461328125 0.1589681125 0.2927862390625 0.1589681125 0.2927862390625 0.181012053125
0 0.2291436515625 0.220172946875 0.23474352187499997 0.220172946875 0.23474352187499997 0.1938624375 0.2291436515625 0.1938624375 0.2291436515625 0.220172946875
0 0.24164336562500002 0.1799960890625 0.2359434953125 0.1799960890625 0.2359434953125 0.2054177296875 0.24164336562500002 0.2054177296875 0.24164336562500002 0.1799960890625
0 0.2191438796875 0.21021761875 0.22314378906250001 0.21021761875 0.22314378906250001 0.1869292625 0.2191438796875 0.1869292625 0.2191438796875 0.21021761875
0 0.209344103125 0.21199535625000002 0.21544396406250002 0.21199535625000002 0.21544396406250002 0.1871070359375 0.209344103125 0.1871070359375 0.209344103125 0.21199535625000002
0 0.2198438640625 0.1821293734375 0.224143765625 0.1821293734375 0.224143765625 0.15741882812500002 0.2198438640625 0.15741882812500002 0.2198438640625 0.1821293734375
0 0.2046442125 0.17875167187500002 0.2094441015625 0.17875167187500002 0.2094441015625 0.156352184375 0.2046442125 0.156352184375 0.2046442125 0.17875167187500002
0 0.1979443640625 0.174662878125 0.2023442640625 0.174662878125 0.2023442640625 0.15190784375 0.1979443640625 0.15190784375 0.1979443640625 0.174662878125
0 0.22464375468750003 0.20861765625 0.2291436515625 0.20861765625 0.2291436515625 0.1840848828125 0.22464375468750003 0.1840848828125 0.22464375468750003 0.20861765625
0 0.3889580890625 0.16609455312500002 0.39583793125 0.16609455312500002 0.39583793125 0.137224103125 0.3889580890625 0.137224103125 0.3889580890625 0.16609455312500002
0 0.3870381328125 0.149739371875 0.39103804062499997 0.149739371875 0.39103804062499997 0.1257043671875 0.3870381328125 0.1257043671875 0.3870381328125 0.149739371875
0 0.4007978171875 0.13850407343749999 0.40559770781250004 0.13850407343749999 0.40559770781250004 0.1140424109375 0.4007978171875 0.1140424109375 0.4007978171875 0.13850407343749999
0 0.3911180390625 0.1329575328125 0.3954031046875 0.1329575328125 0.3954031046875 0.1116246890625 0.3911180390625 0.1116246890625 0.3911180390625 0.1329575328125
0 0.38671813906249997 0.1302553734375 0.3904780546875 0.1302553734375 0.3904780546875 0.1110558125 0.38671813906249997 0.1110558125 0.38671813906249997 0.1302553734375
0 0.3749584078125 0.1342375046875 0.380078290625 0.1342375046875 0.380078290625 0.1102024984375 0.3749584078125 0.1102024984375 0.3749584078125 0.1342375046875
0 0.38159825625 0.15087712343749998 0.38631815 0.15087712343749998 0.38631815 0.1102024984375 0.38159825625 0.1102024984375 0.38159825625 0.15087712343749998
0 0.3098498984375 0.16396126875 0.3582237921875 0.16396126875 0.3582237921875 0.11907340625 0.3098498984375 0.11907340625 0.3098498984375 0.16396126875
0 0.304475021875 0.171294434375 0.3094749078125 0.171294434375 0.3094749078125 0.1372952125 0.304475021875 0.1372952125 0.304475021875 0.171294434375
0 0.3358493046875 0.16818339375 0.3300994359375 0.16818339375 0.3300994359375 0.19507166874999998 0.3358493046875 0.19507166874999998 0.3358493046875 0.16818339375
0 0.31959967499999997 0.1981827078125 0.3242245703125 0.1981827078125 0.3242245703125 0.17440547343749999 0.31959967499999997 0.17440547343749999 0.31959967499999997 0.1981827078125
0 0.32859947031250003 0.1821830734375 0.3255995375 0.1821830734375 0.3255995375 0.20307148437500003 0.32859947031250003 0.20307148437500003 0.32859947031250003 0.1821830734375
0 0.3644736484375 0.1508504578125 0.3582237921875 0.1508504578125 0.3582237921875 0.17640542812499999 0.3644736484375 0.17640542812499999 0.3644736484375 0.1508504578125
0 0.36534862968750004 0.15573923437499998 0.3708759953125 0.15573923437499998 0.3708759953125 0.13462860625 0.36534862968750004 0.13462860625 0.36534862968750004 0.15573923437499998
0 0.4113475765625 0.1059625953125 0.4058477015625 0.1059625953125 0.4058477015625 0.12796209375 0.4113475765625 0.12796209375 0.4113475765625 0.1059625953125
0 0.4289721734375 0.107346275 0.42087625624999997 0.107346275 0.42087625624999997 0.12440661875 0.4289721734375 0.12440661875 0.4289721734375 0.107346275
0 0.3479271515625 0.16396126875 0.3421272859375 0.16396126875 0.3421272859375 0.1854829984375 0.3479271515625 0.1854829984375 0.3479271515625 0.16396126875
0 0.359626884375 0.1502838046875 0.36534862968750004 0.1502838046875 0.36534862968750004 0.126284353125 0.359626884375 0.126284353125 0.359626884375 0.1502838046875
0 0.22739236875 0.1992259109375 0.232432253125 0.1992259109375 0.232432253125 0.1786041609375 0.22739236875 0.1786041609375 0.22739236875 0.1992259109375
0 0.23203226250000003 0.1799960890625 0.238192121875 0.1799960890625 0.238192121875 0.15471137343750002 0.23203226250000003 0.15471137343750002 0.23203226250000003 0.1799960890625
0 0.2432187671875 0.08161290156249999 0.2527888625 0.08161290156249999 0.2527888625 0.05314133125 0.2432187671875 0.05314133125 0.2432187671875 0.08161290156249999
