0 0.6984375 0.57273985625 0.6921875 0.5725943874999999 0.6921875 0.5875 0.6984375 0.5875 0.6984375 0.57273985625
0 0.271875 0.34066548750000003 0.271875 0.3421875 0.2748033703125 0.3421875 0.2749852265625 0.3359375 0.2720125703125 0.3359375 0.271875 0.34066548750000003
0 0.2699278328125 0.3352486859375 0.26999039062499997 0.340625 0.271875 0.340625 0.271875 0.33526001562499996 0.2699278328125 0.3352486859375
0 0.266606815625 0.33525148437499996 0.2667318875 0.340625 0.26875 0.340625 0.26875 0.33528889375 0.266606815625 0.33525148437499996
0 0.3285026203125 0.4734375 0.3285026203125 0.4859375 0.33266363593750004 0.4859375 0.33266363593750004 0.47350656874999997 0.33225116718750003 0.47349936875000004 0.328706715625 0.4734375 0.3285026203125 0.4734375
0 0.25105905 0.3272287734375 0.25115264375 0.33125 0.2546875 0.33125 0.2546875 0.3271654390625 0.25105905 0.3272287734375
0 0.2504303015625 0.3394383546875 0.2503779453125 0.3484375 0.253125 0.3484375 0.253125 0.3394069984375 0.2504303015625 0.3394383546875
0 0.24826588906249997 0.379953059375 0.2480538640625 0.3890625 0.25 0.3890625 0.25 0.3800035171875 0.24826588906249997 0.379953059375
0 0.275954840625 0.3953125 0.27568205625000003 0.4046875 0.278125 0.4046875 0.278125 0.3953125 0.275954840625 0.3953125
0 0.2875 0.43581927187499997 0.2859375 0.4357829046875 0.2859375 0.4453125 0.2875 0.4453125 0.2875 0.43581927187499997
0 0.28828841875 0.43536454375 0.288577875 0.4453125 0.2921875 0.4453125 0.2921875 0.43545529531250005 0.28828841875 0.43536454375
0 0.3021880765625 0.4715234578125 0.3046875 0.4715234578125 0.3046875 0.458313884375 0.3018037171875 0.458313884375 0.3021880765625 0.4715234578125
0 0.3167146328125 0.48512003437500006 0.3163682984375 0.5 0.31875 0.5 0.31875 0.48516740937499997 0.3167146328125 0.48512003437500006
0 0.31789752187500003 0.509375 0.3175975125 0.5265625 0.321875 0.5265625 0.321875 0.509375 0.31789752187500003 0.509375
0 0.322759734375 0.5437440265625 0.3296875 0.5436231031250001 0.3296875 0.527119521875 0.3232401828125 0.527232059375 0.322759734375 0.5437440265625
0 0.346875 0.5668763453125 0.3421875 0.566849075 0.3421875 0.58125 0.346875 0.58125 0.346875 0.5668763453125
0 0.34800400625 0.553544734375 0.3475773640625 0.571875 0.35299461875000004 0.571875 0.353125 0.566273284375 0.353125 0.5535149421875001 0.34800400625 0.553544734375
0 0.29653428437499996 0.61875 0.2966706390625 0.5953125 0.2935567625 0.5953125 0.2912529640625 0.5953527125 0.29111684375 0.61875 0.29653428437499996 0.61875
0 0.2791698296875 0.47321367968750006 0.279391925 0.4859375 0.2828125 0.4859375 0.2828125 0.4731924875 0.2791698296875 0.47321367968750006
0 0.2667295 0.446293 0.2670339859375 0.459375 0.26875 0.459375 0.26875 0.44631651093749997 0.2667295 0.446293
0 0.262302190625 0.44977329375 0.2625516109375 0.4640625 0.265625 0.4640625 0.265625 0.44983129218749995 0.262302190625 0.44977329375
0 0.2504076140625 0.45113755156249996 0.250341509375 0.4625 0.2546875 0.4625 0.2546875 0.4512122578125 0.2504076140625 0.45113755156249996
0 0.2975699703125 0.495706153125 0.2972518234375 0.509375 0.301511121875 0.509375 0.3015625 0.5071675890625 0.3015625 0.49579908125000005 0.2975699703125 0.495706153125
0 0.2984375 0.515212034375 0.2953125 0.515175671875 0.2953125 0.521875 0.2984375 0.521875 0.2984375 0.515212034375
0 0.2875974359375 0.513113603125 0.2875974359375 0.5203125 0.29375 0.5203125 0.29375 0.513149396875 0.2875974359375 0.513113603125
0 0.1015625 0.61875 0.1015625 0.603504946875 0.09684729843749999 0.6035598140625 0.09711244531249999 0.61875 0.1015625 0.61875
0 0.1178128203125 0.5312053828125001 0.121875 0.5310871859375 0.121875 0.51252065625 0.11813706406249999 0.51262941875 0.1178128203125 0.5312053828125001
0 0.1271509125 0.5226401625 0.1273420046875 0.5390625 0.1312109484375 0.5390625 0.1310209046875 0.5227302375 0.1271509125 0.5226401625
0 0.1397827171875 0.5951595828125 0.13971819375 0.60625 0.14375 0.60625 0.14375 0.5952519234375 0.1397827171875 0.5951595828125
0 0.1467011078125 0.588252475 0.1465233265625 0.5984375 0.1515625 0.5984375 0.1515625 0.58833733125 0.1467011078125 0.588252475
0 0.20018117968750002 0.48147267187500004 0.19993960625 0.4953125 0.203125 0.4953125 0.203125 0.4814384171875 0.20018117968750002 0.48147267187500004
0 0.2 0.48267649218750003 0.1953125 0.48275831093750005 0.1953125 0.4953125 0.2 0.4953125 0.2 0.48267649218750003
0 0.178522290625 0.491543903125 0.1782655953125 0.50625 0.18125 0.50625 0.18125 0.4914645359375 0.178522290625 0.491543903125
0 0.2298946578125 0.5236279578125 0.22979577343750002 0.540625 0.2359375 0.540625 0.2359375 0.5235576421875 0.2298946578125 0.5236279578125
0 0.2477279328125 0.537013721875 0.24755864375 0.5515625 0.2515625 0.5515625 0.2515625 0.5370806546875 0.2477279328125 0.537013721875
0 0.24062542343749999 0.5419050375000001 0.240850203125 0.5515625 0.246875 0.5515625 0.246875 0.5419050375000001 0.24062542343749999 0.5419050375000001
0 0.3002549984375 0.5572023484375 0.3000297234375 0.5765625 0.303125 0.5765625 0.303125 0.55723574375 0.3002549984375 0.5572023484375
0 0.05354215 0.5772851703125 0.0537519171875 0.5953125 0.059375 0.5953125 0.059375 0.5772512359374999 0.05354215 0.5772851703125
0 0.0680279234375 0.592114975 0.071875 0.5921597390625 0.071875 0.5728892546875 0.068588446875 0.5728510124999999 0.0680279234375 0.592114975
0 0.06200441875 0.569007140625 0.061905921875000006 0.5859375 0.0671875 0.5859375 0.0671875 0.5690976125 0.06200441875 0.569007140625
0 0.12244054687499999 0.4116947125 0.12231739531250001 0.41875 0.1265625 0.41875 0.1265625 0.41159877343750007 0.12244054687499999 0.4116947125
0 0.12840151093750002 0.4175579375 0.12818496875000002 0.425 0.1375 0.425 0.1375 0.41745206718750005 0.12840151093750002 0.4175579375
0 0.1390625 0.41506649375000004 0.1421875 0.41506649375000004 0.1421875 0.40537947343749997 0.1390625 0.40537947343749997 0.1390625 0.41506649375000004
0 0.1519800890625 0.3838997703125 0.152019215625 0.390625 0.1578125 0.390625 0.1578125 0.3837300640625 0.1519800890625 0.3838997703125
0 0.0028174703124999997 0.44544790624999997 0.0028174703124999997 0.459375 0.0046875 0.459375 0.0046875 0.4454587859375 0.0028174703124999997 0.44544790624999997
0 0 0.459375 0.0015625 0.459375 0.0015625 0.44368907812499997 0 0.44369816875 0 0.459375
0 0.0995029953125 0.43195342812500004 0.09926479375 0.4421875 0.103125 0.4421875 0.103125 0.43191128125 0.0995029953125 0.43195342812500004
0 0.0837433265625 0.4583547390625 0.08350732968749999 0.471875 0.090625 0.471875 0.090625 0.458314703125 0.0837433265625 0.4583547390625
0 0.053701078125 0.5128354953125001 0.053648487499999994 0.521875 0.05625 0.521875 0.05625 0.5128503249999999 0.053701078125 0.5128354953125001
0 0.0296875 0.5125 0.0296875 0.5020036109375 0.026602821874999998 0.5020036109375 0.0265625 0.504313653125 0.0265625 0.5125 0.0296875 0.5125
0 0.005413884375 0.581513275 0.005413884375 0.5921875 0.0091587984375 0.5921875 0.0091587984375 0.58144790625 0.005413884375 0.581513275
0 0.030408890625 0.532469034375 0.030707826562500002 0.5453125 0.0328125 0.5453125 0.0328125 0.532441065625 0.030408890625 0.532469034375
0 0.0359375 0.5484375 0.0359375 0.5328125 0.03317509375 0.5328125 0.0328125 0.5483909859375 0.0328125 0.5484375 0.0359375 0.5484375
0 0.0315115953125 0.44099412656250003 0.031370440625 0.453125 0.034375 0.453125 0.034375 0.4410107859375 0.0315115953125 0.44099412656250003
0 0.0044514109375 0.42840975625000005 0.0043638171875 0.4359375 0.00625 0.4359375 0.00625 0.42844115 0.0044514109375 0.42840975625000005
0 0.330637878125 0.5055757437499999 0.330637878125 0.5203125 0.3328125 0.5203125 0.3328125 0.5056010468750001 0.330637878125 0.5055757437499999
0 0.3146301375 0.4679812390625 0.31466188125 0.4734375 0.3171875 0.4734375 0.3171875 0.4679812390625 0.3146301375 0.4679812390625
0 0.31605956874999996 0.46101197968749996 0.3159522 0.465625 0.31875 0.465625 0.31875 0.4609963265625 0.31605956874999996 0.46101197968749996
0 0.3210854515625 0.5758094015624999 0.3212942109375 0.59375 0.325 0.59375 0.325 0.5758777296875001 0.3210854515625 0.5758094015624999
0 0.37096105625 0.565625 0.3619218421875 0.56573018125 0.36268283281249997 0.5984255015625 0.3765625 0.598263996875 0.3765625 0.565625 0.37096105625 0.565625
0 0.3640625 0.61875 0.3640625 0.6091425109374999 0.361721359375 0.6091970015625 0.36199932343749996 0.61875 0.3640625 0.61875
0 0.3596981703125 0.6170921640625 0.3640625 0.61704138125 0.3640625 0.6022820875 0.3594405984375 0.60233586875 0.3596981703125 0.6170921640625
0 0.075 0.61875 0.075 0.6140625 0.073371096875 0.6140625 0.0666074453125 0.614180559375 0.0667404015625 0.61875 0.075 0.61875
0 0.3038890203125 0.5589620359375 0.3043102140625 0.5734375 0.3078125 0.5734375 0.3078125 0.5590076890625 0.3038890203125 0.5589620359375
0 0.3088965859375 0.5659810078125 0.30900153124999996 0.575 0.309375 0.575 0.309375 0.5659670875 0.3088965859375 0.5659810078125
0 0.26699907968750003 0.589016365625 0.2667434328125 0.6 0.271875 0.6 0.271875 0.5889028781250001 0.26699907968750003 0.589016365625
0 0.26648238125 0.5494454203125 0.266330478125 0.5625 0.26875 0.5625 0.26875 0.5494454203125 0.26648238125 0.5494454203125
0 0.18717485 0.49218411875 0.1874203703125 0.50625 0.1921875 0.50625 0.1921875 0.4922716140625 0.18717485 0.49218411875
0 0.1536637609375 0.43167010625 0.15390855625 0.4421875 0.15625 0.4421875 0.15625 0.4317152484375 0.1536637609375 0.43167010625
0 0.156931934375 0.4321710875 0.1568699265625 0.4375 0.1578125 0.4375 0.1578125 0.43216084062500004 0.156931934375 0.4321710875
0 0.1588209296875 0.37305737968749997 0.1588413203125 0.3765625 0.1625 0.3765625 0.1625 0.37303597499999996 0.1588209296875 0.37305737968749997
0 0.1580201234375 0.380200928125 0.15795933906249998 0.3828125 0.1625 0.3828125 0.1625 0.38012273125 0.1580201234375 0.380200928125
0 0.16328513125 0.3727927109375 0.16328513125 0.378125 0.166438475 0.378125 0.166438475 0.372774365625 0.16328513125 0.3727927109375
0 0.075 0.4796875 0.071875 0.4796875 0.071875 0.4921875 0.075 0.4921875 0.075 0.4796875
0 0.1300687578125 0.405089425 0.13028438281250002 0.4125 0.13125 0.4125 0.13125 0.40506880624999997 0.1300687578125 0.405089425
0 0.1354582359375 0.4042961765625 0.13540141562500002 0.4140625 0.1375 0.4140625 0.1375 0.4042605375 0.1354582359375 0.4042961765625
0 0.99375 0.61875 0.99375 0.5989214140625 0.9722454812500001 0.5986711859375 0.9725959578125 0.61875 0.99375 0.61875
0 0.98125 0.61875 0.98125 0.52808854375 0.9546026937500001 0.5277784750000001 0.9567200781249999 0.61875 0.98125 0.61875
0 0.9538186328125 0.61875 0.9546875 0.5814198953124999 0.9546875 0.570250809375 0.9375626968749999 0.57015118125 0.9375 0.5728448953124999 0.9375 0.61875 0.9538186328125 0.61875
0 0.83125 0.5507315937499999 0.8251461484375 0.5506250500000001 0.8160758546875 0.5504667265625 0.8166885890625 0.603125 0.83125 0.603125 0.83125 0.5507315937499999
0 0.8322431859374999 0.5604686265625001 0.8325368046874999 0.6109375 0.8671875 0.6109375 0.8671875 0.5608752390625 0.8322431859374999 0.5604686265625001
0 1 0.5021863109375 0.9941664515624999 0.5022202499999999 0.9947004406250001 0.5328125 1 0.5328125 1 0.5021863109375
0 0.9824452625 0.5234375 0.99375 0.5234375 0.99375 0.5000245062500001 0.9916439609375001 0.5 0.9818997484375 0.5 0.9824452625 0.5234375
0 0.9341254250000001 0.4976807390625 0.9421875 0.49782146406249994 0.9421875 0.4774629078125 0.9337699562499999 0.47731597812500004 0.9341254250000001 0.4976807390625
0 0.921875 0.4859375 0.9171875 0.4859375 0.9171875 0.4953125 0.921875 0.4953125 0.921875 0.4859375
0 0.9157092515624999 0.5137854078124999 0.9203125 0.51389255 0.9203125 0.4962702421875 0.9161191921875 0.4961726421875 0.9157092515624999 0.5137854078124999
0 0.9277905421874999 0.49729913437500006 0.92793105625 0.509375 0.934375 0.509375 0.934375 0.49737575156249997 0.9277905421874999 0.49729913437500006
0 0.9006390312500001 0.5057559406250001 0.9006390312500001 0.521875 0.90625 0.521875 0.90625 0.5057885843750001 0.9006390312500001 0.5057559406250001
0 0.8929634249999999 0.4882549734375 0.8924852874999999 0.5046875 0.9005294218750001 0.5046875 0.901013009375 0.48806761718749997 0.8929634249999999 0.4882549734375
0 0.890625 0.515625 0.890625 0.4974382234375 0.884702365625 0.49747268125 0.884375 0.51153764375 0.884375 0.515625 0.890625 0.515625
0 0.8984375 0.5421875 0.8984375 0.5232480875000001 0.8906685718749999 0.5234289109375 0.890625 0.5253009359374999 0.890625 0.5421875 0.8984375 0.5421875
0 0.8663310843750001 0.509375 0.856762128125 0.5095420265625 0.857340121875 0.534375 0.8671875 0.534375 0.8671875 0.5183256 0.866979171875 0.509375 0.8663310843750001 0.509375
0 0.8521618343749999 0.524402184375 0.852799559375 0.5609375 0.8607281046875 0.5609375 0.8625 0.560896259375 0.8625 0.5241615609375 0.8521618343749999 0.524402184375
0 0.8351414359374999 0.5114313078125 0.8351414359374999 0.5484375 0.8421875 0.5484375 0.8421875 0.5112262875 0.8351414359374999 0.5114313078125
0 0.8 0.4913785921875 0.7921875 0.4913785921875 0.7921875 0.5140625 0.8 0.5140625 0.8 0.4913785921875
0 0.8165992109375001 0.490653346875 0.8165992109375001 0.5078125 0.8203125 0.5078125 0.8203125 0.49063174375 0.8165992109375001 0.490653346875
0 0.80803771875 0.5577885593749999 0.8140625 0.55764833125 0.8140625 0.508132553125 0.8089023718749999 0.50825265625 0.80803771875 0.5577885593749999
0 0.818274528125 0.5118751984375 0.8177181515624999 0.54375 0.8265625 0.54375 0.8265625 0.5118751984375 0.818274528125 0.5118751984375
0 0.771557328125 0.489213471875 0.7719910703124999 0.5140625 0.778125 0.5140625 0.778125 0.48913704999999996 0.771557328125 0.489213471875
0 0.95788659375 0.48835834843750003 0.9579361421874999 0.496875 0.9640625 0.496875 0.9640625 0.4885020953125 0.95788659375 0.48835834843750003
0 1 0.5354927140625 0.9959002625 0.535397290625 0.9955662953125 0.546875 1 0.546875 1 0.5354927140625
0 0.9095287125 0.5266119890625001 0.91078243125 0.5984375 0.9265625 0.5984375 0.9265625 0.5264137843750001 0.9095287125 0.5266119890625001
0 0.925 0.61875 0.925 0.594645465625 0.9030207734375001 0.5941338921875 0.9028775609374999 0.61875 0.925 0.61875
0 0.8832703437499999 0.5183445796874999 0.8835659625 0.54375 0.90625 0.54375 0.90625 0.518611971875 0.8832703437499999 0.5183445796874999
0 0.855466428125 0.5953125 0.8559961968750001 0.564962065625 0.8409035593749999 0.564786446875 0.840625 0.5807450984375 0.840625 0.5953125 0.855466428125 0.5953125
