0 0.709375 0.46851728281250005 0.6954669984375 0.4681126015625 0.6953181296875 0.4937010234375 0.69700134375 0.49375 0.709375 0.49375 0.709375 0.46851728281250005
0 0.642521653125 0.39168288125 0.6423157859374999 0.409375 0.65625 0.409375 0.65625 0.3916030109375 0.642521653125 0.39168288125
0 0.6609375 0.3858769984375 0.6609375 0.3421875 0.648430946875 0.3421875 0.6415316640625 0.3422276390625 0.640625 0.3733876640625 0.640625 0.3859375 0.6505381328125 0.3859375 0.6609375 0.3858769984375
0 0.63144103125 0.3203125 0.632339628125 0.281705146875 0.6145865921875 0.282118353125 0.6140625 0.304635475 0.6140625 0.3203125 0.63144103125 0.3203125
0 0.790079678125 0.4360995515625 0.791167790625 0.4984375 0.809375 0.4984375 0.809375 0.43598729374999995 0.790079678125 0.4360995515625
0 0.5700920390625 0.24287047187500002 0.5700920390625 0.278125 0.5828125 0.278125 0.5828125 0.24279646562499999 0.5700920390625 0.24287047187500002
0 0.5371889734375 0.2966302609375 0.5625 0.2967775171875 0.5625 0.2681627625 0.5365228671875 0.26801163125 0.5371889734375 0.2966302609375
0 0.7103359765625 0.2976608875 0.7105086453125 0.3125 0.7171875 0.3125 0.7171875 0.2977406125 0.7103359765625 0.2976608875
0 0.9563001843750001 0.45462375 0.9565459953125 0.496875 0.9765625 0.496875 0.9765625 0.4541521390625 0.9563001843750001 0.45462375
0 0.9746148296874999 0.376660903125 0.9757763015624998 0.4265625 0.9921875 0.4265625 0.9921875 0.3767631375 0.9746148296874999 0.376660903125
0 0.9453125 0.3779290984375 0.9222206109375 0.377391628125 0.923425384375 0.446413028125 0.9432735765625001 0.446875 0.9453125 0.446875 0.9453125 0.3779290984375
0 0.8565325890625001 0.375165240625 0.8568679703125 0.4328125 0.878125 0.4328125 0.878125 0.37566780781250003 0.8565325890625001 0.375165240625
0 0.921213321875 0.34227550625 0.920913853125 0.39375 0.9390625 0.39375 0.9390625 0.3420678109375 0.921213321875 0.34227550625
0 0.6733552671874999 0.3072900328125 0.6733552671874999 0.35 0.684375 0.35 0.684375 0.3070976828125 0.6733552671874999 0.3072900328125
0 0.6436031984375 0.2227594515625 0.643798040625 0.25625 0.6546875 0.25625 0.6546875 0.22282393906250003 0.6436031984375 0.2227594515625
0 0.590067540625 0.23703950156250003 0.5908056109375 0.26875 0.6 0.26875 0.6 0.2369239265625 0.590067540625 0.23703950156250003
0 0.5930729671874999 0.21345896562500002 0.5934799796875 0.2484375 0.603125 0.2484375 0.603125 0.21363442500000002 0.5930729671874999 0.21345896562500002
0 0.5813606968749999 0.2133405953125 0.5813606968749999 0.2453125 0.5921875 0.2453125 0.5921875 0.2130886 0.5813606968749999 0.2133405953125
0 0.5951408609375 0.1962606875 0.5946664875 0.2234375 0.603125 0.2234375 0.603125 0.196353590625 0.5951408609375 0.1962606875
0 0.5439667874999999 0.258865746875 0.553125 0.259025603125 0.553125 0.2257774890625 0.5439667874999999 0.2256176328125 0.5439667874999999 0.258865746875
0 0.563225484375 0.21395859218750002 0.563225484375 0.2421875 0.56875 0.2421875 0.56875 0.2140871765625 0.563225484375 0.21395859218750002
0 0.5316511171875 0.225 0.5453125 0.225 0.5453125 0.18770268437499998 0.533700775 0.1875 0.53208746875 0.1875 0.5316511171875 0.225
0 0.5558529812499999 0.16161435468750002 0.5555335921875 0.1890625 0.5640625 0.1890625 0.5640625 0.1617098796875 0.5558529812499999 0.16161435468750002
0 0.5509801671875 0.19433664374999998 0.5505540296875 0.21875 0.5590754875 0.21875 0.559375 0.2015909765625 0.559375 0.19433664374999998 0.5509801671875 0.19433664374999998
0 0.545160196875 0.18047328125 0.5458328906250001 0.209375 0.5578125 0.209375 0.5578125 0.180252434375 0.545160196875 0.18047328125
0 0.5811444484375 0.21393182031250002 0.5875 0.21396879531250002 0.5875 0.1866136796875 0.5809852953125001 0.18657577812499998 0.5811444484375 0.21393182031250002
0 0.597268109375 0.27707866875 0.5978379781250001 0.3015625 0.60625 0.3015625 0.60625 0.277340015625 0.597268109375 0.27707866875
0 0.6359375 0.3457663953125 0.625 0.345511821875 0.625 0.3520931015625 0.625496796875 0.3734375 0.6359375 0.3734375 0.6359375 0.3457663953125
0 0.613216115625 0.256247271875 0.61303429375 0.2875 0.625 0.2875 0.625 0.25652154375 0.613216115625 0.256247271875
0 0.6328125 0.25625 0.6328125 0.225542134375 0.6241141359375 0.22569396562500002 0.6234375 0.25476501875 0.6234375 0.25625 0.6328125 0.25625
0 0.6311102984375 0.20945623281249998 0.6311102984375 0.2359375 0.6359375 0.2359375 0.6359375 0.20942814843750002 0.6311102984375 0.20945623281249998
0 0.6509599203125 0.194500625 0.65170616875 0.2265625 0.6609375 0.2265625 0.6609375 0.1942683953125 0.6509599203125 0.194500625
0 0.6140625 0.20716405781249997 0.6078125 0.2070185875 0.6078125 0.2328125 0.6140625 0.2328125 0.6140625 0.20716405781249997
0 0.6156714578125 0.20671923906249998 0.6165670859375 0.2375 0.621875 0.2375 0.621875 0.20668314843750002 0.6156714578125 0.20671923906249998
0 0.96875 0.33009770625 0.9550523984375001 0.3302570921875 0.9546875 0.36161638749999997 0.9546875 0.3828125 0.9589406828125 0.3828125 0.96875 0.3826983578125 0.96875 0.33009770625
0 0.8500051140625 0.31225977656250004 0.8492645359375001 0.3546875 0.859375 0.3546875 0.859375 0.3123688046875 0.8500051140625 0.31225977656250004
0 0.803125 0.3936553234375 0.8029219734375002 0.376207240625 0.7881277765625 0.3758629015625 0.788663175 0.421875 0.803125 0.421875 0.803125 0.3936553234375
0 0.8053568640625001 0.3472144953125 0.8047244687500001 0.4015625 0.8234375 0.4015625 0.8234375 0.3472144953125 0.8053568640625001 0.3472144953125
0 0.833175975 0.41246877499999995 0.840625 0.41238209687499994 0.840625 0.39594105625 0.8330803296875 0.396028846875 0.833175975 0.41246877499999995
0 0.727684228125 0.360984159375 0.728256159375 0.39375 0.7484375 0.39375 0.7484375 0.36086342031249996 0.727684228125 0.360984159375
0 0.814203803125 0.3145938734375 0.814203803125 0.359375 0.8234375 0.359375 0.8234375 0.31437895781249997 0.814203803125 0.3145938734375
0 0.7845297484375 0.3157507921875 0.7855717624999999 0.3515625 0.7953125 0.3515625 0.7953125 0.315813525 0.7845297484375 0.3157507921875
0 0.7734375 0.290625 0.76846705 0.290625 0.7598439203125 0.29072533906250003 0.7586647734375 0.33125 0.77308423125 0.33125 0.7734375 0.3191089546875 0.7734375 0.290625
0 0.7437787 0.328125 0.7448565171875 0.281817646875 0.7352402890625 0.2819295421875 0.734375 0.31910585468749997 0.734375 0.328125 0.7437787 0.328125
0 0.6977056515625 0.2438972578125 0.698158471875 0.2828125 0.709375 0.2828125 0.709375 0.2439651484375 0.6977056515625 0.2438972578125
0 0.7265625 0.2308230625 0.7167094421875 0.2307084109375 0.715625 0.27730047343750003 0.715625 0.278125 0.7263345078125 0.278125 0.7265625 0.2683295140625 0.7265625 0.2308230625
0 0.6086019593750001 0.18093225625 0.608454665625 0.20625 0.61875 0.20625 0.61875 0.1806960578125 0.6086019593750001 0.18093225625
0 0.612858434375 0.169368871875 0.612574734375 0.19375 0.6248851734375 0.19375 0.625 0.18388180781250002 0.625 0.169510153125 0.612858434375 0.169368871875
0 0.6453125 0.196875 0.6453125 0.1805325609375 0.637657121875 0.18048802343749998 0.6375 0.1872386140625 0.6375 0.196875 0.6453125 0.196875
0 0.611658325 0.1578125 0.61205836875 0.175 0.61875 0.175 0.61875 0.1578125 0.611658325 0.1578125
0 0.6661646015625 0.1602626515625 0.6661646015625 0.184375 0.671875 0.184375 0.671875 0.16042880625 0.6661646015625 0.1602626515625
0 0.6380446609374999 0.1590173953125 0.6378698625 0.1890625 0.6421875 0.1890625 0.6421875 0.15896919062499998 0.6380446609374999 0.1590173953125
0 0.7301159281249999 0.140939490625 0.7306013625000001 0.16875 0.7375 0.16875 0.7375 0.1407246375 0.7301159281249999 0.140939490625
0 0.6774414390625 0.2162983046875 0.678262221875 0.2515625 0.684375 0.2515625 0.684375 0.2164596859375 0.6774414390625 0.2162983046875
0 0.6828125 0.2613024859375 0.6743059296875 0.26115400312500003 0.6743059296875 0.2998733265625 0.6815630390624999 0.3 0.6828125 0.3 0.6828125 0.2613024859375
0 0.6910908578124999 0.23441153125 0.6910908578124999 0.259375 0.696875 0.259375 0.696875 0.2344788359375 0.6910908578124999 0.23441153125
0 0.746875 0.20420082812499998 0.741256353125 0.20413544843749998 0.7410898546875 0.232754078125 0.74611056875 0.2328125 0.746875 0.2328125 0.746875 0.20420082812499998
0 0.75625 0.18210174375 0.7484375 0.1821471953125 0.7484375 0.203125 0.75625 0.203125 0.75625 0.18210174375
0 0.799766884375 0.2471126171875 0.799143740625 0.2828125 0.8046875 0.2828125 0.8046875 0.2471126171875 0.799766884375 0.2471126171875
0 0.77913233125 0.277022178125 0.7800282375 0.3078125 0.784375 0.3078125 0.784375 0.27686963124999997 0.77913233125 0.277022178125
0 0.767341778125 0.28218845625 0.775 0.282010209375 0.775 0.2567584765625 0.767341778125 0.2569367234375 0.767341778125 0.28218845625
0 0.76443998125 0.2890625 0.7652284218750001 0.261965578125 0.755286721875 0.2617341828125 0.7546875 0.2823280921875 0.7546875 0.2890625 0.76443998125 0.2890625
0 0.7396501171875001 0.245044384375 0.7397789421875001 0.2671875 0.746875 0.2671875 0.746875 0.2449182734375 0.7396501171875001 0.245044384375
0 0.7538877703125 0.266614721875 0.7640625 0.26655552656250003 0.7640625 0.239618521875 0.75357435 0.239679540625 0.7538877703125 0.266614721875
0 0.70648201875 0.20260744218750001 0.7071123140625 0.2296875 0.7125 0.2296875 0.7125 0.202537415625 0.70648201875 0.20260744218750001
0 0.6984375 0.2280041671875 0.6981821734375 0.21703428125 0.68946191875 0.21723724687499998 0.6900062734375 0.240625 0.6984375 0.240625 0.6984375 0.2280041671875
0 0.6940709828125 0.180461190625 0.6938845875 0.2125 0.703125 0.2125 0.703125 0.1803558390625 0.6940709828125 0.180461190625
0 0.7284271453125 0.1840114921875 0.7291265906250001 0.2140625 0.734375 0.2140625 0.734375 0.18387305468749998 0.7284271453125 0.1840114921875
0 0.7195112015625 0.18939234062500002 0.7197183593750001 0.225 0.7265625 0.225 0.7265625 0.1892282203125 0.7195112015625 0.18939234062500002
0 1 0.33292995468750003 0.9851494875 0.333189171875 0.9863772187500001 0.3859375 1 0.3859375 1 0.33292995468750003
0 0.9757393015625 0.3604619234375 0.9761266421875 0.39375 0.9875 0.39375 0.9875 0.36011972187499997 0.9757393015625 0.3604619234375
0 0.9714669015624999 0.289810625 0.9725041484375 0.334375 0.984375 0.334375 0.984375 0.2901110640625 0.9714669015624999 0.289810625
0 0.986878846875 0.2675277109375 0.9862685156250001 0.29375 0.99375 0.29375 0.99375 0.267647646875 0.986878846875 0.2675277109375
0 0.9953125 0.2359165828125 0.9879513531249999 0.236045071875 0.9875 0.25543704218749996 0.9875 0.278125 0.9945434828125 0.278125 0.9953125 0.24508488125 0.9953125 0.2359165828125
0 0.946022003125 0.290101459375 0.945318834375 0.3203125 0.9546875 0.3203125 0.9546875 0.2899502015625 0.946022003125 0.290101459375
0 0.9314612656249999 0.3206206265625 0.9314612656249999 0.3546875 0.940625 0.3546875 0.940625 0.3204073390625 0.9314612656249999 0.3206206265625
0 0.8957959328125 0.302186728125 0.8960195593750001 0.340625 0.9046875 0.340625 0.9046875 0.3023419296875 0.8957959328125 0.302186728125
0 0.9413441468750001 0.236882540625 0.9420367640624999 0.2765625 0.953125 0.2765625 0.953125 0.23667690624999999 0.9413441468750001 0.236882540625
0 0.97451395625 0.1972421203125 0.9759126609375001 0.2453125 0.9875 0.2453125 0.9875 0.197619975 0.97451395625 0.1972421203125
0 0.9918110921875 0.147723309375 0.99204250625 0.1875 0.9984375 0.1875 0.9984375 0.1477618609375 0.9918110921875 0.147723309375
0 0.967494059375 0.1556598484375 0.9685260875000001 0.2 0.9734375 0.2 0.9734375 0.1555215125 0.967494059375 0.1556598484375
0 0.958678153125 0.1514120140625 0.9588881078124999 0.1875 0.965625 0.1875 0.965625 0.1514928484375 0.958678153125 0.1514120140625
0 0.9233034171875001 0.18019791406250002 0.9240188890625 0.2109375 0.928125 0.2109375 0.928125 0.18025401875 0.9233034171875001 0.18019791406250002
0 0.9265625 0.2203125 0.91875 0.2203125 0.91875 0.25009831875 0.9188301046875 0.2546875 0.9265625 0.2546875 0.9265625 0.2203125
0 0.95 0.246875 0.95 0.2078125 0.9496018171875 0.2078125 0.940625 0.20802143750000002 0.940625 0.2122692390625 0.9412290468750001 0.246875 0.95 0.246875
0 0.903632553125 0.28308507656250004 0.9033886984375 0.325 0.9171875 0.325 0.9171875 0.282848475 0.903632553125 0.28308507656250004
0 0.8703125 0.3390625 0.8703125 0.30049475000000003 0.8596775859375001 0.300371 0.859375 0.3263751765625 0.859375 0.3390625 0.8703125 0.3390625
0 0.8563300390624999 0.2788742859375 0.8555837593749999 0.3109375 0.8703125 0.3109375 0.8703125 0.2788742859375 0.8563300390624999 0.2788742859375
0 0.85 0.24438695 0.8391411390624999 0.2447029109375 0.8390625 0.248081565625 0.8390625 0.2825571453125 0.8493847640624999 0.2822567984375 0.85 0.25582375625 0.85 0.24438695
0 0.846875 0.325 0.846875 0.291556815625 0.8391859015625001 0.29160155 0.8390625 0.31281257500000004 0.8390625 0.325 0.846875 0.325
0 0.81875 0.2857657546875 0.8078125 0.28551118125 0.8078125 0.328125 0.81875 0.328125 0.81875 0.2857657546875
0 0.8328125 0.2977259015625 0.8259134609375 0.2976054796875 0.825 0.32899908125 0.825 0.33125 0.83270244375 0.33125 0.8328125 0.32746760468749997 0.8328125 0.2977259015625
0 0.8172830140624999 0.2592023265625 0.81847010625 0.3 0.8265625 0.3 0.8265625 0.25931030312500003 0.8172830140624999 0.2592023265625
0 0.8140625 0.24457445625 0.8083287875 0.24464117343749997 0.8078125 0.2742192546875 0.8078125 0.2859375 0.8138557562500001 0.2859375 0.8140625 0.2740931890625 0.8140625 0.24457445625
0 0.7788546281250001 0.232940553125 0.7786372046875 0.2703125 0.7875 0.2703125 0.7875 0.23319210781250002 0.7788546281250001 0.232940553125
0 0.7817896 0.21774928437500002 0.782325265625 0.2484375 0.79375 0.2484375 0.79375 0.21754051406250002 0.7817896 0.21774928437500002
0 0.8052630109375001 0.19066585625000002 0.8052630109375001 0.21875 0.813595103125 0.21875 0.813595103125 0.19071433124999998 0.8052630109375001 0.19066585625000002
0 0.840019625 0.194241028125 0.83945545 0.2265625 0.8451341140625 0.2265625 0.8453125 0.21634281406250003 0.8453125 0.19411783437500002 0.840019625 0.194241028125
0 0.8410552515624999 0.2765625 0.8419184062500001 0.2394778359375 0.8320713890625001 0.239707028125 0.83125 0.27499726875 0.83125 0.2765625 0.8410552515624999 0.2765625
0 0.874252446875 0.2392522890625 0.874424059375 0.26875 0.884375 0.26875 0.884375 0.2392522890625 0.874252446875 0.2392522890625
0 0.8710173000000001 0.266270859375 0.8716804687499999 0.2890625 0.878125 0.2890625 0.878125 0.266270859375 0.8710173000000001 0.266270859375
0 0.8978192859374999 0.2521946640625 0.8982846453125 0.2921875 0.903125 0.2921875 0.903125 0.252040284375 0.8978192859374999 0.2521946640625
0 0.9125 0.249408309375 0.906444184375 0.24930260468749998 0.9066204765624999 0.2796046828125 0.91136505 0.2796875 0.9125 0.2796875 0.9125 0.249408309375
0 0.8945830234375001 0.20977031093749998 0.8945830234375001 0.2515625 0.9 0.2515625 0.9 0.20989639218749997 0.8945830234375001 0.20977031093749998
0 0.8734375 0.2453125 0.8734375 0.2110553078125 0.8679785140625 0.2110553078125 0.8671875 0.2450404953125 0.8671875 0.2453125 0.8734375 0.2453125
0 0.809660375 0.2234375 0.8101331546874999 0.24375 0.815625 0.24375 0.815625 0.2234375 0.809660375 0.2234375
0 0.8175932265625001 0.2421875 0.8181023734374999 0.2640625 0.825 0.2640625 0.825 0.2421875 0.8175932265625001 0.2421875
0 0.9037922234375 0.1889288875 0.9044218468749999 0.225 0.9109375 0.225 0.9109375 0.18888731875 0.9037922234375 0.1889288875
0 0.938806896875 0.139743025 0.9383005796875 0.16875 0.94375 0.16875 0.94375 0.1398005421875 0.938806896875 0.139743025
0 0.7900313765625 0.17734119375 0.7894176765625 0.2125 0.7984375 0.2125 0.7984375 0.1775368484375 0.7900313765625 0.17734119375
0 0.8508460109375001 0.16635950625 0.851068996875 0.2046875 0.85625 0.2046875 0.85625 0.16635950625 0.8508460109375001 0.16635950625
0 0.83125 0.1703868921875 0.8234375 0.1705687296875 0.8234375 0.203125 0.83125 0.203125 0.83125 0.1703868921875
0 0.8132707734375 0.18038444375 0.8128970750000001 0.2125 0.8171875 0.2125 0.8171875 0.18038444375 0.8132707734375 0.18038444375
0 0.76875 0.1425915515625 0.762914465625 0.1426255015625 0.7625 0.16637023125 0.7625 0.1890625 0.7687310328125 0.1890625 0.76875 0.187975828125 0.76875 0.1425915515625
0 0.775704259375 0.168526471875 0.77605230625 0.1984375 0.7859375 0.1984375 0.7859375 0.1683478515625 0.775704259375 0.168526471875
0 0.7726049453125 0.20103167656249998 0.7726049453125 0.221875 0.784375 0.221875 0.784375 0.200689203125 0.7726049453125 0.20103167656249998
0 0.7609375 0.2390625 0.7609375 0.22490815312499998 0.7563720234375 0.224855028125 0.75625 0.22904869374999998 0.75625 0.2390625 0.7609375 0.2390625
0 0.6942529125 0.06609297343750001 0.6946811203125 0.090625 0.7 0.090625 0.7 0.0662267375 0.6942529125 0.06609297343750001
0 0.6744813625 0.053873334375000005 0.67413986875 0.0734375 0.678125 0.0734375 0.678125 0.053830935937500005 0.6744813625 0.053873334375000005
0 0.6768686718750001 0.0761776234375 0.67760498125 0.1078125 0.6828125 0.1078125 0.6828125 0.076350571875 0.6768686718750001 0.0761776234375
0 0.6567436671875 0.12174370000000001 0.6609375 0.12181690468749999 0.6609375 0.0908288625 0.6574646296875001 0.0907682421875 0.6567436671875 0.12174370000000001
0 0.6580609781250001 0.054177659375 0.6576975218750001 0.075 0.6609375 0.075 0.6609375 0.05419439375 0.6580609781250001 0.054177659375
0 0.66434279375 0.05541070625 0.6642288265625 0.075 0.6669554156249999 0.075 0.667069659375 0.0553631078125 0.66434279375 0.05541070625
0 0.6698923499999999 0.053906675 0.6702605359375 0.075 0.671875 0.075 0.671875 0.053906675 0.6698923499999999 0.053906675
0 0.6832461453125 0.09932244999999999 0.6832461453125 0.1265625 0.6875 0.1265625 0.6875 0.099421459375 0.6832461453125 0.09932244999999999
0 0.696875 0.10799439531249999 0.6909333296875 0.1081326890625 0.690625 0.12137980468750001 0.690625 0.1265625 0.6967122015625 0.1265625 0.696875 0.119568028125 0.696875 0.10799439531249999
0 0.7026881749999999 0.115009671875 0.7025173828125 0.1296875 0.7046875 0.1296875 0.7046875 0.1150445703125 0.7026881749999999 0.115009671875
0 0.718050253125 0.089442275 0.7178364953124999 0.1078125 0.7234375 0.1078125 0.7234375 0.0895676640625 0.718050253125 0.089442275
0 0.7089442125 0.0859375 0.70874421875 0.103125 0.7109375 0.103125 0.7109375 0.0859375 0.7089442125 0.0859375
0 0.7454675078124999 0.0900692109375 0.7457830578125 0.1171875 0.746875 0.1171875 0.746875 0.0900282578125 0.7454675078124999 0.0900692109375
0 0.753125 0.0875 0.752499628125 0.0875 0.7484375 0.08757090468749999 0.7484375 0.11875 0.751475115625 0.11875 0.753125 0.11872120156249999 0.753125 0.0875
0 0.8086409937500001 0.14420207499999999 0.8092058484375 0.1765625 0.8140625 0.1765625 0.8140625 0.1442336171875 0.8086409937500001 0.14420207499999999
0 0.7796875 0.1203125 0.778099740625 0.1203125 0.7727415125 0.12037484843749999 0.77350378125 0.153125 0.7796875 0.153125 0.7796875 0.1203125
0 0.8109375 0.12313577812500001 0.8108156375 0.11790006718749999 0.8055133984375 0.11786921875 0.8064067203124999 0.15625 0.8109375 0.15625 0.8109375 0.12313577812500001
0 0.8289858203125 0.117028203125 0.8281820249999999 0.1515625 0.8340918359374999 0.1515625 0.834375 0.1393966125 0.834375 0.1170909125 0.8289858203125 0.117028203125
0 1 0.0997320296875 0.9962341359375 0.0998416046875 0.9958868484375 0.1296875 1 0.1296875 1 0.0997320296875
0 0.9069519671874999 0.05703948125 0.9064748234375 0.084375 0.9129862531249999 0.084375 0.9134614124999999 0.0571531046875 0.9069519671874999 0.05703948125
0 0.5616453531250001 0.303518315625 0.5619066937499999 0.3125 0.5703125 0.3125 0.5703125 0.30361916718750004 0.5616453531250001 0.303518315625
0 0.5125 0.2078125 0.5106979109375 0.2078125 0.504212340625 0.20800121093750001 0.5039418171875 0.23125 0.5125 0.23125 0.5125 0.2078125
0 0.880411678125 0.1453125 0.8799753265625 0.1828125 0.8890625 0.1828125 0.8890625 0.1453125 0.880411678125 0.1453125
0 0.9041036046875 0.12690895468750002 0.9043015765625 0.1609375 0.9109375 0.1609375 0.9109375 0.1269487125 0.9041036046875 0.12690895468750002
0 0.951767321875 0.11501370468750001 0.951767321875 0.1546875 0.95625 0.1546875 0.95625 0.11496154375 0.951767321875 0.11501370468750001
0 0.8580011375 0.1890625 0.8570463921875 0.221875 0.8640625 0.221875 0.8640625 0.1890625 0.8580011375 0.1890625
0 0.8806362390625001 0.19752339218749998 0.8797057734374999 0.2375 0.8835479062499999 0.2375 0.8890625 0.237371646875 0.8890625 0.19732726875 0.8806362390625001 0.19752339218749998
0 0.8932349234375 0.1942886828125 0.89269885625 0.225 0.903125 0.225 0.903125 0.19411605 0.8932349234375 0.1942886828125
0 0.9280772171875 0.2475019203125 0.9159578109375002 0.2475019203125 0.9159578109375002 0.2899248296875 0.9280772171875 0.2899248296875 0.9280772171875 0.2475019203125
0 0.943415840625 0.1589525125 0.9508011046875 0.1589525125 0.9508011046875 0.1178763625 0.943415840625 0.1178763625 0.943415840625 0.1589525125
0 0.9727675281250001 0.1535654765625 0.979016596875 0.1535654765625 0.979016596875 0.113836084375 0.9727675281250001 0.113836084375 0.9727675281250001 0.1535654765625
0 0.99641845625 0.190605625 0.9867134625 0.190605625 0.9867134625 0.229745809375 0.99641845625 0.229745809375 0.99641845625 0.190605625
0 0.963042746875 0.240267365625 0.9740579515625001 0.240267365625 0.9740579515625001 0.2057566640625 0.963042746875 0.2057566640625 0.963042746875 0.240267365625
0 0.9367682531250001 0.21669908124999998 0.9459998328125 0.21669908124999998 0.9459998328125 0.1830301046875 0.9367682531250001 0.1830301046875 0.9367682531250001 0.21669908124999998
0 0.981054553125 0.15386650156249998 0.9908470328125001 0.15386650156249998 0.9908470328125001 0.1228371734375 0.981054553125 0.1228371734375 0.981054553125 0.15386650156249998
0 0.687625978125 0.2173640765625 0.694655234375 0.2173640765625 0.694655234375 0.1881342921875 0.687625978125 0.1881342921875 0.687625978125 0.2173640765625
0 0.662175225 0.18579941093750002 0.6687197046875 0.18579941093750002 0.6687197046875 0.152148890625 0.662175225 0.152148890625 0.662175225 0.18579941093750002
0 0.6447232796875 0.18074906562499998 0.6496922375 0.18074906562499998 0.6496922375 0.15969074218749998 0.6447232796875 0.15969074218749998 0.6447232796875 0.18074906562499998
0 0.6961398234375 0.1214145640625 0.7014420640625 0.1214145640625 0.7014420640625 0.09421003125 0.6961398234375 0.09421003125 0.6961398234375 0.1214145640625
0 0.727044309375 0.128148359375 0.73234655 0.128148359375 0.73234655 0.10929373281250002 0.727044309375 0.10929373281250002 0.727044309375 0.128148359375
0 0.7084107234375 0.12949511875 0.7137129625 0.12949511875 0.7137129625 0.105792159375 0.7084107234375 0.105792159375 0.7084107234375 0.12949511875
0 0.7014420640625 0.11521947187499999 0.7065928125000001 0.11521947187499999 0.7065928125000001 0.09232456875 0.7014420640625 0.09232456875 0.7014420640625 0.11521947187499999
0 0.7031084828124999 0.09421003125 0.7065928125000001 0.09421003125 0.7065928125000001 0.0847827171875 0.7031084828124999 0.0847827171875 0.7031084828124999 0.09421003125
0 0.7341644609375 0.1284177109375 0.740072671875 0.1284177109375 0.740072671875 0.1044454 0.7341644609375 0.1044454 0.7341644609375 0.1284177109375
0 0.753835825 0.118780690625 0.758554765625 0.118780690625 0.758554765625 0.09178586562499999 0.753835825 0.09178586562499999 0.753835825 0.118780690625
0 0.7599182 0.118721046875 0.7647659625000001 0.118721046875 0.7647659625000001 0.08666818125 0.7599182 0.08666818125 0.7599182 0.118721046875
0 0.7661293953125 0.11845169375 0.7703711875 0.11845169375 0.7703711875 0.0837053109375 0.7661293953125 0.0837053109375 0.7661293953125 0.11845169375
0 0.7703711875 0.11845169375 0.7741585015625 0.11845169375 0.7741585015625 0.0855907734375 0.7703711875 0.0855907734375 0.7703711875 0.11845169375
0 0.7741585015625 0.11845169375 0.7774913390625 0.11845169375 0.7774913390625 0.08666818125 0.7741585015625 0.08666818125 0.7741585015625 0.11845169375
0 0.7774913390625 0.11575817656250001 0.7814301453125 0.11575817656250001 0.7814301453125 0.08639882812500001 0.7774913390625 0.08639882812500001 0.7774913390625 0.11575817656250001
0 0.79218611875 0.0791263296875 0.7968823890625 0.0791263296875 0.7968823890625 0.063503925 0.79218611875 0.063503925 0.79218611875 0.0791263296875
0 0.841096896875 0 0.841096896875 0.010584568749999999 0.8430825406250001 0.010584568749999999 0.8430825406250001 0 0.841096896875 0
0 0.8377461234375 0 0.8377461234375 0.0106948953125 0.8402281765625 0.0106948953125 0.8402281765625 0 0.8377461234375 0
0 0.7972265843749999 0 0.7972265843749999 0.004406284375 0.7995845359375 0.004406284375 0.7995845359375 0 0.7972265843749999 0
0 0.5778944875 0 0.5778944875 0.0031408890625 0.5806346765624999 0.0031408890625 0.5806346765624999 0 0.5778944875 0
0 0.9821320515625 0.0646869921875 0.98713130625 0.0646869921875 0.98713130625 0.04071468125 0.9821320515625 0.04071468125 0.9821320515625 0.0646869921875
0 0.8009674718750001 0.086449521875 0.80484568125 0.086449521875 0.80484568125 0.0675561078125 0.8009674718750001 0.0675561078125 0.8009674718750001 0.086449521875
0 0.817100825 0.080933196875 0.8199707 0.080933196875 0.8199707 0.06907309843750001 0.817100825 0.06907309843750001 0.817100825 0.080933196875
0 0.7925129734375 0.11334160625 0.7967014406249999 0.11334160625 0.7967014406249999 0.0886560515625 0.7925129734375 0.0886560515625 0.7925129734375 0.11334160625
0 0.8018206781250001 0.11292788125 0.8060091437499999 0.11292788125 0.8060091437499999 0.09169003125 0.8018206781250001 0.09169003125 0.8018206781250001 0.11292788125
0 0.808103378125 0.11499650312500001 0.8125245375000001 0.11499650312500001 0.8125245375000001 0.08810441875 0.808103378125 0.08810441875 0.808103378125 0.11499650312500001
0 0.81399825625 0.114444871875 0.8199707 0.114444871875 0.8199707 0.0838292671875 0.81399825625 0.0838292671875 0.81399825625 0.114444871875
0 0.8207463421875001 0.1145827796875 0.8240816031249999 0.1145827796875 0.8240816031249999 0.0841050828125 0.8207463421875001 0.0841050828125 0.8207463421875001 0.1145827796875
0 0.8288905828124999 0.102998496875 0.8330790499999999 0.102998496875 0.8330790499999999 0.075416871875 0.8288905828124999 0.075416871875 0.8288905828124999 0.102998496875
0 0.834940590625 0.097482171875 0.8388963656249999 0.097482171875 0.8388963656249999 0.07155544375 0.834940590625 0.07155544375 0.834940590625 0.097482171875
0 0.821211728125 0.16450552031250001 0.8278046843750001 0.16450552031250001 0.8278046843750001 0.1307180296875 0.821211728125 0.1307180296875 0.821211728125 0.16450552031250001
0 0.7922802812499999 0.15430031875 0.7991059296875 0.15430031875 0.7991059296875 0.11623767656249999 0.7922802812499999 0.11623767656249999 0.7922802812499999 0.15430031875
0 0.783050140625 0.1490598109375 0.789565534375 0.1490598109375 0.789565534375 0.11623767656249999 0.783050140625 0.11623767656249999 0.783050140625 0.1490598109375
0 0.7869283515625 0.11568604375 0.7913495109375 0.11568604375 0.7913495109375 0.0852083484375 0.7869283515625 0.0852083484375 0.7869283515625 0.11568604375
0 0.782196934375 0.11375533125 0.785842453125 0.11375533125 0.785842453125 0.08575998124999999 0.782196934375 0.08575998124999999 0.782196934375 0.11375533125
0 0.8114386390625 0.1456121078125 0.8184969796875 0.1456121078125 0.8184969796875 0.119547471875 0.8114386390625 0.119547471875 0.8114386390625 0.1456121078125
0 0.8238489109374999 0.109893903125 0.82881301875 0.109893903125 0.82881301875 0.0772096765625 0.8238489109374999 0.0772096765625 0.8238489109374999 0.109893903125
0 0.8411933328125001 0.19243397812500002 0.8487170593750001 0.19243397812500002 0.8487170593750001 0.150096184375 0.8411933328125001 0.150096184375 0.8411933328125001 0.19243397812500002
0 0.8507385765625 0.168351771875 0.8577678328125 0.168351771875 0.8577678328125 0.1295651109375 0.8507385765625 0.1295651109375 0.8507385765625 0.168351771875
0 0.834013796875 0.182573546875 0.8410430515625 0.182573546875 0.8410430515625 0.140770146875 0.834013796875 0.140770146875 0.834013796875 0.182573546875
0 0.7705081078125 0.1810651765625 0.7781433343749999 0.1810651765625 0.7781433343749999 0.1452952578125 0.7705081078125 0.1452952578125 0.7705081078125 0.1810651765625
0 0.8976663874999999 0.088980696875 0.9034837031249999 0.088980696875 0.9034837031249999 0.057261828125000004 0.8976663874999999 0.057261828125000004 0.8976663874999999 0.088980696875
0 0.8416262531250001 0.1044953609375 0.8463770609375001 0.1044953609375 0.8463770609375001 0.07174218125000001 0.8416262531250001 0.07174218125000001 0.8416262531250001 0.1044953609375
0 0.855587809375 0.0994961921875 0.8599507953125001 0.0994961921875 0.8599507953125001 0.0741555734375 0.855587809375 0.0741555734375 0.855587809375 0.0994961921875
0 0.8606294812499999 0.11414892968749998 0.868288946875 0.11414892968749998 0.868288946875 0.096393259375 0.8606294812499999 0.096393259375 0.8606294812499999 0.11414892968749998
0 0.8369724015625 0.1396619328125 0.8413353875 0.1396619328125 0.8413353875 0.1058744421875 0.8369724015625 0.1058744421875 0.8369724015625 0.1396619328125
0 0.8413353875 0.1286292828125 0.84676488125 0.1286292828125 0.84676488125 0.10673636718749999 0.8413353875 0.10673636718749999 0.8413353875 0.1286292828125
0 0.87216715625 0.15448705625 0.876724053125 0.15448705625 0.876724053125 0.12431965468749999 0.87216715625 0.12431965468749999 0.87216715625 0.15448705625
0 0.860338615625 0.152935590625 0.866543753125 0.152935590625 0.866543753125 0.12069956562499999 0.860338615625 0.12069956562499999 0.860338615625 0.152935590625
0 0.8505461359375002 0.1265606609375 0.8567512718749999 0.1265606609375 0.8567512718749999 0.1043229765625 0.8505461359375002 0.1043229765625 0.8505461359375002 0.1265606609375
0 0.92132346875 0.137248540625 0.9280133812500001 0.137248540625 0.9280133812500001 0.10570205625 0.92132346875 0.10570205625 0.92132346875 0.137248540625
0 0.889425190625 0.1575899890625 0.8939820874999999 0.1575899890625 0.8939820874999999 0.1274225875 0.889425190625 0.1274225875 0.889425190625 0.1575899890625
0 0.8965998796874999 0.14810880625 0.900381134375 0.14810880625 0.900381134375 0.1272502015625 0.8965998796874999 0.1272502015625 0.8965998796874999 0.14810880625
0 0.8978602984374999 0.1417305546875 0.9017385078124999 0.1417305546875 0.9017385078124999 0.1194928703125 0.8978602984374999 0.1194928703125 0.8978602984374999 0.1417305546875
0 0.8690645890625 0.129491209375 0.8757545015625 0.129491209375 0.8757545015625 0.1050125171875 0.8690645890625 0.1050125171875 0.8690645890625 0.129491209375
0 0.8620838109375001 0.096393259375 0.8667376625 0.096393259375 0.8667376625 0.0707078703125 0.8620838109375001 0.0707078703125 0.8620838109375001 0.096393259375
0 0.868288946875 0.1025991234375 0.8736214859375 0.1025991234375 0.8736214859375 0.0707078703125 0.868288946875 0.0707078703125 0.868288946875 0.1025991234375
0 0.8736214859375 0.1007028875 0.878566203125 0.1007028875 0.878566203125 0.0707078703125 0.8736214859375 0.0707078703125 0.8736214859375 0.1007028875
0 0.8854500265624999 0.1012200421875 0.889134325 0.1012200421875 0.889134325 0.070535484375 0.8854500265624999 0.070535484375 0.8854500265624999 0.1012200421875
0 0.888940415625 0.0939798671875 0.8929155796875001 0.0939798671875 0.8929155796875001 0.06708778125 0.888940415625 0.06708778125 0.888940415625 0.0939798671875
0 0.915893975 0.08742923124999999 0.9215173796875 0.08742923124999999 0.9215173796875 0.0605371453125 0.915893975 0.0605371453125 0.915893975 0.08742923124999999
0 0.9357321062499999 0 0.9357321062499999 0.0169327984375 0.938136596875 0.0169327984375 0.938136596875 0 0.9357321062499999 0
0 0.947599428125 0 0.947599428125 0.01707070625 0.950391740625 0.01707070625 0.950391740625 0 0.947599428125 0
0 0.9429455765625001 0 0.9429455765625001 0.0165190734375 0.9465910937500001 0.0165190734375 0.9465910937500001 0 0.9429455765625001 0
0 0.9315436390624999 0 0.9315436390624999 0.0165190734375 0.9348013359374999 0.0165190734375 0.9348013359374999 0 0.9315436390624999 0
0 0.95566610625 0 0.95566610625 0.0180360625 0.9575276468750001 0.0180360625 0.9575276468750001 0 0.95566610625 0
0 0.95799303125 0 0.95799303125 0.019690959375 0.9603975218749999 0.019690959375 0.9603975218749999 0 0.95799303125 0
0 0.970093046875 0 0.970093046875 0.016794889062500002 0.9724199734375001 0.016794889062500002 0.9724199734375001 0 0.970093046875 0
0 0.9872347343750001 0.0195530515625 0.9901821749999999 0.0195530515625 0.9901821749999999 0.0009354546874999999 0.9872347343750001 0.0009354546874999999 0.9872347343750001 0.0195530515625
0 0.9382002875000002 0.1401551859375 0.943415840625 0.1401551859375 0.943415840625 0.101368525 0.9382002875000002 0.101368525 0.9382002875000002 0.1401551859375
0 0.9460536625 0.11602126406249999 0.9508044703125 0.11602126406249999 0.9508044703125 0.097920821875 0.9460536625 0.097920821875 0.9460536625 0.11602126406249999
0 0.963990384375 0.13877610468749998 0.9699046546875 0.13877610468749998 0.9699046546875 0.10257522187500001 0.963990384375 0.10257522187500001 0.963990384375 0.13877610468749998
0 0.9585472625000001 0.06950890781249999 0.9632980703125 0.06950890781249999 0.9632980703125 0.045030215624999995 0.9585472625000001 0.045030215624999995 0.9585472625000001 0.06950890781249999
0 0.950499978125 0.0714051453125 0.9564142484375001 0.0714051453125 0.9564142484375001 0.0474436078125 0.950499978125 0.0474436078125 0.950499978125 0.0714051453125
0 0.93624755625 0.07692147031249999 0.94041663125 0.07692147031249999 0.94041663125 0.0531323171875 0.93624755625 0.0531323171875 0.93624755625 0.07692147031249999
0 0.9513725749999999 0.086919809375 0.9558325156249999 0.086919809375 0.9558325156249999 0.0729566109375 0.9513725749999999 0.0729566109375 0.9513725749999999 0.086919809375
0 0.9603894125 0.0939876 0.965624996875 0.0939876 0.965624996875 0.07709385468749999 0.9603894125 0.07709385468749999 0.9603894125 0.0939876
0 0.9692123406250002 0.0743356921875 0.971636221875 0.0743356921875 0.971636221875 0.0605448796875 0.9692123406250002 0.0605448796875 0.9692123406250002 0.0743356921875
0 0.975902253125 0.08243779531249999 0.9807500156250001 0.08243779531249999 0.9807500156250001 0.058303871875 0.975902253125 0.058303871875 0.975902253125 0.08243779531249999
0 0.9459430812499999 0.0681298265625 0.950499978125 0.0681298265625 0.950499978125 0.0389967359375 0.9459430812499999 0.0389967359375 0.9459430812499999 0.0681298265625
0 0.9282002703125001 0.0867474234375 0.9318845703124999 0.0867474234375 0.9318845703124999 0.06140680625 0.9282002703125001 0.06140680625 0.9282002703125001 0.0867474234375
0 0.92403119375 0.0857131125 0.9282002703125001 0.0857131125 0.9282002703125001 0.06088965 0.92403119375 0.06088965 0.92403119375 0.0857131125
0 0.9320784796874999 0.0826101796875 0.9355688687499999 0.0826101796875 0.9355688687499999 0.0581314875 0.9320784796874999 0.0581314875 0.9320784796874999 0.0826101796875
0 0.9681458328125 0.10467547968749999 0.9729935953125001 0.10467547968749999 0.9729935953125001 0.07743862500000001 0.9681458328125 0.07743862500000001 0.9681458328125 0.10467547968749999
0 0.9503060671875 0.10519263593749999 0.955929471875 0.10519263593749999 0.955929471875 0.0879541203125 0.9503060671875 0.0879541203125 0.9503060671875 0.10519263593749999
0 0.9746418343750001 0.11622528593749999 0.9800713281250001 0.11622528593749999 0.9800713281250001 0.094677140625 0.9746418343750001 0.094677140625 0.9746418343750001 0.11622528593749999
0 1 0.048650303125 0.9972324078125 0.048650303125 0.9972324078125 0.063820196875 1 0.063820196875 1 0.048650303125
0 0.9901253265625 0.1280083203125 0.9949730890625 0.1280083203125 0.9949730890625 0.094393215625 0.9901253265625 0.094393215625 0.9901253265625 0.1280083203125
0 0.9311038187499999 0.1402907625 0.9359515796875 0.1402907625 0.9359515796875 0.10624469375000001 0.9311038187499999 0.10624469375000001 0.9311038187499999 0.1402907625
0 0.89486679375 0.0944336171875 0.8977072796875 0.0944336171875 0.8977072796875 0.0725487828125 0.89486679375 0.0725487828125 0.89486679375 0.0944336171875
0 0.9381742796874999 0 0.9381742796874999 0.0109878890625 0.9421300531250001 0.0109878890625 0.9421300531250001 0 0.9381742796874999 0
0 0.9739313765625 0 0.9739313765625 0.0096088078125 0.9770339437499999 0.0096088078125 0.9770339437499999 0 0.9739313765625 0
0 0.9932448609375001 0 0.9932448609375001 0.0101604390625 0.9974333281250001 0.0101604390625 0.9974333281250001 0 0.9932448609375001 0
0 0.98044676875 0.0185728359375 0.983704465625 0.0185728359375 0.983704465625 0.0007826875000000001 0.98044676875 0.0007826875000000001 0.98044676875 0.0185728359375
0 0.659348715625 0.1909478265625 0.66475959375 0.1909478265625 0.66475959375 0.1660581671875 0.659348715625 0.1660581671875 0.659348715625 0.1909478265625
0 0.980524190625 0 0.980524190625 0.00599663125 0.983704465625 0.00599663125 0.983704465625 0 0.980524190625 0
0 0.98265875625 0 0.98265875625 0.013763615625 0.9878214296875001 0.013763615625 0.9878214296875001 0 0.98265875625 0
0 0.9260617109375 0 0.9260617109375 0.015291639062500001 0.9296296640625 0.015291639062500001 0.9296296640625 0 0.9260617109375 0
0 0.9658521453125001 0 0.9658521453125001 0.01887725 0.9687220218749999 0.01887725 0.9687220218749999 0 0.9658521453125001 0
0 0.8616868765625 0.1826889609375 0.865487521875 0.1826889609375 0.865487521875 0.170553046875 0.8616868765625 0.170553046875 0.8616868765625 0.1826889609375
0 0.57431710625 0 0.57431710625 0.00406168125 0.5768587296875 0.00406168125 0.5768587296875 0 0.57431710625 0
0 0.69690694375 0.3845851765625 0.705511721875 0.3845851765625 0.705511721875 0.36346799375 0.69690694375 0.36346799375 0.69690694375 0.3845851765625
0 0.7640484546875 0.3783362140625 0.7764102484375 0.3783362140625 0.7764102484375 0.335239925 0.7640484546875 0.335239925 0.7640484546875 0.3783362140625
0 0.7692597984375 0.43867101875000003 0.7863481625000001 0.43867101875000003 0.7863481625000001 0.380491028125 0.7692597984375 0.380491028125 0.7692597984375 0.43867101875000003
0 0.69461694375 0.24514264375 0.705010546875 0.24514264375 0.705010546875 0.21328586718749998 0.69461694375 0.21328586718749998 0.69461694375 0.24514264375
0 0.8005135375 0.22300003125 0.8074215984374999 0.22300003125 0.8074215984374999 0.18033470468749999 0.8005135375 0.18033470468749999 0.8005135375 0.22300003125
0 0.8647463906249999 0.1829204828125 0.8716544515625 0.1829204828125 0.8716544515625 0.1592175234375 0.8647463906249999 0.1592175234375 0.8647463906249999 0.1829204828125
0 0.9211016296875 0.1932635921875 0.9271613328124999 0.1932635921875 0.9271613328124999 0.155123375 0.9211016296875 0.155123375 0.9211016296875 0.1932635921875
0 0.9887605890625 0.0677039984375 0.9919116359375 0.0677039984375 0.9919116359375 0.05585251875 0.9887605890625 0.05585251875 0.9887605890625 0.0677039984375
0 1 0.063820196875 0.9972324078125 0.063820196875 0.9972324078125 0.08235673593750001 1 0.08235673593750001 1 0.063820196875
0 0.9149534062499999 0.140967690625 0.9204071390624999 0.140967690625 0.9204071390624999 0.1060596953125 0.9149534062499999 0.1060596953125 0.9149534062499999 0.140967690625
0 0.9241641546875 0.107999028125 0.9311038187499999 0.107999028125 0.9311038187499999 0.0924843640625 0.9241641546875 0.0924843640625 0.9241641546875 0.107999028125
0 0.9848823796874999 0.1217898421875 0.9901253265625 0.1217898421875 0.9901253265625 0.09851784531249999 0.9848823796874999 0.09851784531249999 0.9848823796874999 0.1217898421875
0 0.95676535625 0.14484635625 0.962582671875 0.14484635625 0.962582671875 0.10735258437499999 0.95676535625 0.10735258437499999 0.95676535625 0.14484635625
0 0.9887605890625 0.100241696875 0.9949730890625 0.100241696875 0.9949730890625 0.0845115515625 0.9887605890625 0.0845115515625 0.9887605890625 0.100241696875
0 0.6653310375 0.3331543453125 0.6726037640625 0.3331543453125 0.6726037640625 0.31203716406250004 0.6653310375 0.31203716406250004 0.6653310375 0.3331543453125
0 0.650302975 0.2911354640625 0.6576958125 0.2911354640625 0.6576958125 0.2779910953125 0.650302975 0.2779910953125 0.650302975 0.2911354640625
0 0.6864188046875 0.2922128703125 0.6923573140625 0.2922128703125 0.6923573140625 0.2818697609375 0.6864188046875 0.2818697609375 0.6864188046875 0.2922128703125
0 0.6866802812499999 0.3723650203125 0.6951813171875 0.3723650203125 0.6951813171875 0.3591258390625 0.6866802812499999 0.3591258390625 0.6866802812499999 0.3723650203125
0 0.7152274140625 0.27458892968750004 0.7260136859375 0.27458892968750004 0.7260136859375 0.238819009375 0.7152274140625 0.238819009375 0.7152274140625 0.27458892968750004
0 0.7317098062499999 0.3056182578125 0.7463742890624999 0.3056182578125 0.7463742890624999 0.2616600421875 0.7317098062499999 0.2616600421875 0.7317098062499999 0.3056182578125
0 0.0117560609375 0.5362709999999999 0.0116761875 0.55 0.015625 0.55 0.015625 0.5363835734375 0.0117560609375 0.5362709999999999
0 0.082316796875 0.5649721296875 0.0772538546875 0.5650015859375 0.077122478125 0.576292034375 0.08218542031250001 0.5762625781249999 0.082316796875 0.5649721296875
0 0.07624055156250001 0.6322717296875 0.075679246875 0.6515625 0.08125 0.6515625 0.08125 0.6322425859375 0.07624055156250001 0.6322717296875
0 0.034904135937500004 0.694041196875 0.0344017671875 0.715625 0.0405494796875 0.715625 0.040625 0.712380371875 0.040625 0.6939080421874999 0.034904135937500004 0.694041196875
0 0.125613759375 0.74801899375 0.134375 0.747968021875 0.134375 0.7147035953125 0.12503318593749999 0.71475794375 0.125613759375 0.74801899375
0 0.18303885625 0.82822335625 0.18303885625 0.8703125 0.19375 0.8703125 0.19375 0.828161040625 0.18303885625 0.82822335625
0 0.2784287734375 0.9012716859375001 0.2921875 0.9013517312499999 0.2921875 0.8540603125 0.277327903125 0.8539738625 0.2784287734375 0.9012716859375001
0 0.3245527515625 0.7239983703125 0.3249520640625 0.746875 0.334375 0.746875 0.334375 0.72428416875 0.3245527515625 0.7239983703125
0 0.30805967968750003 0.722720965625 0.30805967968750003 0.75625 0.315625 0.75625 0.315625 0.72289705 0.30805967968750003 0.722720965625
0 0.24375 0.767989190625 0.23297374531249998 0.768177290625 0.2328125 0.7774150390625 0.2328125 0.803125 0.24356400625000002 0.803125 0.24375 0.7924694578125 0.24375 0.767989190625
0 0.253206425 0.7142222859375 0.253206425 0.74375 0.259375 0.74375 0.259375 0.7141146125 0.253206425 0.7142222859375
0 0.2638800765625 0.7303297265625 0.263414834375 0.7703125 0.271875 0.7703125 0.271875 0.730097096875 0.2638800765625 0.7303297265625
0 0.2735155953125 0.7228618124999999 0.273958646875 0.7609375 0.2796875 0.7609375 0.2796875 0.7227899953125 0.2735155953125 0.7228618124999999
0 0.29154128125 0.696930009375 0.29194063125 0.73125 0.2984375 0.73125 0.2984375 0.696849765625 0.29154128125 0.696930009375
0 0.29365554375 0.6855141875 0.2939199703125 0.696875 0.2984375 0.696875 0.2984375 0.6855420078125001 0.29365554375 0.6855141875
0 0.3013197828125 0.7138397125 0.3078125 0.7139908328125 0.3078125 0.675923928125 0.30065505312499996 0.6757573359375 0.3013197828125 0.7138397125
0 0.29493752500000003 0.66730020625 0.29503686406249996 0.684375 0.3 0.684375 0.3 0.6674180375 0.29493752500000003 0.66730020625
0 0.2235113078125 0.6546875 0.2233476828125 0.6828125 0.2265625 0.6828125 0.2265625 0.6546875 0.2235113078125 0.6546875
0 0.20370639218750003 0.5953125 0.20370639218750003 0.6140625 0.2078125 0.6140625 0.2078125 0.5953125 0.20370639218750003 0.5953125
0 0.1875 0.6111934859375 0.1874531625 0.6031427828125 0.1818513171875 0.6031101921875 0.181969578125 0.6234375 0.1875 0.6234375 0.1875 0.6111934859375
0 0.24048335625 0.5963013921875 0.2453125 0.5962452 0.2453125 0.5788671203125 0.24007898593750002 0.5789280171875 0.24048335625 0.5963013921875
0 0.2536860171875 0.5730965125 0.2539263421875 0.59375 0.259375 0.59375 0.259375 0.573195815625 0.2536860171875 0.5730965125
0 0.28890166562499997 0.565780425 0.28890166562499997 0.5921875 0.296875 0.5921875 0.296875 0.5655948421875 0.28890166562499997 0.565780425
0 0.29856214531249997 0.5694409015625 0.298165103125 0.5921875 0.3046875 0.5921875 0.3046875 0.5695121765625 0.29856214531249997 0.5694409015625
0 0.3147508 0.5460112500000001 0.3147508 0.559375 0.31875 0.559375 0.31875 0.54608105625 0.3147508 0.5460112500000001
0 0.309695721875 0.5296875 0.309695721875 0.5453125 0.318693821875 0.5453125 0.318693821875 0.5296875 0.309695721875 0.5296875
0 0.32860314218750003 0.5398732046875 0.328321675 0.5640625 0.3328125 0.5640625 0.3328125 0.5399221843750001 0.32860314218750003 0.5398732046875
0 0.33862576093749996 0.5656260171875 0.3381894015625 0.590625 0.3453125 0.590625 0.3453125 0.5656260171875 0.33862576093749996 0.5656260171875
0 0.0916348671875 0.5333059171875 0.088229825 0.5333851703125 0.0883889171875 0.5402204687500001 0.091793959375 0.5401412156250001 0.0916348671875 0.5333059171875
0 0.1634766046875 0.5413979265625 0.1632400203125 0.5515625 0.16875 0.5515625 0.16875 0.5414592890625001 0.1634766046875 0.5413979265625
0 0.099138503125 0.5529062234375 0.0990826875 0.5625 0.1 0.5625 0.1 0.552886171875 0.099138503125 0.5529062234375
0 0.111831040625 0.545493559375 0.1116876953125 0.5578125 0.11509759374999999 0.5578125 0.1152404765625 0.5455332328125 0.111831040625 0.545493559375
0 0.092941878125 0.58219810625 0.0926730046875 0.59375 0.0953125 0.59375 0.0953125 0.5822118984375 0.092941878125 0.58219810625
0 0.1109375 0.5962154296875 0.1109295140625 0.5958723203125 0.10667650625 0.59582283125 0.1069919359375 0.609375 0.1109375 0.609375 0.1109375 0.5962154296875
0 0.10205071562500001 0.598769725 0.10205071562500001 0.6140625 0.1046875 0.6140625 0.1046875 0.5988464484375 0.10205071562500001 0.598769725
0 0.1390625 0.584356446875 0.1421875 0.584320084375 0.1421875 0.5708222609375 0.1390625 0.570858621875 0.1390625 0.584356446875
0 0.134649121875 0.568065878125 0.134851978125 0.5796875 0.1375 0.5796875 0.1375 0.5679829265625 0.134649121875 0.568065878125
0 0.1313450265625 0.554149134375 0.1315757625 0.5640625 0.134375 0.5640625 0.134375 0.5542196578125 0.1313450265625 0.554149134375
0 0.1550799859375 0.5630652109375001 0.1550799859375 0.5734375 0.1578125 0.5734375 0.1578125 0.5631129078125 0.1550799859375 0.5630652109375001
0 0.178125 0.54375 0.175 0.54375 0.175 0.5515625 0.178125 0.5515625 0.178125 0.54375
0 0.28319517968749996 0.61567174375 0.2833494453125 0.6421875 0.2875 0.6421875 0.2875 0.6155715484375001 0.28319517968749996 0.61567174375
0 0.2901679734375 0.612787590625 0.2901679734375 0.6328125 0.2953125 0.6328125 0.2953125 0.61293728125 0.2901679734375 0.612787590625
0 0.29184766562500003 0.659375 0.296875 0.659375 0.296875 0.64563844375 0.296501803125 0.6328125 0.2910747765625 0.6328125 0.29184766562500003 0.659375
0 0.2969731078125 0.6190133234374999 0.2976215953125 0.646875 0.3 0.646875 0.3 0.6189604890625 0.2969731078125 0.6190133234374999
0 0.30253344531250004 0.6288298640625001 0.3028888703125 0.659375 0.309375 0.659375 0.309375 0.6286307953125 0.30253344531250004 0.6288298640625001
0 0.308206221875 0.6255156109375 0.308776103125 0.65 0.3109375 0.65 0.3109375 0.6255791828125 0.308206221875 0.6255156109375
0 0.3139646265625 0.624066853125 0.31328829062499997 0.653125 0.3171875 0.653125 0.3171875 0.6241231093749999 0.3139646265625 0.624066853125
0 0.32284784375000003 0.6077650421875 0.3221921234375 0.6359375 0.3279563859375 0.6359375 0.328125 0.628693165625 0.328125 0.6076729296875 0.32284784375000003 0.6077650421875
0 0.314846275 0.6233848453124999 0.3203125 0.623416646875 0.3203125 0.607182265625 0.314940721875 0.6071510124999999 0.314846275 0.6233848453124999
0 0.3265756796875 0.5753312390625 0.326145084375 0.6 0.3328125 0.6 0.3328125 0.5753312390625 0.3265756796875 0.5753312390625
0 0.2298598734375 0.5296875 0.22978713750000002 0.5328125 0.234375 0.5328125 0.234375 0.5296875 0.2298598734375 0.5296875
0 0.222903075 0.5296875 0.222812146875 0.5328125 0.228125 0.5328125 0.228125 0.5296875 0.222903075 0.5296875
0 0.22283288437499998 0.5316766734375 0.223275109375 0.546875 0.2265625 0.546875 0.2265625 0.5317200718749999 0.22283288437499998 0.5316766734375
0 0.2160763109375 0.5480535109375 0.21603771562500002 0.5546875 0.2203125 0.5546875 0.2203125 0.5481767718749999 0.2160763109375 0.5480535109375
0 0.19472181718749998 0.5296875 0.19472181718749998 0.5484375 0.203125 0.5484375 0.203125 0.5296989875 0.20115047656249999 0.5296875 0.19472181718749998 0.5296875
0 0.1317522734375 0.5895906156249999 0.131625125 0.596875 0.1359375 0.596875 0.1359375 0.5894932046875 0.1317522734375 0.5895906156249999
0 0.336493503125 0.552880890625 0.3421875 0.5527152125 0.3421875 0.53172108125 0.336493503125 0.5318867593750001 0.336493503125 0.552880890625
0 0.1078125 0.5651311140625 0.1046875 0.5650765671875 0.1046875 0.575 0.1078125 0.575 0.1078125 0.5651311140625
0 0.33132769375 0.6051666156250001 0.3310423671875 0.6296875 0.3359375 0.6296875 0.3359375 0.6050324828125 0.33132769375 0.6051666156250001
0 0.3341835015625 0.6136162296875 0.3339055875 0.6375 0.3390625 0.6375 0.3390625 0.6135310671875 0.3341835015625 0.6136162296875
0 0.3889508078125 0.9620795031250001 0.3891375140625 0.978125 0.3921875 0.978125 0.3921875 0.962041840625 0.3889508078125 0.9620795031250001
0 0.383773290625 0.9611858125000001 0.3833713390625 0.975 0.3875 0.975 0.3875 0.9611858125000001 0.383773290625 0.9611858125000001
0 0.4502894109375 0.9670659578125 0.453125 0.9670494609375 0.453125 0.9618286890625001 0.45038055000000005 0.9618446546874999 0.4502894109375 0.9670659578125
0 0.44611920937500005 0.962903853125 0.44607610781249996 0.9703125 0.4484375 0.9703125 0.4484375 0.9629713093750001 0.44611920937500005 0.962903853125
0 0.4397307421875 0.96552005 0.4396749765625 0.9703125 0.440625 0.9703125 0.440625 0.9655148468749999 0.4397307421875 0.96552005
0 0.7082425499999999 0.9830575921874999 0.708067825 0.9890625 0.7109375 0.9890625 0.7109375 0.9830419124999998 0.7082425499999999 0.9830575921874999
0 0.3520835625 0.9590930515625 0.3517860609375 0.971875 0.3546875 0.971875 0.3546875 0.9590324453125 0.3520835625 0.9590930515625
0 0.9372314578125 0.9908884203125 0.9372314578125 0.99375 0.9375 0.99375 0.9375 0.9908868578125001 0.9372314578125 0.9908884203125
0 0.9352083484375001 0.9910653484375 0.9352708343749999 0.99375 0.9371921921874999 0.99375 0.9371299656249998 0.991076528125 0.9352083484375001 0.9910653484375
0 0.8473509343749999 0.9922188593750001 0.8474051140625001 0.996875 0.8484375 0.996875 0.8484375 0.9922315031250001 0.8473509343749999 0.9922188593750001
0 0.9416320796874998 0.9907099546874999 0.9415790156250001 0.99375 0.9437217109375 0.99375 0.94375 0.9921293328124999 0.94375 0.9907715796875 0.9416320796874998 0.9907099546874999
0 0.934062921875 0.9912842421875 0.9340681765625 0.9921875 0.934375 0.9921875 0.934375 0.9912769781249999 0.934062921875 0.9912842421875
0 0.5275121374999999 0.9729832843749999 0.5277072109375001 0.9796875 0.5359375 0.9796875 0.5359375 0.972885246875 0.5275121374999999 0.9729832843749999
