0 0.4890625 0 0.3375272296875 0 0.3370727109375 0.078125 0.4890625 0.078125 0.4890625 0
0 0.1388399890625 0.43617692343750003 0.1388399890625 0.4765625 0.1453125 0.4765625 0.1453125 0.4363652546875 0.1388399890625 0.43617692343750003
0 0.15022448906250002 0.41509393906250003 0.150030503125 0.4484375 0.15625 0.4484375 0.15625 0.415164053125 0.15022448906250002 0.41509393906250003
0 0.1390625 0.40257792343750004 0.1390536375 0.4021971546875 0.13289983593750002 0.40208973906249995 0.1333967109375 0.4234375 0.1390625 0.4234375 0.1390625 0.40257792343750004
0 0.181869259375 0.465323909375 0.181869259375 0.503125 0.1859375 0.503125 0.1859375 0.4654185984375 0.181869259375 0.465323909375
0 0.19375 0.465625 0.19070044218749999 0.465625 0.1879034796875 0.46569010000000005 0.1888838890625 0.5078125 0.19375 0.5078125 0.19375 0.465625
0 0.2 0.491599359375 0.2 0.509375 0.210817059375 0.509375 0.2109375 0.5052357468750001 0.2109375 0.49172663125 0.2 0.491599359375
0 0.202625665625 0.41630936875 0.20337345624999997 0.4484375 0.2078125 0.4484375 0.2078125 0.41630936875 0.202625665625 0.41630936875
0 0.201267215625 0.37173980625 0.201733225 0.3984375 0.20625 0.3984375 0.20625 0.3717687953125 0.201267215625 0.37173980625
0 0.21178176249999997 0.3781927703125 0.2116185296875 0.40625 0.2140625 0.40625 0.2140625 0.3781795015625 0.21178176249999997 0.3781927703125
0 0.215052271875 0.3765625 0.2147977328125 0.3984375 0.2171875 0.3984375 0.2171875 0.3765625 0.215052271875 0.3765625
0 0.2234375 0.3790852421875 0.21875 0.3790306984375 0.21875 0.391884575 0.2188626125 0.4015625 0.2234375 0.4015625 0.2234375 0.3790852421875
0 0.2181842296875 0.3696807828125 0.2176967484375 0.390625 0.2203125 0.390625 0.2203125 0.3696684 0.2181842296875 0.3696807828125
0 0.22241667031249998 0.3657880421875 0.2226511296875 0.3859375 0.225 0.3859375 0.225 0.3657730125 0.22241667031249998 0.3657880421875
0 0.22746175625 0.36335315625 0.22718078125000002 0.3875 0.23214696875000002 0.3875 0.23242760625 0.36338204687500003 0.22746175625 0.36335315625
0 0.255068921875 0.437805875 0.2551944078125 0.459375 0.259375 0.459375 0.259375 0.43773071249999995 0.255068921875 0.437805875
0 0.2668115390625 0.410812340625 0.26875 0.4107559375 0.26875 0.398477240625 0.266597321875 0.3985398765625 0.2668115390625 0.410812340625
0 0.27270863749999996 0.425 0.273324446875 0.3985423 0.266132525 0.3984167640625 0.265625 0.4202221328125 0.265625 0.425 0.27270863749999996 0.425
0 0.27430898125000003 0.41202957656250006 0.2740789859375 0.4515625 0.28125 0.4515625 0.28125 0.4119891953125 0.27430898125000003 0.41202957656250006
0 0.2947678484375 0.4330578015625 0.2943084796875 0.459375 0.3015625 0.459375 0.3015625 0.4329392 0.2947678484375 0.4330578015625
0 0.325 0.392771975 0.318926490625 0.3926659609375 0.31875 0.402777090625 0.31875 0.4234375 0.3248983296875 0.4234375 0.325 0.4176128296875 0.325 0.392771975
0 0.3329642828125 0.3954897703125 0.33242190625 0.4265625 0.3375 0.4265625 0.3375 0.39535779375 0.3329642828125 0.3954897703125
0 0.30696056718750003 0.3574754109375 0.3072229859375 0.36875 0.309375 0.36875 0.309375 0.3574192140625 0.30696056718750003 0.3574754109375
0 0.30625 0.3578125 0.304516046875 0.3578125 0.302469090625 0.35786014375 0.302405734375 0.36875 0.30625 0.36875 0.30625 0.3578125
0 0.257036109375 0.33988832812499997 0.2569591 0.353125 0.2609375 0.353125 0.2609375 0.3399564265625 0.257036109375 0.33988832812499997
0 0.243372209375 0.3278903609375 0.2441064625 0.353125 0.246875 0.353125 0.246875 0.3279311203125 0.243372209375 0.3278903609375
0 0.2974403734375 0.49327401249999997 0.2985424796875 0.540625 0.3078125 0.540625 0.3078125 0.493394703125 0.2974403734375 0.49327401249999997
0 0.328125 0.498758784375 0.3183618765625 0.49864517968750005 0.31914845468749997 0.543708134375 0.32274638125 0.54375 0.328125 0.54375 0.328125 0.498758784375
0 0.372817934375 0.4190043765625 0.3734407859375 0.4546875 0.38125 0.4546875 0.38125 0.41924972499999996 0.372817934375 0.4190043765625
0 0.380096134375 0.419376596875 0.380096134375 0.453125 0.3890625 0.453125 0.3890625 0.41942876093750003 0.380096134375 0.419376596875
0 0.4140625 0.4025131046875 0.407529253125 0.40247509531250003 0.407194559375 0.4312386828125 0.4091398359375 0.43125 0.4140625 0.43125 0.4140625 0.4025131046875
0 0.4318593609375 0.3847889765625 0.4320114890625 0.4109375 0.4359375 0.4109375 0.4359375 0.38481270312500004 0.4318593609375 0.3847889765625
0 0.43640099218749995 0.384784678125 0.4362488390625 0.4109375 0.440625 0.4109375 0.440625 0.3847355265625 0.43640099218749995 0.384784678125
0 0.44013875 0.378392740625 0.4394176296875 0.409375 0.446875 0.409375 0.446875 0.3784711234375 0.44013875 0.378392740625
0 0.353946003125 0.35360789375 0.354480278125 0.3765625 0.3578125 0.3765625 0.3578125 0.3536753828125 0.353946003125 0.35360789375
0 0.3559423296875 0.3234375 0.3561059625 0.309375 0.3524662078125 0.309375 0.352302575 0.3234375 0.3559423296875 0.3234375
0 0.3895044578125 0.3341928984375 0.39375 0.3341928984375 0.39375 0.317701775 0.3896004 0.317701775 0.3895044578125 0.3341928984375
0 0.4 0.353125 0.396875 0.353125 0.396875 0.371875 0.4 0.371875 0.4 0.353125
0 0.40098258124999997 0.354955790625 0.40119763593749996 0.3734375 0.4046875 0.3734375 0.4046875 0.3550204609375 0.40098258124999997 0.354955790625
0 0.425 0.3530631609375 0.421875 0.3530267984375 0.421875 0.3765625 0.425 0.3765625 0.425 0.3530631609375
0 0.417719478125 0.35361920156250004 0.4173190015625 0.3765625 0.4203125 0.3765625 0.4203125 0.35369465 0.417719478125 0.35361920156250004
0 0.41216331093749997 0.35338151875 0.4125679375 0.3765625 0.4171875 0.3765625 0.4171875 0.353264578125 0.41216331093749997 0.35338151875
0 0.409375 0.3540480953125 0.407085846875 0.3539948140625 0.4066573796875 0.3724035109375 0.40659694531249996 0.375 0.409375 0.375 0.409375 0.3540480953125
0 0.4031415 0.3631310171875 0.4031415 0.371875 0.40625 0.371875 0.40625 0.3631852765625 0.4031415 0.3631310171875
0 0.4630754625 0.36074057812500004 0.4629470515625 0.3828125 0.4682978203125 0.3828125 0.46842659375 0.36067831093749997 0.4630754625 0.36074057812500004
0 0.4890625 0.36646961718750004 0.484375 0.3664150734375 0.484375 0.3796875 0.4890625 0.3796875 0.4890625 0.36646961718750004
0 0.4890625 0.297515159375 0.48675120625 0.2974613640625 0.48668189375 0.309375 0.4890625 0.309375 0.4890625 0.297515159375
0 0.45406328125 0.309751103125 0.4539040265625 0.3234375 0.45749949843750004 0.3234375 0.45765924062499996 0.3097092609375 0.45406328125 0.309751103125
0 0.4176406234375 0.31432757968749997 0.4177466265625 0.3234375 0.4203125 0.3234375 0.4203125 0.3143586703125 0.4176406234375 0.31432757968749997
0 0.001817309375 0.33269854374999996 0.0015698578125 0.346875 0.003125 0.346875 0.003125 0.33266810625 0.001817309375 0.33269854374999996
0 0.0083457515625 0.315791378125 0.0085237171875 0.3234375 0.009375 0.3234375 0.009375 0.3157973671875 0.0083457515625 0.315791378125
0 0.009691775 0.318249140625 0.009601212500000001 0.3234375 0.0125 0.3234375 0.0125 0.31828181718750004 0.009691775 0.318249140625
0 0.029150145312499997 0.28668470625000003 0.029350959375000003 0.2953125 0.0296875 0.2953125 0.0296875 0.28667220000000004 0.029150145312499997 0.28668470625000003
0 0.0314715390625 0.286266796875 0.0315949765625 0.296875 0.0343340140625 0.296875 0.034211318750000004 0.28633056562500003 0.0314715390625 0.286266796875
0 0.034764725 0.28718973281250004 0.034764725 0.2984375 0.0359375 0.2984375 0.0359375 0.2872033796875 0.034764725 0.28718973281250004
0 0.0403222 0.312280275 0.0403974828125 0.31875 0.0421875 0.31875 0.0421875 0.312312834375 0.0403222 0.312280275
0 0.047212146875 0.28622973281249997 0.046947865625 0.2953125 0.05 0.2953125 0.05 0.2862621734375 0.047212146875 0.28622973281249997
0 0.056140557812500005 0.28547171875 0.05617053749999999 0.290625 0.0578125 0.290625 0.0578125 0.28548144531249997 0.056140557812500005 0.28547171875
0 0.0630065796875 0.282199628125 0.0628468453125 0.2890625 0.0640625 0.2890625 0.0640625 0.282181196875 0.0630065796875 0.282199628125
0 0.0601394703125 0.3008302421875 0.060207364062500004 0.3125 0.0625 0.3125 0.0625 0.30076155781249997 0.0601394703125 0.3008302421875
0 0.0634190765625 0.299446709375 0.063352225 0.3109375 0.0640625 0.3109375 0.0640625 0.29945794062500003 0.0634190765625 0.299446709375
0 0.10853507031250001 0.299177875 0.1086633078125 0.3046875 0.1109375 0.3046875 0.1109375 0.299177875 0.10853507031250001 0.299177875
0 0.1140625 0.3057864859375 0.1140625 0.30625 0.11693117812500001 0.30625 0.1170948203125 0.296875 0.1142180515625 0.296875 0.1140625 0.3057864859375
0 0.12448162656249999 0.296244465625 0.1247145078125 0.30625 0.125 0.30625 0.125 0.296244465625 0.12448162656249999 0.296244465625
0 0.1359375 0.3005030890625 0.134375 0.3005303625 0.134375 0.30537041249999997 0.1343801171875 0.30625 0.1359375 0.30625 0.1359375 0.3005030890625
0 0.12783796249999999 0.29917686250000003 0.127741775 0.3046875 0.1296875 0.3046875 0.1296875 0.299198384375 0.12783796249999999 0.29917686250000003
0 0.1290772453125 0.31628669375 0.12942551875 0.33125 0.13125 0.33125 0.13125 0.316337265625 0.1290772453125 0.31628669375
0 0.16789706875 0.3319351015625 0.16789706875 0.346875 0.1703125 0.346875 0.1703125 0.33186481875 0.16789706875 0.3319351015625
0 0.1631418296875 0.3306364140625 0.1633126015625 0.3453125 0.1671875 0.3453125 0.1671875 0.330683490625 0.1631418296875 0.3306364140625
0 0.1765625 0.328474128125 0.1765321453125 0.3258654609375 0.17412113906249999 0.32587948906249997 0.174238175 0.3359375 0.1765625 0.3359375 0.1765625 0.328474128125
0 0.190625 0.3109375 0.190625 0.3015625 0.18755930625 0.3015625 0.1875 0.30496012031249997 0.1875 0.3109375 0.190625 0.3109375
0 0.1927190234375 0.30337855468749997 0.1929313265625 0.3125 0.19512374375 0.3125 0.194910846875 0.30335305 0.1927190234375 0.30337855468749997
0 0.19430791875 0.29932728750000004 0.19401555937499998 0.309375 0.1968654140625 0.309375 0.196875 0.309045534375 0.196875 0.2993422234375 0.19430791875 0.29932728750000004
0 0.19497945 0.309714653125 0.19497945 0.3234375 0.196875 0.3234375 0.196875 0.3096705328125 0.19497945 0.309714653125
0 0.190625 0.28472379375 0.1875 0.28472379375 0.1875 0.29375 0.190625 0.29375 0.190625 0.28472379375
0 0.23034580624999998 0.2983815203125 0.2328125 0.29832410781249996 0.2328125 0.2892697359375 0.23008252968749998 0.28933327656249996 0.23034580624999998 0.2983815203125
0 0.2436300875 0.2975809140625 0.243537415625 0.3015625 0.246875 0.3015625 0.246875 0.29754315625 0.2436300875 0.2975809140625
0 0.3648298421875 0.3149769171875 0.36468216249999996 0.3234375 0.3671875 0.3234375 0.3671875 0.3150317921875 0.3648298421875 0.3149769171875
0 0.3375 0.289432740625 0.325 0.28921455156250003 0.325 0.2984375 0.3375 0.2984375 0.3375 0.289432740625
0 0.396875 0.271875 0.384116978125 0.271875 0.36684181875 0.2721765390625 0.3666453328125 0.2890625 0.38796387499999996 0.2890625 0.396875 0.28890695625 0.396875 0.271875
0 0.4890625 0.505328284375 0.4636731515625 0.505328284375 0.46398554531249997 0.51875 0.4890625 0.51875 0.4890625 0.505328284375
0 0.06875 0.2632482375 0.0328125 0.2638755296875 0.0328125 0.278125 0.06875 0.278125 0.06875 0.2632482375
0 0.121875 0.278125 0.121875 0.2549865390625 0.1094914296875 0.2548424421875 0.109375 0.26484836875 0.109375 0.278125 0.121875 0.278125
0 0.15894959687500002 0.4638828453125 0.1765625 0.4636779 0.1765625 0.44718677500000004 0.15894959687500002 0.44739172031249996 0.15894959687500002 0.4638828453125
0 0.211814821875 0.5034511640625 0.21146595937499998 0.5234375 0.221875 0.5234375 0.221875 0.5033926359375 0.211814821875 0.5034511640625
0 0.171875 0.4734375 0.1504268234375 0.4734375 0.148031928125 0.473507184375 0.1485758203125 0.496875 0.1626790453125 0.496875 0.171875 0.496607425 0.171875 0.4734375
0 0.2390625 0.440625 0.2236908921875 0.440625 0.2140625 0.4409051578125 0.2140625 0.4671875 0.21979220625 0.4671875 0.2390625 0.4666267921875 0.2390625 0.440625
0 0.2257080953125 0.39181398437500004 0.22604189687499998 0.4109375 0.2451195296875 0.4109375 0.24478572812500002 0.39181398437500004 0.2257080953125 0.39181398437500004
0 0.2161515609375 0.4030198171875 0.2160230671875 0.4140625 0.2265625 0.4140625 0.2265625 0.4027775 0.2161515609375 0.4030198171875
0 0.24021461562500002 0.38452581874999997 0.24043017031249997 0.396875 0.2484375 0.396875 0.2484375 0.38462150156249997 0.24021461562500002 0.38452581874999997
0 0.28125 0.453125 0.280166759375 0.453125 0.2650603828125 0.4532128859375 0.26484322968749996 0.471875 0.2740202546875 0.471875 0.28125 0.47183293906249996 0.28125 0.453125
0 0.3040206890625 0.45144284375000004 0.303745865625 0.4671875 0.325 0.4671875 0.325 0.451564896875 0.3040206890625 0.45144284375000004
0 0.29432248906249997 0.5424373578125 0.29387086406249996 0.58125 0.328125 0.58125 0.328125 0.5428306859375 0.29432248906249997 0.5424373578125
0 0.1807672796875 0.5498760265625 0.2109375 0.5498760265625 0.2109375 0.5127230593750001 0.180334965625 0.5127230593750001 0.1807672796875 0.5498760265625
0 0.34232436875 0.44011094531249995 0.3671875 0.43996629531250003 0.3671875 0.41934959843749997 0.341844575 0.41949704062500004 0.34232436875 0.44011094531249995
0 0.3928230453125 0.4457959890625 0.392689503125 0.46875 0.42747656875000006 0.46875 0.42760540156250004 0.44660555625000004 0.3928230453125 0.4457959890625
0 0.014464126562499999 0.31585544374999996 0.014303175000000001 0.3296875 0.0203125 0.3296875 0.0203125 0.31588946875 0.014464126562499999 0.31585544374999996
0 0.0430096734375 0.3239143015625 0.043144046874999994 0.3296875 0.05 0.3296875 0.05 0.3239143015625 0.0430096734375 0.3239143015625
0 0.177640321875 0.3306552171875 0.1775424953125 0.3390625 0.1890625 0.3390625 0.1890625 0.3306552171875 0.177640321875 0.3306552171875
0 0.5125 0.55 0.534375 0.55 0.534375 0.498737434375 0.5214886484375001 0.4984375 0.5125 0.4984375 0.5125 0.55
0 0 0.6999985953125 0.0635280078125 0.6996290000000001 0.0640625 0.6812597046875 0.0640625 0.6375 0 0.6375 0 0.6999985953125
