0 0.041213725 0.3110175140625 0.041213725 0.3265625 0.0453125 0.3265625 0.0453125 0.31108905781249996 0.041213725 0.3110175140625
0 0.17592464531250002 0.4983375578125 0.176089440625 0.5125 0.18125 0.5125 0.18125 0.49827559062500004 0.17592464531250002 0.4983375578125
0 0.2177681890625 0.3969137171875 0.217985703125 0.409375 0.221875 0.409375 0.221875 0.39686593124999997 0.2177681890625 0.3969137171875
0 0.2128695109375 0.3414691875 0.21259821875 0.353125 0.21875 0.353125 0.21875 0.341434975 0.2128695109375 0.3414691875
0 0.10816978749999999 0.3348616328125 0.10801464062499999 0.34375 0.1109375 0.34375 0.1109375 0.33484553125 0.10816978749999999 0.3348616328125
0 0.2033931359375 0.22421958125 0.2033931359375 0.2328125 0.2078125 0.2328125 0.2078125 0.2242710046875 0.2033931359375 0.22421958125
0 0.24756759375 0.21317691249999998 0.24756759375 0.221875 0.2546875 0.221875 0.2546875 0.21305263437500002 0.24756759375 0.21317691249999998
0 0.293529590625 0.060362815624999996 0.29372816875 0.0671875 0.296875 0.0671875 0.296875 0.060401742187499996 0.293529590625 0.060362815624999996
0 0.237879928125 0.07725285625 0.2378334171875 0.08125 0.240625 0.08125 0.240625 0.077204940625 0.237879928125 0.07725285625
0 0.1421875 0.025 0.1359375 0.025 0.1359375 0.0296875 0.1421875 0.0296875 0.1421875 0.025
0 0.2314943328125 0.1692643546875 0.231406421875 0.184375 0.2359375 0.184375 0.2359375 0.16913507187500001 0.2314943328125 0.1692643546875
0 0.025136204687500004 0.4422105296875 0.02568118125 0.465625 0.034375 0.465625 0.034375 0.44199549375 0.025136204687500004 0.4422105296875
0 0.11247019375 0.022908607812500002 0.1128098125 0.0375 0.115625 0.0375 0.115625 0.023000403125 0.11247019375 0.022908607812500002
0 0.29095856875 0.1 0.2984375 0.1 0.2984375 0.0918533890625 0.29840890937500003 0.090625 0.2907403625 0.090625 0.29095856875 0.1
0 0.26788478125 0.030479670312500002 0.26791653437499996 0.0359375 0.2703125 0.0359375 0.2703125 0.0304372953125 0.26788478125 0.030479670312500002
0 0.21623600625 0.0158401375 0.21601494531249998 0.0234375 0.21875 0.0234375 0.21875 0.01588401875 0.21623600625 0.0158401375
0 0.18847174375 0.059375 0.18858083750000001 0.065625 0.1921875 0.065625 0.1921875 0.059375 0.18847174375 0.059375
0 0.17443085625000002 0.0678949328125 0.17438951875 0.075 0.178125 0.075 0.178125 0.067873440625 0.17443085625000002 0.0678949328125
0 0.2505569171875 0.12609366875 0.250255065625 0.1390625 0.2546875 0.1390625 0.2546875 0.12614173281250002 0.2505569171875 0.12609366875
0 0.25334025 0.2544418984375 0.25625 0.2544249703125 0.25625 0.2459284984375 0.25334025 0.24594542656249999 0.25334025 0.2544418984375
0 0.25552520625 0.23036290625000003 0.25552520625 0.2359375 0.2578125 0.2359375 0.2578125 0.2303495984375 0.25552520625 0.23036290625000003
0 0.156553821875 0.2773609 0.1566354375 0.284375 0.159375 0.284375 0.159375 0.2774429875 0.156553821875 0.2773609
0 0.1097229609375 0.323526325 0.10993959843750001 0.3359375 0.1125 0.3359375 0.1125 0.32351016875 0.1097229609375 0.323526325
0 0.03699939375 0.442247721875 0.0375435078125 0.465625 0.0421875 0.465625 0.0421875 0.4422779046875 0.03699939375 0.442247721875
0 0.0533415328125 0.10904771875 0.05314490468750001 0.1203125 0.057407082812499996 0.1203125 0.0576024125 0.10912209218749999 0.0533415328125 0.10904771875
0 0.0831844484375 0.123705946875 0.08289975468750001 0.1359375 0.0859375 0.1359375 0.0859375 0.1237379828125 0.0831844484375 0.123705946875
0 0.103488909375 0.05898709375 0.1078125 0.05898709375 0.1078125 0.049233490625 0.103375415625 0.049233490625 0.103488909375 0.05898709375
0 0.7382587968750001 0.13639639374999998 0.7427690218749999 0.13639639374999998 0.7427690218749999 0.1256349859375 0.7382587968750001 0.1256349859375 0.7382587968750001 0.13639639374999998
0 0.7356186640625 0.12172174531249999 0.739908878125 0.12172174531249999 0.739908878125 0.1101776890625 0.7356186640625 0.1101776890625 0.7356186640625 0.12172174531249999
0 0.6753356421875 0.1338527890625 0.6785258015625 0.1338527890625 0.6785258015625 0.1242653515625 0.6753356421875 0.1242653515625 0.6753356421875 0.1338527890625
0 0.6710454265625 0.1338527890625 0.6753356421875 0.1338527890625 0.6753356421875 0.12348270312500001 0.6710454265625 0.12348270312500001 0.6710454265625 0.1338527890625
0 0.7004169 0.1882468203125 0.7033870484375 0.1882468203125 0.7033870484375 0.1776810734375 0.7004169 0.1776810734375 0.7004169 0.1882468203125
0 0.659054825 0.1833552703125 0.6625750015625 0.1833552703125 0.6625750015625 0.1735721703125 0.659054825 0.1735721703125 0.659054825 0.1833552703125
0 0.8689441437500001 0.289228196875 0.8728163375 0.289228196875 0.8728163375 0.27921030468749997 0.8689441437500001 0.27921030468749997 0.8689441437500001 0.289228196875
0 0.8729237 0.29128624062499997 0.8767958953124999 0.29128624062499997 0.8767958953124999 0.2809552890625 0.8729237 0.2809552890625 0.8729237 0.29128624062499997
0 0.865355321875 0.2635805046875 0.8713396218749999 0.2635805046875 0.8713396218749999 0.2510581375 0.865355321875 0.2510581375 0.865355321875 0.2635805046875
0 0.8660593562500001 0.24996243125 0.869227515625 0.24996243125 0.869227515625 0.23916188906250002 0.8660593562500001 0.23916188906250002 0.8660593562500001 0.24996243125
0 0.6754418015625 0.3576547859375 0.6810740843749999 0.3576547859375 0.6810740843749999 0.34560200625 0.6754418015625 0.34560200625 0.6754418015625 0.3576547859375
0 0.912724525 0.2803489859375 0.9199760890625001 0.2803489859375 0.9199760890625001 0.2624420015625 0.912724525 0.2624420015625 0.912724525 0.2803489859375
0 0.8331685375 0.23364055781249998 0.8382375921874999 0.23364055781249998 0.8382375921874999 0.2179876 0.8331685375 0.2179876 0.8331685375 0.23364055781249998
0 0.8275362546875 0.2380233859375 0.8327461156249999 0.2380233859375 0.8327461156249999 0.21848849375 0.8275362546875 0.21848849375 0.8275362546875 0.2380233859375
0 0.836899925 0.23965129375 0.842954628125 0.23965129375 0.842954628125 0.2261271390625 0.836899925 0.2261271390625 0.836899925 0.23965129375
0 0.8607667203125 0.2312613078125 0.87132725 0.2312613078125 0.87132725 0.22324699374999998 0.8607667203125 0.22324699374999998 0.8607667203125 0.2312613078125
0 0.829014728125 0.271708553125 0.8333797484375 0.271708553125 0.8333797484375 0.26006275156249997 0.829014728125 0.26006275156249997 0.829014728125 0.271708553125
0 0.519033146875 0.9551344187499999 0.519033146875 0.9890625 0.526314665625 0.9890625 0.526314665625 0.9552615187499999 0.519033146875 0.9551344187499999
0 0.4484375 1 0.4484375 0.996382234375 0.443300771875 0.9964420046875 0.44336287656250006 1 0.4484375 1
0 0.42707225781249997 0.9475440593750001 0.4263968453125 0.9765625 0.434375 0.9765625 0.434375 0.9475015734374999 0.42707225781249997 0.9475440593750001
0 0.42002675937499995 0.9421638250000001 0.41956269687500003 0.96875 0.4265625 0.96875 0.4265625 0.9421258015625 0.42002675937499995 0.9421638250000001
0 0.40278872187500003 0.9488694890625 0.40278872187500003 0.965625 0.4125 0.965625 0.4125 0.948982490625 0.40278872187500003 0.9488694890625
0 0.386638015625 0.9717912484374999 0.3921875 0.9716943812500001 0.3921875 0.9616560359375 0.386638015625 0.9617529031250001 0.386638015625 0.9717912484374999
0 0.381506340625 0.968397565625 0.3820167 0.9859375 0.3890625 0.9859375 0.3890625 0.9684854906249999 0.381506340625 0.968397565625
0 0.38040012968750003 0.9171875 0.380054684375 0.946875 0.3875 0.946875 0.3875 0.9171875 0.38040012968750003 0.9171875
0 0.3671875 0.9143695328125 0.359637546875 0.9143695328125 0.359375 0.923392675 0.359375 0.9484375 0.366994115625 0.9484375 0.3671875 0.9417913375000001 0.3671875 0.9143695328125
0 0.3257439234375 0.954263521875 0.32522490937500004 0.9765625 0.3484375 0.9765625 0.3484375 0.9537353234375001 0.3257439234375 0.954263521875
0 0.1015625 0.946875 0.1015625 0.930171284375 0.0939488859375 0.9303928171875 0.09375 0.9417869984374999 0.09375 0.946875 0.1015625 0.946875
0 0.0769681890625 0.8995895859375 0.076667696875 0.9125 0.084375 0.9125 0.084375 0.89976198125 0.0769681890625 0.8995895859375
0 0.10625 1 0.10625 0.946875 0.103376309375 0.946875 0.0910663203125 0.947233184375 0.09075933124999999 1 0.10625 1
0 0.10502805781249999 0.9040326796875 0.1059161203125 0.9421875 0.1125 0.9421875 0.1125 0.9038587671875 0.10502805781249999 0.9040326796875
0 0.0984375 0.8546875 0.0984375 0.9015625 0.1072291125 0.9015625 0.1078125 0.876497796875 0.1078125 0.8546875 0.0984375 0.8546875
0 0.0580452375 0.8432938156249999 0.06875 0.8430446593750001 0.06875 0.8284355203124999 0.057705390625 0.8286925859375 0.0580452375 0.8432938156249999
0 0.0665551109375 0.8296875 0.066809684375 0.81875 0.0614104703125 0.81875 0.061155896875000004 0.8296875 0.0665551109375 0.8296875
0 0.075999965625 0.807042828125 0.076227096875 0.8265625 0.08125 0.8265625 0.08125 0.8069511875 0.075999965625 0.807042828125
0 0.08078555781249999 0.8196795 0.08127306875 0.840625 0.0859375 0.840625 0.0859375 0.81982940625 0.08078555781249999 0.8196795
0 0.09460484999999999 0.8260487984375 0.09501685 0.84375 0.1 0.84375 0.1 0.8260801859375 0.09460484999999999 0.8260487984375
0 0.098581146875 0.805292915625 0.098581146875 0.8234375 0.1046875 0.8234375 0.1046875 0.805292915625 0.098581146875 0.805292915625
0 0.1025004 0.7959870765625 0.10298087656249999 0.8125 0.1078125 0.8125 0.1078125 0.7961416437500001 0.1025004 0.7959870765625
0 0.0927995109375 0.8015625 0.0930904515625 0.8140625 0.0984375 0.8140625 0.0984375 0.8015625 0.0927995109375 0.8015625
0 0.1342610640625 0.8412310921875001 0.13440298281250002 0.865625 0.1375 0.865625 0.1375 0.84117455625 0.1342610640625 0.8412310921875001
0 0.13703237343750002 0.83056321875 0.13610310781249998 0.8625 0.1390625 0.8625 0.1390625 0.8305986546874999 0.13703237343750002 0.83056321875
0 0.1410804875 0.830092959375 0.1417552484375 0.86875 0.146875 0.86875 0.146875 0.830092959375 0.1410804875 0.830092959375
0 0.1431973171875 0.8194080093749999 0.1430557 0.84375 0.15 0.84375 0.15 0.8193684328125 0.1431973171875 0.8194080093749999
0 0.1703125 0.9625 0.1703125 0.9127182906249999 0.158316590625 0.91257870625 0.1578125 0.9342364859375 0.1578125 0.9625 0.1703125 0.9625
0 0.1719775859375 0.9135547421875 0.1719775859375 0.934375 0.1859375 0.934375 0.1859375 0.9134735265625 0.1719775859375 0.9135547421875
0 0.19076495625 0.8927129671875 0.19076495625 0.9421875 0.2015019921875 0.9421875 0.2015019921875 0.8926505015625 0.19076495625 0.8927129671875
0 0.27434123593750004 0.95586778125 0.274672946875 0.984375 0.28125 0.984375 0.28125 0.9560688062499999 0.27434123593750004 0.95586778125
0 0.280877759375 0.9390625 0.28139595625 0.96875 0.2859375 0.96875 0.2859375 0.9390625 0.280877759375 0.9390625
0 0.284012646875 0.9275210828125001 0.2847904234375 0.9609375 0.2890625 0.9609375 0.2890625 0.9275504609375 0.284012646875 0.9275210828125001
0 0.2989596 0.8994135421875 0.2994096609375 0.91875 0.3046875 0.91875 0.3046875 0.8993135609374999 0.2989596 0.8994135421875
0 0.259375 0.9703125 0.259375 0.9224497828124999 0.2539410421875 0.9225130125 0.253125 0.9692640843749999 0.253125 0.9703125 0.259375 0.9703125
0 0.2375 0.8927210406249999 0.2375 0.921875 0.246818515625 0.921875 0.246875 0.9186390015624999 0.246875 0.8928846828125 0.2375 0.8927210406249999
0 0.2298091796875 0.8857252140625 0.2292587234375 0.909375 0.2359375 0.909375 0.2359375 0.8857965234374999 0.2298091796875 0.8857252140625
0 0.228125 0.9082927015625 0.2279392078125 0.8976486734375 0.217748965625 0.8977079578125 0.21855263281249998 0.94375 0.228125 0.94375 0.228125 0.9082927015625
0 0.21709924531250002 0.898001625 0.221875 0.8980849859375001 0.221875 0.8740377875 0.21667937187500003 0.8739470984375 0.21709924531250002 0.898001625
0 0.21790379999999998 0.8675252234374999 0.2178603125 0.875 0.21875 0.875 0.21875 0.86753999375 0.21790379999999998 0.8675252234374999
0 0.22084481406249998 0.8666915609375 0.2208055671875 0.8734375 0.2234375 0.8734375 0.2234375 0.8666915609375 0.22084481406249998 0.8666915609375
0 0.221875 0.8582236906249999 0.21875 0.8582236906249999 0.21875 0.865625 0.221875 0.865625 0.221875 0.8582236906249999
0 0.207379565625 0.855411690625 0.2078074921875 0.8921875 0.2140625 0.8921875 0.2140625 0.855411690625 0.207379565625 0.855411690625
0 0.20675198749999998 0.8438857625 0.20657175468750003 0.859375 0.2109375 0.859375 0.2109375 0.8438370593750001 0.20675198749999998 0.8438857625
0 0.2092509609375 0.8373687234375 0.20906606874999997 0.8453125 0.2109375 0.8453125 0.2109375 0.8373785359374999 0.2092509609375 0.8373687234375
0 0.2171875 0.839938025 0.2140625 0.8399743875000001 0.2140625 0.853125 0.2171875 0.853125 0.2171875 0.839938025
0 0.216571253125 0.8296875 0.216571253125 0.8375 0.2203125 0.8375 0.2203125 0.8296875 0.216571253125 0.8296875
0 0.2220082625 0.8295651765625 0.22233007031250002 0.840625 0.225 0.840625 0.225 0.8294955421875001 0.2220082625 0.8295651765625
0 0.22317221250000002 0.81820970625 0.22334213125 0.8328125 0.2265625 0.8328125 0.2265625 0.8182886171874999 0.22317221250000002 0.81820970625
0 0.24047878125 0.8328603671874999 0.24056940624999998 0.8484375 0.24375 0.8484375 0.24375 0.8329365062499999 0.24047878125 0.8328603671874999
0 0.2351023765625 0.8486783984375 0.234759734375 0.878125 0.241763309375 0.878125 0.24210642500000001 0.84863765 0.2351023765625 0.8486783984375
0 0.24944776875 0.8504146515625 0.248800440625 0.8875 0.25625 0.8875 0.25625 0.8505333859374999 0.24944776875 0.8504146515625
0 0.2595799703125 0.850825415625 0.25969763437500004 0.8609375 0.2640625 0.8609375 0.2640625 0.8507993390624999 0.2595799703125 0.850825415625
0 0.2515625 0.82206445625 0.25 0.8220371828124999 0.25 0.828125 0.2515625 0.828125 0.2515625 0.82206445625
0 0.204104134375 0.8216582609374999 0.2038834375 0.840625 0.209375 0.840625 0.209375 0.8217195937499999 0.204104134375 0.8216582609374999
0 0.19803034375 0.8117129296875 0.1985077328125 0.8390625 0.203125 0.8390625 0.203125 0.8118018578124999 0.19803034375 0.8117129296875
0 0.29145620625 0.91705971875 0.296875 0.91705971875 0.296875 0.8836521062500001 0.2910674734375 0.8836521062500001 0.29145620625 0.91705971875
0 0.284375 0.883730865625 0.284375 0.9152855390625 0.2904404359375 0.9153914109375 0.290625 0.9090483453125 0.290625 0.8838399593750002 0.284375 0.883730865625
0 0.2796875 0.872159446875 0.275 0.87205034375 0.275 0.9015625 0.2796875 0.9015625 0.2796875 0.872159446875
0 0.28069329375 0.862800834375 0.2809443328125 0.884375 0.2875 0.884375 0.2875 0.8629196468749999 0.28069329375 0.862800834375
0 0.5026856171875 0.925004371875 0.50246750625 0.9375 0.50625 0.9375 0.50625 0.9250873328125 0.5026856171875 0.925004371875
0 0.48757698437499997 0.934231740625 0.4967636890625 0.934231740625 0.4967636890625 0.916710265625 0.48757698437499997 0.916710265625 0.48757698437499997 0.934231740625
0 0.4849708265625 0.9210322296874999 0.48959675625 0.9210322296874999 0.48959675625 0.9101689140625 0.4849708265625 0.9101689140625 0.4849708265625 0.9210322296874999
0 0.4880330609375 0.9151917375 0.49252868281250006 0.9151917375 0.49252868281250006 0.90666461875 0.4880330609375 0.90666461875 0.4880330609375 0.9151917375
0 0.4669352703125 0.7659633765625 0.4740932953125 0.7659633765625 0.4740932953125 0.7562672484374999 0.4669352703125 0.7562672484374999 0.4669352703125 0.7659633765625
0 0.4955673671875 0.7728077015625 0.504793265625 0.7728077015625 0.504793265625 0.761970853125 0.4955673671875 0.761970853125 0.4955673671875 0.7728077015625
0 0.5081336765625 0.7730928828125 0.512587559375 0.7730928828125 0.512587559375 0.763681934375 0.5081336765625 0.763681934375 0.5081336765625 0.7730928828125
0 0.515768903125 0.77708540625 0.5219725234375 0.77708540625 0.5219725234375 0.767104096875 0.515768903125 0.767104096875 0.515768903125 0.77708540625
0 0.5319937578125 0.7807927484375 0.53994711875 0.7807927484375 0.53994711875 0.770526259375 0.5319937578125 0.770526259375 0.5319937578125 0.7807927484375
0 0.545991671875 0.78592599375 0.5491730171875 0.78592599375 0.5491730171875 0.7753743249999999 0.545991671875 0.7753743249999999 0.545991671875 0.78592599375
0 0.5491730171875 0.7847852734374999 0.5520362265625 0.7847852734374999 0.5520362265625 0.7719521609375001 0.5491730171875 0.7719521609375001 0.5491730171875 0.7847852734374999
0 0.5520362265625 0.7847852734374999 0.556331040625 0.7847852734374999 0.556331040625 0.776229865625 0.5520362265625 0.776229865625 0.5520362265625 0.7847852734374999
0 0.5599895859374999 0.776229865625 0.5548994359375 0.776229865625 0.5548994359375 0.788492615625 0.5599895859374999 0.788492615625 0.5599895859374999 0.776229865625
0 0.5668294765625 0.788492615625 0.572396828125 0.788492615625 0.572396828125 0.779652028125 0.5668294765625 0.779652028125 0.5668294765625 0.788492615625
0 0.580191121875 0.7907740578125 0.5868719437500001 0.7907740578125 0.5868719437500001 0.7842149125000001 0.580191121875 0.7842149125000001 0.580191121875 0.7907740578125
0 0.46129891250000005 0.8985524765624999 0.46686626562500005 0.8985524765624999 0.46686626562500005 0.884649940625 0.46129891250000005 0.884649940625 0.46129891250000005 0.8985524765624999
0 0.4541408890625 0.8974830515625 0.459907075 0.8974830515625 0.459907075 0.8857193656250001 0.4541408890625 0.8857193656250001 0.4541408890625 0.8974830515625
0 0.444398021875 0.8910664953125 0.4541408890625 0.8910664953125 0.4541408890625 0.878589859375 0.444398021875 0.878589859375 0.444398021875 0.8910664953125
0 0.45453855625 0.8857193656250001 0.4575210671875 0.8857193656250001 0.4575210671875 0.8743121546874999 0.45453855625 0.8743121546874999 0.45453855625 0.8857193656250001
0 0.4575210671875 0.8857193656250001 0.4620942484375 0.8857193656250001 0.4620942484375 0.878589859375 0.4575210671875 0.878589859375 0.4575210671875 0.8857193656250001
0 0.457569359375 0.8638534546875001 0.463198659375 0.8638534546875001 0.463198659375 0.8510510968749999 0.457569359375 0.8510510968749999 0.457569359375 0.8638534546875001
0 0.461791334375 0.8605827796875 0.4663781703125 0.8605827796875 0.4663781703125 0.8490886921874999 0.461791334375 0.8490886921874999 0.461791334375 0.8605827796875
0 0.413213121875 0.8610037734375 0.41957580937500005 0.8610037734375 0.41957580937500005 0.8499530375 0.413213121875 0.8499530375 0.413213121875 0.8610037734375
0 0.40227725000000003 0.858864921875 0.408242271875 0.858864921875 0.408242271875 0.8471012359374999 0.40227725000000003 0.8471012359374999 0.40227725000000003 0.858864921875
0 0.40019983281249993 0.80411886875 0.40345752968750004 0.80411886875 0.40345752968750004 0.7982783765624999 0.40019983281249993 0.7982783765624999 0.40019983281249993 0.80411886875
0 0.3927682140625 0.7997384999999999 0.39551689375 0.7997384999999999 0.39551689375 0.7926204 0.3927682140625 0.7926204 0.3927682140625 0.7997384999999999
0 0.3336206625 0.775646471875 0.3377945859375 0.775646471875 0.3377945859375 0.7687108890625 0.3336206625 0.7687108890625 0.3336206625 0.775646471875
0 0.330770178125 0.7701710109375 0.3336206625 0.7701710109375 0.3336206625 0.7657906421874999 0.330770178125 0.7657906421874999 0.330770178125 0.7701710109375
0 0.317433984375 0.7617753046875 0.32130249843750003 0.7617753046875 0.32130249843750003 0.753379596875 0.317433984375 0.753379596875 0.317433984375 0.7617753046875
0 0.3151943171875 0.7794792953125 0.3184520140625 0.7794792953125 0.3184520140625 0.7738213187499999 0.3151943171875 0.7738213187499999 0.3151943171875 0.7794792953125
0 0.3141762875 0.7721786796875 0.317230378125 0.7721786796875 0.317230378125 0.7677983125 0.3141762875 0.7677983125 0.3141762875 0.7721786796875
0 0.3121402265625 0.7721786796875 0.3141762875 0.7721786796875 0.3141762875 0.7665207046875 0.3121402265625 0.7665207046875 0.3121402265625 0.7721786796875
0 0.3075590921875 0.7878750015625 0.3103077734375 0.7878750015625 0.3103077734375 0.7813044484375 0.3075590921875 0.7813044484375 0.3075590921875 0.7878750015625
0 0.3146853015625 0.80411886875 0.31967365000000003 0.80411886875 0.31967365000000003 0.795175615625 0.3146853015625 0.795175615625 0.3146853015625 0.80411886875
0 0.31102039375 0.8032062921875 0.3130564546875 0.8032062921875 0.3130564546875 0.7962707078125 0.31102039375 0.7962707078125 0.31102039375 0.8032062921875
0 0.3013491078125 0.8097768453124999 0.3071518796875 0.8097768453124999 0.3071518796875 0.801198621875 0.3013491078125 0.801198621875 0.3013491078125 0.8097768453124999
0 0.311733015625 0.8302185640624999 0.31661955937499997 0.8302185640624999 0.31661955937499997 0.8141572125 0.311733015625 0.8141572125 0.311733015625 0.8302185640624999
0 0.3152961203125 0.819632675 0.322931346875 0.819632675 0.322931346875 0.8079516906249999 0.3152961203125 0.8079516906249999 0.3152961203125 0.819632675
0 0.325883634375 0.8335038421875 0.33148279999999997 0.8335038421875 0.33148279999999997 0.817442490625 0.325883634375 0.817442490625 0.325883634375 0.8335038421875
0 0.33321345 0.8437247015625001 0.337387375 0.8437247015625001 0.337387375 0.8269332890625 0.33321345 0.8269332890625 0.33321345 0.8437247015625001
0 0.342375721875 0.8294885031250001 0.348280296875 0.8294885031250001 0.348280296875 0.8179900359375001 0.342375721875 0.8179900359375001 0.342375721875 0.8294885031250001
0 0.3520470078125 0.8347814484375 0.35581371875 0.8347814484375 0.35581371875 0.82328298125 0.3520470078125 0.82328298125 0.3520470078125 0.8347814484375
0 0.3423699609375 0.8877292390625 0.352112828125 0.8877292390625 0.352112828125 0.8763220281249999 0.3423699609375 0.8763220281249999 0.3423699609375 0.8877292390625
0 0.36245219687499997 0.8492299046875 0.3672242125 0.8492299046875 0.3672242125 0.8349708921874999 0.36245219687499997 0.8349708921874999 0.36245219687499997 0.8492299046875
0 0.3702067234375 0.8549335093749999 0.3749787390625 0.8549335093749999 0.3749787390625 0.8424568750000001 0.3702067234375 0.8424568750000001 0.3702067234375 0.8549335093749999
0 0.3787565859375 0.8627759671874999 0.3843239375 0.8627759671874999 0.3843239375 0.8453086765625001 0.3787565859375 0.8453086765625001 0.3787565859375 0.8627759671874999
0 0.42448840781249997 0.75226861875 0.431845265625 0.75226861875 0.431845265625 0.7440696875 0.42448840781249997 0.7440696875 0.42448840781249997 0.75226861875
0 0.3920784640625 0.747277965625 0.4008271609375 0.747277965625 0.4008271609375 0.7351578046875 0.3920784640625 0.7351578046875 0.3920784640625 0.747277965625
0 0.3515163265625 0.7340883781249999 0.35887318437500004 0.7340883781249999 0.35887318437500004 0.725532971875 0.3515163265625 0.725532971875 0.3515163265625 0.7340883781249999
0 0.3332235984375 0.7326624765625 0.34058045625 0.7326624765625 0.34058045625 0.7201858421875 0.3332235984375 0.7201858421875 0.3332235984375 0.7326624765625
0 0.317913378125 0.726245921875 0.325469071875 0.726245921875 0.325469071875 0.7148387109375001 0.317913378125 0.7148387109375001 0.317913378125 0.726245921875
0 0.3061964890625 0.723625115625 0.31169385156249996 0.723625115625 0.31169385156249996 0.7126741937500001 0.3061964890625 0.7126741937500001 0.3061964890625 0.723625115625
0 0.2889917796875 0.70865885625 0.284105234375 0.70865885625 0.284105234375 0.7181496546874999 0.2889917796875 0.7181496546874999 0.2889917796875 0.70865885625
0 0.26038513281250003 0.7132217390625 0.26791855625 0.7132217390625 0.26791855625 0.7033659109375 0.26038513281250003 0.7033659109375 0.26038513281250003 0.7132217390625
0 0.26455905625 0.7267278765625 0.2752483734375 0.7267278765625 0.2752483734375 0.7159594703125001 0.26455905625 0.7159594703125001 0.26455905625 0.7267278765625
0 0.2543787546875 0.7112140703125001 0.26038513281250003 0.7112140703125001 0.26038513281250003 0.7002631484374999 0.2543787546875 0.7002631484374999 0.2543787546875 0.7112140703125001
0 0.2945909453125 0.7719916859375 0.29795044375 0.7719916859375 0.29795044375 0.7670637703125001 0.2945909453125 0.7670637703125001 0.2945909453125 0.7719916859375
0 0.29214767343750003 0.7595806421875 0.29621979375 0.7595806421875 0.29621979375 0.7548352421875 0.29214767343750003 0.7548352421875 0.29214767343750003 0.7595806421875
0 0.295710778125 0.75100241875 0.298663065625 0.75100241875 0.298663065625 0.7462570203125 0.295710778125 0.7462570203125 0.295710778125 0.75100241875
0 0.28888997656250004 0.748812234375 0.28481785625 0.748812234375 0.28481785625 0.7524625421875 0.28888997656250004 0.7524625421875 0.28888997656250004 0.748812234375
0 0.2776916453125 0.7426067125 0.2804403265625 0.7426067125 0.2804403265625 0.7369487359375 0.2776916453125 0.7369487359375 0.2776916453125 0.7426067125
0 0.2882791578125 0.7807524234375001 0.29021341562499997 0.7807524234375001 0.29021341562499997 0.7763720546874999 0.2882791578125 0.7763720546874999 0.2882791578125 0.7807524234375001
0 0.29483364375 0.7864603359375 0.297544046875 0.7864603359375 0.297544046875 0.7805544296875 0.29483364375 0.7805544296875 0.29483364375 0.7864603359375
0 0.2918730484375 0.7776388562500001 0.2943332609375 0.7776388562500001 0.2943332609375 0.771284403125 0.2918730484375 0.771284403125 0.2918730484375 0.7776388562500001
0 0.29237343125000004 0.7807524234375001 0.289996615625 0.7807524234375001 0.289996615625 0.786385578125 0.29237343125000004 0.786385578125 0.29237343125000004 0.7807524234375001
0 0.285242984375 0.7828719375000001 0.2873279109375 0.7828719375000001 0.2873279109375 0.7764427234375 0.285242984375 0.7764427234375 0.285242984375 0.7828719375000001
0 0.285755465625 0.8549608890625 0.2907183625 0.8549608890625 0.2907183625 0.8444662562499999 0.285755465625 0.8444662562499999 0.285755465625 0.8549608890625
0 0.2907183625 0.836481209375 0.29517224375 0.836481209375 0.29517224375 0.8234769906249999 0.2907183625 0.8234769906249999 0.2907183625 0.836481209375
0 0.2819378515625 0.8444662562499999 0.2866462421875 0.8444662562499999 0.2866462421875 0.8323746140624999 0.2819378515625 0.8323746140624999 0.2819378515625 0.8444662562499999
0 0.28524645 0.8271272968750001 0.2907183625 0.8271272968750001 0.2907183625 0.8104727703125001 0.28524645 0.8104727703125001 0.28524645 0.8271272968750001
0 0.2829558828125 0.8161763750000001 0.2886823015625 0.8161763750000001 0.2886823015625 0.8022595796875001 0.2829558828125 0.8022595796875001 0.2829558828125 0.8161763750000001
0 0.27824749375 0.8232488453125001 0.283210390625 0.8232488453125001 0.283210390625 0.8104727703125001 0.27824749375 0.8104727703125001 0.27824749375 0.8232488453125001
0 0.28015629999999997 0.8022595796875001 0.286391734375 0.8022595796875001 0.286391734375 0.795187109375 0.28015629999999997 0.795187109375 0.28015629999999997 0.8022595796875001
0 0.271702903125 0.816947028125 0.27595615156250003 0.816947028125 0.27595615156250003 0.8011730281249999 0.271702903125 0.8011730281249999 0.271702903125 0.816947028125
0 0.2760395484375 0.7981079390625 0.2791252390625 0.7981079390625 0.2791252390625 0.793024375 0.2760395484375 0.793024375 0.2760395484375 0.7981079390625
0 0.2778742828125 0.7960894656249999 0.28015629999999997 0.7960894656249999 0.28015629999999997 0.788538878125 0.2778742828125 0.788538878125 0.2778742828125 0.7960894656249999
0 0.2705353453125 0.8005749625 0.2743716078125 0.8005749625 0.2743716078125 0.7939214734375 0.2705353453125 0.7939214734375 0.2705353453125 0.8005749625
0 0.273120653125 0.7928748578125 0.27562256406249996 0.7928748578125 0.27562256406249996 0.7860718531249999 0.273120653125 0.7860718531249999 0.273120653125 0.7928748578125
0 0.27382952656250004 0.7851747546875 0.27641483437500003 0.7851747546875 0.27641483437500003 0.779866915625 0.27382952656250004 0.779866915625 0.27382952656250004 0.7851747546875
0 0.271536109375 0.7832310390625 0.27382952656250004 0.7832310390625 0.27382952656250004 0.778596025 0.271536109375 0.778596025 0.271536109375 0.7832310390625
0 0.2692009921875 0.7795678828125 0.27195309375 0.7795678828125 0.27195309375 0.7734377015625 0.2692009921875 0.7734377015625 0.2692009921875 0.7795678828125
0 0.257650503125 0.8108168484375 0.261862053125 0.8108168484375 0.261862053125 0.8008739953124999 0.257650503125 0.8008739953124999 0.257650503125 0.8108168484375
0 0.2584258234375 0.8007422765625 0.264056790625 0.8007422765625 0.264056790625 0.7925128828125001 0.2584258234375 0.7925128828125001 0.2584258234375 0.8007422765625
0 0.2604273515625 0.796579734375 0.2666988078125 0.796579734375 0.2666988078125 0.7871063640625 0.2604273515625 0.7871063640625 0.2604273515625 0.796579734375
0 0.24715388124999998 0.794830390625 0.2535754515625 0.794830390625 0.2535754515625 0.7851865703125 0.24715388124999998 0.7851865703125 0.24715388124999998 0.794830390625
0 0.2637915890625 0.7830933390625 0.26712746875 0.7830933390625 0.26712746875 0.7709824953125001 0.2637915890625 0.7709824953125001 0.2637915890625 0.7830933390625
0 0.2617066625 0.769861121875 0.2636664921875 0.769861121875 0.2636664921875 0.76679603125 0.2617066625 0.76679603125 0.2617066625 0.769861121875
0 0.217169921875 0.8081970859375 0.2236598640625 0.8081970859375 0.2236598640625 0.7817323578125001 0.217169921875 0.7817323578125001 0.217169921875 0.8081970859375
0 0.2393120765625 0.7815042140624999 0.24300243593749998 0.7815042140624999 0.24300243593749998 0.7705532921875 0.2393120765625 0.7705532921875 0.2393120765625 0.7815042140624999
0 0.2449112421875 0.7817323578125001 0.24771082500000002 0.7817323578125001 0.24771082500000002 0.7742036000000001 0.2449112421875 0.7742036000000001 0.2449112421875 0.7817323578125001
0 0.2479653328125 0.782416790625 0.2515284375 0.782416790625 0.2515284375 0.7707814359375 0.2479653328125 0.7707814359375 0.2479653328125 0.782416790625
0 0.23791228437499998 0.7639371109375 0.2611997234375 0.7639371109375 0.2611997234375 0.7481951609374999 0.23791228437499998 0.7481951609374999 0.23791228437499998 0.7639371109375
0 0.1856109875 0.8469816 0.1915919140625 0.8469816 0.1915919140625 0.8214294484375 0.1856109875 0.8214294484375 0.1856109875 0.8469816
0 0.1860854703125 0.8161795046875 0.1891294625 0.8161795046875 0.1891294625 0.8036201109375 0.1860854703125 0.8036201109375 0.1860854703125 0.8161795046875
0 0.18320827343749999 0.81991741875 0.186585853125 0.81991741875 0.186585853125 0.8087784328125001 0.18320827343749999 0.8087784328125001 0.18320827343749999 0.81991741875
0 0.1892545578125 0.8175999125000001 0.1930491234375 0.8175999125000001 0.1930491234375 0.79816275625 0.1892545578125 0.79816275625 0.1892545578125 0.8175999125000001
0 0.1675589515625 0.8330667015625 0.17122842031250002 0.8330667015625 0.17122842031250002 0.8163208453124999 0.1675589515625 0.8163208453124999 0.1675589515625 0.8330667015625
0 0.1760654484375 0.81721794375 0.17122842031250002 0.81721794375 0.17122842031250002 0.8406172890625001 0.1760654484375 0.8406172890625001 0.1760654484375 0.81721794375
0 0.1719372953125 0.8205820671874999 0.17644073437500002 0.8205820671874999 0.17644073437500002 0.81123728125 0.1719372953125 0.81123728125 0.1719372953125 0.8205820671874999
0 0.16708621875000002 0.8090827234375 0.1721421640625 0.8090827234375 0.1721421640625 0.800672415625 0.16708621875000002 0.800672415625 0.16708621875000002 0.8090827234375
0 0.1679201890625 0.8027282671875 0.1728197640625 0.8027282671875 0.1728197640625 0.7956262296875 0.1679201890625 0.7956262296875 0.1679201890625 0.8027282671875
0 0.26485334531250004 0.7725711000000001 0.274079140625 0.7725711000000001 0.274079140625 0.7583670234375 0.26485334531250004 0.7583670234375 0.26485334531250004 0.7725711000000001
0 0.1859283734375 0.7483761109375 0.2203266578125 0.7483761109375 0.2203266578125 0.7134415296875 0.1859283734375 0.7134415296875 0.1859283734375 0.7483761109375
0 0.125284 0.7038166968749999 0.15331959687500002 0.7038166968749999 0.15331959687500002 0.674942196875 0.125284 0.674942196875 0.125284 0.7038166968749999
0 0.0938682265625 0.7009648937499999 0.12309682656250001 0.7009648937499999 0.12309682656250001 0.6692385921875 0.0938682265625 0.6692385921875 0.0938682265625 0.7009648937499999
0 0.0676221390625 0.6695950671875 0.088102040625 0.6695950671875 0.088102040625 0.6435723687499999 0.0676221390625 0.6435723687499999 0.0676221390625 0.6695950671875
0 0.06722447031249999 0.7038166968749999 0.0910845515625 0.7038166968749999 0.0910845515625 0.6735162953125 0.06722447031249999 0.6735162953125 0.06722447031249999 0.7038166968749999
0 0.1572962765625 0.733404146875 0.1859283734375 0.733404146875 0.1859283734375 0.69989546875 0.1572962765625 0.69989546875 0.1572962765625 0.733404146875
0 0.1706181546875 0.7629915984375 0.1706181546875 0.7323347218749999 0.151132421875 0.7323347218749999 0.151132421875 0.7629915984375 0.157196121875 0.7629915984375 0.1706181546875 0.7629915984375
0 0.2252975078125 0.764773975 0.23424503749999998 0.764773975 0.23424503749999998 0.733047671875 0.2252975078125 0.733047671875 0.2252975078125 0.764773975
0 0.0725929890625 0.7009648937499999 0.0725929890625 0.7248487406249999 0.0998332484375 0.7248487406249999 0.0998332484375 0.7009648937499999 0.0983146140625 0.7009648937499999 0.0725929890625 0.7009648937499999
0 0.037598203125 0.6656738375 0.05807810625 0.6656738375 0.05807810625 0.6310957328125 0.037598203125 0.6310957328125 0.037598203125 0.6656738375
0 0.0006150765625 0.6670997390625 0.0350133609375 0.6670997390625 0.0350133609375 0.6275309796874999 0.0006150765625 0.6275309796874999 0.0006150765625 0.6670997390625
0 0.0266623328125 0.6670997390625 0.0266623328125 0.704886121875 0.034735512499999996 0.704886121875 0.0676221390625 0.704886121875 0.0676221390625 0.6670997390625 0.0266623328125 0.6670997390625
0 0 0.6977566171875 0.025071659375 0.6977566171875 0.025071659375 0.6670997390625 0 0.6670997390625 0 0.6977566171875
0 0.1986808484375 0.768951440625 0.2028802234375 0.768951440625 0.2028802234375 0.7550346453125 0.1986808484375 0.7550346453125 0.1986808484375 0.768951440625
0 0.1949904890625 0.768951440625 0.1986808484375 0.768951440625 0.1986808484375 0.75412206875 0.1949904890625 0.75412206875 0.1949904890625 0.768951440625
0 0.17730221562499998 0.7712328828125 0.183410396875 0.7712328828125 0.183410396875 0.7506999046875 0.17730221562499998 0.7506999046875 0.17730221562499998 0.7712328828125
0 0.1769204546875 0.733404146875 0.17272108125000002 0.733404146875 0.17272108125000002 0.7463651656250001 0.1769204546875 0.7463651656250001 0.1769204546875 0.733404146875
0 0.14523426718750002 0.7710047390625 0.1507061796875 0.7710047390625 0.1507061796875 0.747962175 0.14523426718750002 0.747962175 0.14523426718750002 0.7710047390625
0 0.139889609375 0.769635875 0.1442162375 0.769635875 0.1442162375 0.7538939250000001 0.139889609375 0.7538939250000001 0.139889609375 0.769635875
0 0.133781428125 0.7627915484375001 0.1383625640625 0.7627915484375001 0.1383625640625 0.7456807328125 0.133781428125 0.7456807328125 0.133781428125 0.7627915484375001
0 0.1383625640625 0.75457835625 0.14192566874999998 0.75457835625 0.14192566874999998 0.7449963015625001 0.1383625640625 0.7449963015625001 0.1383625640625 0.75457835625
0 0.1258916953125 0.780814940625 0.1311091 0.780814940625 0.1311091 0.759141240625 0.1258916953125 0.759141240625 0.1258916953125 0.780814940625
0 0.13530847343750002 0.7659855671875 0.1311091 0.7659855671875 0.1311091 0.7862904000000001 0.13530847343750002 0.7862904000000001 0.13530847343750002 0.7659855671875
0 0.1323816375 0.810017396875 0.1391260859375 0.810017396875 0.1391260859375 0.7835526703125 0.1323816375 0.7835526703125 0.1323816375 0.810017396875
0 0.157832390625 0.80819224375 0.1625407796875 0.80819224375 0.1625407796875 0.78264009375 0.157832390625 0.78264009375 0.157832390625 0.80819224375
0 0.1535057625 0.8008916296875 0.157832390625 0.8008916296875 0.157832390625 0.778077209375 0.1535057625 0.778077209375 0.1535057625 0.8008916296875
0 0.146888565625 0.7851496796874999 0.1509606859375 0.7851496796874999 0.1509606859375 0.77625205625 0.146888565625 0.77625205625 0.146888565625 0.7851496796874999
0 0.1526149859375 0.778077209375 0.157832390625 0.778077209375 0.157832390625 0.7680388640625 0.1526149859375 0.7680388640625 0.1526149859375 0.778077209375
0 0.1613954953125 0.7769364890625 0.1638133171875 0.7769364890625 0.1638133171875 0.7666699984375 0.1613954953125 0.7666699984375 0.1613954953125 0.7769364890625
0 0.1606319734375 0.7629915984375 0.15846865937500001 0.7629915984375 0.15846865937500001 0.7799023640625 0.1606319734375 0.7799023640625 0.1606319734375 0.7629915984375
0 0.211406225 0.75092805 0.2086066421875 0.75092805 0.2086066421875 0.7691795859375 0.211406225 0.7691795859375 0.211406225 0.75092805
0 0.11774745312499998 0.7753394796874999 0.12067429062499999 0.7753394796874999 0.12067429062499999 0.7602819625 0.11774745312499998 0.7602819625 0.11774745312499998 0.7753394796874999
0 0.10464031562500001 0.768951440625 0.10820342187500001 0.768951440625 0.10820342187500001 0.7534376359375 0.10464031562500001 0.7534376359375 0.10464031562500001 0.768951440625
0 0.10018643437500001 0.778305353125 0.105658346875 0.778305353125 0.105658346875 0.762107115625 0.10018643437500001 0.762107115625 0.10018643437500001 0.778305353125
0 0.1117665265625 0.7735143250000001 0.11774745312499998 0.7735143250000001 0.11774745312499998 0.743399290625 0.1117665265625 0.743399290625 0.1117665265625 0.7735143250000001
0 0.1222013359375 0.7548065015625001 0.125509934375 0.7548065015625001 0.125509934375 0.742030425 0.1222013359375 0.742030425 0.1222013359375 0.7548065015625001
0 0.08046210000000001 0.8088766765625 0.087333803125 0.8088766765625 0.087333803125 0.7835526703125 0.08046210000000001 0.7835526703125 0.08046210000000001 0.8088766765625
0 0.0763899796875 0.7899407078125 0.08148013125 0.7899407078125 0.08148013125 0.7664418562499999 0.0763899796875 0.7664418562499999 0.0763899796875 0.7899407078125
0 0.06900926093750001 0.7858341125 0.0744811734375 0.7858341125 0.0744811734375 0.76347598125 0.06900926093750001 0.76347598125 0.06900926093750001 0.7858341125
0 0.09038789375 0.7522969140625 0.0837706984375 0.7522969140625 0.0837706984375 0.775111334375 0.09038789375 0.775111334375 0.09038789375 0.7522969140625
0 0.0924239546875 0.7461370203125 0.09585980625 0.7461370203125 0.09585980625 0.7317639359375001 0.0924239546875 0.7317639359375001 0.0924239546875 0.7461370203125
0 0.099168403125 0.740433415625 0.104004046875 0.740433415625 0.104004046875 0.72263816875 0.099168403125 0.72263816875 0.099168403125 0.740433415625
0 0.11011222812499999 0.736554965625 0.11342082656250001 0.736554965625 0.11342082656250001 0.721041159375 0.11011222812499999 0.721041159375 0.11011222812499999 0.736554965625
0 0.0702818 0.7506999046875 0.077917025 0.7506999046875 0.077917025 0.7301669265624999 0.0702818 0.7301669265624999 0.0702818 0.7506999046875
0 0.08008033906249999 0.749559184375 0.084152459375 0.749559184375 0.084152459375 0.7342735234375001 0.08008033906249999 0.7342735234375001 0.08008033906249999 0.749559184375
0 0 0.73224038125 0.03647578125 0.73224038125 0.03647578125 0.701227028125 0 0.701227028125 0 0.73224038125
0 0.0643125421875 0.7593325046875 0.0692833921875 0.7593325046875 0.0692833921875 0.7372310359375 0.0643125421875 0.7372310359375 0.0643125421875 0.7593325046875
0 0.0534243921875 0.7907593687500001 0.05881995156249999 0.7907593687500001 0.05881995156249999 0.766484825 0.0534243921875 0.766484825 0.0534243921875 0.7907593687500001
0 0.046196378125 0.7907593687500001 0.050777514062499994 0.7907593687500001 0.050777514062499994 0.76922255625 0.046196378125 0.76922255625 0.046196378125 0.7907593687500001
0 0.0448729390625 0.817589128125 0.0503703015625 0.817589128125 0.0503703015625 0.8007977140625 0.0448729390625 0.8007977140625 0.0448729390625 0.817589128125
0 0.0360160765625 0.7637470953125 0.0416152421875 0.7637470953125 0.0416152421875 0.7412977062499999 0.0360160765625 0.7412977062499999 0.0360160765625 0.7637470953125
0 0.027464623437500002 0.769405071875 0.033267395312499996 0.769405071875 0.033267395312499996 0.7518835968750001 0.027464623437500002 0.7518835968750001 0.027464623437500002 0.769405071875
0 0.0248177453125 0.7619219421875 0.02858445625 0.7619219421875 0.02858445625 0.7462256203125 0.0248177453125 0.7462256203125 0.0248177453125 0.7619219421875
0 0.018098746875 0.754621328125 0.0232907 0.754621328125 0.0232907 0.7391075218750001 0.018098746875 0.7391075218750001 0.018098746875 0.754621328125
0 0.007714839062499999 0.7571765421875 0.0106671265625 0.7571765421875 0.0118887625 0.7571765421875 0.013619414062499998 0.7571765421875 0.013619414062499998 0.7398375828124999 0.007714839062499999 0.7398375828124999 0.007714839062499999 0.7571765421875
0 0.012397778125 0.7571765421875 0.0169789140625 0.7571765421875 0.0169789140625 0.741480221875 0.012397778125 0.741480221875 0.012397778125 0.7571765421875
0 0.011786959375 0.7772532328125 0.01840415625 0.7772532328125 0.01840415625 0.7573590578125 0.011786959375 0.7573590578125 0.011786959375 0.7772532328125
0 0.02013480625 0.78272869375 0.023799715625000002 0.78272869375 0.023799715625000002 0.7672148875 0.02013480625 0.7672148875 0.02013480625 0.78272869375
0 0.0254285640625 0.7754280781249999 0.02013480625 0.7754280781249999 0.02013480625 0.7975124375 0.0254285640625 0.7975124375 0.0254285640625 0.7754280781249999
0 0.0102599140625 0.8241596796875001 0.016877110937500002 0.8241596796875001 0.016877110937500002 0.7871090625 0.0102599140625 0.7871090625 0.0102599140625 0.8241596796875001
0 0.0083256578125 0.7962348296874999 0.014332034375 0.7962348296874999 0.014332034375 0.7748805328125 0.0083256578125 0.7748805328125 0.0083256578125 0.7962348296874999
0 0.028482653125 0.8265323796875 0.037644925 0.8265323796875 0.037644925 0.7880216390625 0.028482653125 0.7880216390625 0.028482653125 0.8265323796875
0 0.052813573437500004 0.7577240890625 0.05759831562499999 0.7577240890625 0.05759831562499999 0.7402026140625 0.052813573437500004 0.7402026140625 0.052813573437500004 0.7577240890625
0 0 0.99720603125 0.013811785937500001 0.99720603125 0.013811785937500001 0.9206195390625 0 0.9206195390625 0 0.99720603125
0 0.045831029687500004 0.742765828125 0.049500499999999996 0.742765828125 0.049500499999999996 0.7264685203125 0.045831029687500004 0.7264685203125 0.045831029687500004 0.742765828125
0 0.0540456375 0.73626185625 0.0578819 0.73626185625 0.0578819 0.7225810890625001 0.0540456375 0.7225810890625001 0.0540456375 0.73626185625
0 0.11702664062499998 0.7388187140625 0.1470626015625 0.7388187140625 0.1470626015625 0.709499446875 0.11702664062499998 0.709499446875 0.11702664062499998 0.7388187140625
0 0.236449121875 0.7451254687500001 0.2630197078125 0.7451254687500001 0.2630197078125 0.7248662625 0.236449121875 0.7248662625 0.236449121875 0.7451254687500001
0 0 0.7637714718749999 0.00547968125 0.7637714718749999 0.00547968125 0.720118578125 0 0.720118578125 0 0.7637714718749999
0 0.0582971796875 0.735542678125 0.07225965 0.735542678125 0.07225965 0.7026877640625 0.0582971796875 0.7026877640625 0.0582971796875 0.735542678125
0 0.034735512499999996 0.7214620015625 0.059294498437499996 0.7214620015625 0.059294498437499996 0.704886121875 0.034735512499999996 0.704886121875 0.034735512499999996 0.7214620015625
0 0.11863499375 0.7009648937499999 0.09906260312500001 0.7009648937499999 0.09906260312500001 0.7212384984375 0.11863499375 0.7212384984375 0.11863499375 0.7009648937499999
0 0.22016883125 0.7812076859375 0.236457846875 0.7812076859375 0.236457846875 0.76756721875 0.22016883125 0.76756721875 0.22016883125 0.7812076859375
0 0.23834716875 0.7787359234375 0.22772611718750002 0.7787359234375 0.22772611718750002 0.8001578640625 0.23834716875 0.8001578640625 0.23834716875 0.7787359234375
