0 0.470198053125 0.3917302078125 0.47002642968749997 0.4015625 0.471875 0.4015625 0.471875 0.3916911765625 0.470198053125 0.3917302078125
0 0.466771190625 0.403125 0.4666439203125 0.3921875 0.4632787625 0.3921875 0.4634060328125 0.403125 0.466771190625 0.403125
0 0.4797981421875 0.3667948328125 0.4797981421875 0.378125 0.4859375 0.378125 0.4859375 0.3666161953125 0.4797981421875 0.3667948328125
0 0.090625 1 0.090625 0.9946117624999999 0.08521785468750001 0.9945488453125 0.08509097812500001 1 0.090625 1
0 0.0828125 1 0.0828125 0.9961022328125001 0.07767352968749999 0.9960125312500001 0.07765033125000001 1 0.0828125 1
0 0.0360663859375 0.9190330531249999 0.03563495 0.94375 0.04375 0.94375 0.04375 0.919122459375 0.0360663859375 0.9190330531249999
0 0.0265625 0.9538900046875 0.0172586578125 0.95372760625 0.0171875 0.9659586421874999 0.0171875 0.9828125 0.026455396875 0.9828125 0.0265625 0.9644029796875 0.0265625 0.9538900046875
0 0 0.978125 0.0046875 0.978125 0.0046875 0.9523555671875 0 0.9523010234375 0 0.978125
0 0.0375 0.8435942796875 0.0328125 0.843648821875 0.0328125 0.8703125 0.0375 0.8703125 0.0375 0.8435942796875
0 0.022694909375 0.8366090749999999 0.023037742187499998 0.85625 0.028125 0.85625 0.028125 0.8366722609374999 0.022694909375 0.8366090749999999
0 0.0022654578125000002 0.7346165140625001 0.0025171859375000003 0.75625 0.00625 0.75625 0.00625 0.73457015 0.0022654578125000002 0.7346165140625001
0 0 0.6561106140625 0.0013898234375 0.6561106140625 0.0013898234375 0.6367521015625 0 0.6367521015625 0 0.6561106140625
0 0.9078125 0.8181704640625 0.896875 0.8184250375 0.896875 0.8625 0.9078125 0.8625 0.9078125 0.8181704640625
0 0.783902796875 0.9168012937500001 0.783902796875 0.9453125 0.7890625 0.9453125 0.7890625 0.9166511625 0.783902796875 0.9168012937500001
0 0.5828094375 0.88476424375 0.583564096875 0.9171875 0.590625 0.9171875 0.590625 0.8847187734374999 0.5828094375 0.88476424375
0 0.6140625 0.8220888765625001 0.60625 0.82222524375 0.60625 0.84375 0.6140625 0.84375 0.6140625 0.8220888765625001
