0 0.125 0.1392053453125 0.070762796875 0.1392053453125 0.0703125 0.1779037078125 0.0703125 0.196875 0.1248200765625 0.196875 0.125 0.1814124625 0.125 0.1392053453125
0 0.22838761562499998 0.132257334375 0.22810258593750002 0.18125 0.26875 0.18125 0.26875 0.132257334375 0.22838761562499998 0.132257334375
0 0.3674038234375 0.3390625 0.4296875 0.3390625 0.4296875 0.27934430312499997 0.37730119375000004 0.278125 0.3666947515625 0.278125 0.3674038234375 0.3390625
0 0.8255991046875 0.1027554265625 0.83125 0.1027554265625 0.83125 0.09303439531249999 0.82571221875 0.09303439531249999 0.8255991046875 0.1027554265625
0 0.77728314375 0.06575008437499999 0.7771936937499999 0.0734375 0.77945958125 0.0734375 0.7828125 0.073378975 0.7828125 0.06565356875 0.77728314375 0.06575008437499999
0 0.7380798609375001 0.34345511875 0.738883271875 0.4125 0.7640625 0.4125 0.7640625 0.344059871875 0.7380798609375001 0.34345511875
0 0.315664278125 0.9650326124999999 0.3201980734375 0.9650326124999999 0.3201980734375 0.94727145 0.315664278125 0.94727145 0.315664278125 0.9650326124999999
0 0.4640704859375 0.7992617578125 0.45742092031250003 0.7992617578125 0.45742092031250003 0.8213286578125001 0.4640704859375 0.8213286578125001 0.4640704859375 0.7992617578125
0 0.45530514999999994 0.76643051875 0.4471443203125 0.76643051875 0.4471443203125 0.7879592000000001 0.45530514999999994 0.7879592000000001 0.45530514999999994 0.76643051875
0 0.44895783749999996 0.7804241624999999 0.4438195375 0.7804241624999999 0.4438195375 0.7922649359375 0.44895783749999996 0.7922649359375 0.44895783749999996 0.7804241624999999
0 0.44502854843749995 0.8024910609375 0.43958799531250004 0.8024910609375 0.43958799531250004 0.8159464875 0.44502854843749995 0.8159464875 0.44502854843749995 0.8024910609375
0 0.48041694062499996 0.8361128078125001 0.48888002343750003 0.8361128078125001 0.48888002343750003 0.82481025 0.48041694062499996 0.82481025 0.48041694062499996 0.8361128078125001
0 0.4108987578125 0.8022051343750001 0.4063649625 0.8022051343750001 0.4063649625 0.814584125 0.4108987578125 0.814584125 0.4108987578125 0.8022051343750001
0 0.40183116874999997 0.814584125 0.4063649625 0.814584125 0.4063649625 0.8011286984374999 0.40183116874999997 0.8011286984374999 0.40183116874999997 0.814584125
0 0.39669286875 0.814584125 0.40183116874999997 0.814584125 0.40183116874999997 0.8032815671875 0.39669286875 0.8032815671875 0.39669286875 0.814584125
0 0.37976670156250003 0.8291159859375 0.38460275 0.8291159859375 0.38460275 0.8092019546875001 0.37976670156250003 0.8092019546875001 0.37976670156250003 0.8291159859375
0 0.4099919984375 0.760224203125 0.403342434375 0.760224203125 0.403342434375 0.768297459375 0.4099919984375 0.768297459375 0.4099919984375 0.760224203125
0 0.38581176093749997 0.7613006375 0.39095006250000003 0.7613006375 0.39095006250000003 0.7446159078125 0.38581176093749997 0.7446159078125 0.38581176093749997 0.7613006375
0 0.3507504171875 0.82265738125 0.3561909703125 0.82265738125 0.3561909703125 0.8027433500000001 0.3507504171875 0.8027433500000001 0.3507504171875 0.82265738125
0 0.49059652812500004 0.6780884281249999 0.49462012031249997 0.6780884281249999 0.49462012031249997 0.6681680109375 0.49059652812500004 0.6681680109375 0.49059652812500004 0.6780884281249999
0 0.47868050625 0.717494528125 0.48765621093749995 0.717494528125 0.48765621093749995 0.7023383359375 0.47868050625 0.7023383359375 0.47868050625 0.717494528125
0 0.46428842968749995 0.715014425 0.468466775 0.715014425 0.468466775 0.7012360671875 0.46428842968749995 0.7012360671875 0.46428842968749995 0.715014425
0 0.45670550781249997 0.7028894703125 0.4608838515625 0.7028894703125 0.4608838515625 0.6880088453125 0.45670550781249997 0.6880088453125 0.45670550781249997 0.7028894703125
0 0.4506701203125 0.701511634375 0.45407469687499996 0.701511634375 0.45407469687499996 0.688559978125 0.4506701203125 0.688559978125 0.4506701203125 0.701511634375
0 0.44107540156249997 0.7075741109375 0.44664652812499994 0.7075741109375 0.44664652812499994 0.6951735906250001 0.44107540156249997 0.6951735906250001 0.44107540156249997 0.7075741109375
0 0.437670825 0.71060535 0.443087196875 0.71060535 0.443087196875 0.6990315296875 0.437670825 0.6990315296875 0.437670825 0.71060535
0 0.43209969687500005 0.71060535 0.437670825 0.71060535 0.437670825 0.701511634375 0.43209969687500005 0.701511634375 0.43209969687500005 0.71060535
0 0.423588253125 0.7205257671874999 0.427921353125 0.7205257671874999 0.427921353125 0.704818440625 0.423588253125 0.704818440625 0.423588253125 0.7205257671874999
0 0.4300879015625 0.7216280359375 0.43380198593749997 0.7216280359375 0.43380198593749997 0.704818440625 0.4300879015625 0.704818440625 0.4300879015625 0.7216280359375
0 0.4839421265625 0.6720259515625 0.4878109640625 0.6720259515625 0.4878109640625 0.6659634750000001 0.4839421265625 0.6659634750000001 0.4839421265625 0.6720259515625
0 0.439218359375 0.6378556265624999 0.44030163437500003 0.6378556265624999 0.4415396625 0.6378556265624999 0.44293244375 0.6378556265624999 0.44293244375 0.629037478125 0.439218359375 0.629037478125 0.439218359375 0.6378556265624999
0 0.4461822671875 0.6378556265624999 0.4415396625 0.6378556265624999 0.4415396625 0.6430914031249999 0.4461822671875 0.6430914031249999 0.4461822671875 0.6378556265624999
0 0.42931413437500004 0.6656879078125 0.4372065625 0.6656879078125 0.4372065625 0.6582475953125 0.42931413437500004 0.6582475953125 0.42931413437500004 0.6656879078125
0 0.3986729375 0.6943468890625001 0.40285128124999997 0.6943468890625001 0.40285128124999997 0.68194636875 0.3986729375 0.68194636875 0.3986729375 0.6943468890625001
0 0.48572578125000004 0.601545996875 0.4879542328125 0.601545996875 0.4879542328125 0.5936096640625 0.48572578125000004 0.5936096640625 0.48572578125000004 0.601545996875
0 0.478421415625 0.6125686828125 0.480897471875 0.6125686828125 0.480897471875 0.6017664500000001 0.478421415625 0.6017664500000001 0.478421415625 0.6125686828125
0 0.48609719062499995 0.6127891359375 0.4891922609375 0.6127891359375 0.4891922609375 0.603750534375 0.48609719062499995 0.603750534375 0.48609719062499995 0.6127891359375
0 0.46240249218749996 0.6576445765625 0.47193530937499995 0.6576445765625 0.47193530937499995 0.6519127796874999 0.46240249218749996 0.6519127796874999 0.46240249218749996 0.6576445765625
0 0.0703966203125 0.9491089562500001 0.073721403125 0.9491089562500001 0.073721403125 0.9302713593749999 0.0703966203125 0.9302713593749999 0.0703966203125 0.9491089562500001
0 0.0637470546875 0.9351153125 0.0703966203125 0.9351153125 0.0703966203125 0.9130484140625 0.0637470546875 0.9130484140625 0.0637470546875 0.9351153125
0 0.0586087546875 0.9351153125 0.0637470546875 0.9351153125 0.0637470546875 0.8979783359375 0.0586087546875 0.8979783359375 0.0586087546875 0.9351153125
0 0.0628402953125 0.8963636843749999 0.06948986093750001 0.8963636843749999 0.06948986093750001 0.880755390625 0.0628402953125 0.880755390625 0.0628402953125 0.8963636843749999
0 0.0713033796875 0.8888286453124999 0.0758371734375 0.8888286453124999 0.0758371734375 0.8586884906249999 0.0713033796875 0.8586884906249999 0.0713033796875 0.8888286453124999
0 0.097901640625 0.8344687234375 0.10727148281250001 0.8344687234375 0.10727148281250001 0.82585725 0.097901640625 0.82585725 0.097901640625 0.8344687234375
0 0.12087286562499999 0.8350069390625 0.12873144375 0.8350069390625 0.12873144375 0.826933684375 0.12087286562499999 0.826933684375 0.12087286562499999 0.8350069390625
0 0.1260111671875 0.8667617468750001 0.14051930937499998 0.8667617468750001 0.14051930937499998 0.8538445375 0.1260111671875 0.8538445375 0.1260111671875 0.8667617468750001
0 0.099110653125 0.8990547703124999 0.10394669999999999 0.8990547703124999 0.10394669999999999 0.886675778125 0.099110653125 0.886675778125 0.099110653125 0.8990547703124999
0 0.1435418390625 0.9265038406249999 0.1486801390625 0.9265038406249999 0.1486801390625 0.905513375 0.1435418390625 0.905513375 0.1435418390625 0.9265038406249999
0 0.16197927031249998 0.9259656234375001 0.16439729375 0.9259656234375001 0.16439729375 0.902284071875 0.16197927031249998 0.902284071875 0.16197927031249998 0.9259656234375001
0 0.16953559375 0.9033605062500001 0.16439729375 0.9033605062500001 0.16439729375 0.9254274046875001 0.16953559375 0.9254274046875001 0.16953559375 0.9033605062500001
0 0.170442353125 0.905513375 0.17497614687500002 0.905513375 0.17497614687500002 0.8877522109375 0.170442353125 0.8877522109375 0.170442353125 0.905513375
0 0.1843459890625 0.906589809375 0.1900887953125 0.906589809375 0.1900887953125 0.8947490328125 0.1843459890625 0.8947490328125 0.1843459890625 0.906589809375
0 0.20429468593750003 0.9340388781249999 0.2094329859375 0.9340388781249999 0.2094329859375 0.9216598859375 0.20429468593750003 0.9216598859375 0.20429468593750003 0.9340388781249999
0 0.206712709375 0.886675778125 0.2142690328125 0.886675778125 0.2142690328125 0.8672999640625001 0.206712709375 0.8672999640625001 0.206712709375 0.886675778125
0 0.1601657515625 0.8958254671875 0.164095040625 0.8958254671875 0.164095040625 0.8796789562499999 0.1601657515625 0.8796789562499999 0.1601657515625 0.8958254671875
0 0.035637528125 0.97117585625 0.04228709375 0.97117585625 0.04228709375 0.9512618249999999 0.035637528125 0.9512618249999999 0.035637528125 0.97117585625
0 0.00027393125 0.9421121343750001 0.0096437734375 0.9421121343750001 0.0096437734375 0.920583453125 0.00027393125 0.920583453125 0.00027393125 0.9421121343750001
0 0.0039009671875 0.9130484140625 0.0093415203125 0.9130484140625 0.0093415203125 0.9001312046875001 0.0039009671875 0.9001312046875001 0.0039009671875 0.9130484140625
0 0.01175954375 0.9189688015625 0.01810685625 0.9189688015625 0.01810685625 0.906589809375 0.01175954375 0.906589809375 0.01175954375 0.9189688015625
0 0.017804603125 0.9114337625000001 0.02566318125 0.9114337625000001 0.02566318125 0.8969019015625002 0.017804603125 0.8969019015625002 0.017804603125 0.9114337625000001
0 0.02959246875 0.9157394984374999 0.0398690703125 0.9157394984374999 0.0398690703125 0.9028222890625 0.02959246875 0.9028222890625 0.02959246875 0.9157394984374999
0 0.019618121875 0.8420037609375001 0.0238496625 0.8420037609375001 0.0238496625 0.8301629875 0.019618121875 0.8301629875 0.019618121875 0.8420037609375001
0 0.026267687499999998 0.8533063203125 0.031405987499999996 0.8533063203125 0.031405987499999996 0.8312394203125001 0.026267687499999998 0.8312394203125001 0.026267687499999998 0.8533063203125
0 0.0090392671875 0.85761205625 0.014782073437500001 0.85761205625 0.014782073437500001 0.8350069390625 0.0090392671875 0.8350069390625 0.0090392671875 0.85761205625
0 0.0111550390625 0.8301629875 0.019618121875 0.8301629875 0.019618121875 0.8140164750000001 0.0111550390625 0.8140164750000001 0.0111550390625 0.8301629875
0 0.0023897015625 0.8290865515625001 0.0087370140625 0.8290865515625001 0.0087370140625 0.8183222109375 0.0023897015625 0.8183222109375 0.0023897015625 0.8290865515625001
0 0.0407758296875 0.8226279484375001 0.0407758296875 0.81024895625 0.030499228125 0.81024895625 0.030499228125 0.8226279484375001 0.0341262640625 0.8226279484375001 0.0407758296875 0.8226279484375001
0 0.03714879375 0.8403891109374999 0.041984840625 0.8403891109374999 0.041984840625 0.8323158546875 0.03714879375 0.8323158546875 0.03714879375 0.8403891109374999
0 0.0407758296875 0.8344687234375 0.049238912499999996 0.8344687234375 0.049238912499999996 0.8226279484375001 0.0407758296875 0.8226279484375001 0.0407758296875 0.8344687234375
0 0.056492984375 0.836083375 0.0634448015625 0.836083375 0.0634448015625 0.818860428125 0.056492984375 0.818860428125 0.056492984375 0.836083375
0 0.0634448015625 0.8307012031250001 0.0697921140625 0.8307012031250001 0.0697921140625 0.81186360625 0.0634448015625 0.81186360625 0.0634448015625 0.8307012031250001
0 0.05709748906249999 0.81186360625 0.0697921140625 0.81186360625 0.0697921140625 0.8016374828125 0.05709748906249999 0.8016374828125 0.05709748906249999 0.81186360625
0 0.0930655921875 0.85169166875 0.09699488125 0.85169166875 0.09699488125 0.8398508937500001 0.0930655921875 0.8398508937500001 0.0930655921875 0.85169166875
0 0.08550926875 0.8554591874999999 0.091554328125 0.8554591874999999 0.091554328125 0.8436184140625 0.08550926875 0.8436184140625 0.08550926875 0.8554591874999999
0 0.0815799796875 0.8436184140625 0.091554328125 0.8436184140625 0.091554328125 0.8301629875 0.0815799796875 0.8301629875 0.0815799796875 0.8436184140625
0 0.0797664625 0.8231661656250001 0.09246108750000001 0.8231661656250001 0.09246108750000001 0.8097107390625 0.0797664625 0.8097107390625 0.0797664625 0.8231661656250001
0 0.0866614671875 0.7984093999999999 0.094882746875 0.7984093999999999 0.094882746875 0.7876450578125 0.0866614671875 0.7876450578125 0.0866614671875 0.7984093999999999
0 0.09077210625 0.8126183296875 0.1023786203125 0.8126183296875 0.1023786203125 0.8018539890625 0.09077210625 0.8018539890625 0.09077210625 0.8126183296875
0 0.1236572296875 0.8096043156249999 0.1357473484375 0.8096043156249999 0.1357473484375 0.7979788265625001 0.1236572296875 0.7979788265625001 0.1236572296875 0.8096043156249999
0 0.130427696875 0.7747278484375 0.13695636093750002 0.7747278484375 0.13695636093750002 0.7609494921875 0.130427696875 0.7609494921875 0.130427696875 0.7747278484375
0 0.13889077968750002 0.7721444078124999 0.1490464796875 0.7721444078124999 0.1490464796875 0.75836605 0.13889077968750002 0.75836605 0.13889077968750002 0.7721444078124999
0 0.167423459375 0.7837698953125 0.1715341 0.7837698953125 0.1715341 0.7678386703125 0.167423459375 0.7678386703125 0.167423459375 0.7837698953125
0 0.1741939265625 0.7910896484375 0.1799971828125 0.7910896484375 0.1799971828125 0.7721444078124999 0.1741939265625 0.7721444078124999 0.1741939265625 0.7910896484375
0 0.16959968125 0.8070208718749999 0.1770955546875 0.8070208718749999 0.1770955546875 0.795395384375 0.16959968125 0.795395384375 0.16959968125 0.8070208718749999
0 0.15823496875 0.7958259578125 0.1669398546875 0.7958259578125 0.1669398546875 0.7837698953125 0.15823496875 0.7837698953125 0.15823496875 0.7958259578125
0 0.1541243296875 0.8246743921874999 0.1662144484375 0.8246743921874999 0.1662144484375 0.814340625 0.1541243296875 0.814340625 0.1541243296875 0.8246743921874999
0 0.1903946859375 0.8164934921875 0.199583175 0.8164934921875 0.199583175 0.800992840625 0.1903946859375 0.800992840625 0.1903946859375 0.8164934921875
0 0.1860422421875 0.800992840625 0.1961979421875 0.800992840625 0.1961979421875 0.783339321875 0.1860422421875 0.783339321875 0.1860422421875 0.800992840625
0 0.20441922343750002 0.781186453125 0.2162675390625 0.781186453125 0.2162675390625 0.7704221125 0.20441922343750002 0.7704221125 0.20441922343750002 0.781186453125
0 0.2206199828125 0.7885062062499999 0.2327101015625 0.7885062062499999 0.2327101015625 0.7777418640625 0.2206199828125 0.7777418640625 0.2206199828125 0.7885062062499999
0 0.245283825 0.8113266093749999 0.2506034765625 0.8113266093749999 0.2506034765625 0.7949648109374999 0.245283825 0.7949648109374999 0.245283825 0.8113266093749999
0 0.25979196718750003 0.806159725 0.271156678125 0.806159725 0.271156678125 0.7949648109374999 0.25979196718750003 0.7949648109374999 0.25979196718750003 0.806159725
0 0.23416091562500002 0.7609494921875 0.24552562656250002 0.7609494921875 0.24552562656250002 0.7531991671875 0.23416091562500002 0.7531991671875 0.23416091562500002 0.7609494921875
0 0.2206199828125 0.7708526859375 0.23077568125 0.7708526859375 0.23077568125 0.7570743296875 0.2206199828125 0.7570743296875 0.2206199828125 0.7708526859375
0 0.196681546875 0.7643940812500001 0.20804625937500001 0.7643940812500001 0.20804625937500001 0.7544908875 0.196681546875 0.7544908875 0.196681546875 0.7643940812500001
0 0.1640382265625 0.7471711359375 0.18531683593749998 0.7471711359375 0.18531683593749998 0.73683736875 0.1640382265625 0.73683736875 0.1640382265625 0.7471711359375
0 0.1195465890625 0.737698515625 0.1422760125 0.737698515625 0.1422760125 0.72478130625 0.1195465890625 0.72478130625 0.1195465890625 0.737698515625
0 0.0936737359375 0.7549214624999999 0.1026204234375 0.7549214624999999 0.1026204234375 0.7432959734375 0.0936737359375 0.7432959734375 0.0936737359375 0.7549214624999999
0 0.10552205156250001 0.735545646875 0.11011629687499999 0.735545646875 0.11011629687499999 0.7209061421875 0.10552205156250001 0.7209061421875 0.10552205156250001 0.735545646875
0 0.11253432031249999 0.7587966234375 0.12051379843750001 0.7587966234375 0.12051379843750001 0.7458794140625 0.11253432031249999 0.7458794140625 0.11253432031249999 0.7587966234375
0 0.15339892187499998 0.7269341734375001 0.163554621875 0.7269341734375001 0.163554621875 0.7122946703124999 0.15339892187499998 0.7122946703124999 0.15339892187499998 0.7269341734375001
0 0.1821734046875 0.71660040625 0.1882184640625 0.71660040625 0.1882184640625 0.7062666390625 0.1821734046875 0.7062666390625 0.1821734046875 0.71660040625
0 0.2010339890625 0.747601709375 0.2153003296875 0.747601709375 0.2153003296875 0.7312399109375 0.2010339890625 0.7312399109375 0.2010339890625 0.747601709375
0 0.2648698171875 0.7420042515625 0.2718820859375 0.7420042515625 0.2718820859375 0.7243507328125001 0.2648698171875 0.7243507328125001 0.2648698171875 0.7420042515625
0 0.2694640625 0.709711228125 0.279377959375 0.709711228125 0.279377959375 0.695071725 0.2694640625 0.695071725 0.2694640625 0.709711228125
0 0.2892918578125 0.6963634453124999 0.2948533109375 0.6963634453124999 0.2948533109375 0.6877519734374999 0.2892918578125 0.6877519734374999 0.2892918578125 0.6963634453124999
0 0.3030745921875 0.6989468875 0.3091196515625 0.6989468875 0.3091196515625 0.6899048406249999 0.3030745921875 0.6899048406249999 0.3030745921875 0.6989468875
0 0.31226308281250004 0.70109975625 0.3204843625 0.70109975625 0.3204843625 0.6907659875000001 0.31226308281250004 0.6907659875000001 0.31226308281250004 0.70109975625
0 0.3033163953125 0.6907659875000001 0.31226308281250004 0.6907659875000001 0.31226308281250004 0.67311246875 0.3033163953125 0.67311246875 0.3033163953125 0.6907659875000001
0 0.31081226875 0.73683736875 0.3173409328125 0.73683736875 0.3173409328125 0.7243507328125001 0.31081226875 0.7243507328125001 0.31081226875 0.73683736875
0 0.3243532015625 0.7140169640625 0.328947446875 0.7140169640625 0.328947446875 0.6993774609375001 0.3243532015625 0.6993774609375001 0.3243532015625 0.7140169640625
0 0.2960623234375 0.7140169640625 0.30428360468750004 0.7140169640625 0.30428360468750004 0.70497491875 0.2960623234375 0.70497491875 0.2960623234375 0.7140169640625
0 0.27768534218749996 0.733392778125 0.2868738328125 0.733392778125 0.2868738328125 0.7234895859374999 0.27768534218749996 0.7234895859374999 0.27768534218749996 0.733392778125
0 0.2549559203125 0.7385596624999999 0.2593083625 0.7385596624999999 0.2593083625 0.7260730265625 0.2549559203125 0.7260730265625 0.2549559203125 0.7385596624999999
0 0.2680132484375 0.7842004687499999 0.2747837140625 0.7842004687499999 0.2747837140625 0.7661163765625 0.2680132484375 0.7661163765625 0.2680132484375 0.7842004687499999
0 0.3303982609375 0.733823353125 0.3354761109375 0.733823353125 0.3354761109375 0.71703098125 0.3303982609375 0.71703098125 0.3303982609375 0.733823353125
0 0.316615525 0.7140169640625 0.3243532015625 0.7140169640625 0.3243532015625 0.70497491875 0.316615525 0.70497491875 0.316615525 0.7140169640625
0 0.338619540625 0.6877519734374999 0.3446646 0.6877519734374999 0.3446646 0.6735430421874999 0.338619540625 0.6735430421874999 0.338619540625 0.6877519734374999
0 0.3407957625 0.7359762218749999 0.3465990203125 0.7359762218749999 0.3465990203125 0.718753275 0.3407957625 0.718753275 0.3407957625 0.7359762218749999
0 0.365943209375 0.697655165625 0.3739226875 0.697655165625 0.3739226875 0.6834462359375 0.365943209375 0.6834462359375 0.365943209375 0.697655165625
0 0.3840783875 0.705836065625 0.393266878125 0.705836065625 0.393266878125 0.6972245921875 0.3840783875 0.6972245921875 0.3840783875 0.705836065625
0 0.40559880000000004 0.654167228125 0.41309467343749995 0.654167228125 0.41309467343749995 0.6477086234375 0.40559880000000004 0.6477086234375 0.40559880000000004 0.654167228125
0 0.386980015625 0.6787099249999999 0.3949594953125 0.6787099249999999 0.3949594953125 0.66923730625 0.386980015625 0.66923730625 0.386980015625 0.6787099249999999
0 0.17384161250000002 0.7655445203125 0.1815792890625 0.7655445203125 0.1815792890625 0.7560719 0.17384161250000002 0.7560719 0.17384161250000002 0.7655445203125
0 0.1963292328125 0.7862120546875 0.20261609531250002 0.7862120546875 0.20261609531250002 0.7745865671875001 0.1963292328125 0.7745865671875001 0.1963292328125 0.7862120546875
0 0.1489359671875 0.80989360625 0.16054248124999998 0.80989360625 0.16054248124999998 0.7999904125 0.1489359671875 0.7999904125 0.1489359671875 0.80989360625
0 0.18206289375 0.8206579484375001 0.1905259765625 0.8206579484375001 0.1905259765625 0.8090324593750001 0.18206289375 0.8090324593750001 0.18206289375 0.8206579484375001
0 0.0115803171875 0.7771132859375001 0.0195597953125 0.7771132859375001 0.0195597953125 0.76462665 0.0115803171875 0.76462665 0.0115803171875 0.7771132859375001
0 0.022219621875 0.7598903406249999 0.0258466578125 0.7598903406249999 0.0258466578125 0.7461119843749999 0.022219621875 0.7461119843749999 0.022219621875 0.7598903406249999
0 0.0418056140625 0.756876325 0.049785093749999995 0.756876325 0.049785093749999995 0.73879223125 0.0418056140625 0.73879223125 0.0418056140625 0.756876325
0 0.032617125000000004 0.7263055953124999 0.036727765625 0.7263055953124999 0.036727765625 0.7133883859375001 0.032617125000000004 0.7133883859375001 0.032617125000000004 0.7263055953124999
0 0.0502686984375 0.7224304328125 0.055830153125000004 0.7224304328125 0.055830153125000004 0.7095132234375 0.0502686984375 0.7095132234375 0.0502686984375 0.7224304328125
0 0.07517434218749999 0.7142495328124999 0.0783177734375 0.7142495328124999 0.0783177734375 0.7009017500000001 0.07517434218749999 0.7009017500000001 0.07517434218749999 0.7142495328124999
0 0.0490596859375 0.7056380609375 0.0522031171875 0.7056380609375 0.0522031171875 0.6927208515625 0.0490596859375 0.6927208515625 0.0490596859375 0.7056380609375
0 0.043498231250000005 0.7125272390624999 0.0480924765625 0.7125272390624999 0.0480924765625 0.6957348671875 0.043498231250000005 0.6957348671875 0.043498231250000005 0.7125272390624999
0 0.01931799375 0.7133883859375001 0.0236704375 0.7133883859375001 0.0236704375 0.7013323234375 0.01931799375 0.7013323234375 0.01931799375 0.7133883859375001
0 0.00795328125 0.7116660921875 0.013031132812499999 0.7116660921875 0.013031132812499999 0.6996100296875 0.00795328125 0.6996100296875 0.00795328125 0.7116660921875
0 0 0.763765503125 0.00529345625 0.763765503125 0.00529345625 0.748695425 0 0.748695425 0 0.763765503125
0 0.226588203125 0.6763359265625 0.22991298593749998 0.6763359265625 0.22991298593749998 0.6644951515625 0.226588203125 0.6644951515625 0.226588203125 0.6763359265625
0 0.2803351578125 0.775853521875 0.2846876 0.775853521875 0.2846876 0.7616445921875 0.2803351578125 0.7616445921875 0.2803351578125 0.775853521875
0 0.25107706875 0.7737006531249999 0.256638525 0.7737006531249999 0.256638525 0.763797459375 0.25107706875 0.763797459375 0.25107706875 0.7737006531249999
0 0.256638525 0.7724089328125 0.26099096718750003 0.7724089328125 0.26099096718750003 0.763797459375 0.256638525 0.763797459375 0.256638525 0.7724089328125
0 0.3787487234375 0.7461439390625 0.384068375 0.7461439390625 0.384068375 0.7332267296875 0.3787487234375 0.7332267296875 0.3787487234375 0.7461439390625
0 0.35432668437500003 0.7216012421875 0.36230616250000003 0.7216012421875 0.36230616250000003 0.7125591968749999 0.35432668437500003 0.7125591968749999 0.35432668437500003 0.7216012421875
0 0.34949063593749996 0.706531165625 0.3577119171875 0.706531165625 0.3577119171875 0.6966279703125 0.34949063593749996 0.6966279703125 0.34949063593749996 0.706531165625
0 0.15556513125 0.684141334375 0.16378641249999998 0.684141334375 0.16378641249999998 0.674238140625 0.15556513125 0.674238140625 0.15556513125 0.684141334375
0 0.1739421125 0.6755298625 0.1792617640625 0.6755298625 0.1792617640625 0.6651960953125 0.1739421125 0.6651960953125 0.1739421125 0.6755298625
0 0.1359791390625 0.6531400328125 0.1417823953125 0.6531400328125 0.1417823953125 0.6393616765625 0.1359791390625 0.6393616765625 0.1359791390625 0.6531400328125
0 0.0216928046875 0.683386990625 0.0258034453125 0.683386990625 0.0258034453125 0.6709003546875 0.0216928046875 0.6709003546875 0.0216928046875 0.683386990625
0 0.0137133265625 0.679081253125 0.01806576875 0.679081253125 0.01806576875 0.6648723234375 0.0137133265625 0.6648723234375 0.0137133265625 0.679081253125
0 0.10366381093749999 0.6988876421875 0.1070490421875 0.6988876421875 0.1070490421875 0.68597043125 0.10366381093749999 0.68597043125 0.10366381093749999 0.6988876421875
0 0.0814179921875 0.7001793624999999 0.0860122375 0.7001793624999999 0.0860122375 0.6838175640624999 0.0814179921875 0.6838175640624999 0.0814179921875 0.7001793624999999
0 0.8120501625 0.90884354375 0.8118621656249999 0.925 0.815625 0.925 0.815625 0.90884354375 0.8120501625 0.90884354375
0 0.8033087625 0.9103411999999999 0.8031381921874999 0.925 0.8078125 0.925 0.8078125 0.9102625875000001 0.8033087625 0.9103411999999999
0 0.7845985000000001 0.9103509421875 0.7845314546875001 0.921875 0.7875 0.921875 0.7875 0.9103509421875 0.7845985000000001 0.9103509421875
0 0.8345948515625 0.9137400687499999 0.8347440546874999 0.9265625 0.8390625 0.9265625 0.8390625 0.9138440546875 0.8345948515625 0.9137400687499999
0 0.7890625 0.9114494609375001 0.7875 0.9114585500000001 0.7875 0.921875 0.7890625 0.921875 0.7890625 0.9114494609375001
0 0.780191878125 0.9111311046874999 0.7777013078125 0.9111311046874999 0.7777013078125 0.9160843453125 0.780191878125 0.9160843453125 0.780191878125 0.9111311046874999
