0 0.56875 0.351422859375 0.57011231875 0.351422859375 0.57011231875 0.330774209375 0.56875 0.330774209375 0.56875 0.351422859375
0 0.5729830390624999 0.35968231875 0.576491696875 0.35968231875 0.576491696875 0.340159959375 0.5729830390624999 0.340159959375 0.5729830390624999 0.35968231875
0 0.578724478125 0.375825809375 0.5818078437499999 0.375825809375 0.5818078437499999 0.3546140140625 0.578724478125 0.3546140140625 0.578724478125 0.375825809375
0 0.58308371875 0.36756634843749997 0.588718834375 0.36756634843749997 0.588718834375 0.3461668375 0.58308371875 0.3461668375 0.58308371875 0.36756634843749997
0 0.5950982125000001 0.38877814375 0.5982879 0.38877814375 0.5982879 0.37563809375 0.5950982125000001 0.37563809375 0.5950982125000001 0.38877814375
0 0.59998906875 0.400791903125 0.60381669375 0.400791903125 0.60381669375 0.38033096875 0.59998906875 0.38033096875 0.59998906875 0.400791903125
0 0.6081759359375 0.3919692984375 0.6081759359375 0.388965859375 0.605305215625 0.388965859375 0.605305215625 0.40623563906250004 0.6081759359375 0.40623563906250004 0.6081759359375 0.3919692984375
0 0.608920196875 0.41130394531250003 0.6124288531250001 0.41130394531250003 0.6124288531250001 0.392720159375 0.608920196875 0.392720159375 0.608920196875 0.41130394531250003
0 0.61157826875 0.367003203125 0.6160438328125 0.367003203125 0.6160438328125 0.34372654375 0.61157826875 0.34372654375 0.61157826875 0.367003203125
0 0.619871459375 0.3442896875 0.619871459375 0.3365933734375 0.61551221875 0.3365933734375 0.61551221875 0.3574297375 0.619871459375 0.3574297375 0.619871459375 0.3442896875
0 0.621147334375 0.36493833750000004 0.626357159375 0.36493833750000004 0.626357159375 0.3442896875 0.621147334375 0.3442896875 0.621147334375 0.36493833750000004
0 0.658785659375 0.3504842828125 0.6652713593749999 0.3504842828125 0.6652713593749999 0.330398778125 0.658785659375 0.330398778125 0.658785659375 0.3504842828125
0 0.6726076421875 0.35498944374999997 0.6761163015625 0.35498944374999997 0.6761163015625 0.33190049843749997 0.6726076421875 0.33190049843749997 0.6726076421875 0.35498944374999997
0 0.6778174671875 0.3566788796875 0.6827083234375 0.3566788796875 0.6827083234375 0.332651359375 0.6778174671875 0.332651359375 0.6778174671875 0.3566788796875
0 0.7157747609375 0.34335111406249996 0.7157747609375 0.337907378125 0.7112028734375 0.337907378125 0.7112028734375 0.363248903125 0.7157747609375 0.363248903125 0.7157747609375 0.34335111406249996
0 0.7148178546875 0.367003203125 0.7192834171875 0.367003203125 0.7192834171875 0.3431633984375 0.7148178546875 0.3431633984375 0.7148178546875 0.367003203125
0 0.72545015 0.348231703125 0.73023468125 0.348231703125 0.73023468125 0.331337353125 0.72545015 0.331337353125 0.72545015 0.348231703125
0 0.7303410046875001 0.34391425937500003 0.73480656875 0.34391425937500003 0.73480656875 0.32382875312500004 0.7303410046875001 0.32382875312500004 0.7303410046875001 0.34391425937500003
0 0.736295090625 0.34748084375 0.7401227171875 0.34748084375 0.7401227171875 0.3335899328125 0.736295090625 0.3335899328125 0.736295090625 0.34748084375
0 0.7306599734375 0.372071509375 0.7365077359375001 0.372071509375 0.7365077359375001 0.3517982875 0.7306599734375 0.3517982875 0.7306599734375 0.372071509375
0 0.7455451859375 0.35799288281249997 0.7500107515625001 0.35799288281249997 0.7500107515625001 0.3486071328125 0.7455451859375 0.3486071328125 0.7455451859375 0.35799288281249997
0 0.7519245640625 0.3602454640625 0.756709096875 0.3602454640625 0.756709096875 0.34729312968750004 0.7519245640625 0.34729312968750004 0.7519245640625 0.3602454640625
0 0.7821202828125 0.4128056640625 0.7878617203125 0.4128056640625 0.7878617203125 0.39741303437500003 0.7821202828125 0.39741303437500003 0.7821202828125 0.4128056640625
0 0.789456565625 0.41074079843750005 0.79509168125 0.41074079843750005 0.79509168125 0.3966621734375 0.789456565625 0.3966621734375 0.789456565625 0.41074079843750005
0 0.7863732000000001 0.363248903125 0.7927525765625 0.363248903125 0.7927525765625 0.3510474296875 0.7863732000000001 0.3510474296875 0.7863732000000001 0.363248903125
0 0.7995572453124999 0.3375319484375 0.8039164859374999 0.3375319484375 0.8039164859374999 0.3142552875 0.7995572453124999 0.3142552875 0.7995572453124999 0.3375319484375
0 0.796261234375 0.3598700328125 0.8004078296875001 0.3598700328125 0.8004078296875001 0.347668559375 0.796261234375 0.347668559375 0.796261234375 0.3598700328125
0 0.804660746875 0.360808609375 0.804660746875 0.34654226875 0.8011520890625 0.34654226875 0.8011520890625 0.360808609375 0.803703840625 0.360808609375 0.804660746875 0.360808609375
0 0.8041291328125 0.3872764234375 0.8075314671875 0.3872764234375 0.8075314671875 0.363248903125 0.8041291328125 0.363248903125 0.8041291328125 0.3872764234375
0 0.8093389562500001 0.3685049234375 0.8129539375 0.3685049234375 0.8129539375 0.34466511875 0.8093389562500001 0.34466511875 0.8093389562500001 0.3685049234375
0 0.818589053125 0.3459791234375 0.8240115250000001 0.3459791234375 0.8240115250000001 0.32345332187500003 0.818589053125 0.32345332187500003 0.818589053125 0.3459791234375
0 0.8159309796875001 0.3623103296875 0.824117846875 0.3623103296875 0.824117846875 0.35123514375 0.8159309796875001 0.35123514375 0.8159309796875001 0.3623103296875
0 0.8262443062500001 0.35592801875 0.8310288390625 0.35592801875 0.8310288390625 0.32270246406249997 0.8262443062500001 0.32270246406249997 0.8262443062500001 0.35592801875
0 0.8538882734375001 0.33546708281250004 0.8590980984375 0.33546708281250004 0.8590980984375 0.30899926718750004 0.8538882734375001 0.30899926718750004 0.8538882734375001 0.33546708281250004
0 0.8492100640625001 0.3731977984375 0.8521871046874999 0.3731977984375 0.8521871046874999 0.347668559375 0.8492100640625001 0.347668559375 0.8492100640625001 0.3731977984375
0 0.8534629812500001 0.3752626640625 0.8562273781249999 0.3752626640625 0.8562273781249999 0.35254914843749996 0.8534629812500001 0.35254914843749996 0.8534629812500001 0.3752626640625
0 0.857822221875 0.37657666875 0.8606929421875 0.37657666875 0.8606929421875 0.3504842828125 0.857822221875 0.3504842828125 0.857822221875 0.37657666875
0 0.8620751406250001 0.3630611875 0.86707231875 0.3630611875 0.86707231875 0.34579140937499997 0.8620751406250001 0.34579140937499997 0.8620751406250001 0.3630611875
0 0.8710062687499999 0.329460203125 0.8746212484375 0.329460203125 0.8746212484375 0.303180103125 0.8710062687499999 0.303180103125 0.8710062687499999 0.329460203125
0 0.8764287390625001 0.3302110640625 0.8804690109375001 0.3302110640625 0.8804690109375001 0.30993784375 0.8764287390625001 0.30993784375 0.8764287390625001 0.3302110640625
0 0.887486325 0.32533047187499997 0.890250721875 0.32533047187499997 0.890250721875 0.30618354375 0.887486325 0.30618354375 0.887486325 0.32533047187499997
0 0.890250721875 0.32307789374999996 0.8953542234375 0.32307789374999996 0.8953542234375 0.30618354375 0.890250721875 0.30618354375 0.890250721875 0.32307789374999996
0 0.9069434265625 0.32908477343750003 0.911302665625 0.32908477343750003 0.911302665625 0.3073098328125 0.9069434265625 0.3073098328125 0.9069434265625 0.32908477343750003
0 0.9101331140625 0.32870934375 0.9133228031249999 0.32870934375 0.9133228031249999 0.304118678125 0.9101331140625 0.304118678125 0.9101331140625 0.32870934375
0 0.9133228031249999 0.324767328125 0.9153429390625 0.324767328125 0.9153429390625 0.304118678125 0.9133228031249999 0.304118678125 0.9133228031249999 0.324767328125
0 0.8947162859375 0.3792046796875 0.8990755281249999 0.3792046796875 0.8990755281249999 0.3548017296875 0.8947162859375 0.3548017296875 0.8947162859375 0.3792046796875
0 0.8981186203125 0.38202040312499996 0.903222121875 0.38202040312499996 0.903222121875 0.34935799375 0.8981186203125 0.34935799375 0.8981186203125 0.38202040312499996
0 0.907794009375 0.3593068875 0.916512490625 0.3593068875 0.916512490625 0.3450405484375 0.907794009375 0.3450405484375 0.907794009375 0.3593068875
0 0.8604802953125 0.41562138906249996 0.871963175 0.41562138906249996 0.871963175 0.40285676875 0.8604802953125 0.40285676875 0.8604802953125 0.41562138906249996
0 0.9450070421875001 0.41875 0.9450070421875001 0.40398305937499995 0.935969590625 0.40398305937499995 0.935969590625 0.41875 0.9450070421875001 0.41875
0 0.9367138515625001 0.357054309375 0.943412196875 0.357054309375 0.943412196875 0.32908477343750003 0.9367138515625001 0.32908477343750003 0.9367138515625001 0.357054309375
0 0.9546824296875001 0.3365933734375 0.958297409375 0.3365933734375 0.958297409375 0.32533047187499997 0.9546824296875001 0.32533047187499997 0.9546824296875001 0.3365933734375
0 0.958297409375 0.336030228125 0.960636515625 0.336030228125 0.960636515625 0.32533047187499997 0.958297409375 0.32533047187499997 0.958297409375 0.336030228125
0 0.9611681296875 0.33471622343749996 0.9647831109375 0.33471622343749996 0.9647831109375 0.32401646875 0.9611681296875 0.32401646875 0.9611681296875 0.33471622343749996
0 0.953512878125 0.3641874796875 0.9737142390625 0.3641874796875 0.9737142390625 0.34579140937499997 0.953512878125 0.34579140937499997 0.953512878125 0.3641874796875
0 0.9645704640625 0.312565853125 0.969354996875 0.312565853125 0.969354996875 0.287787471875 0.9645704640625 0.287787471875 0.9645704640625 0.312565853125
0 0.9826453656249999 0.29041548281249996 0.9826453656249999 0.28928919375 0.9788177390625 0.28928919375 0.9788177390625 0.312565853125 0.9826453656249999 0.312565853125 0.9826453656249999 0.29041548281249996
0 0.9837085953125001 0.3110641328125 0.9866856375000002 0.3110641328125 0.9866856375000002 0.290978628125 0.9837085953125001 0.290978628125 0.9837085953125001 0.3110641328125
0 0.9708860484375 0.41875 0.9708860484375 0.41458895625 0.9622473078125001 0.41458895625 0.9622473078125001 0.41875 0.9708860484375 0.41875
0 0.7280015046875 0.404182003125 0.7344909421875 0.404182003125 0.7344909421875 0.3812675734375 0.7280015046875 0.3812675734375 0.7280015046875 0.404182003125
0 0.9893351203125 0.321425009375 0.9957315093750001 0.321425009375 0.9957315093750001 0.2955954234375 0.9893351203125 0.2955954234375 0.9893351203125 0.321425009375
0 0.9972965828125 0.314937578125 0.9996782171875 0.314937578125 0.9996782171875 0.29727735 0.9972965828125 0.29727735 0.9972965828125 0.314937578125
0 0.8447444984375 0.3731977984375 0.8485721265624999 0.3731977984375 0.8485721265624999 0.3491702796875 0.8447444984375 0.3491702796875 0.8447444984375 0.3731977984375
0 0 0.7174728765625 0.001413565625 0.7174728765625 0.001413565625 0.7029173046875 0 0.7029173046875 0 0.7174728765625
0 0.054236210937499994 0.7447058859375 0.060046703125 0.7447058859375 0.060046703125 0.7259245015625 0.054236210937499994 0.7259245015625 0.054236210937499994 0.7447058859375
0 0.0608691265625 0.59122898125 0.06357364531250001 0.59122898125 0.06357364531250001 0.5862286265625001 0.0608691265625 0.5862286265625001 0.0608691265625 0.59122898125
0 0.0721199265625 0.5933445171875 0.0767717 0.5933445171875 0.0767717 0.5868055906249999 0.0721199265625 0.5868055906249999 0.0721199265625 0.5933445171875
0 0.0881306828125 0.591036659375 0.090618840625 0.591036659375 0.090618840625 0.5856516625 0.0881306828125 0.5856516625 0.0881306828125 0.591036659375
0 0.12718394375 0.59719094375 0.12978028125000002 0.59719094375 0.12978028125000002 0.5919982671875 0.12718394375 0.5919982671875 0.12718394375 0.59719094375
0 0.6030699828125 0.838749403125 0.6195293359375 0.838749403125 0.6195293359375 0.8122419843750001 0.6030699828125 0.8122419843750001 0.6030699828125 0.838749403125
0 0.6407581296875 0.80616295 0.647770065625 0.80616295 0.647770065625 0.783254525 0.6407581296875 0.783254525 0.6407581296875 0.80616295
0 0.7234861 0.7875618859375 0.7283912375 0.7875618859375 0.7283912375 0.774326978125 0.7234861 0.774326978125 0.7234861 0.7875618859375
0 0.6626141390625 0.8046469515625001 0.6718132828125001 0.8046469515625001 0.6718132828125001 0.7925189609375 0.6626141390625 0.7925189609375 0.6626141390625 0.8046469515625001
0 0.752096725 0.8087858671875001 0.760202265625 0.8087858671875001 0.760202265625 0.79887171875 0.752096725 0.79887171875 0.752096725 0.8087858671875001
0 0.7266865015625 0.8036844125 0.7331837984374999 0.8036844125 0.7331837984374999 0.7975241640625 0.7266865015625 0.7975241640625 0.7266865015625 0.8036844125
0 0.7607188328125 0.785288128125 0.76735283125 0.785288128125 0.76735283125 0.7691956828125 0.7607188328125 0.7691956828125 0.7607188328125 0.785288128125
0 0.8220853281250001 0.8005203062499999 0.8301265375 0.8005203062499999 0.8301265375 0.770392840625 0.8220853281250001 0.770392840625 0.8220853281250001 0.8005203062499999
0 0.8958714703125 0.8108194718749999 0.9106029687499999 0.8108194718749999 0.9106029687499999 0.755858503125 0.8958714703125 0.755858503125 0.8958714703125 0.8108194718749999
0 0.920702728125 0.8089906484375 0.9420601812499999 0.8089906484375 0.9420601812499999 0.7489282234375001 0.920702728125 0.7489282234375001 0.920702728125 0.8089906484375
0 0.844086078125 0.802926653125 0.85495779375 0.802926653125 0.85495779375 0.7860822234375 0.844086078125 0.7860822234375 0.844086078125 0.802926653125
0 0.85598706875 0.8010015765624999 0.8609404546875 0.8010015765624999 0.8609404546875 0.7740504875 0.85598706875 0.7740504875 0.85598706875 0.8010015765624999
0 0.8595895312499999 0.79955776875 0.865829509375 0.79955776875 0.865829509375 0.7643288453125 0.8595895312499999 0.7643288453125 0.8595895312499999 0.79955776875
0 0.8721338187499998 0.8024453843749999 0.8941345703125 0.8024453843749999 0.8941345703125 0.7671202078125 0.8721338187499998 0.7671202078125 0.8721338187499998 0.8024453843749999
0 0.9716387687499999 0.7887941578125 0.9881232484375001 0.7887941578125 0.9881232484375001 0.749209746875 0.9716387687499999 0.749209746875 0.9716387687499999 0.7887941578125
0 0.569014046875 0.8246380343750002 0.5843414734375 0.8246380343750002 0.5843414734375 0.7943168984375 0.569014046875 0.7943168984375 0.569014046875 0.8246380343750002
