0 0.1859375 0.6938554171875 0.170639640625 0.6942114796875 0.1703125 0.70545456875 0.1703125 0.728125 0.1855101671875 0.728125 0.1859375 0.7134385328125 0.1859375 0.6938554171875
0 0.1809052765625 0.5848948578125001 0.1806749671875 0.6046875 0.1875 0.6046875 0.1875 0.5848948578125001 0.1809052765625 0.5848948578125001
0 0.9672782953125001 0.8841342593749999 0.967938515625 0.9125 0.9765625 0.9125 0.9765625 0.8838641171875 0.9672782953125001 0.8841342593749999
0 0.9640625 0.8508682421875001 0.9640625 0.903125 0.9729171203125 0.903125 0.9734375 0.8852406953124999 0.9734375 0.8506500359375 0.9640625 0.8508682421875001
0 0.8711010937499999 0.773829525 0.87101475 0.78125 0.8734375 0.78125 0.8734375 0.773829525 0.8711010937499999 0.773829525
0 0.85580815 0.7740934203125 0.85580815 0.7828125 0.859375 0.7828125 0.859375 0.7740726687499999 0.85580815 0.7740934203125
0 0.8468032359375 0.7122529609375 0.8546267609375 0.7122529609375 0.8546267609375 0.6854631421875 0.8468032359375 0.6854631421875 0.8468032359375 0.7122529609375
0 0.7444608500000001 0.7233145421875 0.7900439578125 0.7233145421875 0.7900439578125 0.6832874 0.7444608500000001 0.6832874 0.7444608500000001 0.7233145421875
0 0.67309621875 0.7089099593749999 0.681929421875 0.7089099593749999 0.681929421875 0.6998329390625 0.67309621875 0.6998329390625 0.67309621875 0.7089099593749999
0 0.859163646875 0.7187665390625 0.86454859375 0.7187665390625 0.86454859375 0.6981751484375 0.859163646875 0.6981751484375 0.859163646875 0.7187665390625
0 0.8797587078125 0.7140599359375 0.9005899515625 0.7140599359375 0.9005899515625 0.6993518 0.8797587078125 0.6993518 0.8797587078125 0.7140599359375
0 0.8100961171875 0.7089380249999999 0.8175122296874999 0.7089380249999999 0.8175122296874999 0.6841443093749999 0.8100961171875 0.6841443093749999 0.8100961171875 0.7089380249999999
0 0.79081619375 0.6679832015625 0.797287578125 0.6679832015625 0.797287578125 0.6459630203125 0.79081619375 0.6459630203125 0.79081619375 0.6679832015625
0 0.7493426515625 0.6700843640625 0.783589028125 0.6700843640625 0.783589028125 0.6433575796875 0.7493426515625 0.6433575796875 0.7493426515625 0.6700843640625
