0 0.332414759375 0.5566783890625 0.332414759375 0.6359375 0.3484375 0.6359375 0.3484375 0.5566783890625 0.332414759375 0.5566783890625
0 0.709375 0.2328722328125 0.7166489046875 0.2328722328125 0.7166489046875 0.20189735468749997 0.709375 0.20189735468749997 0.709375 0.2328722328125
0 0.709375 0.6707929218750001 0.7336041171875001 0.6707929218750001 0.7336041171875001 0.6238763078125 0.709375 0.6238763078125 0.709375 0.6707929218750001
0 0.8056202499999999 0.6192507265625 0.7849295046875 0.6192507265625 0.7647863593750001 0.6192507265625 0.7647863593750001 0.674096909375 0.8056202499999999 0.674096909375 0.8056202499999999 0.6192507265625
0 0.856551490625 0 0.856551490625 0.018672184375 0.87511235 0.018672184375 0.87511235 0 0.856551490625 0
0 0.937175221875 0 0.937175221875 0.018672184375 0.9586362140624999 0.018672184375 0.9586362140624999 0 0.937175221875 0
0 0.9636964609374999 0.097510759375 0.9969575203125001 0.097510759375 0.9969575203125001 0.07112115625 0.9636964609374999 0.07112115625 0.9636964609374999 0.097510759375
0 0.9291049609375 0.0964957734375 0.9517224796875 0.0964957734375 0.9517224796875 0.0643545890625 0.9291049609375 0.0643545890625 0.9291049609375 0.0964957734375
0 0.7381689421875001 0.0922561765625 0.7613700156250001 0.0922561765625 0.7613700156250001 0.0587000609375 0.7381689421875001 0.0587000609375 0.7381689421875001 0.0922561765625
0 0.793271490625 0.27681481875 0.8295231671875 0.27681481875 0.8295231671875 0.2522930421875 0.793271490625 0.2522930421875 0.793271490625 0.27681481875
0 0.8804929109374999 0.185682353125 0.9118533375 0.185682353125 0.9118533375 0.15387949843749998 0.8804929109374999 0.15387949843749998 0.8804929109374999 0.185682353125
0 0.9417823515624999 0.168180475 0.96266331875 0.168180475 0.96266331875 0.13514060625 0.9417823515624999 0.13514060625 0.9417823515624999 0.168180475
0 0.9589654296875001 0.14298342343749998 0.9750219703124999 0.14298342343749998 0.9750219703124999 0.1198147046875 0.9589654296875001 0.1198147046875 0.9589654296875001 0.14298342343749998
0 0.9661919156250001 0.374702209375 0.9661919156250001 0.33598361250000003 0.9317528234375001 0.33598361250000003 0.9317528234375001 0.374702209375 0.9398716734375 0.374702209375 0.9661919156250001 0.374702209375
0 0.9528872015625 0.395488571875 0.9673624140625 0.395488571875 0.9673624140625 0.371020675 0.9528872015625 0.371020675 0.9528872015625 0.395488571875
0 0.93756050625 0.39743734375 0.9517924375 0.39743734375 0.9517924375 0.37665045625000004 0.93756050625 0.37665045625000004 0.93756050625 0.39743734375
0 0.8312393140625 0 0.8312393140625 0.0150682453125 0.8494853796875 0.0150682453125 0.8494853796875 0 0.8312393140625 0
0 0.8157602875000001 0.47588462500000006 0.853253221875 0.47588462500000006 0.853253221875 0.42566402343750004 0.8157602875000001 0.42566402343750004 0.8157602875000001 0.47588462500000006
0 0.8194724593749999 0.6245640359375 0.8591926984375 0.6245640359375 0.8591926984375 0.5862377859375 0.8194724593749999 0.5862377859375 0.8194724593749999 0.6245640359375
0 0.8509002406249999 0.6232160078125 0.8808237906249999 0.6232160078125 0.8808237906249999 0.5957166875000001 0.8509002406249999 0.5957166875000001 0.8509002406249999 0.6232160078125
0 0.8614829593750001 0.6535302203125 0.8996780578125 0.6535302203125 0.8996780578125 0.6158539859375 0.8614829593750001 0.6158539859375 0.8614829593750001 0.6535302203125
0 0.9389475265625 0.6848083078125 0.9998503453125 0.6848083078125 0.9998503453125 0.6357647515625 0.9389475265625 0.6357647515625 0.9389475265625 0.6848083078125
0 0.9115912828124999 0.5569136968749999 0.9632647140625 0.5569136968749999 0.9632647140625 0.513565390625 0.9115912828124999 0.513565390625 0.9115912828124999 0.5569136968749999
0 1 0.499820803125 0.9674223468750001 0.499820803125 0.9674223468750001 0.5373540953125 1 0.5373540953125 1 0.499820803125
0 1 0.5163819703125 0.996744821875 0.5163819703125 0.996744821875 0.5423655828125 1 0.5423655828125 1 0.5163819703125
0 1 0.5577558296875 0.9734967328125 0.5577558296875 0.9734967328125 0.59158865625 1 0.59158865625 1 0.5577558296875
0 1 0.44797467031249993 0.990136746875 0.44797467031249993 0.990136746875 0.4721268125 1 0.4721268125 1 0.44797467031249993
0 1 0.3987232390625 0.9914669421875001 0.3987232390625 0.9914669421875001 0.42571681093749997 1 0.42571681093749997 1 0.3987232390625
0 1 0.26108018906249997 0.9863585531249999 0.26108018906249997 0.9863585531249999 0.2977819765625 1 0.2977819765625 1 0.26108018906249997
