0 0.02578125 0.0203125 0.0515625 0.03125
0 0.2546875 0.159375 0.509375 0.015625
0 0.509375 0.2133888625 0.5143675015625 0.2133888625 0.5143675015625 0.20015627500000002 0.509375 0.20015627500000002 0.509375 0.2133888625
0 0.5868590671875 0.23640205937499997 0.5975386281249999 0.23640205937499997 0.5975386281249999 0.2162655125 0.5868590671875 0.2162655125 0.5868590671875 0.23640205937499997
0 0.9468783453124999 0.1367373921875 0.9671047875 0.1367373921875 0.9671047875 0.09358765 0.9468783453124999 0.09358765 0.9468783453124999 0.1367373921875
0 0.9015711171875 0.13242241875 0.9112798093750001 0.13242241875 0.9112798093750001 0.10149843750000001 0.9015711171875 0.10149843750000001 0.9015711171875 0.13242241875
0 0.8360374468749999 0.1827637828125 0.8526231296875 0.1827637828125 0.8526231296875 0.1388948796875 0.8360374468749999 0.1388948796875 0.8360374468749999 0.1827637828125
0 0.8760858015625 0.145367340625 0.8910533671875001 0.145367340625 0.8910533671875001 0.1058134109375 0.8760858015625 0.1058134109375 0.8760858015625 0.145367340625
0 0.857072946875 0.13026493125 0.8760858015625 0.13026493125 0.8760858015625 0.06697864375 0.857072946875 0.06697864375 0.857072946875 0.13026493125
0 0.9019756453125 0.083519378125 0.9092571640625 0.083519378125 0.9092571640625 0.0612253453125 0.9019756453125 0.0612253453125 0.9019756453125 0.083519378125
0 0.92017944375 0.083519378125 0.9258428468750001 0.083519378125 0.9258428468750001 0.06194450781250001 0.92017944375 0.06194450781250001 0.92017944375 0.083519378125
0 0.931101721875 0.06194450781250001 0.9416194703125 0.06194450781250001 0.9416194703125 0.0317396875 0.931101721875 0.0317396875 0.931101721875 0.06194450781250001
0 0.9480919312499999 0 0.9480919312499999 0.020233090625 0.9573960953124999 0.020233090625 0.9573960953124999 0 0.9480919312499999 0
0 0.633697184375 0.1499407640625 0.6454285203125 0.1499407640625 0.6454285203125 0.10607185937500001 0.633697184375 0.10607185937500001 0.633697184375 0.1499407640625
0 0.640574175 0.20243961562499999 0.6498783375 0.20243961562499999 0.6498783375 0.18086474531250002 0.640574175 0.18086474531250002 0.640574175 0.20243961562499999
0 0.7154120078125 0.18446055781249998 0.72714334375 0.18446055781249998 0.72714334375 0.137715003125 0.7154120078125 0.137715003125 0.7154120078125 0.18446055781249998
0 0.72714334375 0.1506599265625 0.7376610937500001 0.1506599265625 0.7376610937500001 0.111105996875 0.72714334375 0.111105996875 0.72714334375 0.1506599265625
0 0.701658028125 0.18949469375 0.7105576625 0.18949469375 0.7105576625 0.1664814984375 0.701658028125 0.1664814984375 0.701658028125 0.18949469375
0 0.6874995187499999 0.11254432031249999 0.6988263265625 0.11254432031249999 0.6988263265625 0.0737095546875 0.6874995187499999 0.0737095546875 0.6874995187499999 0.11254432031249999
0 0.660800615625 0.12405091875 0.67819535625 0.12405091875 0.67819535625 0.10319521093749999 0.660800615625 0.10319521093749999 0.660800615625 0.12405091875
0 0.6579689140625 0.0916886125 0.6705093078125 0.0916886125 0.6705093078125 0.06651793125 0.6579689140625 0.06651793125 0.6579689140625 0.0916886125
0 0.631674540625 0.080182015625 0.640574175 0.080182015625 0.640574175 0.044223896875 0.631674540625 0.044223896875 0.631674540625 0.080182015625
0 0.60295299375 0.139153328125 0.619134146875 0.139153328125 0.619134146875 0.0945652625 0.60295299375 0.0945652625 0.60295299375 0.139153328125
0 0.57908579375 0.13411919218749999 0.59364883125 0.13411919218749999 0.59364883125 0.11829762031249999 0.57908579375 0.11829762031249999 0.57908579375 0.13411919218749999
0 0.5394419671875 0.1930905046875 0.5600729375 0.1930905046875 0.5600729375 0.1542557375 0.5394419671875 0.1542557375 0.5394419671875 0.1930905046875
0 0.550768775 0.1298042171875 0.5604774671875 0.1298042171875 0.5604774671875 0.10175688593750001 0.550768775 0.10175688593750001 0.550768775 0.1298042171875
0 0.5657363421875 0.0960035875 0.574231446875 0.0960035875 0.574231446875 0.0672370921875 0.5657363421875 0.0672370921875 0.5657363421875 0.0960035875
0 0.5786812640625 0.080182015625 0.58838995625 0.080182015625 0.58838995625 0.044223896875 0.5786812640625 0.044223896875 0.5786812640625 0.080182015625
0 0.592030715625 0.079462853125 0.6041665796875 0.079462853125 0.6041665796875 0.0521346828125 0.592030715625 0.0521346828125 0.592030715625 0.079462853125
0 0.5386329109375 0.110386834375 0.550768775 0.110386834375 0.550768775 0.074428715625 0.5386329109375 0.074428715625 0.5386329109375 0.110386834375
0 0.516788353125 0.0945652625 0.526901575 0.0945652625 0.526901575 0.06292211875 0.516788353125 0.06292211875 0.516788353125 0.0945652625
0 0.534582565625 0.0602657125 0.543967634375 0.0602657125 0.543967634375 0.030348559375 0.534582565625 0.030348559375 0.534582565625 0.0602657125
0 0.5601487875 0.0602657125 0.5672684953125 0.0602657125 0.5672684953125 0.0355265265625 0.5601487875 0.0355265265625 0.5601487875 0.0602657125
0 0.571151971875 0.055087743749999994 0.5786812640625 0.055087743749999994 0.5786812640625 0.029197898437499998 0.571151971875 0.029197898437499998 0.571151971875 0.055087743749999994
0 0.599307178125 0.0533617546875 0.608045 0.0533617546875 0.608045 0.0211432796875 0.599307178125 0.0211432796875 0.599307178125 0.0533617546875
0 0.6132229687499999 0.049909775 0.6203426765625 0.049909775 0.6203426765625 0.022869270312500002 0.6132229687499999 0.022869270312500002 0.6132229687499999 0.049909775
0 0.61969543125 0.0476084546875 0.6264915140625 0.0476084546875 0.6264915140625 0.01251333125 0.61969543125 0.01251333125 0.61969543125 0.0476084546875
0 0.629404121875 0 0.629404121875 0.027471909375 0.6371710765625 0.027471909375 0.6371710765625 0 0.629404121875 0
0 0.6465561453124999 0.0596903828125 0.650439621875 0.0596903828125 0.650439621875 0.0384031765625 0.6465561453124999 0.0384031765625 0.6465561453124999 0.0596903828125
0 0.6501159984375 0.0320745484375 0.6588538203125001 0.0320745484375 0.6588538203125001 0.00215739375 0.6501159984375 0.00215739375 0.6501159984375 0.0320745484375
0 0.642025421875 0 0.642025421875 0.0320745484375 0.6501159984375 0.0320745484375 0.6501159984375 0 0.642025421875 0
0 0.6666207749999999 0.026896579687499998 0.6730932359375 0.026896579687499998 0.6730932359375 0.0067600328125 0.6666207749999999 0.0067600328125 0.6666207749999999 0.026896579687499998
0 0.6578829515625 0.06651793125 0.6705093078125 0.06651793125 0.6705093078125 0.0384031765625 0.6578829515625 0.0384031765625 0.6578829515625 0.06651793125
0 0.6714751203125 0 0.6714751203125 0.013663992187499998 0.675358596875 0.013663992187499998 0.675358596875 0 0.6714751203125 0
0 0.5484983578125 0 0.5484983578125 0.014239321874999999 0.5562653109375 0.014239321874999999 0.5562653109375 0 0.5484983578125 0
0 0.509375 0.0533617546875 0.5190486578125 0.0533617546875 0.5190486578125 0.018266631250000002 0.509375 0.018266631250000002 0.509375 0.0533617546875
0 0.5601487875 0 0.5601487875 0.0188419609375 0.566297625 0.0188419609375 0.566297625 0 0.5601487875 0
0 0.5692102328125 0 0.5692102328125 0.022869270312500002 0.5750354484375 0.022869270312500002 0.5750354484375 0 0.5692102328125 0
0 0.5161360515625 0.03149921875 0.526168365625 0.03149921875 0.526168365625 0.001006734375 0.5161360515625 0.001006734375 0.5161360515625 0.03149921875
0 0.587656746875 0.029773228125000002 0.6006016703125 0.029773228125000002 0.6006016703125 0.00215739375 0.587656746875 0.00215739375 0.587656746875 0.029773228125000002
0 0.7328573125 0 0.7328573125 0.0128392015625 0.744993178125 0.0128392015625 0.744993178125 0 0.7328573125 0
0 0.8692702484374999 0 0.8692702484374999 0.023208625 0.8793672875 0.023208625 0.8793672875 0 0.8692702484374999 0
0 0.845710490625 0.0462218203125 0.861244396875 0.0462218203125 0.861244396875 0.014003346875 0.845710490625 0.014003346875 0.845710490625 0.0462218203125
0 0.8224096296875001 0.07429791875 0.8278464968750001 0.07429791875 0.8278464968750001 0.0439205 0.8224096296875001 0.0439205 0.8224096296875001 0.07429791875
0 0.7794324875 0.0738376546875 0.7905651203125 0.0738376546875 0.7905651203125 0.048062875 0.7794324875 0.048062875 0.7794324875 0.0738376546875
0 0.7563905249999999 0.0830429328125 0.7667464625 0.0830429328125 0.7667464625 0.048523140625 0.7563905249999999 0.048523140625 0.7563905249999999 0.0830429328125
0 0.722992625 0.0627913203125 0.722992625 0.054966834374999995 0.7105655000000001 0.054966834374999995 0.7105655000000001 0.0890263640625 0.722992625 0.0890263640625 0.722992625 0.0627913203125
0 0.7025396468749999 0.06463237656250001 0.7105655000000001 0.06463237656250001 0.7105655000000001 0.0351754859375 0.7025396468749999 0.0351754859375 0.7025396468749999 0.06463237656250001
0 0.73438415625 0.0687747515625 0.743445603125 0.0687747515625 0.743445603125 0.0342549578125 0.73438415625 0.0342549578125 0.73438415625 0.0687747515625
0 0.7020218500000001 0 0.7020218500000001 0.0199867765625 0.715225671875 0.0199867765625 0.715225671875 0 0.7020218500000001 0
0 0.7771024000000001 0.048062875 0.7887528312500001 0.048062875 0.7887528312500001 0.0126225546875 0.7771024000000001 0.0126225546875 0.7771024000000001 0.048062875
0 0.7411155171875 0.0595694734375 0.7506947593750001 0.0595694734375 0.7506947593750001 0.020447040625 0.7411155171875 0.020447040625 0.7411155171875 0.0595694734375
0 0.8327655671875 0.0848839890625 0.8420859109375 0.0848839890625 0.8420859109375 0.0535860421875 0.8327655671875 0.0535860421875 0.8327655671875 0.0848839890625
0 0.6204198609375 0 0.6204198609375 0.015116664062499998 0.629404121875 0.015116664062499998 0.629404121875 0 0.6204198609375 0
0 0.725234371875 0.0828418375 0.733726240625 0.0828418375 0.733726240625 0.0622220140625 0.725234371875 0.0622220140625 0.725234371875 0.0828418375
0 0.68856763125 0.05517712500000001 0.69797910625 0.05517712500000001 0.69797910625 0.02383499375 0.68856763125 0.02383499375 0.68856763125 0.05517712500000001
0 0.2921299640625 0.6078125 0.280519996875 0.608150315625 0.2801239390625 0.6421875 0.3145071734375 0.6421875 0.41511203124999996 0.639260196875 0.41547795781249997 0.6078125 0.2921299640625 0.6078125
