0 0.7203711562499999 0.9157033 0.7276157828125001 0.9157033 0.7276157828125001 0.8587370109375 0.7203711562499999 0.8587370109375 0.7203711562499999 0.9157033
0 0.768736278125 0.9330672859375 0.7777240734374999 0.9330672859375 0.7777240734374999 0.9022097203125 0.768736278125 0.9022097203125 0.768736278125 0.9330672859375
0 0.774442815625 0.89121935625 0.78285995625 0.89121935625 0.78285995625 0.8603617890624999 0.774442815625 0.8603617890624999 0.774442815625 0.89121935625
0 0.7008285 0.8633207328125 0.70767634375 0.8633207328125 0.70767634375 0.8155549125 0.7008285 0.8155549125 0.7008285 0.8633207328125
0 0.6487563578125 0.9871737015625 0.6538922406250001 0.9871737015625 0.6538922406250001 0.9432122390625001 0.6487563578125 0.9432122390625001 0.6487563578125 0.9871737015625
0 0.69783256875 0.848103303125 0.7028257875 0.848103303125 0.7028257875 0.8210500968750001 0.69783256875 0.8210500968750001 0.69783256875 0.848103303125
0 0.677717028125 0.8202046828125 0.684707534375 0.8202046828125 0.684707534375 0.79019253125 0.677717028125 0.79019253125 0.677717028125 0.8202046828125
0 0.666266121875 0.7304112875000001 0.6718389124999999 0.7304112875000001 0.6718389124999999 0.6973873515625 0.666266121875 0.6973873515625 0.666266121875 0.7304112875000001
0 0.6562351015625 0.7105969265625001 0.6612506125000001 0.7105969265625001 0.6612506125000001 0.6759217937499999 0.6562351015625 0.6759217937499999 0.6562351015625 0.7105969265625001
0 0.691900953125 0.66353781875 0.697473740625 0.66353781875 0.697473740625 0.6346418734375 0.691900953125 0.6346418734375 0.691900953125 0.66353781875
0 0.8325424328125001 0.7604291421875 0.8493053828124999 0.7604291421875 0.8493053828124999 0.6748311015625 0.8325424328125001 0.6748311015625 0.8325424328125001 0.7604291421875
0 0.6462826921875 0.6599156859375 0.68794040625 0.6599156859375 0.68794040625 0.57833335625 0.6462826921875 0.57833335625 0.6462826921875 0.6599156859375
0 0.6986879734375 0.6120332234375 0.7051078265624999 0.6120332234375 0.7051078265624999 0.5765258890625 0.6986879734375 0.5765258890625 0.6986879734375 0.6120332234375
0 0.5597527171875 0.6530221703125 0.5678876671875 0.6530221703125 0.5678876671875 0.622743328125 0.5597527171875 0.622743328125 0.5597527171875 0.6530221703125
0 0.673984978125 0.9944035609374999 0.6786750109375 0.9944035609374999 0.6786750109375 0.9641884640624999 0.673984978125 0.9641884640624999 0.673984978125 0.9944035609374999
0 0.74578023125 0.923384859375 0.748964290625 0.923384859375 0.748964290625 0.894699640625 0.74578023125 0.894699640625 0.74578023125 0.923384859375
0 0.7995530828125 0.8568575609375 0.80428614375 0.8568575609375 0.80428614375 0.8419412484375 0.7995530828125 0.8419412484375 0.7995530828125 0.8568575609375
0 0.8716947749999999 0.8706641062499999 0.8756210640625 0.8706641062499999 0.8756210640625 0.8422976109375 0.8716947749999999 0.8422976109375 0.8716947749999999 0.8706641062499999
0 0.8950572781250001 0.8276985281250001 0.877501925 0.8276985281250001 0.877501925 0.8603359312500001 0.8950572781250001 0.8603359312500001 0.8950572781250001 0.8276985281250001
0 0.8898509109375 0.9194912296875 0.9003066734375 0.9194912296875 0.9003066734375 0.9041924437500001 0.8898509109375 0.9041924437500001 0.8898509109375 0.9194912296875
0 0.484970334375 0.7080287000000001 0.4891117625 0.7080287000000001 0.4891117625 0.687949046875 0.484970334375 0.687949046875 0.484970334375 0.7080287000000001
0 0.3521114265625 0.68885771875 0.358296678125 0.68885771875 0.358296678125 0.666706353125 0.3521114265625 0.666706353125 0.3521114265625 0.68885771875
0 0.36742328281250003 0.6402372671875 0.373232040625 0.6402372671875 0.373232040625 0.6255759328125 0.36742328281250003 0.6255759328125 0.36742328281250003 0.6402372671875
0 0.0606283328125 0.7385483500000001 0.054658221875 0.7385483500000001 0.054658221875 0.7721738 0.0606283328125 0.7721738 0.0606283328125 0.7385483500000001
0 0.04481560625 0.7375921765625 0.039168203125 0.7375921765625 0.039168203125 0.7713769890625 0.04481560625 0.7713769890625 0.04481560625 0.7375921765625
0 0.044116403124999995 0.7718550765625001 0.051323565625 0.7718550765625001 0.051323565625 0.739504521875 0.044116403124999995 0.739504521875 0.044116403124999995 0.7718550765625001
0 0.7738325671874999 0.631437528125 0.762699115625 0.631437528125 0.762699115625 0.6454614125 0.7738325671874999 0.6454614125 0.7738325671874999 0.631437528125
0 0.754039765625 0.6199634406250001 0.7502748296874999 0.6199634406250001 0.7502748296874999 0.6392462828125 0.754039765625 0.6392462828125 0.754039765625 0.6199634406250001
0 0.71617370625 0.6816200875 0.7271888296875 0.6816200875 0.7271888296875 0.6540822765625001 0.71617370625 0.6540822765625001 0.71617370625 0.6816200875
0 0.7337720875 0.6496201312500001 0.72568285625 0.6496201312500001 0.72568285625 0.6660663234374999 0.7337720875 0.6660663234374999 0.7337720875 0.6496201312500001
0 0.690609578125 0.6984113140625 0.686134684375 0.6984113140625 0.686134684375 0.7179172640625 0.690609578125 0.7179172640625 0.690609578125 0.6984113140625
0 0.7030015921875 0.6953515578125 0.7080358484375 0.6953515578125 0.7080358484375 0.6755906296874999 0.7030015921875 0.6755906296874999 0.7030015921875 0.6953515578125
0 0.690608221875 0.9739229265624999 0.698191878125 0.9739229265624999 0.698191878125 0.9568711578125001 0.690608221875 0.9568711578125001 0.690608221875 0.9739229265624999
0 0.6465924109375 0.9441570328125 0.643709546875 0.9441570328125 0.643709546875 0.9744996203125 0.6465924109375 0.9744996203125 0.6465924109375 0.9441570328125
0 0.8475125968749999 0.8027331109375 0.853960734375 0.8027331109375 0.853960734375 0.7736049109375001 0.8475125968749999 0.7736049109375001 0.8475125968749999 0.8027331109375
