0 0.39099801875 1 0.39099801875 0.9746597265624999 0.37848367656250004 0.9746597265624999 0.37848367656250004 1 0.39099801875 1
0 0.43509617812499995 1 0.43509617812499995 0.9608680265625 0.4279451265625 0.9608680265625 0.4279451265625 1 0.43509617812499995 1
0 0.454165653125 1 0.454165653125 0.93116283125 0.43688394218750004 0.93116283125 0.43688394218750004 1 0.454165653125 1
0 0.4768106546875 1 0.4768106546875 0.9820860249999999 0.46727591874999996 0.9820860249999999 0.46727591874999996 1 0.4768106546875 1
0 0.49945565625 1 0.49945565625 0.957685328125 0.482769865625 0.957685328125 0.482769865625 1 0.49945565625 1
0 0.49707197187499996 0.9502590296874999 0.5101822359375 0.9502590296874999 0.5101822359375 0.92373653125 0.49707197187499996 0.92373653125 0.49707197187499996 0.9502590296874999
0 0.0024574718749999997 0.5322644828125 0.011396289062499999 0.5322644828125 0.011396289062499999 0.49619388593749997 0.0024574718749999997 0.49619388593749997 0.0024574718749999997 0.5322644828125
0 0.00126563125 0.4866457875 0.011992210937500001 0.4866457875 0.011992210937500001 0.46648869062500004 0.00126563125 0.46648869062500004 0.00126563125 0.4866457875
0 0.033445368749999996 0.5036201859375 0.0400005015625 0.5036201859375 0.0400005015625 0.48770668906250003 0.033445368749999996 0.48770668906250003 0.033445368749999996 0.5036201859375
0 0.0251024734375 0.5959184734375 0.0352331328125 0.5959184734375 0.0352331328125 0.5800049749999999 0.0251024734375 0.5800049749999999 0.0251024734375 0.5959184734375
0 0.0090126046875 0.6669987640625 0.0167595796875 0.6669987640625 0.0167595796875 0.63517176875 0.0090126046875 0.63517176875 0.0090126046875 0.6669987640625
0 0.0251024734375 0.654267965625 0.029869842187500002 0.654267965625 0.029869842187500002 0.6224409703125 0.0251024734375 0.6224409703125 0.0251024734375 0.654267965625
0 0.026890237500000004 0.7221655578125 0.0394045796875 0.7221655578125 0.0394045796875 0.6818513625 0.026890237500000004 0.6818513625 0.026890237500000004 0.7221655578125
0 0.0429801078125 0.751870753125 0.060857739062500006 0.751870753125 0.060857739062500006 0.7380790562499999 0.0429801078125 0.7380790562499999 0.0429801078125 0.751870753125
0 0.057878132812500004 0.78157595 0.064433265625 0.78157595 0.064433265625 0.7614188515625 0.057878132812500004 0.7614188515625 0.057878132812500004 0.78157595
0 0.0489393171875 0.6797295625 0.057878132812500004 0.6797295625 0.057878132812500004 0.6468416687499999 0.0489393171875 0.6468416687499999 0.0489393171875 0.6797295625
0 0.0870782671875 0.710495659375 0.096613003125 0.710495659375 0.096613003125 0.6945821609375 0.0870782671875 0.6945821609375 0.0870782671875 0.710495659375
0 0.0930374765625 0.6945821609375 0.10376405625 0.6945821609375 0.10376405625 0.6776077640625 0.0930374765625 0.6776077640625 0.0930374765625 0.6945821609375
0 0.1132987953125 0.7115565578125 0.1264090578125 0.7115565578125 0.1264090578125 0.6956430609375 0.1132987953125 0.6956430609375 0.1132987953125 0.7115565578125
0 0.1073395828125 0.6638160656250001 0.1192580046875 0.6638160656250001 0.1192580046875 0.63517176875 0.1073395828125 0.63517176875 0.1073395828125 0.6638160656250001
0 0.0936333984375 0.62986726875 0.1001885296875 0.62986726875 0.1001885296875 0.599101171875 0.0936333984375 0.599101171875 0.0936333984375 0.62986726875
0 0.0531107640625 0.591674875 0.0602618171875 0.591674875 0.0602618171875 0.583187675 0.0531107640625 0.583187675 0.0531107640625 0.591674875
0 0.0602618171875 0.6139537718750001 0.0686047125 0.6139537718750001 0.0686047125 0.591674875 0.0602618171875 0.591674875 0.0602618171875 0.6139537718750001
0 0.073968003125 0.612892871875 0.08290681875 0.612892871875 0.08290681875 0.5948575734375 0.073968003125 0.5948575734375 0.073968003125 0.612892871875
0 0.18838485 0.818707446875 0.20030327187500002 0.818707446875 0.20030327187500002 0.78475865 0.18838485 0.78475865 0.18838485 0.818707446875
0 0.1240253734375 0.9057012359375001 0.144286690625 0.9057012359375001 0.144286690625 0.8887268359375 0.1240253734375 0.8887268359375 0.1240253734375 0.9057012359375001
0 0.15227203125 0.99927079375 0.1660974 0.99927079375 0.1660974 0.9466501609375001 0.15227203125 0.9466501609375001 0.15227203125 0.99927079375
0 0.30196740625 1 0.30196740625 0.9772040765625001 0.2819444578125 0.9772040765625001 0.2819444578125 1 0.30196740625 1
0 0.3925474125 0.969565596875 0.4073262546875 0.969565596875 0.4073262546875 0.9177936843750001 0.3925474125 0.9177936843750001 0.3925474125 0.969565596875
0 0.41781446562499996 0.9525912 0.4306863609375 0.9525912 0.4306863609375 0.898273125 0.41781446562499996 0.898273125 0.41781446562499996 0.9525912
0 0.43450025625000005 0.944104 0.44403499375 0.944104 0.44403499375 0.8889372078125 0.43450025625000005 0.8889372078125 0.43450025625000005 0.944104
0 0.44260478281250004 0.9169449640625 0.45833709999999994 0.9169449640625 0.45833709999999994 0.8583832921875001 0.44260478281250004 0.8583832921875001 0.44260478281250004 0.9169449640625
0 0.46405794218749996 0.9016680062500001 0.474069415625 0.9016680062500001 0.474069415625 0.8821474484374999 0.46405794218749996 0.8821474484374999 0.46405794218749996 0.9016680062500001
0 0.468348575 0.9033654468750001 0.4826506796875 0.9033654468750001 0.4826506796875 0.8634756093749999 0.468348575 0.8634756093749999 0.468348575 0.9033654468750001
0 0.4783600484375 0.8787525687500001 0.49313889062499994 0.8787525687500001 0.49313889062499994 0.832072975 0.4783600484375 0.832072975 0.4783600484375 0.8787525687500001
0 0.51459205 0.8677192109374999 0.51459205 0.8558371328125001 0.5045805750000001 0.8558371328125001 0.5045805750000001 0.9059116046875001 0.51459205 0.9059116046875001 0.51459205 0.8677192109374999
0 0.51459205 0.898273125 0.521743103125 0.898273125 0.521743103125 0.8651730515625001 0.51459205 0.8651730515625001 0.51459205 0.898273125
0 0.5296875 0.79982161875 0.5246035234375 0.79982161875 0.5246035234375 0.8269806546874999 0.5296875 0.8269806546874999 0.5296875 0.79982161875
0 0.46024404687500003 0.8032164984375001 0.47168573125 0.8032164984375001 0.47168573125 0.774360021875 0.46024404687500003 0.774360021875 0.46024404687500003 0.8032164984375001
0 0.44355825624999995 0.77096514375 0.456430153125 0.77096514375 0.456430153125 0.744654825 0.44355825624999995 0.744654825 0.44355825624999995 0.77096514375
0 0.4569068890625 0.7633266640625 0.47216246875 0.7633266640625 0.47216246875 0.7268317078125 0.4569068890625 0.7268317078125 0.4569068890625 0.7633266640625
0 0.2147245609375 0.736167628125 0.22425929843749998 0.736167628125 0.22425929843749998 0.709857309375 0.2147245609375 0.709857309375 0.2147245609375 0.736167628125
0 0.328187934375 0.69797523125 0.3367691984375 0.69797523125 0.3367691984375 0.66487515625 0.328187934375 0.66487515625 0.328187934375 0.69797523125
0 0.3486876203125 0.7081598703124999 0.361559515625 0.7081598703124999 0.361559515625 0.6843957125 0.3486876203125 0.6843957125 0.3486876203125 0.7081598703124999
0 0.178492559375 0.6445058796875001 0.183736665625 0.6445058796875001 0.183736665625 0.629228921875 0.178492559375 0.629228921875 0.178492559375 0.6445058796875001
0 0.1699112953125 0.6190442828125 0.1765856125 0.6190442828125 0.1765856125 0.59443140625 0.1699112953125 0.59443140625 0.1699112953125 0.6190442828125
0 0.10507508125000001 0.5384158921875 0.11079592499999999 0.5384158921875 0.11079592499999999 0.5239876546875 0.10507508125000001 0.5239876546875 0.10507508125000001 0.5384158921875
0 0.10745876562500001 0.5239876546875 0.1150865546875 0.5239876546875 0.1150865546875 0.513803015625 0.10745876562500001 0.513803015625 0.10745876562500001 0.5239876546875
0 0.1193771875 0.55793645 0.126528240625 0.55793645 0.126528240625 0.5477518109374999 0.1193771875 0.5477518109374999 0.1193771875 0.55793645
0 0.12366782031250001 0.54860053125 0.1341560296875 0.54860053125 0.1341560296875 0.524836375 0.12366782031250001 0.524836375 0.12366782031250001 0.54860053125
0 0.149411609375 0.55708773125 0.1565626625 0.55708773125 0.1565626625 0.537567171875 0.149411609375 0.537567171875 0.149411609375 0.55708773125
0 0.1694345578125 0.5469030921875 0.17610887343749998 0.5469030921875 0.17610887343749998 0.5384158921875 0.1694345578125 0.5384158921875 0.1694345578125 0.5469030921875
0 0.1675276109375 0.5647262078125 0.178492559375 0.5647262078125 0.178492559375 0.5553902890625 0.1675276109375 0.5553902890625 0.1675276109375 0.5647262078125
0 0.1880272953125 0.5706672484374999 0.1947016125 0.5706672484374999 0.1947016125 0.541810771875 0.1880272953125 0.541810771875 0.1880272953125 0.5706672484374999
0 0.197085296875 0.582549328125 0.2047130875 0.582549328125 0.2047130875 0.5672723671875 0.197085296875 0.5672723671875 0.197085296875 0.582549328125
0 0.069319815625 0.5392646125 0.0788545546875 0.5392646125 0.0788545546875 0.5087106953125 0.069319815625 0.5087106953125 0.069319815625 0.5392646125
0 0.0569246578125 0.513803015625 0.069319815625 0.513803015625 0.069319815625 0.4976773359375001 0.0569246578125 0.4976773359375001 0.0569246578125 0.513803015625
0 0.072656975 0.5010722171875 0.0802847640625 0.5010722171875 0.0802847640625 0.4790055 0.072656975 0.4790055 0.072656975 0.5010722171875
0 0.0550177109375 0.4781567796875 0.060738553125000004 0.4781567796875 0.060738553125000004 0.46372854218750004 0.0550177109375 0.46372854218750004 0.0550177109375 0.4781567796875
0 0.037855184375 0.4620311015625 0.043576025000000004 0.4620311015625 0.043576025000000004 0.4518464640625 0.037855184375 0.4518464640625 0.037855184375 0.4620311015625
0 0.0340412890625 0.429779746875 0.042145815625 0.429779746875 0.042145815625 0.416200228125 0.0340412890625 0.416200228125 0.0340412890625 0.429779746875
0 0.0073440234375 0.421292546875 0.0121113921875 0.421292546875 0.0121113921875 0.411956628125 0.0073440234375 0.411956628125 0.0073440234375 0.421292546875
0 0.05835486875 0.44675414374999994 0.0688430796875 0.44675414374999994 0.0688430796875 0.4314771859375 0.05835486875 0.4314771859375 0.05835486875 0.44675414374999994
0 0.0945868703125 0.43656950468750005 0.102691396875 0.43656950468750005 0.102691396875 0.42383870625000003 0.0945868703125 0.42383870625000003 0.0945868703125 0.43656950468750005
0 0.112226134375 0.429779746875 0.1203306609375 0.429779746875 0.1203306609375 0.41280534687500003 0.112226134375 0.41280534687500003 0.112226134375 0.429779746875
0 0.107935503125 0.44420798437500003 0.11460981875000001 0.44420798437500003 0.11460981875000001 0.42553614531250006 0.107935503125 0.42553614531250006 0.107935503125 0.44420798437500003
0 0.1012611859375 0.4807029390625 0.10745876562500001 0.4807029390625 0.10745876562500001 0.46712342187499994 0.1012611859375 0.46712342187499994 0.1012611859375 0.4807029390625
0 0.1250980296875 0.4781567796875 0.13320255625 0.4781567796875 0.13320255625 0.4577875015625 0.1250980296875 0.4577875015625 0.1250980296875 0.4781567796875
0 0.1551324515625 0.47645934062500006 0.16133003125 0.47645934062500006 0.16133003125 0.45524134375 0.1551324515625 0.45524134375 0.1551324515625 0.47645934062500006
0 0.19946898125 0.5239876546875 0.20852698125 0.5239876546875 0.20852698125 0.4976773359375001 0.19946898125 0.4976773359375001 0.19946898125 0.5239876546875
0 0.2285499296875 0.505315815625 0.23713119374999997 0.505315815625 0.23713119374999997 0.48409781875 0.2285499296875 0.48409781875 0.2285499296875 0.505315815625
0 0.24285203593750002 0.5010722171875 0.239038140625 0.5010722171875 0.239038140625 0.5265338140625 0.24285203593750002 0.5265338140625 0.24285203593750002 0.5010722171875
0 0.252863509375 0.5265338140625 0.252863509375 0.499374778125 0.24285203593750002 0.499374778125 0.24285203593750002 0.5265338140625 0.2500030890625 0.5265338140625 0.252863509375 0.5265338140625
0 0.248572878125 0.559633890625 0.25906108906249997 0.559633890625 0.25906108906249997 0.5350210140625 0.248572878125 0.5350210140625 0.248572878125 0.559633890625
0 0.22711971874999998 0.5766082875 0.239038140625 0.5766082875 0.239038140625 0.5443569312500001 0.22711971874999998 0.5443569312500001 0.22711971874999998 0.5766082875
0 0.285758353125 0.6198930015624999 0.29243267031250003 0.6198930015624999 0.29243267031250003 0.5850954859374999 0.285758353125 0.5850954859374999 0.285758353125 0.6198930015624999
0 0.296246565625 0.49258501718750003 0.3014906703125 0.49258501718750003 0.3014906703125 0.47730806093750006 0.296246565625 0.47730806093750006 0.296246565625 0.49258501718750003
0 0.296246565625 0.47730806093750006 0.304827828125 0.47730806093750006 0.304827828125 0.46118238125 0.296246565625 0.46118238125 0.296246565625 0.47730806093750006
0 0.2514333 0.49003885937499997 0.258584353125 0.49003885937499997 0.258584353125 0.46966958124999997 0.2514333 0.46966958124999997 0.2514333 0.49003885937499997
0 0.24428224687500003 0.47730806093750006 0.2514333 0.47730806093750006 0.2514333 0.45609006250000006 0.24428224687500003 0.45609006250000006 0.24428224687500003 0.47730806093750006
0 0.3081649859375 0.5121055765625 0.314362565625 0.5121055765625 0.314362565625 0.50276965625 0.3081649859375 0.50276965625 0.3081649859375 0.5121055765625
0 0.3248507765625 0.5146517359375 0.33152509375 0.5146517359375 0.33152509375 0.504467096875 0.3248507765625 0.504467096875 0.3248507765625 0.5146517359375
0 0.3248507765625 0.4824003796875 0.3362924625 0.4824003796875 0.3362924625 0.46372854218750004 0.3248507765625 0.46372854218750004 0.3248507765625 0.4824003796875
0 0.3753848859375 0.5104081375 0.384919621875 0.5104081375 0.384919621875 0.47730806093750006 0.3753848859375 0.47730806093750006 0.3753848859375 0.5104081375
0 0.3648966734375 0.45863622187499997 0.3734779375 0.45863622187499997 0.3734779375 0.43317462500000004 0.3648966734375 0.43317462500000004 0.3648966734375 0.45863622187499997
0 0.35059456875 0.4408131046875 0.3563154109375 0.4408131046875 0.3563154109375 0.43232590625 0.35059456875 0.43232590625 0.35059456875 0.4408131046875
0 0.2943396171875 0.43656950468750005 0.2995837234375 0.43656950468750005 0.2995837234375 0.421292546875 0.2943396171875 0.421292546875 0.2943396171875 0.43656950468750005
0 0.2800375109375 0.44420798437500003 0.286235090625 0.44420798437500003 0.286235090625 0.42383870625000003 0.2800375109375 0.42383870625000003 0.2800375109375 0.44420798437500003
0 0.21663150937500003 0.4654259828125 0.2218756140625 0.4654259828125 0.2218756140625 0.441661825 0.21663150937500003 0.441661825 0.21663150937500003 0.4654259828125
0 0.2943396171875 0.40516687031250004 0.300060459375 0.40516687031250004 0.300060459375 0.3856463109375 0.2943396171875 0.3856463109375 0.2943396171875 0.40516687031250004
0 0.2828979328125 0.40516687031250004 0.28957225000000003 0.40516687031250004 0.28957225000000003 0.389041190625 0.2828979328125 0.389041190625 0.2828979328125 0.40516687031250004
0 0.34153656718750003 0.3966796703125 0.34630393593750003 0.3966796703125 0.34630393593750003 0.38055399375 0.34153656718750003 0.38055399375 0.34153656718750003 0.3966796703125
0 0.3563154109375 0.4085617484375 0.36251299062500003 0.4085617484375 0.36251299062500003 0.39413351093750004 0.3563154109375 0.39413351093750004 0.3563154109375 0.4085617484375
0 0.36251299062500003 0.3796875 0.36251299062500003 0.392436071875 0.370617515625 0.392436071875 0.370617515625 0.3796875 0.36251299062500003 0.3796875
0 0.43163983437500003 0.41365406718750003 0.4397443609375 0.41365406718750003 0.4397443609375 0.3907386296875 0.43163983437500003 0.3907386296875 0.43163983437500003 0.41365406718750003
0 0.4468954140625 0.47730806093750006 0.4569068890625 0.47730806093750006 0.4569068890625 0.45609006250000006 0.4468954140625 0.45609006250000006 0.4468954140625 0.47730806093750006
0 0.440697834375 0.5104081375 0.45356973125 0.5104081375 0.45356973125 0.4934337375 0.440697834375 0.4934337375 0.440697834375 0.5104081375
0 0.4235353078125 0.53417229375 0.43450025625000005 0.53417229375 0.43450025625000005 0.5180466140625001 0.4235353078125 0.5180466140625001 0.4235353078125 0.53417229375
0 0.468348575 0.5435082109375 0.475022890625 0.5435082109375 0.475022890625 0.528231253125 0.468348575 0.528231253125 0.468348575 0.5435082109375
0 0.4769298375 0.53417229375 0.48408089062500004 0.53417229375 0.48408089062500004 0.5104081375 0.4769298375 0.5104081375 0.4769298375 0.53417229375
0 0.4797902578125 0.5494492515625 0.48980173281250006 0.5494492515625 0.48980173281250006 0.5239876546875 0.4797902578125 0.5239876546875 0.4797902578125 0.5494492515625
0 0.48980173281250006 0.542659490625 0.495522575 0.542659490625 0.495522575 0.516349175 0.48980173281250006 0.516349175 0.48980173281250006 0.542659490625
0 0.49554631875000005 0.4807029390625 0.506988003125 0.4807029390625 0.506988003125 0.46627470156250006 0.49554631875000005 0.46627470156250006 0.49554631875000005 0.4807029390625
0 0.1725666234375 0.44692128281250004 0.177753521875 0.44692128281250004 0.177753521875 0.433884946875 0.1725666234375 0.433884946875 0.1725666234375 0.44692128281250004
0 0.18934776250000002 0.4311690421875 0.198195996875 0.4311690421875 0.198195996875 0.412700896875 0.18934776250000002 0.412700896875 0.18934776250000002 0.4311690421875
0 0.19911133281249999 0.41704634374999994 0.2085697921875 0.41704634374999994 0.2085697921875 0.3980350171875 0.19911133281249999 0.3980350171875 0.19911133281249999 0.41704634374999994
0 0.2085697921875 0.412700896875 0.21497713593749998 0.412700896875 0.21497713593749998 0.3980350171875 0.2085697921875 0.3980350171875 0.2085697921875 0.412700896875
0 0.22535092968749998 0.3947759328125 0.23175827343750002 0.3947759328125 0.23175827343750002 0.3822827765625 0.22535092968749998 0.3822827765625 0.22535092968749998 0.3947759328125
0 0.23511450156249997 0.412700896875 0.24365762656249998 0.412700896875 0.24365762656249998 0.393146390625 0.23511450156249997 0.393146390625 0.23511450156249997 0.412700896875
0 0.2537263078125 0.3796875 0.2537263078125 0.38771458281250004 0.26196432187499996 0.38771458281250004 0.26196432187499996 0.3796875 0.2537263078125 0.3796875
0 0.26532054843749997 0.40238046250000004 0.274168784375 0.40238046250000004 0.274168784375 0.38391231875 0.26532054843749997 0.38391231875 0.26532054843749997 0.40238046250000004
0 0.009026809375 0.45126672812499996 0.0203159390625 0.45126672812499996 0.0203159390625 0.43497130781250004 0.009026809375 0.43497130781250004 0.009026809375 0.45126672812499996
0 0.0181801578125 0.41704634374999994 0.0248926125 0.41704634374999994 0.0248926125 0.39586229375 0.0181801578125 0.39586229375 0.0181801578125 0.41704634374999994
0 0.0151290421875 0.3920600296875 0.029164174999999997 0.3920600296875 0.029164174999999997 0.380110053125 0.0151290421875 0.380110053125 0.0151290421875 0.3920600296875
0 0.0703542390625 0.3991213796875 0.0792024765625 0.3991213796875 0.0792024765625 0.3882577640625 0.0703542390625 0.3882577640625 0.0703542390625 0.3991213796875
0 0.1020858453125 0.398578196875 0.10971363593750001 0.398578196875 0.10971363593750001 0.3822827765625 0.1020858453125 0.3822827765625 0.1020858453125 0.398578196875
0 0.1408350171875 0.4045531859375 0.154259928125 0.4045531859375 0.154259928125 0.39586229375 0.1408350171875 0.39586229375 0.1408350171875 0.4045531859375
0 0.6 0.5402763203125 0.6 0.5375 0.589672009375 0.5375 0.534473575 0.5384634921875 0.534375 0.5418512953125 0.534375 0.659322334375 0.5965677015625 0.65823675625 0.6 0.5402763203125
