0 0.2625 0.4390625 0.2625 0.42538824374999995 0.250245403125 0.42510301562499997 0.2506515828125 0.4390625 0.2625 0.4390625
0 0.26656365625 0.3935119609375 0.266233621875 0.421875 0.277855415625 0.421875 0.278125 0.398706940625 0.278125 0.3937137640625 0.26656365625 0.3935119609375
0 0.2823511609375 0.3944532921875 0.2820502609375 0.4203125 0.2921875 0.4203125 0.2921875 0.3943388375 0.2823511609375 0.3944532921875
0 0.299899825 0.4037478421875 0.2997216421875 0.434375 0.3109375 0.434375 0.3109375 0.40394050625 0.299899825 0.4037478421875
0 0.3177965828125 0.2738194921875 0.317948896875 0.3 0.325 0.3 0.325 0.27390331093750003 0.3177965828125 0.2738194921875
0 0.387459865625 0.2548664171875 0.3878658453125 0.278125 0.39375 0.278125 0.39375 0.25475662187500003 0.387459865625 0.2548664171875
0 0.3725428890625 0.126854715625 0.3730816015625 0.15 0.378125 0.15 0.378125 0.126822240625 0.3725428890625 0.126854715625
0 0.30697439375 0.0889153953125 0.30741422812499997 0.1078125 0.3125 0.1078125 0.3125 0.08888324843749999 0.30697439375 0.0889153953125
0 0.469675340625 0.053690509374999994 0.4690338875 0.08125 0.47653877656250004 0.08125 0.4765625 0.0802307671875 0.4765625 0.05357029375 0.469675340625 0.053690509374999994
0 0.4871692125 0.029100126562500002 0.4866827625 0.05 0.49375 0.05 0.49375 0.0292532953125 0.4871692125 0.029100126562500002
0 0.48691952968749996 0.03574415 0.4921875 0.0357747984375 0.4921875 0.012851571875 0.48625241875 0.012817042187499999 0.48691952968749996 0.03574415
0 0.3744568015625 0.1715123234375 0.38125 0.1716309 0.38125 0.14755232812500002 0.37375583125 0.14742151718750002 0.3744568015625 0.1715123234375
0 0.3078125 0.2218599421875 0.3077349921875 0.21519891093750002 0.303973490625 0.21515514218749998 0.3041244078125 0.228125 0.3078125 0.228125 0.3078125 0.2218599421875
0 0.3073634609375 0.2149534328125 0.307210196875 0.228125 0.309375 0.228125 0.309375 0.21498854375 0.3073634609375 0.2149534328125
0 0.31066906875 0.2142139484375 0.31066906875 0.228125 0.3125 0.228125 0.3125 0.2142565625 0.31066906875 0.2142139484375
0 0.3132506109375 0.2135364890625 0.31294742656249996 0.2265625 0.3171875 0.2265625 0.3171875 0.2135135859375 0.3132506109375 0.2135364890625
0 0.31977243906249997 0.21582490937499998 0.3195225203125 0.2265625 0.3234375 0.2265625 0.3234375 0.21586755625 0.31977243906249997 0.21582490937499998
0 0.30571109218750003 0.2763511515625 0.306287525 0.309375 0.3140625 0.309375 0.3140625 0.2763511515625 0.30571109218750003 0.2763511515625
0 0.400399434375 0.25595852343750003 0.40006877812499997 0.284375 0.4078125 0.284375 0.4078125 0.2559153953125 0.400399434375 0.25595852343750003
0 0.3923964640625 0.2793049046875 0.39302361874999997 0.30625 0.4 0.30625 0.4 0.279437625 0.3923964640625 0.2793049046875
0 0.32420283906249997 0.3518844125 0.32384295937499996 0.3828125 0.33399893281250004 0.3828125 0.334362253125 0.3515888046875 0.32420283906249997 0.3518844125
0 0.4428247484375 0 0.442497465625 0.01875 0.446875 0.01875 0.446875 0 0.4428247484375 0
0 0.4386797171875 0 0.4387888015625 0.01875 0.44375 0.01875 0.44375 0 0.4386797171875 0
0 0.5294968250000001 0 0.52940723125 0.015399796875 0.534375 0.0154287 0.534375 0 0.5294968250000001 0
0 0.49611811718750004 0.0130503890625 0.496260359375 0.0375 0.503125 0.0375 0.503125 0.0131726953125 0.49611811718750004 0.0130503890625
0 0.3807055734375 0.066910321875 0.38129390625 0.0921875 0.3875 0.0921875 0.3875 0.06710801875 0.3807055734375 0.066910321875
0 0.47905290625 0.2049059640625 0.47968304687499996 0.2265625 0.4859375 0.2265625 0.4859375 0.2048258546875 0.47905290625 0.2049059640625
