0 0.5160041734374999 0.2696472453125 0.5157275921875 0.3171875 0.546875 0.3171875 0.546875 0.26910839375 0.5160041734374999 0.2696472453125
0 0.378843025 1 0.378843025 0.9927668765625001 0.37443275468750004 0.9927668765625001 0.37443275468750004 1 0.378843025 1
0 0.34912882968750003 0.9868897125 0.35497243749999996 0.9868897125 0.35497243749999996 0.978661684375 0.34912882968750003 0.978661684375 0.34912882968750003 0.9868897125
0 0.3723378765625 0.9534878296875 0.377354559375 0.9534878296875 0.377354559375 0.9439864140625 0.3723378765625 0.9439864140625 0.3723378765625 0.9534878296875
0 0.351940378125 0.9402642109375 0.360209634375 0.9402642109375 0.360209634375 0.93115460625 0.351940378125 0.93115460625 0.351940378125 0.9402642109375
0 0.312744103125 0.9332116140625001 0.3171543734375 0.9332116140625001 0.3171543734375 0.9229265765625 0.312744103125 0.9229265765625 0.312744103125 0.9332116140625001
0 0.305301321875 0.99173319375 0.310284928125 0.99173319375 0.310284928125 0.9768443781249999 0.305301321875 0.9768443781249999 0.305301321875 0.99173319375
0 0.26984275156250004 0.9259089546875 0.27310635 0.9259089546875 0.27310635 0.9164271296875001 0.26984275156250004 0.9164271296875001 0.26984275156250004 0.9259089546875
0 0.29853155781249996 0.8633869484375 0.30145336093749997 0.8633869484375 0.30145336093749997 0.8546691546874999 0.29853155781249996 0.8546691546874999 0.29853155781249996 0.8633869484375
0 0.3069110703125 0.851926478125 0.309391846875 0.851926478125 0.309391846875 0.8446779750000001 0.3069110703125 0.8446779750000001 0.3069110703125 0.851926478125
0 0.2799532953125 0.8707334031249999 0.283757153125 0.8707334031249999 0.283757153125 0.864464428125 0.2799532953125 0.864464428125 0.2799532953125 0.8707334031249999
0 0.2630422359375 0.739821484375 0.2665704515625 0.739821484375 0.2665704515625 0.7315934546875 0.2630422359375 0.7315934546875 0.2630422359375 0.739821484375
0 0.26970174375 0.7409969171874999 0.2730094453125 0.7409969171874999 0.2730094453125 0.730339659375 0.26970174375 0.730339659375 0.26970174375 0.7409969171874999
0 0.27711099687499996 0.754240128125 0.280065878125 0.754240128125 0.280065878125 0.7472658921875001 0.27711099687499996 0.7472658921875001 0.27711099687499996 0.754240128125
0 0.2818740875 0.7610576375 0.285578715625 0.7610576375 0.285578715625 0.755572284375 0.2818740875 0.755572284375 0.2818740875 0.7610576375
0 0.256382728125 0.7139619625 0.25920529999999997 0.7139619625 0.25920529999999997 0.7080064359375 0.256382728125 0.7080064359375 0.256382728125 0.7139619625
0 0.24707705781249997 0.7259513765625 0.24959091249999998 0.7259513765625 0.24959091249999998 0.7198391265625 0.24707705781249997 0.7198391265625 0.24707705781249997 0.7259513765625
0 0.22306916718749997 0.6816228671875 0.22575943281250002 0.6816228671875 0.22575943281250002 0.67480535625 0.22306916718749997 0.67480535625 0.22306916718749997 0.6816228671875
0 0.21230810781249998 0.691183053125 0.21495427031249997 0.691183053125 0.21495427031249997 0.68436554375 0.21230810781249998 0.68436554375 0.21230810781249998 0.691183053125
0 0.33807209843749997 0.9311295390625001 0.34496314375 0.9311295390625001 0.34496314375 0.918885446875 0.33807209843749997 0.918885446875 0.33807209843749997 0.9311295390625001
0 0.33772754531250004 0.88842826875 0.34349879687499996 0.88842826875 0.34349879687499996 0.876184175 0.33772754531250004 0.876184175 0.33772754531250004 0.88842826875
0 0.3193254890625 0.9161577890625001 0.323115565625 0.9161577890625001 0.323115565625 0.9074644828124999 0.3193254890625 0.9074644828124999 0.3193254890625 0.9161577890625001
0 0.306370321875 0.926075503125 0.3104360390625 0.926075503125 0.3104360390625 0.9181168421875 0.306370321875 0.9181168421875 0.306370321875 0.926075503125
0 0.3248383265625 0.9119947968750001 0.3280082078125 0.9119947968750001 0.3280082078125 0.9002404687500001 0.3248383265625 0.9002404687500001 0.3248383265625 0.9119947968750001
0 0.32924859687499997 0.9035463734375 0.3318671953125 0.9035463734375 0.3318671953125 0.8974243281250001 0.32924859687499997 0.8974243281250001 0.32924859687499997 0.9035463734375
0 0.348750259375 0.8717117328124999 0.348750259375 0.8646101609375 0.345373646875 0.8646101609375 0.345373646875 0.8717117328124999 0.3467639375 0.8717117328124999 0.348750259375 0.8717117328124999
0 0.3479922453125 0.865222365625 0.35185123125 0.865222365625 0.35185123125 0.857631028125 0.3479922453125 0.857631028125 0.3479922453125 0.865222365625
0 0.35844665781249996 0.8555632921875 0.36189218125 0.8555632921875 0.36189218125 0.8486759906250001 0.35844665781249996 0.8486759906250001 0.35844665781249996 0.8555632921875
0 0.32511121875 0.8437783546875 0.32511121875 0.8370441046874999 0.3230439046875 0.8370441046874999 0.3230439046875 0.841030653125 0.3230439046875 0.8437783546875 0.32511121875 0.8437783546875
0 0.3194261046875 0.8228103484375 0.3226132140625 0.8228103484375 0.3226132140625 0.8130150734375 0.3194261046875 0.8130150734375 0.3194261046875 0.8228103484375
0 0.3128410171875 0.7540707796875 0.3128410171875 0.746736078125 0.3107593703125 0.746736078125 0.3107593703125 0.7524027906249999 0.3107593703125 0.7540707796875 0.3128410171875 0.7540707796875
0 0.300283859375 0.7728997359375 0.3025644984375 0.7728997359375 0.3025644984375 0.764835328125 0.300283859375 0.764835328125 0.300283859375 0.7728997359375
0 0.29213226875 0.7558365078125 0.29213226875 0.7527587734375001 0.2886322796875 0.7527587734375001 0.2886322796875 0.75845601875 0.29213226875 0.75845601875 0.29213226875 0.7558365078125
0 0.3022784875 0.773379075 0.30442425625 0.773379075 0.30442425625 0.7672920171875 0.3022784875 0.7672920171875 0.3022784875 0.773379075
0 0.310891378125 0.7463061546875001 0.308915790625 0.7463061546875001 0.308915790625 0.752774475 0.310891378125 0.752774475 0.310891378125 0.7463061546875001
0 0.122611153125 0.6280977 0.137426903125 0.6280977 0.137426903125 0.6097315625 0.122611153125 0.6097315625 0.122611153125 0.6280977
0 0.1492795046875 0.6377705328125 0.17422509375 0.6377705328125 0.17422509375 0.6181799859375 0.1492795046875 0.6181799859375 0.1492795046875 0.6377705328125
0 0.180909409375 0.6540551750000001 0.203580953125 0.6540551750000001 0.203580953125 0.6303016375 0.180909409375 0.6303016375 0.180909409375 0.6540551750000001
0 0.21983224687499997 0.6269918140625 0.22630983124999998 0.6269918140625 0.22630983124999998 0.6170741 0.21983224687499997 0.6170741 0.21983224687499997 0.6269918140625
0 0.23933391093749998 0.6254000828125 0.2476720765625 0.6254000828125 0.2476720765625 0.61597213125 0.23933391093749998 0.61597213125 0.23933391093749998 0.6254000828125
0 0.233821071875 0.6399705515624999 0.2415390453125 0.6399705515624999 0.2415390453125 0.6320118906250001 0.233821071875 0.6320118906250001 0.233821071875 0.6399705515624999
0 0.20777291562500003 0.66360165 0.22858387656249998 0.66360165 0.22858387656249998 0.6464599203125 0.20777291562500003 0.6464599203125 0.20777291562500003 0.66360165
0 0.233821071875 0.6737642453125 0.2527714515625 0.6737642453125 0.2527714515625 0.6476843296875 0.233821071875 0.6476843296875 0.233821071875 0.6737642453125
0 0.268414128125 0.6655607046875 0.27654556406249997 0.6655607046875 0.27654556406249997 0.6544185796875001 0.268414128125 0.6544185796875001 0.268414128125 0.6655607046875
0 0.25270254062499997 0.6874776296875 0.268207396875 0.6874776296875 0.268207396875 0.6681319640625001 0.25270254062499997 0.6681319640625001 0.25270254062499997 0.6874776296875
0 0.263521484375 0.7041295937500001 0.279233071875 0.7041295937500001 0.279233071875 0.689436684375 0.263521484375 0.689436684375 0.263521484375 0.7041295937500001
0 0.2750384640625 0.7192055390625 0.2784707125 0.7192055390625 0.2784707125 0.7096165140624999 0.2750384640625 0.7096165140624999 0.2750384640625 0.7192055390625
0 0.2901448734375 0.720529546875 0.292944865625 0.720529546875 0.292944865625 0.7133879296875 0.2901448734375 0.7133879296875 0.2901448734375 0.720529546875
0 0.2924706734375 0.72181343125 0.2953384078125 0.72181343125 0.2953384078125 0.7154341234375 0.2924706734375 0.7154341234375 0.2924706734375 0.72181343125
0 0.2786471234375 0.720577190625 0.281018084375 0.720577190625 0.281018084375 0.7143984890625 0.2786471234375 0.7143984890625 0.2786471234375 0.720577190625
0 0.2936180484375 0.742844590625 0.2963954609375 0.742844590625 0.2963954609375 0.7352215156249999 0.2936180484375 0.7352215156249999 0.2936180484375 0.742844590625
0 0.2904793484375 0.743045196875 0.2933470828125 0.743045196875 0.2933470828125 0.735582609375 0.2904793484375 0.735582609375 0.2904793484375 0.743045196875
0 0.2969753984375 0.7762241859375 0.3000463578125 0.7762241859375 0.3000463578125 0.7659530953125 0.2969753984375 0.7659530953125 0.2969753984375 0.7762241859375
0 0.274801971875 0.7759300453125 0.2782737359375 0.7759300453125 0.2782737359375 0.7696109171875 0.274801971875 0.7696109171875 0.274801971875 0.7759300453125
0 0.2862616171875 0.77241941875 0.29207611718750004 0.77241941875 0.29207611718750004 0.760683896875 0.2862616171875 0.760683896875 0.2862616171875 0.77241941875
0 0.27686245 0.7403222656249999 0.288463225 0.7403222656249999 0.288463225 0.7212144296874999 0.27686245 0.7212144296874999 0.27686245 0.7403222656249999
0 0.2817455015625 0.7212144296874999 0.2853019421875 0.7212144296874999 0.2853019421875 0.716098946875 0.2817455015625 0.716098946875 0.2817455015625 0.7212144296874999
0 0.2976930375 0.7439833484375 0.3107333234375 0.7439833484375 0.3107333234375 0.727282796875 0.2976930375 0.727282796875 0.2976930375 0.7439833484375
0 0.35410292656250003 0.8461470703125 0.3640383828125 0.8461470703125 0.3640383828125 0.8086836765625 0.35410292656250003 0.8086836765625 0.35410292656250003 0.8461470703125
0 0.3370545875 0.8595877546875 0.3474416546875 0.8595877546875 0.3474416546875 0.8373705078124999 0.3370545875 0.8373705078124999 0.3370545875 0.8595877546875
0 0.33919974218750004 0.8300984953124999 0.347244075 0.8300984953124999 0.347244075 0.8141502234375 0.33919974218750004 0.8141502234375 0.33919974218750004 0.8300984953124999
0 0.3244094609375 0.823378153125 0.331409440625 0.823378153125 0.331409440625 0.808583371875 0.3244094609375 0.808583371875 0.3244094609375 0.823378153125
0 0.3331029859375 0.8119936953125 0.34261505468750003 0.8119936953125 0.34261505468750003 0.7957946640625 0.3331029859375 0.7957946640625 0.3331029859375 0.8119936953125
0 0.3266957453125 0.79594511875 0.34444972812499997 0.79594511875 0.34444972812499997 0.7822035265625 0.3266957453125 0.7822035265625 0.3266957453125 0.79594511875
0 0.34701826874999997 0.7950423875 0.3496432625 0.7950423875 0.3496432625 0.7882217421875 0.34701826874999997 0.7882217421875 0.34701826874999997 0.7950423875
0 0.3190455015625 0.7703882484375 0.32764552812500003 0.7703882484375 0.32764552812500003 0.7474673078125 0.3190455015625 0.7474673078125 0.3190455015625 0.7703882484375
0 0.30236365468750004 0.7809342296875 0.306682190625 0.7809342296875 0.306682190625 0.774414496875 0.30236365468750004 0.774414496875 0.30236365468750004 0.7809342296875
0 0.308573315625 0.761375028125 0.3119604015625 0.761375028125 0.3119604015625 0.755707875 0.308573315625 0.755707875 0.308573315625 0.761375028125
0 0.3259039125 0.7822035265625 0.334766790625 0.7822035265625 0.334766790625 0.769750378125 0.3259039125 0.769750378125 0.3259039125 0.7822035265625
0 0.2842649328125 0.7043608828125001 0.292291625 0.7043608828125001 0.292291625 0.6875130125 0.2842649328125 0.6875130125 0.2842649328125 0.7043608828125001
0 0.35403926406249997 0.797877340625 0.3638477046875 0.797877340625 0.3638477046875 0.7838348359375 0.35403926406249997 0.7838348359375 0.35403926406249997 0.797877340625
0 0.3576027625 0.7842109734375 0.365999915625 0.7842109734375 0.365999915625 0.7638368062499999 0.3576027625 0.7638368062499999 0.3576027625 0.7842109734375
0 0.3118311546875 0.746130715625 0.319505025 0.746130715625 0.319505025 0.7341413 0.3118311546875 0.7341413 0.3118311546875 0.746130715625
