0 0.660715278125 0.9973369671875 0.6688838609375 0.9973369671875 0.6688838609375 0.9746464578125 0.660715278125 0.9746464578125 0.660715278125 0.9973369671875
0 0.67535065625 0.9378878328125 0.6787542328125 0.9378878328125 0.6787542328125 0.9174663734375 0.67535065625 0.9174663734375 0.67535065625 0.9378878328125
0 0.726404303125 0.866185821875 0.7308289515624999 0.866185821875 0.7308289515624999 0.8525715171874999 0.726404303125 0.8525715171874999 0.726404303125 0.866185821875
0 0.636209528125 0.7028141546875 0.6396131031250001 0.7028141546875 0.6396131031250001 0.6937379515625001 0.636209528125 0.6937379515625001 0.636209528125 0.7028141546875
0 0.642676321875 0.6801236453125 0.6450588265625 0.6801236453125 0.6450588265625 0.6696860109375 0.642676321875 0.6696860109375 0.642676321875 0.6801236453125
0 0.6528870515625 0.7127979796874999 0.6566309859375 0.7127979796874999 0.6566309859375 0.70735225625 0.6528870515625 0.70735225625 0.6528870515625 0.7127979796874999
0 0.5909419609375 0.59934543125 0.5943455375 0.59934543125 0.5943455375 0.590269228125 0.5909419609375 0.590269228125 0.5909419609375 0.59934543125
0 0.7856265312499999 0.7586328078125 0.7897108234375 0.7586328078125 0.7897108234375 0.74910279375 0.7856265312499999 0.74910279375 0.7856265312499999 0.7586328078125
0 0.77337365625 0.7604480484375 0.7781386640625 0.7604480484375 0.7781386640625 0.752279465625 0.77337365625 0.752279465625 0.77337365625 0.7604480484375
0 0.7270850171875 0.722781803125 0.729467521875 0.722781803125 0.729467521875 0.7096213078125 0.7270850171875 0.7096213078125 0.7270850171875 0.722781803125
0 0.743422184375 0.6842079375 0.7475064765625 0.6842079375 0.7475064765625 0.673770303125 0.743422184375 0.673770303125 0.743422184375 0.6842079375
0 0.7475064765625 0.64109596875 0.7509100531249999 0.64109596875 0.7509100531249999 0.629750715625 0.7475064765625 0.629750715625 0.7475064765625 0.64109596875
0 0.7393378937499999 0.6383731078125 0.741720396875 0.6383731078125 0.741720396875 0.6292969046875 0.7393378937499999 0.6292969046875 0.7393378937499999 0.6383731078125
0 0.780180809375 0.6833003171875001 0.7835843859375 0.6833003171875001 0.7835843859375 0.6719550625 0.780180809375 0.6719550625 0.780180809375 0.6833003171875001
0 0.7747350875000001 0.6084216359375 0.7774579484374999 0.6084216359375 0.7774579484374999 0.60206829375 0.7747350875000001 0.60206829375 0.7747350875000001 0.6084216359375
0 0.7590786359374999 0.6224897515625 0.7628225703125 0.6224897515625 0.7628225703125 0.613413546875 0.7590786359374999 0.613413546875 0.7590786359374999 0.6224897515625
0 0.8530173453125001 0.83260386875 0.8571016374999999 0.83260386875 0.8571016374999999 0.816266703125 0.8530173453125001 0.816266703125 0.8530173453125001 0.83260386875
0 0.8328382234375 0.6742074359375 0.8345808546875 0.6742074359375 0.8345808546875 0.6644487015625 0.8328382234375 0.6644487015625 0.8328382234375 0.6742074359375
0 0.800425284375 0.67838975 0.8026907046874999 0.67838975 0.8026907046874999 0.6653781046875 0.800425284375 0.6653781046875 0.800425284375 0.67838975
0 0.8415513796875 0.675369190625 0.8432940109375 0.675369190625 0.8432940109375 0.6681663140625 0.8415513796875 0.6681663140625 0.8415513796875 0.675369190625
0 0.16063115625 0.975979946875 0.1667668234375 0.975979946875 0.1667668234375 0.9614686062500001 0.16063115625 0.9614686062500001 0.16063115625 0.975979946875
0 0.15544505625 0.9742268984375 0.1622381171875 0.9742268984375 0.1622381171875 0.9617607796875 0.15544505625 0.9617607796875 0.15544505625 0.9742268984375
0 0.1768232234375 1 0.1768232234375 0.9855933296874999 0.16700615624999998 0.9855933296874999 0.16700615624999998 1 0.1768232234375 1
0 0.4860581984375 0.9498441453125 0.492193865625 0.9498441453125 0.492193865625 0.938780465625 0.4860581984375 0.938780465625 0.4860581984375 0.9498441453125
0 0.4949987421875 0.9521036281249999 0.500141015625 0.9521036281249999 0.500141015625 0.9425203 0.4949987421875 0.9425203 0.4949987421875 0.9521036281249999
0 0.697774565625 1 0.697774565625 0.9952295187500001 0.6919310734375 0.9952295187500001 0.6919310734375 1 0.697774565625 1
0 0.744796390625 0.9245049015625 0.7501724046875 0.9245049015625 0.7501724046875 0.9040137187499999 0.744796390625 0.9040137187499999 0.744796390625 0.9245049015625
0 0.7397125531250001 0.919440540625 0.7463157 0.919440540625 0.7463157 0.9036241531250001 0.7397125531250001 0.9036241531250001 0.7397125531250001 0.919440540625
0 0.7443289125 0.914843659375 0.7494127500000001 0.914843659375 0.7494127500000001 0.894430390625 0.7443289125 0.894430390625 0.7443289125 0.914843659375
0 0.70563916875 0.8944278796875 0.7111904859375 0.8944278796875 0.7111904859375 0.8713655609375 0.70563916875 0.8713655609375 0.70563916875 0.8944278796875
0 0.6872876781249999 0.8694995390625 0.692990928125 0.8694995390625 0.692990928125 0.8522962968750001 0.6872876781249999 0.8522962968750001 0.6872876781249999 0.8694995390625
0 0.686305971875 0.8792231109375 0.6917287328125 0.8792231109375 0.6917287328125 0.8632664796875 0.686305971875 0.8632664796875 0.686305971875 0.8792231109375
0 0.695274565625 0.8713686781250001 0.6996127734375001 0.8713686781250001 0.6996127734375001 0.8590521531249999 0.695274565625 0.8590521531249999 0.695274565625 0.8713686781250001
0 0.6984160265625 0.8766044468749999 0.7045867546875 0.8766044468749999 0.7045867546875 0.8604483578125001 0.6984160265625 0.8604483578125001 0.6984160265625 0.8766044468749999
0 0.7064566734375 0.8783497046875001 0.712141221875 0.8783497046875001 0.712141221875 0.8616451062499999 0.7064566734375 0.8616451062499999 0.7064566734375 0.8783497046875001
0 0.7098751 0.7871381796875 0.7143255046875 0.7871381796875 0.7143255046875 0.767990221875 0.7098751 0.767990221875 0.7098751 0.7871381796875
0 0.71742956875 0.787586959375 0.7219921671875 0.787586959375 0.7219921671875 0.772727346875 0.71742956875 0.772727346875 0.71742956875 0.787586959375
0 0.715185665625 0.781603221875 0.720159646875 0.781603221875 0.720159646875 0.76474903125 0.715185665625 0.76474903125 0.715185665625 0.781603221875
0 0.7517741124999999 0.76143538125 0.756261915625 0.76143538125 0.756261915625 0.7490689921875 0.7517741124999999 0.7490689921875 0.7517741124999999 0.76143538125
0 0.745192003125 0.758842428125 0.749717203125 0.758842428125 0.749717203125 0.743982815625 0.745192003125 0.743982815625 0.745192003125 0.758842428125
0 0.7640781718749999 0.7610863296875 0.769313940625 0.7610863296875 0.769313940625 0.7467253609375 0.7640781718749999 0.7467253609375 0.7640781718749999 0.7610863296875
0 0.72089621875 0.7191844781250001 0.7252942640625 0.7191844781250001 0.7252942640625 0.7072568953125 0.72089621875 0.7072568953125 0.72089621875 0.7191844781250001
0 0.1860019375 0.9142504062500001 0.19212591875 0.9142504062500001 0.19212591875 0.8902531281250001 0.1860019375 0.8902531281250001 0.1860019375 0.9142504062500001
0 0.021594359375 0.6103934421874999 0.0281682875 0.6103934421874999 0.0281682875 0.5965638421875 0.021594359375 0.5965638421875 0.021594359375 0.6103934421874999
0 0.19644720468750002 0.5004677984375 0.2005460640625 0.5004677984375 0.2005460640625 0.49101349531249994 0.19644720468750002 0.49101349531249994 0.19644720468750002 0.5004677984375
0 0.19887061875 0.4972764734375 0.2019223234375 0.4972764734375 0.2019223234375 0.48830086875 0.19887061875 0.48830086875 0.19887061875 0.4972764734375
0 0.761041903125 0.6128653609375 0.766154959375 0.6128653609375 0.766154959375 0.6011783765625001 0.761041903125 0.6011783765625001 0.761041903125 0.6128653609375
0 0.1809535828125 0.9142504062500001 0.18708597968750001 0.9142504062500001 0.18708597968750001 0.8925015859375 0.1809535828125 0.8925015859375 0.1809535828125 0.9142504062500001
0 0.68557909375 0.920018753125 0.6787542328125 0.920018753125 0.6787542328125 0.9371580156249999 0.68557909375 0.9371580156249999 0.68557909375 0.920018753125
0 0.71423625625 0.6519229359375001 0.7176562468750001 0.6519229359375001 0.7176562468750001 0.646419503125 0.71423625625 0.646419503125 0.71423625625 0.6519229359375001
0 0.6840459937500001 0.645004334375 0.687583915625 0.645004334375 0.687583915625 0.64138779375 0.6840459937500001 0.64138779375 0.6840459937500001 0.645004334375
0 0.6905248125 0.72486308125 0.6929202796875 0.72486308125 0.6929202796875 0.7172467218749999 0.6905248125 0.7172467218749999 0.6905248125 0.72486308125
0 0.6770969265625 0.6987296359374999 0.6810593984375 0.6987296359374999 0.6810593984375 0.6911820703125 0.6770969265625 0.6911820703125 0.6770969265625 0.6987296359374999
0 0.658416703125 0.685395603125 0.6625678625 0.685395603125 0.6625678625 0.675080596875 0.658416703125 0.675080596875 0.658416703125 0.685395603125
0 0.698041421875 0.7007423203124999 0.7022869265625 0.7007423203124999 0.7022869265625 0.69382371875 0.698041421875 0.69382371875 0.698041421875 0.7007423203124999
0 0.9648183781249999 0.837486909375 0.96732440625 0.837486909375 0.96732440625 0.82451453125 0.9648183781249999 0.82451453125 0.9648183781249999 0.837486909375
0 0.9763166218749999 0.833359334375 0.984571771875 0.833359334375 0.984571771875 0.826086940625 0.9763166218749999 0.826086940625 0.9763166218749999 0.833359334375
0 0.942853784375 0.806431821875 0.949339971875 0.806431821875 0.949339971875 0.7952284046875 0.942853784375 0.7952284046875 0.942853784375 0.806431821875
0 0.2252532328125 0.5447762796875 0.2280835703125 0.5447762796875 0.2280835703125 0.5365997499999999 0.2252532328125 0.5365997499999999 0.2252532328125 0.5447762796875
