0 0.48707228750000003 0.9495247625 0.4935076109375 0.9495247625 0.4935076109375 0.9201812515625001 0.48707228750000003 0.9201812515625001 0.48707228750000003 0.9495247625
0 0.48149355624999995 0.9471385078125 0.48676537187499996 0.9471385078125 0.48676537187499996 0.9222631531250001 0.48149355624999995 0.9222631531250001 0.48149355624999995 0.9471385078125
0 0.4769989953125 0.9493509796874999 0.48186528749999996 0.9493509796874999 0.48186528749999996 0.920409459375 0.4769989953125 0.920409459375 0.4769989953125 0.9493509796874999
0 0.47213270312500005 0.948274640625 0.47726934375 0.948274640625 0.47726934375 0.9113801859375 0.47213270312500005 0.9113801859375 0.47213270312500005 0.948274640625
0 0.47017266874999997 0.9443280703125 0.47419411875 0.9443280703125 0.47419411875 0.916881465625 0.47017266874999997 0.916881465625 0.47017266874999997 0.9443280703125
0 0.5853504968750001 0.990345896875 0.5930728843749999 0.990345896875 0.5930728843749999 0.9576446703125001 0.5853504968750001 0.9576446703125001 0.5853504968750001 0.990345896875
0 0.594326946875 0.99303206875 0.6015873093749999 0.99303206875 0.6015873093749999 0.9634841749999999 0.594326946875 0.9634841749999999 0.594326946875 0.99303206875
0 0.6005312578125 0.9895283656249999 0.608055634375 0.9895283656249999 0.608055634375 0.9584622015625 0.6005312578125 0.9584622015625 0.6005312578125 0.9895283656249999
0 0.547657125 0.9058333562499999 0.555313509375 0.9058333562499999 0.555313509375 0.8697685765625 0.547657125 0.8697685765625 0.547657125 0.9058333562499999
0 0.56323390625 0.9193810062500001 0.5709430921875 0.9193810062500001 0.5709430921875 0.8811672890625 0.56323390625 0.8811672890625 0.56323390625 0.9193810062500001
0 0.564553971875 0.8779905984375 0.5692006046875 0.8779905984375 0.5692006046875 0.8528573703125 0.564553971875 0.8528573703125 0.564553971875 0.8779905984375
0 0.5692006046875 0.87528106875 0.57421685625 0.87528106875 0.57421685625 0.8565012218750001 0.5692006046875 0.8565012218750001 0.5692006046875 0.87528106875
0 0.4560596046875 0.9552874250000001 0.46239592187499995 0.9552874250000001 0.46239592187499995 0.930621359375 0.4560596046875 0.930621359375 0.4560596046875 0.9552874250000001
0 0.4495120765625 0.9536056484375001 0.4560596046875 0.9536056484375001 0.4560596046875 0.9293133093750001 0.4495120765625 0.9293133093750001 0.4495120765625 0.9536056484375001
0 0.4347273359375 0.9621079671875 0.4418028890625 0.9621079671875 0.4418028890625 0.930060765625 0.4347273359375 0.930060765625 0.4347273359375 0.9621079671875
0 0.41693284375 0.952764759375 0.42089304062500005 0.952764759375 0.42089304062500005 0.9275380999999999 0.41693284375 0.9275380999999999 0.41693284375 0.952764759375
0 0.410596525 0.9540728093749999 0.416774434375 0.9540728093749999 0.416774434375 0.9273512359374999 0.410596525 0.9273512359374999 0.410596525 0.9540728093749999
0 0.40283453593749996 0.9511764140625001 0.4083260109375 0.9511764140625001 0.4083260109375 0.9334243203125 0.40283453593749996 0.9334243203125 0.40283453593749996 0.9511764140625001
0 0.42467296875000005 0.8897448265625 0.42942520625 0.8897448265625 0.42942520625 0.8699372265624999 0.42467296875000005 0.8699372265624999 0.42467296875000005 0.8897448265625
0 0.4295308125 0.8907725796875001 0.434335853125 0.8907725796875001 0.434335853125 0.8686291781250001 0.4295308125 0.8686291781250001 0.4295308125 0.8907725796875001
0 0.49331640937500004 0.8842323343749999 0.498174253125 0.8842323343749999 0.498174253125 0.8605940203125 0.49331640937500004 0.8605940203125 0.49331640937500004 0.8842323343749999
0 0.498174253125 0.8833914453125 0.505672228125 0.8833914453125 0.505672228125 0.8624626609374999 0.498174253125 0.8624626609374999 0.498174253125 0.8833914453125
0 0.5064642687500001 0.8843257671875 0.5102660593749999 0.8843257671875 0.5102660593749999 0.8649853265624999 0.5064642687500001 0.8649853265624999 0.5064642687500001 0.8843257671875
0 0.427989634375 0.8399422624999999 0.43142180625000004 0.8399422624999999 0.43142180625000004 0.8306924859375 0.427989634375 0.8306924859375 0.427989634375 0.8399422624999999
0 0.43839175625 0.8463890749999999 0.44298558593750004 0.8463890749999999 0.44298558593750004 0.8349903609375 0.43839175625 0.8349903609375 0.43839175625 0.8463890749999999
0 0.4465233640625 0.8590958359374999 0.45212044375 0.8590958359374999 0.45212044375 0.8433058156250001 0.4465233640625 0.8433058156250001 0.4465233640625 0.8590958359374999
0 0.45111719375000003 0.860217021875 0.45481337968749996 0.860217021875 0.45481337968749996 0.848164284375 0.45111719375000003 0.848164284375 0.45111719375000003 0.860217021875
0 0.44735848125000005 0.8410919 0.45316677343749995 0.8410919 0.45316677343749995 0.8236201031249999 0.44735848125000005 0.8236201031249999 0.44735848125000005 0.8410919
0 0.45343078593749997 0.84314740625 0.4576021953125 0.84314740625 0.4576021953125 0.8239004 0.45343078593749997 0.8239004 0.45343078593749997 0.84314740625
0 0.4571797734375 0.8443620234375 0.46156239374999997 0.8443620234375 0.46156239374999997 0.8254887453125 0.4571797734375 0.8254887453125 0.4571797734375 0.8443620234375
0 0.4882036671875 0.8677937531250001 0.49331640937500004 0.8677937531250001 0.49331640937500004 0.8445478546875 0.4882036671875 0.8445478546875 0.4882036671875 0.8677937531250001
0 0.46235149218749994 0.866523078125 0.4869364046875 0.866523078125 0.4869364046875 0.8321400750000001 0.46235149218749994 0.8321400750000001 0.46235149218749994 0.866523078125
0 0.4933149640625 0.8603191875 0.5191671390625 0.8603191875 0.5191671390625 0.830420925 0.4933149640625 0.830420925 0.4933149640625 0.8603191875
0 0.5193677890624999 0.8401063265625 0.5335189 0.8401063265625 0.5335189 0.8151412765625 0.5193677890624999 0.8151412765625 0.5193677890624999 0.8401063265625
0 0.55943196875 0.8776566640624999 0.5642712265625 0.8776566640624999 0.5642712265625 0.8524942859375001 0.55943196875 0.8524942859375001 0.55943196875 0.8776566640624999
0 0.5441889015625 0.8496920703124999 0.5493107578124999 0.8496920703124999 0.5493107578124999 0.82951074375 0.5441889015625 0.82951074375 0.5441889015625 0.8496920703124999
0 0.43205790000000005 0.8220641984375 0.45185889218749997 0.8220641984375 0.45185889218749997 0.792072503125 0.43205790000000005 0.792072503125 0.43205790000000005 0.8220641984375
0 0.4688613453125 0.8249605921875001 0.4822204140625 0.8249605921875001 0.4822204140625 0.799173340625 0.4688613453125 0.799173340625 0.4688613453125 0.8249605921875001
