0 0.35406480937499996 0.6765249718749999 0.3817789484375 0.6765249718749999 0.3817789484375 0.630584415625 0.35406480937499996 0.630584415625 0.35406480937499996 0.6765249718749999
0 0.297512984375 0.6685353093749999 0.3293467921875 0.6685353093749999 0.3293467921875 0.6146050921875 0.297512984375 0.6146050921875 0.297512984375 0.6685353093749999
0 0.282104834375 0.3375446671875 0.32500931875 0.3375446671875 0.32500931875 0.2953592515625 0.282104834375 0.2953592515625 0.282104834375 0.3375446671875
0 0.2713187921875 0.3763211578125 0.304875371875 0.3763211578125 0.304875371875 0.330726821875 0.2713187921875 0.330726821875 0.2713187921875 0.3763211578125
0 0.6568634328125 0.2707232328125 0.68158145 0.2707232328125 0.68158145 0.19282403125 0.6568634328125 0.19282403125 0.6568634328125 0.2707232328125
0 0.6272767171875 0.23343814531249998 0.645627971875 0.23343814531249998 0.645627971875 0.156204746875 0.6272767171875 0.156204746875 0.6272767171875 0.23343814531249998
0 0.62428059375 0.156204746875 0.645627971875 0.156204746875 0.645627971875 0.110929996875 0.62428059375 0.110929996875 0.62428059375 0.156204746875
0 0.6021841859375 0.137562203125 0.62428059375 0.137562203125 0.62428059375 0.0763081296875 0.6021841859375 0.0763081296875 0.6021841859375 0.137562203125
0 0.605180309375 0.22678009375000002 0.6220335015625 0.22678009375000002 0.6220335015625 0.16419440937500002 0.605180309375 0.16419440937500002 0.605180309375 0.22678009375000002
0 0.57896423125 0.18616597968749998 0.594693878125 0.18616597968749998 0.594693878125 0.134233178125 0.57896423125 0.134233178125 0.57896423125 0.18616597968749998
0 0.5707248921875 0.1275751265625 0.5857055078125 0.1275751265625 0.5857055078125 0.0996113109375 0.5707248921875 0.0996113109375 0.5707248921875 0.1275751265625
0 0.5347714140625001 0.2427594171875 0.5602384609375 0.2427594171875 0.5602384609375 0.18283695312499998 0.5347714140625001 0.18283695312499998 0.5347714140625001 0.2427594171875
0 0.8042154968749999 0.7310978484375 0.8647371859374999 0.7310978484375 0.8647371859374999 0.6581256046874999 0.8042154968749999 0.6581256046874999 0.8042154968749999 0.7310978484375
0 0.8425658734375 0.6570603171875 0.9018891124999999 0.6570603171875 0.9018891124999999 0.58781658125 0.8425658734375 0.58781658125 0.8425658734375 0.6570603171875
