0 0.40012719375000005 0.060344485937500005 0.4001055625 0.0640625 0.4015625 0.0640625 0.4015625 0.0603194328125 0.40012719375000005 0.060344485937500005
0 0.26289904218750004 0.071691478125 0.265625 0.0716597578125 0.265625 0.06648529375 0.2628087390625 0.0665180640625 0.26289904218750004 0.071691478125
0 0.1109375 0.409375 0.1109375 0.380639384375 0.103408521875 0.3804641453125 0.1032403234375 0.409375 0.1109375 0.409375
0 0.803125 0.3540968640625 0.8 0.3541514109375 0.8 0.378125 0.803125 0.378125 0.803125 0.3540968640625
0 0.8078125 0.357211996875 0.803125 0.357266540625 0.803125 0.36639225937500003 0.80338434375 0.38125 0.8078125 0.38125 0.8078125 0.357211996875
0 0.8084629796874999 0.3566866234375 0.8083382546875001 0.378125 0.8125 0.378125 0.8125 0.3567805859375 0.8084629796874999 0.3566866234375
0 0.8132582562499999 0.3813417109375 0.8163282515624999 0.3813417109375 0.8163282515624999 0.356766990625 0.8132582562499999 0.356766990625 0.8132582562499999 0.3813417109375
0 0.8198368171875 0.409375 0.8198368171875 0.389923359375 0.8108461171875 0.389923359375 0.8108461171875 0.409375 0.8198368171875 0.409375
0 0.8268539484375002 0.409375 0.8268539484375002 0.40123553125000005 0.8220296703125 0.40123553125000005 0.8220296703125 0.409375 0.8268539484375002 0.409375
0 0.8395725 0.409375 0.8395725 0.40123553125000005 0.8268539484375002 0.40123553125000005 0.8268539484375002 0.409375 0.8395725 0.409375
0 0.845931775 0.39109358437499997 0.8490017703125 0.39109358437499997 0.8490017703125 0.3708096890625 0.845931775 0.3708096890625 0.845931775 0.39109358437499997
0 0.8579924703125 0.3762707359375 0.8612817500000001 0.3762707359375 0.8612817500000001 0.3641784140625 0.8579924703125 0.3641784140625 0.8579924703125 0.3762707359375
0 0.905138821875 0.3988950828125 0.9099631 0.3988950828125 0.9099631 0.3832920859375 0.905138821875 0.3832920859375 0.905138821875 0.3988950828125
0 0.910645934375 0.27139119218749996 0.912891415625 0.27139119218749996 0.912891415625 0.2672370515625 0.910645934375 0.2672370515625 0.910645934375 0.27139119218749996
0 0.9199871390624998 0.2731487140625 0.92384936875 0.2731487140625 0.92384936875 0.267716375 0.9199871390624998 0.267716375 0.9199871390624998 0.2731487140625
0 0.9332803937499999 0.2712314171875 0.9353462374999999 0.2712314171875 0.9353462374999999 0.26675772656249996 0.9332803937499999 0.26675772656249996 0.9332803937499999 0.2712314171875
0 0.9657051546875 0.2763442078125 0.9678608171875 0.2763442078125 0.9678608171875 0.272030290625 0.9657051546875 0.272030290625 0.9657051546875 0.2763442078125
0 0.075 0.9100329531250001 0.075 0.9625 0.09197182968749999 0.9625 0.0921875 0.9532339437499999 0.0921875 0.9100329531250001 0.075 0.9100329531250001
0 0.9942441390625 0.542729378125 0.9938930750000001 0.5578125 0.996875 0.5578125 0.996875 0.542729378125 0.9942441390625 0.542729378125
0 0.8911302624999999 0.409375 0.8911302624999999 0.42319605937500004 0.8937468203125001 0.42319605937500004 0.8937468203125001 0.409375 0.8911302624999999 0.409375
0 0.88833926875 0.42133427812499996 0.8911302624999999 0.42133427812499996 0.8911302624999999 0.41047388749999997 0.88833926875 0.41047388749999997 0.88833926875 0.42133427812499996
0 0.9438975 0.409698146875 0.9400598828125 0.409698146875 0.9400598828125 0.4239718015625 0.9438975 0.4239718015625 0.9438975 0.409698146875
0 0.9397110078124999 0.42738506562499995 0.9363967015625001 0.42738506562499995 0.9363967015625001 0.440262384375 0.9397110078124999 0.440262384375 0.9397110078124999 0.42738506562499995
0 0.9472990234375 0.4269196203125 0.944944121875 0.4269196203125 0.944944121875 0.43452189375000005 0.9472990234375 0.43452189375000005 0.9472990234375 0.4269196203125
0 0.9303786203125 0.42955714375 0.9278492828125 0.42955714375 0.9278492828125 0.4377800109375 0.9303786203125 0.4377800109375 0.9303786203125 0.42955714375
0 0.9489626343750001 0.47608612656249993 0.9437840312500001 0.47608612656249993 0.9437840312500001 0.4913585484375 0.9489626343750001 0.4913585484375 0.9489626343750001 0.47608612656249993
0 0.9174821812499999 0.4945100015625 0.9136663687500001 0.4945100015625 0.9136663687500001 0.5059037140625 0.9174821812499999 0.5059037140625 0.9174821812499999 0.4945100015625
0 0.9191175296875 0.5190852687499999 0.916528228125 0.5190852687499999 0.916528228125 0.5253881734375 0.9191175296875 0.5253881734375 0.9191175296875 0.5190852687499999
0 0.9315189203124999 0.5161762359375001 0.928384503125 0.5161762359375001 0.928384503125 0.5290244640624999 0.9315189203124999 0.5290244640624999 0.9315189203124999 0.5161762359375001
0 0.929883571875 0.5023583281249999 0.9257952015625 0.5023583281249999 0.9257952015625 0.51690349375 0.929883571875 0.51690349375 0.929883571875 0.5023583281249999
0 0.9476230125 0.524748446875 0.94483201875 0.524748446875 0.94483201875 0.5337470546875 0.9476230125 0.5337470546875 0.9476230125 0.524748446875
0 0.8996650625000001 0.5505043828125 0.8966124125 0.5505043828125 0.8966124125 0.5625283859375 0.8996650625000001 0.5625283859375 0.8996650625000001 0.5505043828125
0 0.9450187203125001 0.563110190625 0.9408758390624999 0.563110190625 0.9408758390624999 0.57513419375 0.9450187203125001 0.57513419375 0.9450187203125001 0.563110190625
0 0.9628759734375001 0.5143333109375 0.9586894828125001 0.5143333109375 0.9586894828125001 0.5240145734375 0.9628759734375001 0.5240145734375 0.9628759734375001 0.5143333109375
0 0.9603640796875 0.5117268187499999 0.9568753359375 0.5117268187499999 0.9568753359375 0.5204151296875 0.9603640796875 0.5204151296875 0.9603640796875 0.5117268187499999
0 0.9428505890625001 0.524748446875 0.9460602328124998 0.524748446875 0.9460602328124998 0.5204151296875 0.9428505890625001 0.5204151296875 0.9428505890625001 0.524748446875
0 0.9111353281250001 0.644254928125 0.91504271875 0.644254928125 0.91504271875 0.6326374140625 0.9111353281250001 0.6326374140625 0.9111353281250001 0.644254928125
0 0.9182914375 0.6666729 0.9217299421874999 0.6666729 0.9217299421874999 0.6553929890625 0.9182914375 0.6553929890625 0.9182914375 0.6666729
0 0.921194071875 0.6590470453125 0.9248111999999999 0.6590470453125 0.9248111999999999 0.6455429265625 0.921194071875 0.6455429265625 0.921194071875 0.6590470453125
0 0.9427370578125001 0.63673794375 0.94555038125 0.63673794375 0.94555038125 0.62752336875 0.9427370578125001 0.62752336875 0.9427370578125001 0.63673794375
0 0.9503732187499999 0.631574603125 0.9471133375 0.631574603125 0.9471133375 0.6403125624999999 0.9503732187499999 0.6403125624999999 0.9503732187499999 0.631574603125
0 0.8744365453124999 0.646497921875 0.8708997984375 0.646497921875 0.8708997984375 0.654441521875 0.8744365453124999 0.654441521875 0.8744365453124999 0.646497921875
0 0.897018759375 0.681711684375 0.8939375015625 0.681711684375 0.8939375015625 0.688304871875 0.897018759375 0.688304871875 0.897018759375 0.681711684375
0 0.8104442531250001 0.6444187015624999 0.8069789546875 0.6444187015624999 0.8069789546875 0.6550313484375 0.8104442531250001 0.6550313484375 0.8104442531250001 0.6444187015624999
0 0.8411357015625001 0.6198880156250001 0.8366701093750001 0.6198880156250001 0.8366701093750001 0.627434434375 0.8411357015625001 0.627434434375 0.8411357015625001 0.6198880156250001
0 0.8583142703125001 0.590521521875 0.8559698359375 0.590521521875 0.8559698359375 0.5995573656250001 0.8583142703125001 0.5995573656250001 0.8583142703125001 0.590521521875
0 0.8267313796875 0.5869616546875001 0.8233018062499999 0.5869616546875001 0.8233018062499999 0.5951594484375 0.8267313796875 0.5951594484375 0.8267313796875 0.5869616546875001
0 0.7667655140624999 0.54258681875 0.7639187 0.54258681875 0.7639187 0.5514240734375 0.7667655140624999 0.5514240734375 0.7667655140624999 0.54258681875
0 0.7777062125 0.546360028125 0.781557784375 0.546360028125 0.781557784375 0.53960796875 0.7777062125 0.53960796875 0.7777062125 0.546360028125
0 0.7421885140625 0.6486409156249999 0.74550281875 0.6486409156249999 0.74550281875 0.6424349781250001 0.7421885140625 0.6424349781250001 0.7421885140625 0.6486409156249999
0 0.7497765296875001 0.651123290625 0.7449795078125 0.651123290625 0.7449795078125 0.6619836796875 0.7497765296875001 0.6619836796875 0.7497765296875001 0.651123290625
0 0.8368509734374999 0.7002266968749999 0.8420422234375 0.7002266968749999 0.8420422234375 0.6937725218749999 0.8368509734374999 0.6937725218749999 0.8368509734374999 0.7002266968749999
0 0.8930267109375001 0.7244577765625 0.8962642656250001 0.7244577765625 0.8962642656250001 0.7165141765625 0.8930267109375001 0.7165141765625 0.8930267109375001 0.7244577765625
0 0.920332128125 0.7423498890625 0.923733653125 0.7423498890625 0.923733653125 0.734747615625 0.920332128125 0.734747615625 0.920332128125 0.7423498890625
0 0.98208669375 0.7770987015624999 0.977342003125 0.7770987015624999 0.977342003125 0.78690408125 0.98208669375 0.78690408125 0.98208669375 0.7770987015624999
0 0.99401819375 0.7517784796875 0.989552603125 0.7517784796875 0.989552603125 0.767293321875 0.99401819375 0.767293321875 0.99401819375 0.7517784796875
0 0.9547991796874999 0.8234736406250001 0.951952365625 0.8234736406250001 0.951952365625 0.8306228812499998 0.9547991796874999 0.8306228812499998 0.9547991796874999 0.8234736406250001
0 0.9637749515625 0.8829474203124998 0.9682405421875 0.8829474203124998 0.9682405421875 0.873638515625 0.9637749515625 0.873638515625 0.9637749515625 0.8829474203124998
0 0.9934055531249999 0.895528503125 0.9973827203125001 0.895528503125 0.9973827203125001 0.886343715625 0.9934055531249999 0.886343715625 0.9934055531249999 0.895528503125
0 1 0.8400776593749999 0.9956763765625001 0.8400776593749999 0.9956763765625001 0.850563209375 1 0.850563209375 1 0.8400776593749999
0 1 0.9885415734375 0.9980360812499999 0.9885415734375 0.9980360812499999 0.9987689578125 1 0.9987689578125 1 0.9885415734375
0 0.9730989828125001 0.9812317562499999 0.9785693312500001 0.9812317562499999 0.9785693312500001 0.967628340625 0.9730989828125001 0.967628340625 0.9730989828125001 0.9812317562499999
0 0.6194560421875 0.9321266859375001 0.6255613421875 0.9321266859375001 0.6255613421875 0.9043939062499999 0.6194560421875 0.9043939062499999 0.6194560421875 0.9321266859375001
0 0.6320737796875 0.8959132734375 0.6247502109374999 0.8959132734375 0.6247502109374999 0.92244489375 0.6320737796875 0.92244489375 0.6320737796875 0.8959132734375
0 0.7403975765624999 0.8061141609375 0.7459097890624999 0.8061141609375 0.7459097890624999 0.79742585 0.7403975765624999 0.79742585 0.7403975765624999 0.8061141609375
0 0.785053484375 0.8136854031249999 0.788472453125 0.8136854031249999 0.788472453125 0.8058659234375 0.785053484375 0.8058659234375 0.785053484375 0.8136854031249999
0 0.7892933937500001 0.9601958015625 0.79810246875 0.9601958015625 0.79810246875 0.940491953125 0.7892933937500001 0.940491953125 0.7892933937500001 0.9601958015625
0 0.7885956453125 0.85407428125 0.8018528671875 0.85407428125 0.8018528671875 0.83561161875 0.7885956453125 0.83561161875 0.7885956453125 0.85407428125
0 0.8008637406249999 0.56782713125 0.803933834375 0.56782713125 0.803933834375 0.5617453140625 0.8008637406249999 0.5617453140625 0.8008637406249999 0.56782713125
0 0.8047013578125 0.56782713125 0.8021894625 0.56782713125 0.8021894625 0.57204716875 0.8047013578125 0.57204716875 0.8047013578125 0.56782713125
0 0.7671375234375001 0.49829398906249994 0.771362171875 0.49829398906249994 0.771362171875 0.49126382656249995 0.7671375234375001 0.49126382656249995 0.7671375234375001 0.49829398906249994
0 0.7791300765625 0.5128391531250001 0.7867617015625 0.5128391531250001 0.7867617015625 0.503142378125 0.7791300765625 0.503142378125 0.7791300765625 0.5128391531250001
0 0.7562352015625 0.5455657734375 0.7614138031250001 0.5455657734375 0.7614138031250001 0.5358689984375 0.7562352015625 0.5358689984375 0.7562352015625 0.5455657734375
0 0.8370060718750001 0.5738037390625 0.8439835578124999 0.5738037390625 0.8439835578124999 0.562555478125 0.8370060718750001 0.562555478125 0.8370060718750001 0.5738037390625
