0 0.89052433125 0.792651703125 0.940742521875 0.792651703125 0.940742521875 0.747340371875 0.89052433125 0.747340371875 0.89052433125 0.792651703125
0 0.9225731265625001 0.6827380765625 0.9556313328125 0.6827380765625 0.9556313328125 0.643258896875 0.9225731265625001 0.643258896875 0.9225731265625001 0.6827380765625
0 0.26872724375 0.669279265625 0.31061779375 0.669279265625 0.31061779375 0.6320432203124999 0.26872724375 0.6320432203124999 0.26872724375 0.669279265625
0 0.3149077890625 0.6625498609375 0.3383765921875 0.6625498609375 0.3383765921875 0.62890283125 0.3149077890625 0.62890283125 0.3149077890625 0.6625498609375
0 0.337114828125 0.6585122171875 0.370173034375 0.6585122171875 0.370173034375 0.623967934375 0.337114828125 0.623967934375 0.337114828125 0.6585122171875
0 0.40853064687499996 0.4355445734375 0.44209355781250004 0.4355445734375 0.44209355781250004 0.3808120734375 0.40853064687499996 0.3808120734375 0.40853064687499996 0.4355445734375
0 0.43250415468750003 0.37677443125 0.46177707031250004 0.37677443125 0.46177707031250004 0.34043563906249996 0.43250415468750003 0.34043563906249996 0.43250415468750003 0.37677443125
0 0.652555721875 0.2753847171875 0.6790527562500001 0.2753847171875 0.6790527562500001 0.2000153734375 0.652555721875 0.2000153734375 0.652555721875 0.2753847171875
0 0.627572803125 0.24756984062499998 0.6507892531249999 0.24756984062499998 0.6507892531249999 0.18745381562500002 0.627572803125 0.18745381562500002 0.627572803125 0.24756984062499998
0 0.6225257484375 0.18745381562500002 0.6432186718749999 0.18745381562500002 0.6432186718749999 0.1165707421875 0.6225257484375 0.1165707421875 0.6225257484375 0.18745381562500002
0 0.604356353125 0.23455965625 0.618235753125 0.23455965625 0.618235753125 0.169508734375 0.604356353125 0.169508734375 0.604356353125 0.23455965625
0 0.58492519375 0.14214248437500002 0.6076369390624999 0.14214248437500002 0.6076369390624999 0.0658758859375 0.58492519375 0.0658758859375 0.58492519375 0.14214248437500002
0 0.5788687296874999 0.19911811875000002 0.59527165625 0.19911811875000002 0.59527165625 0.1416938578125 0.5788687296874999 0.1416938578125 0.5788687296874999 0.19911811875000002
0 0.5379875890625 0.25340199218750004 0.5639799187500001 0.25340199218750004 0.5639799187500001 0.190145578125 0.5379875890625 0.190145578125 0.5379875890625 0.25340199218750004
