0 0.8531004281250001 0.39290095625 0.8566279031249999 0.39290095625 0.8566279031249999 0.3816829703125 0.8531004281250001 0.3816829703125 0.8531004281250001 0.39290095625
0 0.8474350906249999 0.391950278125 0.8505349921875001 0.391950278125 0.8505349921875001 0.383774459375 0.8474350906249999 0.383774459375 0.8474350906249999 0.391950278125
0 0.864858675 0.40925259531249997 0.8663551796875 0.40925259531249997 0.8663551796875 0.3944220375 0.864858675 0.3944220375 0.864858675 0.40925259531249997
0 0.8725549828125001 0.3946121734375 0.874585953125 0.3946121734375 0.874585953125 0.384915271875 0.8725549828125001 0.384915271875 0.8725549828125001 0.3946121734375
0 0.8755479921875 0.3965135265625 0.87864789375 0.3965135265625 0.87864789375 0.3866264890625 0.8755479921875 0.3866264890625 0.8755479921875 0.3965135265625
0 0.785889446875 0.31448550937499997 0.7882154421875001 0.31448550937499997 0.7882154421875001 0.3038987734375 0.785889446875 0.3038987734375 0.785889446875 0.31448550937499997
0 0.7888995578125 0.3142421359375 0.791772846875 0.3142421359375 0.791772846875 0.3008566078125 0.7888995578125 0.3008566078125 0.7888995578125 0.3142421359375
0 0.8990818812499999 0.422733446875 0.9015446984375 0.422733446875 0.9015446984375 0.41178165 0.8990818812499999 0.41178165 0.8990818812499999 0.422733446875
0 0.9010658171875001 0.422733446875 0.9051705140624999 0.422733446875 0.9051705140624999 0.4125117703125 0.9010658171875001 0.4125117703125 0.9010658171875001 0.422733446875
0 0.74904389375 0.39272815781250003 0.752464475 0.39272815781250003 0.752464475 0.38189804843749997 0.74904389375 0.38189804843749997 0.74904389375 0.39272815781250003
0 0.74904389375 0.4062353734375 0.752601296875 0.4062353734375 0.752601296875 0.39479683125 0.74904389375 0.39479683125 0.74904389375 0.4062353734375
0 0.7318547765625001 0.4197493921875 0.7355960375 0.4197493921875 0.7355960375 0.4073905953125 0.7318547765625001 0.4073905953125 0.7318547765625001 0.4197493921875
0 0.7367718625 0.41879871562500004 0.7402993359375 0.41879871562500004 0.7402993359375 0.407770865625 0.7367718625 0.407770865625 0.7367718625 0.41879871562500004
0 0.7968015828125 0.34101943281249997 0.799260125 0.34101943281249997 0.799260125 0.3307521234375 0.7968015828125 0.3307521234375 0.7968015828125 0.34101943281249997
0 0.8052461421875 0.3423503796875 0.8088805109375 0.3423503796875 0.8088805109375 0.3277099578125 0.8052461421875 0.3277099578125 0.8052461421875 0.3423503796875
0 0.81187351875 0.340829296875 0.814545846875 0.340829296875 0.814545846875 0.32923104062499997 0.81187351875 0.32923104062499997 0.81187351875 0.340829296875
0 0.814545846875 0.3398786203125 0.81753885625 0.3398786203125 0.81753885625 0.32942117656250003 0.814545846875 0.32942117656250003 0.814545846875 0.3398786203125
0 0.8238455531250001 0.33892794375 0.8257696296875 0.33892794375 0.8257696296875 0.3299915828125 0.8238455531250001 0.3299915828125 0.8238455531250001 0.33892794375
0 0.8257696296875 0.33892794375 0.829510890625 0.33892794375 0.829510890625 0.3311323953125 0.8257696296875 0.3311323953125 0.8257696296875 0.33892794375
0 0.8349624421874999 0.337216725 0.837420984375 0.337216725 0.837420984375 0.3311323953125 0.8349624421874999 0.3311323953125 0.8349624421874999 0.337216725
0 0.8389174890625 0.33835753749999997 0.8420173906249999 0.33835753749999997 0.8420173906249999 0.3328436125 0.8389174890625 0.3328436125 0.8389174890625 0.33835753749999997
0 0.8499018312499999 0.3672626734375 0.8513795218750001 0.3672626734375 0.8513795218750001 0.3598641265625 0.8499018312499999 0.3598641265625 0.8499018312499999 0.3672626734375
0 0.8541159859375 0.35830653749999997 0.8577281203125 0.35830653749999997 0.8577281203125 0.34789016250000004 0.8541159859375 0.34789016250000004 0.8541159859375 0.35830653749999997
0 0.7578842796874999 0.35052360781249997 0.7617324328125 0.35052360781249997 0.7617324328125 0.338925353125 0.7578842796874999 0.338925353125 0.7578842796874999 0.35052360781249997
0 0.7617324328125 0.3486222546875 0.7646185484375 0.3486222546875 0.7646185484375 0.340446434375 0.7617324328125 0.340446434375 0.7617324328125 0.3486222546875
0 1 0.33528499375 0.99833921875 0.33528499375 0.99833921875 0.3480240625 1 0.3480240625 1 0.33528499375
0 0.9934221328125 0.3436509484375 0.99716339375 0.3436509484375 0.99716339375 0.331672421875 0.9934221328125 0.331672421875 0.9934221328125 0.3436509484375
0 0.9222103468749999 0.4290663421875 0.925684375 0.4290663421875 0.925684375 0.4169452140625 0.9222103468749999 0.4169452140625 0.9222103468749999 0.4290663421875
0 0.77057288125 0.200131165625 0.77600105 0.200131165625 0.77600105 0.1852768421875 0.77057288125 0.1852768421875 0.77057288125 0.200131165625
0 0.5462465375 0.4296875 0.5462465375 0.42436919531250006 0.5217947265625 0.42436919531250006 0.5217947265625 0.4296875 0.5462465375 0.4296875
0 0.9082709968749999 0.3401080734375 0.9027298515624999 0.3401080734375 0.9027298515624999 0.3543548578125 0.9082709968749999 0.3543548578125 0.9082709968749999 0.3401080734375
0 0.9014201265625001 0.3554300875 0.895072996875 0.3554300875 0.895072996875 0.3659135703125 0.9014201265625001 0.3659135703125 0.9014201265625001 0.3554300875
0 0.9174569796875 0.40252814687500005 0.92128540625 0.40252814687500005 0.92128540625 0.39034221874999997 0.9174569796875 0.39034221874999997 0.9174569796875 0.40252814687500005
0 0.9112231390625001 0.38024166406250004 0.914567975 0.38024166406250004 0.914567975 0.3665504140625 0.9112231390625001 0.3665504140625 0.9112231390625001 0.38024166406250004
0 0.663408221875 0.30799601718749997 0.6539379015625 0.30799601718749997 0.6539379015625 0.323855646875 0.663408221875 0.323855646875 0.663408221875 0.30799601718749997
0 0.7496372515624999 0.30500729843749996 0.7524178984375001 0.30500729843749996 0.7524178984375001 0.29576032812499997 0.7496372515624999 0.29576032812499997 0.7496372515624999 0.30500729843749996
0 0.815667725 0.276591059375 0.81215363125 0.276591059375 0.81215363125 0.2905124375 0.815667725 0.2905124375 0.815667725 0.276591059375
0 0.259375 0.9116891562500001 0.2393468140625 0.9112229953125001 0.2390625 0.93565689375 0.2390625 0.984375 0.25925254999999997 0.984375 0.259375 0.9738516203125 0.259375 0.9116891562500001
0 0.1900279859375 0.86993321875 0.191491515625 0.9328125 0.20625 0.9328125 0.20625 0.8695556484375 0.1900279859375 0.86993321875
0 0.22162148125 0.8671929281249999 0.2213851859375 0.8875 0.2296875 0.8875 0.2296875 0.867380665625 0.22162148125 0.8671929281249999
0 0.21700055156250003 0.8671905031249999 0.22744503124999998 0.8671905031249999 0.22744503124999998 0.847926996875 0.21700055156250003 0.847926996875 0.21700055156250003 0.8671905031249999
0 0.214486140625 0.84586305 0.22386683125 0.84586305 0.22386683125 0.8257395656250001 0.214486140625 0.8257395656250001 0.214486140625 0.84586305
0 0.2154259546875 0.7754606953125001 0.226758940625 0.7754606953125001 0.226758940625 0.738508515625 0.2154259546875 0.738508515625 0.2154259546875 0.7754606953125001
0 0.2569802359375 0.763283271875 0.25486489375 0.763283271875 0.24848049687499998 0.763283271875 0.24848049687499998 0.7784000734375001 0.2569802359375 0.7784000734375001 0.2569802359375 0.763283271875
0 0.2333119296875 0.7086856421875 0.23803400625 0.7086856421875 0.23803400625 0.6939047703125001 0.2333119296875 0.6939047703125001 0.2333119296875 0.7086856421875
0 0.221218115625 0.626054165625 0.22498122343750002 0.626054165625 0.22498122343750002 0.61108366875 0.221218115625 0.61108366875 0.221218115625 0.626054165625
0 0.226120059375 0.627463153125 0.2297346234375 0.627463153125 0.2297346234375 0.6131971515625001 0.226120059375 0.6131971515625001 0.226120059375 0.627463153125
0 0.2299326796875 0.6229720046875 0.23305209843750002 0.6229720046875 0.23305209843750002 0.60835375625 0.2299326796875 0.60835375625 0.2299326796875 0.6229720046875
0 0.2365676328125 0.6350364625 0.24052879843750002 0.6350364625 0.24052879843750002 0.6222675093750001 0.2365676328125 0.6222675093750001 0.2365676328125 0.6350364625
0 0.252511325 0.6282557078125001 0.2569676359375 0.6282557078125001 0.2569676359375 0.6147822625 0.252511325 0.6147822625 0.252511325 0.6282557078125001
0 0.30648745312500003 0.6336616312500001 0.310718434375 0.6336616312500001 0.310718434375 0.6253305953125 0.30648745312500003 0.6253305953125 0.30648745312500003 0.6336616312500001
0 0.24120945625 0.6266743109374999 0.245138225 0.6266743109374999 0.245138225 0.619418246875 0.24120945625 0.619418246875 0.24120945625 0.6266743109374999
0 0.20766381875 0.5973813124999999 0.21159258749999998 0.5973813124999999 0.21159258749999998 0.589050275 0.20766381875 0.589050275 0.20766381875 0.5973813124999999
0 0.2191479109375 0.5998 0.22307667968749997 0.5998 0.22307667968749997 0.590662734375 0.2191479109375 0.590662734375 0.2191479109375 0.5998
0 0.23259638749999997 0.6062498359374999 0.26085329687500003 0.6062498359374999 0.26085329687500003 0.582869184375 0.23259638749999997 0.582869184375 0.23259638749999997 0.6062498359374999
0 0.1430615921875 0.638106990625 0.14789699843749998 0.638106990625 0.14789699843749998 0.625035325 0.1430615921875 0.625035325 0.1430615921875 0.638106990625
0 0.1933498265625 0.59459210625 0.1975082765625 0.59459210625 0.1975082765625 0.5828964062499999 0.1933498265625 0.5828964062499999 0.1933498265625 0.59459210625
0 0.2528032859375 0.6559474921875 0.2549819265625 0.6559474921875 0.2549819265625 0.6450278359375 0.2528032859375 0.6450278359375 0.2528032859375 0.6559474921875
0 0.29055559531249997 0.896822590625 0.2787779890625 0.896822590625 0.2787779890625 0.9137665687500001 0.29055559531249997 0.9137665687500001 0.29055559531249997 0.896822590625
0 0.3489805546875 0.822313884375 0.3535415625 0.822313884375 0.3535415625 0.813177478125 0.3489805546875 0.813177478125 0.3489805546875 0.822313884375
0 0.26700330625 0.7988021156249999 0.2616741265625 0.7988021156249999 0.2616741265625 0.8235643375 0.26700330625 0.8235643375 0.26700330625 0.7988021156249999
0 0.273484740625 0.8000829203125001 0.2768934953125 0.8000829203125001 0.2768934953125 0.793508121875 0.273484740625 0.793508121875 0.273484740625 0.8000829203125001
0 0.28659164062500003 0.768404353125 0.2796781109375 0.768404353125 0.2796781109375 0.791202675 0.28659164062500003 0.791202675 0.28659164062500003 0.768404353125
0 0.018503725 0.6710928765624999 0.0102819046875 0.6710928765624999 0.0102819046875 0.6860355953124999 0.018503725 0.6860355953124999 0.018503725 0.6710928765624999
0 0.18075966875 0.6214712859375 0.17667915 0.6214712859375 0.17667915 0.6360294234375 0.18075966875 0.6360294234375 0.18075966875 0.6214712859375
0 0.1648308953125 0.6208155140625 0.161782796875 0.6208155140625 0.161782796875 0.6276792609374999 0.1648308953125 0.6276792609374999 0.1648308953125 0.6208155140625
0 0.1682968796875 0.6195039703124999 0.1655683390625 0.6195039703124999 0.1655683390625 0.6268048984375 0.1682968796875 0.6268048984375 0.1682968796875 0.6195039703124999
0 0.274893215625 0.6573761609375 0.2717074609375 0.6573761609375 0.2717074609375 0.6744437203125 0.274893215625 0.6744437203125 0.274893215625 0.6573761609375
0 0.29113448124999997 0.621662275 0.2861893859375 0.621662275 0.2861893859375 0.6307986812499999 0.29113448124999997 0.6307986812499999 0.29113448124999997 0.621662275
0 0.26179999062500003 0.6221745984375 0.2586312890625 0.6221745984375 0.2586312890625 0.632421034375 0.26179999062500003 0.632421034375 0.26179999062500003 0.6221745984375
0 0.2652567546875 0.6220038234375 0.2628562234375 0.6220038234375 0.2628562234375 0.6321648734374999 0.2652567546875 0.6321648734374999 0.2652567546875 0.6220038234375
0 0.273946678125 0.6230284671875 0.2710180296875 0.6230284671875 0.2710180296875 0.6311402296875 0.273946678125 0.6311402296875 0.273946678125 0.6230284671875
0 0.2308396625 0.6497374828125 0.22693879843749998 0.6497374828125 0.22693879843749998 0.6678822140625 0.2308396625 0.6678822140625 0.2308396625 0.6497374828125
0 0.2303895625 0.715912384375 0.2252134171875 0.715912384375 0.2252134171875 0.7416618921875 0.2303895625 0.7416618921875 0.2303895625 0.715912384375
0 0.1972322265625 0.7105756984375 0.190180665625 0.7105756984375 0.190180665625 0.7461980765625 0.1972322265625 0.7461980765625 0.1972322265625 0.7105756984375
0 0.205033953125 0.7035045906249999 0.1991826578125 0.7035045906249999 0.1991826578125 0.7308551046874999 0.205033953125 0.7308551046874999 0.205033953125 0.7035045906249999
0 0.20120810625000002 0.7292541 0.1980574078125 0.7292541 0.1980574078125 0.7443302359375 0.20120810625000002 0.7443302359375 0.20120810625000002 0.7292541
0 0.190180665625 0.7113762015624999 0.1856796703125 0.7113762015624999 0.1856796703125 0.7285870125 0.190180665625 0.7285870125 0.190180665625 0.7113762015624999
0 0.119611528125 0.80084005 0.109097203125 0.80084005 0.109097203125 0.8440458578125 0.119611528125 0.8440458578125 0.119611528125 0.80084005
0 0.7828125 1 0.7828125 0.9852547999999999 0.7772577875 0.9851255125 0.7770847062499999 1 0.7828125 1
0 0.7859375 1 0.7859375 0.9961555609375001 0.7801991359375 0.9960219984375 0.7801528484375 1 0.7859375 1
0 0.742503159375 1 0.742503159375 0.9934502015625 0.73676670625 0.9934502015625 0.73676670625 1 0.742503159375 1
0 0.7089893187499999 1 0.7089893187499999 0.9853538187499999 0.7043065000000001 0.9853538187499999 0.7043065000000001 1 0.7089893187499999 1
0 0.6844337828125 0.9812851609374998 0.689210259375 0.9812851609374998 0.689210259375 0.9673354812500001 0.6844337828125 0.9673354812500001 0.6844337828125 0.9812851609374998
0 0.6367606859375 0.9840897328124999 0.6415371625 0.9840897328124999 0.6415371625 0.9729899875000001 0.6367606859375 0.9729899875000001 0.6367606859375 0.9840897328124999
0 0.6312243890625 0.9815276140625 0.6347036312500001 0.9815276140625 0.6347036312500001 0.973370340625 0.6312243890625 0.973370340625 0.6312243890625 0.9815276140625
0 0.64204685625 0.9813398093749999 0.64535239375 0.9813398093749999 0.64535239375 0.9734299156249999 0.64204685625 0.9734299156249999 0.64204685625 0.9813398093749999
0 0.640491309375 0.9847030718750001 0.6444579546875 0.9847030718750001 0.6444579546875 0.9775405687500001 0.640491309375 0.9775405687500001 0.640491309375 0.9847030718750001
0 0.6351246734375 0.9834574187499999 0.63788576875 0.9834574187499999 0.63788576875 0.9744264375 0.6351246734375 0.9744264375 0.6351246734375 0.9834574187499999
