0 0.2015625 0.65 0.2015625 0.634712659375 0.1620441015625 0.6356324609375 0.162378509375 0.65 0.2015625 0.65
0 0.18584027187500002 0.47517170000000003 0.1867373 0.5265625 0.2109375 0.5265625 0.2109375 0.47487966718749997 0.18584027187500002 0.47517170000000003
0 0.18183978125 0.428125 0.1824499671875 0.39316742968749996 0.1613913734375 0.3932899453125 0.1609375 0.41929235625 0.1609375 0.428125 0.18183978125 0.428125
0 0.2931397703125 0.2824031703125 0.2940221203125 0.3203125 0.3109375 0.3203125 0.3109375 0.2822996265625 0.2931397703125 0.2824031703125
0 0.4396472375 0.108168540625 0.4396472375 0.1328125 0.4578125 0.1328125 0.4578125 0.1080628578125 0.4396472375 0.108168540625
0 0.4560636765625 0.022782687500000003 0.4560636765625 0.04375 0.4703125 0.04375 0.4703125 0.022865584375 0.4560636765625 0.022782687500000003
0 0.45168926562499995 0 0.4515892734375 0.0171875 0.4703125 0.0171875 0.4703125 0 0.45168926562499995 0
0 0.0890625 0.0764698875 0.0890625 0.1046875 0.0998722609375 0.1046875 0.1 0.097369315625 0.1 0.0765971546875 0.0890625 0.0764698875
0 0.040625 0.1375 0.040625 0.1078648609375 0.030448225000000002 0.1079240671875 0.0296875 0.13406850312500002 0.0296875 0.1375 0.040625 0.1375
0 0.0015941500000000001 0.30003151093749997 0.0011581640625000001 0.3375 0.0140625 0.3375 0.0140625 0.30024914687500004 0.0015941500000000001 0.30003151093749997
0 0.0244484546875 0.3359375 0.0244484546875 0.303125 0.01306543125 0.303125 0.01306543125 0.3359375 0.0244484546875 0.3359375
