0 0.4890625 0.3244530203125 0.4976472515625 0.3244530203125 0.4976472515625 0.264731171875 0.4890625 0.264731171875 0.4890625 0.3244530203125
0 0.5074272421875 0.32263715312499996 0.5243597656250001 0.32263715312499996 0.5243597656250001 0.2673540890625 0.5074272421875 0.2673540890625 0.5074272421875 0.32263715312499996
0 0.527279165625 0.33050591093750004 0.540416465625 0.33050591093750004 0.540416465625 0.27300345312499996 0.527279165625 0.27300345312499996 0.527279165625 0.33050591093750004
0 0.5354534859375 0.3244530203125 0.54917466875 0.3244530203125 0.54917466875 0.27058229843750004 0.5354534859375 0.27058229843750004 0.5354534859375 0.3244530203125
0 0.537497065625 0.31295252812499996 0.5534077984375 0.31295252812499996 0.5534077984375 0.26251177812500004 0.537497065625 0.26251177812500004 0.537497065625 0.31295252812499996
0 0.5580788390625 0.3256635984375 0.5703403218750001 0.3256635984375 0.5703403218750001 0.27159111406249997 0.5580788390625 0.27159111406249997 0.5580788390625 0.3256635984375
0 0.5685886796874999 0.3256635984375 0.5792444921875 0.3256635984375 0.5792444921875 0.2713893484375 0.5685886796874999 0.2713893484375 0.5685886796874999 0.3256635984375
0 0.60376745625 0.327075940625 0.616466846875 0.327075940625 0.616466846875 0.270784059375 0.60376745625 0.270784059375 0.60376745625 0.327075940625
0 0.6258089296875 0.33131296250000003 0.640697871875 0.33131296250000003 0.640697871875 0.275424609375 0.6258089296875 0.275424609375 0.6258089296875 0.33131296250000003
0 0.6507698015625 0.3244530203125 0.663761134375 0.3244530203125 0.663761134375 0.279459871875 0.6507698015625 0.279459871875 0.6507698015625 0.3244530203125
0 0.6350050406250001 0.3216283375 0.6478504015625 0.3216283375 0.6478504015625 0.264731171875 0.6350050406250001 0.264731171875 0.6350050406250001 0.3216283375
0 0.5428426484375 0.4390625 0.5428426484375 0.357712784375 0.5143328781250001 0.357712784375 0.5143328781250001 0.4390625 0.5428426484375 0.4390625
0 0.6730752765625 0.431797640625 0.6949707796875 0.431797640625 0.6949707796875 0.353929728125 0.6730752765625 0.353929728125 0.6730752765625 0.431797640625
0 0.701585046875 0.4324281484375 0.7211997671875 0.4324281484375 0.7211997671875 0.3532992203125 0.701585046875 0.3532992203125 0.701585046875 0.4324281484375
0 0.7150416578125001 0.4157196484375 0.732603675 0.4157196484375 0.732603675 0.3441568328125 0.7150416578125001 0.3441568328125 0.7150416578125001 0.4157196484375
0 0.6920057640625 0.331231390625 0.70865546875 0.331231390625 0.70865546875 0.26849570625 0.6920057640625 0.26849570625 0.6920057640625 0.331231390625
0 0.70500621875 0.32303476875000003 0.7143574234375001 0.32303476875000003 0.7143574234375001 0.2763770734375 0.70500621875 0.2763770734375 0.70500621875 0.32303476875000003
0 0.724620940625 0.3249262984375 0.734200221875 0.3249262984375 0.734200221875 0.29844490156250003 0.724620940625 0.29844490156250003 0.724620940625 0.3249262984375
0 0.736024846875 0.32902460625 0.746288365625 0.32902460625 0.746288365625 0.2707024890625 0.736024846875 0.2707024890625 0.736024846875 0.32902460625
0 0.7428671921875 0.32807884375 0.7554114921874999 0.32807884375 0.7554114921874999 0.3019127046875 0.7428671921875 0.3019127046875 0.7428671921875 0.32807884375
0 0.8272561109375001 0.320197475 0.842081190625 0.320197475 0.842081190625 0.26628892187500003 0.8272561109375001 0.26628892187500003 0.8272561109375001 0.320197475
0 0.8393442546875001 0.31704492812499996 0.8512043171875 0.31704492812499996 0.8512043171875 0.264082140625 0.8393442546875001 0.264082140625 0.8393442546875001 0.31704492812499996
0 0.8521166296875 0.321143240625 0.8646609296874999 0.321143240625 0.8646609296874999 0.2735397796875 0.8521166296875 0.2735397796875 0.8521166296875 0.321143240625
0 0.8600993656250001 0.32145849531250004 0.8728717421875001 0.32145849531250004 0.8728717421875001 0.27889911093749997 0.8600993656250001 0.27889911093749997 0.8600993656250001 0.32145849531250004
0 0.8671697875 0.31672967500000004 0.8769771500000001 0.31672967500000004 0.8769771500000001 0.26975672500000003 0.8671697875 0.26975672500000003 0.8671697875 0.31672967500000004
0 0.870842865625 0.323237815625 0.8834546734375 0.323237815625 0.8834546734375 0.265388325 0.870842865625 0.265388325 0.870842865625 0.323237815625
0 0.894665171875 0.3375710578125 0.90895855625 0.3375710578125 0.90895855625 0.281787621875 0.894665171875 0.281787621875 0.894665171875 0.3375710578125
0 0.88915334375 0.3262077671875 0.9022322578124999 0.3262077671875 0.9022322578124999 0.27042433125 0.88915334375 0.27042433125 0.88915334375 0.3262077671875
0 0.9531852828125 0.37178035625 0.9719628671875 0.37178035625 0.9719628671875 0.30192193125 0.9531852828125 0.30192193125 0.9531852828125 0.37178035625
0 0.9554273828125 0.335237040625 0.9660773546874999 0.335237040625 0.9660773546874999 0.3050210109375 0.9554273828125 0.3050210109375 0.9554273828125 0.335237040625
0 0.977556934375 0.327825525 0.9903293109375 0.327825525 0.9903293109375 0.270133915625 0.977556934375 0.270133915625 0.977556934375 0.327825525
0 1 0.2758085 0.9878204515625001 0.2758085 0.9878204515625001 0.3256187421875 1 0.3256187421875 1 0.2758085
0 1 0.049150684374999996 0.9970520296875 0.049150684374999996 0.9970520296875 0.0688541015625 1 0.0688541015625 1 0.049150684374999996
0 0.86989845625 0.0471803421875 0.8784513875 0.0471803421875 0.8784513875 0.0227481015625 0.86989845625 0.0227481015625 0.86989845625 0.0471803421875
0 0 1 0.01261415625 1 0.01261415625 0.9737445796875001 0 0.9737445796875001 0 1
