0 0.16952710625 0.471292225 0.170086184375 0.4953125 0.1953125 0.4953125 0.1953125 0.47069206250000006 0.16952710625 0.471292225
0 0.5098551234375 0.5133821734375 0.5100891640625 0.5234375 0.515625 0.5234375 0.515625 0.51351646875 0.5098551234375 0.5133821734375
0 0.47599231875000003 0.49566381406250004 0.47564389531250006 0.515625 0.484375 0.515625 0.484375 0.49561504687499996 0.47599231875000003 0.49566381406250004
0 1 0.489440709375 0.990362490625 0.4892724859375 0.990362490625 0.53125 1 0.53125 1 0.489440709375
0 0.98125 0.4828125 0.9809857546874999 0.4828125 0.9658917015625 0.4832516921875 0.9665386015624999 0.5203125 0.98125 0.5203125 0.98125 0.4828125
0 0.9793435031249998 0.56875 0.9794776203125 0.5456972203125 0.9580414031250001 0.5458219328125 0.9579080109374999 0.56875 0.9793435031249998 0.56875
0 0.9546875 0.56875 0.9546875 0.5548808140625 0.9396690781249999 0.5552303703125 0.9400624593749999 0.56875 0.9546875 0.56875
0 0.95 0.56875 0.95 0.4981399171875 0.92982843125 0.49767041718750005 0.9314828281249999 0.56875 0.95 0.56875
0 0.93125 0.56875 0.93125 0.5503838734375 0.9065532984375 0.5505275546874999 0.906235225 0.56875 0.93125 0.56875
0 0.9074563625 0.5125540453124999 0.9063667984375 0.55 0.9263415406250001 0.55 0.9265625 0.542406134375 0.9265625 0.512776365625 0.9074563625 0.5125540453124999
0 0.7955813093749999 0.3163224859375 0.7969055390625 0.3921875 0.815625 0.3921875 0.815625 0.31620587499999997 0.7955813093749999 0.3163224859375
0 0.7786418562499999 0.31972520625 0.7809776140625 0.4 0.7953125 0.4 0.7953125 0.31982219375 0.7786418562499999 0.31972520625
0 0.88125 0.453182278125 0.8648633562500001 0.4528962484375 0.8640625 0.480419890625 0.8640625 0.4984375 0.8799908140625 0.4984375 0.88125 0.45516211406249996 0.88125 0.453182278125
0 0.8734375 0.459375 0.8734375 0.41295456250000007 0.8571831984375 0.41257623906249996 0.85625 0.452670253125 0.85625 0.459375 0.8734375 0.459375
0 0.8458645624999999 0.48769888906250003 0.8602532546875 0.48769888906250003 0.8602532546875 0.438098528125 0.8458645624999999 0.438098528125 0.8458645624999999 0.48769888906250003
0 0.8253092859375 0.4678587453125 0.8458645624999999 0.4678587453125 0.8458645624999999 0.42974478281249995 0.8253092859375 0.42974478281249995 0.8253092859375 0.4678587453125
0 0.809452359375 0.44488594687500005 0.8253092859375 0.44488594687500005 0.8253092859375 0.412515184375 0.809452359375 0.412515184375 0.809452359375 0.44488594687500005
0 0.7909526109374999 0.5675815765625 0.812976121875 0.5675815765625 0.812976121875 0.5164148875000001 0.7909526109374999 0.5164148875000001 0.7909526109374999 0.5675815765625
0 0.8141507078125001 0.5639268125 0.8367615109375001 0.5639268125 0.8367615109375001 0.5096274703125 0.8141507078125001 0.5096274703125 0.8141507078125001 0.5639268125
0 0.833531396875 0.539909796875 0.8587850218749999 0.539909796875 0.8587850218749999 0.4783009265625 0.833531396875 0.4783009265625 0.833531396875 0.539909796875
0 0.76628628125 0.563404703125 0.7821432078124999 0.563404703125 0.7821432078124999 0.513282234375 0.76628628125 0.513282234375 0.76628628125 0.563404703125
0 0.7489611203125 0.5519183046875 0.7633498125 0.5519183046875 0.7633498125 0.5216359781250001 0.7489611203125 0.5216359781250001 0.7489611203125 0.5519183046875
0 0.7342787796875 0.5336444874999999 0.7489611203125 0.5336444874999999 0.7489611203125 0.48926521718749993 0.7342787796875 0.48926521718749993 0.7342787796875 0.5336444874999999
0 0.8229601125 0.5143264515625 0.833531396875 0.5143264515625 0.833531396875 0.47099140000000006 0.8229601125 0.47099140000000006 0.8229601125 0.5143264515625
0 0.809452359375 0.5002295078125 0.8229601125 0.5002295078125 0.8229601125 0.44488594687500005 0.809452359375 0.44488594687500005 0.809452359375 0.5002295078125
0 0.7701036890624999 0.49866317968749996 0.7839050890625 0.49866317968749996 0.7839050890625 0.46107132812499996 0.7701036890624999 0.46107132812499996 0.7701036890624999 0.49866317968749996
0 0.7404453625 0.491353653125 0.7554213484375 0.491353653125 0.7554213484375 0.4511512546875 0.7404453625 0.4511512546875 0.7404453625 0.491353653125
0 0.7574768765625001 0.484566234375 0.7701036890624999 0.484566234375 0.7701036890624999 0.44018696406249996 0.7574768765625001 0.44018696406249996 0.7574768765625001 0.484566234375
0 0.7483738265625 0.44018696406249996 0.764818046875 0.44018696406249996 0.764818046875 0.3989403484375 0.7483738265625 0.3989403484375 0.7483738265625 0.44018696406249996
0 0.6969856375 0.5106716890625 0.71019974375 0.5106716890625 0.71019974375 0.4636818734375 0.6969856375 0.4636818734375 0.6969856375 0.5106716890625
0 0.7178345593750001 0.5091053609375 0.726350315625 0.5091053609375 0.726350315625 0.4668145265625 0.7178345593750001 0.4668145265625 0.7178345593750001 0.5091053609375
0 0.7278185500000001 0.5268570687499999 0.7375088953125 0.5268570687499999 0.7375088953125 0.48143358125 0.7278185500000001 0.48143358125 0.7278185500000001 0.5268570687499999
0 0.6674234734375 0.473113678125 0.6860994093749999 0.473113678125 0.6860994093749999 0.416354353125 0.6674234734375 0.416354353125 0.6674234734375 0.473113678125
0 0.8446277046875 0.438098528125 0.8570059406249999 0.438098528125 0.8570059406249999 0.4059291703125 0.8446277046875 0.4059291703125 0.8446277046875 0.438098528125
0 0.9045644296875001 0.56875 0.9045644296875001 0.5464760734375 0.8867571421875 0.5464760734375 0.8867571421875 0.56875 0.9045644296875001 0.56875
0 0.997292625 0.56875 0.997292625 0.5456529953125 0.9794738546874999 0.5456529953125 0.9794738546874999 0.56875 0.997292625 0.56875
0 0.982116675 0.5503372515625 0.9936008703125001 0.5503372515625 0.9936008703125001 0.5205917609374999 0.982116675 0.5205917609374999 0.982116675 0.5503372515625
0 0.7262040234375 0.4848023796875 0.7413393703125 0.4848023796875 0.7413393703125 0.43696076718750004 0.7262040234375 0.43696076718750004 0.7262040234375 0.4848023796875
0 0.7834984859375 0.5143480453125 0.809564915625 0.5143480453125 0.809564915625 0.44578930781250004 0.7834984859375 0.44578930781250004 0.7834984859375 0.5143480453125
0 0.4826824828125 0.8859375 0.4843182828125 0.8297187015624999 0.42248005 0.8293589375 0.421875 0.8501531640625 0.421875 0.8859375 0.4826824828125 0.8859375
0 0.8265450031249999 0.96635786875 0.8263438546874999 0.975 0.8296875 0.975 0.8296875 0.9663213031250001 0.8265450031249999 0.96635786875
0 0.8511745265625 0.9526310734375001 0.8516435390625 0.96875 0.8609375 0.96875 0.8609375 0.9527446765625001 0.8511745265625 0.9526310734375001
