0 0.5794038109375 0.695694365625 0.587720228125 0.695694365625 0.587720228125 0.669645059375 0.5794038109375 0.669645059375 0.5794038109375 0.695694365625
0 0.57630165625 0.68830199375 0.585608121875 0.68830199375 0.585608121875 0.6397235593749999 0.57630165625 0.6397235593749999 0.57630165625 0.68830199375
0 0.49356898437499996 0.578198209375 0.4971595640625 0.578198209375 0.4971595640625 0.5709701125 0.49356898437499996 0.5709701125 0.49356898437499996 0.578198209375
0 0.47994590156249994 0.5795124078125 0.4841173109375 0.5795124078125 0.4841173109375 0.5706884984375 0.47994590156249994 0.5706884984375 0.47994590156249994 0.5795124078125
0 0.1952108890625 0.7044439171875 0.20227324375000003 0.7044439171875 0.20227324375000003 0.6914192640625 0.1952108890625 0.6914192640625 0.1952108890625 0.7044439171875
0 0.12355684687499999 0.6810056765625 0.128710384375 0.6810056765625 0.128710384375 0.6657609671875 0.12355684687499999 0.6657609671875 0.12355684687499999 0.6810056765625
0 0.11607999218750001 0.6813060656250001 0.12140249843749999 0.6813060656250001 0.12140249843749999 0.6690652390625 0.11607999218750001 0.6690652390625 0.11607999218750001 0.6813060656250001
0 0.10577291562499999 0.6784523765625 0.11101093749999999 0.6784523765625 0.11101093749999999 0.6683893640624999 0.10577291562499999 0.6683893640624999 0.10577291562499999 0.6784523765625
0 0.0214793609375 0.717632778125 0.027551664062499998 0.717632778125 0.027551664062499998 0.7038336875 0.0214793609375 0.7038336875 0.0214793609375 0.717632778125
0 0.0740074328125 0.6871245828125 0.078823034375 0.6871245828125 0.078823034375 0.6700775421875 0.0740074328125 0.6700775421875 0.0740074328125 0.6871245828125
0 0.07519021249999999 0.68104171875 0.08042823437499999 0.68104171875 0.08042823437499999 0.6648207453125 0.07519021249999999 0.6648207453125 0.07519021249999999 0.68104171875
0 0.0793721828125 0.6772868625 0.08904562656250001 0.6772868625 0.08904562656250001 0.65933865625 0.0793721828125 0.65933865625 0.0793721828125 0.6772868625
0 0.043693185937500004 0.721436659375 0.05049416718750001 0.721436659375 0.05049416718750001 0.7062670453125001 0.043693185937500004 0.7062670453125001 0.043693185937500004 0.721436659375
0 0.47169038125 0.51583829375 0.47868673125 0.51583829375 0.47868673125 0.49190109375 0.47169038125 0.49190109375 0.47169038125 0.51583829375
0 0.3801685703125 0.525722021875 0.4209322125 0.525722021875 0.4209322125 0.4899570296875 0.3801685703125 0.4899570296875 0.3801685703125 0.525722021875
0 0.3163492625 0.5128512609375 0.3242485390625 0.5128512609375 0.3242485390625 0.5047407734375 0.3163492625 0.5047407734375 0.3163492625 0.5128512609375
0 0.4827439359375 0.521658296875 0.48755953593749995 0.521658296875 0.48755953593749995 0.5032595078125001 0.4827439359375 0.5032595078125001 0.4827439359375 0.521658296875
0 0.5011614984375 0.517452859375 0.519790271875 0.517452859375 0.519790271875 0.5043108671875001 0.5011614984375 0.5043108671875001 0.5011614984375 0.517452859375
0 0.43886427499999997 0.5128763359375 0.4454962875 0.5128763359375 0.4454962875 0.4907226921875 0.43886427499999997 0.4907226921875 0.43886427499999997 0.5128763359375
0 0.421622803125 0.47628244375 0.42740997187499996 0.47628244375 0.42740997187499996 0.4566070046875 0.421622803125 0.4566070046875 0.421622803125 0.47628244375
0 0.3845342234375 0.478159871875 0.415159759375 0.478159871875 0.415159759375 0.45427899375 0.3845342234375 0.45427899375 0.3845342234375 0.478159871875
