0 0.0796875 0.5296875 0.0796875 0.5177129375 0.0345315203125 0.5171875 0.0342515625 0.5171875 0.0343242859375 0.5296875 0.0796875 0.5296875
0 0.1109375 0.5296875 0.1109375 0.51293495 0.0859375 0.51293495 0.0859375 0.5296875 0.1109375 0.5296875
0 0.146875 0.5296875 0.146875 0.5178182921875 0.1466843765625 0.5068974749999999 0.11016437812499999 0.5079600984375 0.11054363125 0.5296875 0.146875 0.5296875
0 0.1885393796875 0.23882630312500003 0.188192571875 0.2984375 0.225 0.2984375 0.225 0.23946272500000002 0.1885393796875 0.23882630312500003
0 0.214918809375 0.1947605171875 0.214918809375 0.234375 0.246875 0.234375 0.246875 0.1951323609375 0.214918809375 0.1947605171875
0 0.4875 0.0390625 0.462507390625 0.0390625 0.4589494171875 0.0391660265625 0.459911821875 0.121875 0.4836862328125 0.121875 0.4875 0.12176403124999999 0.4875 0.0390625
0 0.430848675 0.024825334375 0.43276325 0.090625 0.4546875 0.090625 0.4546875 0.024547943750000002 0.430848675 0.024825334375
0 0.42564219843749995 0 0.4257785546875 0.0234375 0.4484375 0.0234375 0.4484375 0 0.42564219843749995 0
0 0.40564996249999996 0.0058185296875 0.40647314375 0.0765625 0.4203125 0.0765625 0.4203125 0.006159803125 0.40564996249999996 0.0058185296875
0 0.37714125468750004 0 0.3769321765625 0.0359375 0.3950540125 0.0359375 0.395263090625 0 0.37714125468750004 0
0 0.3321031609375 0.027847784375 0.3321031609375 0.096875 0.3608173578125 0.096875 0.3608173578125 0.028683281249999998 0.3321031609375 0.027847784375
0 0.559375 0.4265625 0.65 0.4265625 0.65 0.321591934375 0.559375 0.319482615625 0.559375 0.4265625
0 0.30011562187499996 0.9283772078125001 0.3003294078125 0.940625 0.30625 0.940625 0.30625 0.928198715625 0.30011562187499996 0.9283772078125001
0 0.5106946328124999 0.861661525 0.5106946328124999 0.8456953031250001 0.5073035906250001 0.8456953031250001 0.5073035906250001 0.853975171875 0.5073035906250001 0.861661525 0.5106946328124999 0.861661525
0 0.5010866796875 0.8645383203125 0.5063347203124999 0.8645383203125 0.5063347203124999 0.8485720999999999 0.5010866796875 0.8485720999999999 0.5010866796875 0.8645383203125
0 0.48566550937499997 0.8497228187499999 0.4824915953125 0.8497228187499999 0.47985229374999994 0.8497228187499999 0.47985229374999994 0.8584970484374999 0.48566550937499997 0.8584970484374999 0.48566550937499997 0.8497228187499999
0 0.5461524890625 0.885648590625 0.550027965625 0.885648590625 0.550027965625 0.8732783640624999 0.5461524890625 0.8732783640624999 0.5461524890625 0.885648590625
0 0.5409044468750001 0.8786004390625 0.5445377078125 0.8786004390625 0.5445377078125 0.8660863734375 0.5409044468750001 0.8660863734375 0.5409044468750001 0.8786004390625
0 0.420789978125 0.8475673296874999 0.42448296562500004 0.8475673296874999 0.42448296562500004 0.82953544375 0.420789978125 0.82953544375 0.420789978125 0.8475673296874999
0 0.4182185625 0.8064546296875001 0.42093222656249996 0.8064546296875001 0.42093222656249996 0.7986570546875 0.4182185625 0.7986570546875 0.4182185625 0.8064546296875001
0 0.4064009984375 0.8183069390625001 0.4083268234375 0.8183069390625001 0.4083268234375 0.8098855593750001 0.4064009984375 0.8098855593750001 0.4064009984375 0.8183069390625001
0 0.402636884375 0.821893821875 0.40526301093750006 0.821893821875 0.40526301093750006 0.8106653187500001 0.402636884375 0.8106653187500001 0.402636884375 0.821893821875
0 0.401061209375 0.8448186859375 0.40473778437499996 0.8448186859375 0.40473778437499996 0.8351496953125 0.401061209375 0.8351496953125 0.401061209375 0.8448186859375
0 0.38031481875 0.8579186078125 0.38364124374999997 0.8579186078125 0.38364124374999997 0.846066296875 0.38031481875 0.846066296875 0.38031481875 0.8579186078125
0 0.378210415625 0.8579186078125 0.38031481875 0.8579186078125 0.38031481875 0.8493787062500001 0.378210415625 0.8493787062500001 0.378210415625 0.8579186078125
0 0.37031103125 0.8530716375 0.37316825625 0.8530716375 0.37316825625 0.8394976218749999 0.37031103125 0.8394976218749999 0.37031103125 0.8530716375
0 0.3765296953125 0.84798138125 0.3798351125 0.84798138125 0.3798351125 0.8409947546875 0.3765296953125 0.8409947546875 0.3765296953125 0.84798138125
0 0.34631144375 0.854244240625 0.3492246921875 0.854244240625 0.3492246921875 0.847756659375 0.34631144375 0.847756659375 0.34631144375 0.854244240625
0 0.34558313281249997 0.8264973578125 0.3483843328125 0.8264973578125 0.3483843328125 0.8155183749999999 0.34558313281249997 0.8155183749999999 0.34558313281249997 0.8264973578125
0 0.3426698828125 0.8535455765625001 0.3451909640625 0.8535455765625001 0.3451909640625 0.8463593359375 0.3426698828125 0.8463593359375 0.3426698828125 0.8535455765625001
0 0.34199759531249996 0.8264973578125 0.34407048281249997 0.8264973578125 0.34407048281249997 0.81412105 0.34199759531249996 0.81412105 0.34199759531249996 0.8264973578125
0 0.29186775625 0.8701531656249999 0.29590471093750004 0.8701531656249999 0.29590471093750004 0.85869093125 0.29186775625 0.85869093125 0.29186775625 0.8701531656249999
0 0.284550775 0.8697036671875 0.288461575 0.8697036671875 0.288461575 0.8584661812500001 0.284550775 0.8584661812500001 0.284550775 0.8697036671875
0 0.2668890953125 0.8638601734375 0.2702952765625 0.8638601734375 0.2702952765625 0.8535216859375 0.2668890953125 0.8535216859375 0.2668890953125 0.8638601734375
0 0.315837178125 0.844981196875 0.320378753125 0.844981196875 0.320378753125 0.8353169578124999 0.315837178125 0.8353169578124999 0.315837178125 0.844981196875
0 0.2531085015625 0.8547652187500001 0.2568931484375 0.8547652187500001 0.2568931484375 0.8435277328125 0.2531085015625 0.8435277328125 0.2531085015625 0.8547652187500001
0 0.24541305468750002 0.8761164421875 0.2480623078125 0.8761164421875 0.2480623078125 0.8684749500000001 0.24541305468750002 0.8684749500000001 0.24541305468750002 0.8761164421875
0 0.2481884625 0.8233002546874999 0.25399158593750004 0.8233002546874999 0.25399158593750004 0.810040021875 0.2481884625 0.810040021875 0.2481884625 0.8233002546874999
0 0.2163974390625 0.8664522031249999 0.21942515468749998 0.8664522031249999 0.21942515468749998 0.8583612140625 0.2163974390625 0.8583612140625 0.2163974390625 0.8664522031249999
0 0.31341052343750003 0.8012747828125001 0.316816703125 0.8012747828125001 0.316816703125 0.7934085421875 0.31341052343750003 0.7934085421875 0.31341052343750003 0.8012747828125001
0 0.20756055624999997 0.8673491171875 0.2119759765625 0.8673491171875 0.2119759765625 0.85588688125 0.20756055624999997 0.85588688125 0.20756055624999997 0.8673491171875
0 0.179771165625 0.853873125 0.1838081203125 0.853873125 0.1838081203125 0.8417905781249999 0.179771165625 0.8417905781249999 0.179771165625 0.853873125
0 0.1811437296875 0.839776821875 0.183242946875 0.839776821875 0.183242946875 0.8308587515625 0.1811437296875 0.8308587515625 0.1811437296875 0.839776821875
0 0.17371573125 0.8302833921874999 0.1758149484375 0.8302833921874999 0.1758149484375 0.822803721875 0.17371573125 0.822803721875 0.17371573125 0.8302833921874999
0 0.1742001671875 0.8525785656250001 0.1766223390625 0.8525785656250001 0.1766223390625 0.8458180937499999 0.1742001671875 0.8458180937499999 0.1742001671875 0.8525785656250001
0 0.171051340625 0.8596267171875001 0.173554253125 0.8596267171875001 0.173554253125 0.851427846875 0.171051340625 0.851427846875 0.171051340625 0.8596267171875001
0 0.14368078281250002 0.8596267171875001 0.1460222171875 0.8596267171875001 0.1460222171875 0.8518593656250001 0.14368078281250002 0.8518593656250001 0.14368078281250002 0.8596267171875001
0 0.16612625625 0.8334478687499999 0.169759515625 0.8334478687499999 0.169759515625 0.8259681984375 0.16612625625 0.8259681984375 0.16612625625 0.8334478687499999
0 0.1586982578125 0.8481195312500001 0.1621700390625 0.8481195312500001 0.1621700390625 0.8383384234375001 0.1586982578125 0.8383384234375001 0.1586982578125 0.8481195312500001
0 0.15280430312499999 0.8593390375000001 0.1552264765625 0.8593390375000001 0.1552264765625 0.8494140890625002 0.15280430312499999 0.8494140890625002 0.15280430312499999 0.8593390375000001
0 0.1697853375 0.8011399203125 0.17331767343749999 0.8011399203125 0.17331767343749999 0.7957459265625 0.1697853375 0.7957459265625 0.1697853375 0.8011399203125
0 0.1504079515625 0.8085117109375 0.1532338203125 0.8085117109375 0.1532338203125 0.7979035234375 0.1504079515625 0.7979035234375 0.1504079515625 0.8085117109375
0 0.13012225156249999 0.855619253125 0.13496659687499998 0.855619253125 0.13496659687499998 0.8424938687499999 0.13012225156249999 0.8424938687499999 0.13012225156249999 0.855619253125
0 0.12336035000000001 0.85310205625 0.1269936109375 0.85310205625 0.1269936109375 0.840516071875 0.12336035000000001 0.840516071875 0.12336035000000001 0.85310205625
0 0.118011384375 0.8365604765625001 0.121442796875 0.8365604765625001 0.121442796875 0.8306270843749999 0.118011384375 0.8306270843749999 0.118011384375 0.8365604765625001
0 0.11165318125000001 0.855619253125 0.11468089687500001 0.855619253125 0.11468089687500001 0.8450110656250001 0.11165318125000001 0.8450110656250001 0.11165318125000001 0.855619253125
0 0.1201307859375 0.809230909375 0.1235621984375 0.809230909375 0.1235621984375 0.8014995203125 0.1201307859375 0.8014995203125 0.1201307859375 0.809230909375
0 0.11424086874999999 0.8037649968749999 0.1165661546875 0.8037649968749999 0.1165661546875 0.7973209718750001 0.11424086874999999 0.7973209718750001 0.11424086874999999 0.8037649968749999
0 0.0994494640625 0.8013484875 0.102679028125 0.8013484875 0.102679028125 0.793638671875 0.0994494640625 0.793638671875 0.0994494640625 0.8013484875
0 0.1393668796875 0.8058362906250001 0.1429194 0.8058362906250001 0.1429194 0.8000826968750001 0.1393668796875 0.8000826968750001 0.1393668796875 0.8058362906250001
0 0.1376229140625 0.8106693078125 0.1404003390625 0.8106693078125 0.1404003390625 0.8038800671875 0.1376229140625 0.8038800671875 0.1376229140625 0.8106693078125
0 0.1096548875 0.8051458578125 0.113013634375 0.8051458578125 0.113013634375 0.800312840625 0.1096548875 0.800312840625 0.1096548875 0.8051458578125
0 0.10252494999999999 0.8594992140625 0.10580497656250001 0.8594992140625 0.10580497656250001 0.8478122296875 0.10252494999999999 0.8478122296875 0.10252494999999999 0.8594992140625
0 0.0933156453125 0.8612972125 0.0978572203125 0.8612972125 0.0978572203125 0.8493854765625001 0.0933156453125 0.8493854765625001 0.0933156453125 0.8612972125
0 0.08385403125 0.853430971875 0.08738636718750001 0.853430971875 0.08738636718750001 0.8451152328125 0.08385403125 0.8451152328125 0.08385403125 0.853430971875
0 0.0753217234375 0.8689512890625 0.0774403171875 0.8689512890625 0.0774403171875 0.8577202749999999 0.0753217234375 0.8577202749999999 0.0753217234375 0.8689512890625
0 0.0716529390625 0.8556950109375 0.074236590625 0.8556950109375 0.074236590625 0.8463051468749999 0.0716529390625 0.8463051468749999 0.0716529390625 0.8556950109375
0 0.069172634375 0.8585487921875 0.071446246875 0.8585487921875 0.071446246875 0.8526571140625 0.069172634375 0.8526571140625 0.069172634375 0.8585487921875
0 0.070722825 0.8663736796875 0.0733581484375 0.8663736796875 0.0733581484375 0.8599296546874999 0.070722825 0.8599296546874999 0.070722825 0.8663736796875
0 0.0836410828125 0.8597455406249999 0.0877749234375 0.8597455406249999 0.0877749234375 0.8550506078125 0.0836410828125 0.8550506078125 0.0836410828125 0.8597455406249999
0 0.0888884859375 0.846652115625 0.0932483984375 0.846652115625 0.0932483984375 0.8383094062499999 0.0888884859375 0.8383094062499999 0.0888884859375 0.846652115625
0 0.084690053125 0.8419054015625 0.0875966609375 0.8419054015625 0.0875966609375 0.8334188515625 0.084690053125 0.8334188515625 0.084690053125 0.8419054015625
0 0.0807338375 0.8368710078125 0.084690053125 0.8368710078125 0.084690053125 0.827377578125 0.0807338375 0.827377578125 0.0807338375 0.8368710078125
0 0.074516925 0.821192465625 0.07879609843749999 0.821192465625 0.07879609843749999 0.8119867171875 0.074516925 0.8119867171875 0.074516925 0.821192465625
0 0.0983349625 0.8112675187499999 0.10099935156249999 0.8112675187499999 0.10099935156249999 0.803356328125 0.0983349625 0.803356328125 0.0983349625 0.8112675187499999
0 0.09478244062499999 0.81284975625 0.09768905 0.81284975625 0.09768905 0.8070961624999999 0.09478244062499999 0.8070961624999999 0.09478244062499999 0.81284975625
0 0.09567703125 0.8019064234375 0.0987774125 0.8019064234375 0.0987774125 0.7935291906249999 0.09567703125 0.7935291906249999 0.09567703125 0.8019064234375
0 0.09242162968749999 0.8009858484375 0.09500528124999999 0.8009858484375 0.09500528124999999 0.7957385703125001 0.09242162968749999 0.7957385703125001 0.09242162968749999 0.8009858484375
0 0.0880810953125 0.7983161796875 0.0909231125 0.7983161796875 0.0909231125 0.7901230640625 0.0880810953125 0.7901230640625 0.0880810953125 0.7983161796875
0 0.0817769859375 0.8087186765624998 0.08508405937499999 0.8087186765624998 0.08508405937499999 0.8017223078125 0.0817769859375 0.8017223078125 0.0817769859375 0.8087186765624998
0 0.0788316234375 0.8006176187499999 0.0788316234375 0.794357709375 0.07567956875000001 0.794357709375 0.07567956875000001 0.80163025 0.0788316234375 0.80163025 0.0788316234375 0.8006176187499999
0 0.0090222125 0.7910668015625 0.0122517765625 0.7910668015625 0.0122517765625 0.7867516078125 0.0090222125 0.7867516078125 0.0090222125 0.7910668015625
0 0.0064708562499999995 0.7993016328125 0.0089899171875 0.7993016328125 0.0089899171875 0.7921671765625 0.0064708562499999995 0.7921671765625 0.0064708562499999995 0.7993016328125
0 0.0053919796875 0.7921671765625 0.008037639062500001 0.7921671765625 0.008037639062500001 0.7865888703125 0.0053919796875 0.7865888703125 0.0053919796875 0.7921671765625
0 0.0075140187499999995 0.8492842953124999 0.0109858 0.8492842953124999 0.0109858 0.8361948703125 0.0075140187499999995 0.8361948703125 0.0075140187499999995 0.8492842953124999
0 0.012277625 0.84065390625 0.0162338421875 0.84065390625 0.0162338421875 0.8314481562499999 0.012277625 0.8314481562499999 0.012277625 0.84065390625
0 0.0180101015625 0.8415169453125 0.0207552328125 0.8415169453125 0.0207552328125 0.8328865546875001 0.0180101015625 0.8328865546875001 0.0180101015625 0.8415169453125
0 0.0247114484375 0.8556132484375001 0.0279410125 0.8556132484375001 0.0279410125 0.845832140625 0.0247114484375 0.845832140625 0.0247114484375 0.8556132484375001
0 0.015264971875 0.862949078125 0.0179293640625 0.862949078125 0.0179293640625 0.8544625296875001 0.015264971875 0.8544625296875001 0.015264971875 0.862949078125
0 0.040051878125 0.8420923046875 0.0433621828125 0.8420923046875 0.0433621828125 0.8324550359374999 0.040051878125 0.8324550359374999 0.040051878125 0.8420923046875
0 0.052970135937499996 0.838927828125 0.05749152656249999 0.838927828125 0.05749152656249999 0.8291467203125 0.052970135937499996 0.8291467203125 0.052970135937499996 0.838927828125
0 0.036257140625 0.8225300875 0.03892153125 0.8225300875 0.03892153125 0.8151942562500001 0.036257140625 0.8151942562500001 0.036257140625 0.8225300875
0 0.029313578125 0.8336057531249998 0.03197796875 0.8336057531249998 0.03197796875 0.8245438453125 0.029313578125 0.8245438453125 0.029313578125 0.8336057531249998
0 0.025195882812499997 0.8323111953125 0.028425446875 0.8323111953125 0.028425446875 0.824256165625 0.025195882812499997 0.824256165625 0.025195882812499997 0.8323111953125
0 0.0210781875 0.832742715625 0.0235811015625 0.832742715625 0.0235811015625 0.8269891234375001 0.0210781875 0.8269891234375001 0.0210781875 0.832742715625
0 0.021966318749999998 0.843530703125 0.0240655359375 0.843530703125 0.0240655359375 0.834756471875 0.021966318749999998 0.834756471875 0.021966318749999998 0.843530703125
0 0.0146997984375 0.8212355296875 0.0173641890625 0.8212355296875 0.0173641890625 0.8153380968749999 0.0146997984375 0.8153380968749999 0.0146997984375 0.8212355296875
0 0.0180101015625 0.820804009375 0.02067449375 0.820804009375 0.02067449375 0.8131804984375 0.0180101015625 0.8131804984375 0.0180101015625 0.820804009375
0 0.022289275 0.8124613 0.025761056249999997 0.8124613 0.025761056249999997 0.8059885078125 0.022289275 0.8059885078125 0.022289275 0.8124613
0 0.014134625000000001 0.8120297796875 0.017202710937499997 0.8120297796875 0.017202710937499997 0.8036870703125001 0.014134625000000001 0.8036870703125001 0.014134625000000001 0.8120297796875
0 0.025276621875 0.8049816296875001 0.028344707812499998 0.8049816296875001 0.028344707812499998 0.7976457984375 0.025276621875 0.7976457984375 0.025276621875 0.8049816296875001
0 0.029313578125 0.8035432312499999 0.0346423578125 0.8035432312499999 0.0346423578125 0.795344359375 0.029313578125 0.795344359375 0.029313578125 0.8035432312499999
0 0.0042844546875 0.8098721828125001 0.0072718 0.8098721828125001 0.0072718 0.8035432312499999 0.0042844546875 0.8035432312499999 0.0042844546875 0.8098721828125001
0 0.03326979375 0.8456883 0.037145271875000004 0.8456883 0.037145271875000004 0.8392155078125001 0.03326979375 0.8392155078125001 0.03326979375 0.8456883
0 0.044896225 0.85388716875 0.048206528124999995 0.85388716875 0.048206528124999995 0.848565096875 0.044896225 0.848565096875 0.044896225 0.85388716875
0 0.0419896171875 0.8577708453125 0.0442503125 0.8577708453125 0.0442503125 0.8517295718749999 0.0419896171875 0.8517295718749999 0.0419896171875 0.8577708453125
0 0.0599137 0.857914684375 0.06378917656250001 0.857914684375 0.06378917656250001 0.846695178125 0.0599137 0.846695178125 0.0599137 0.857914684375
0 0.0602366546875 0.8468390187499999 0.06378917656250001 0.8468390187499999 0.06378917656250001 0.8370579109375 0.0602366546875 0.8370579109375 0.0602366546875 0.8468390187499999
0 0.032785359375 0.857914684375 0.035611228125 0.857914684375 0.035611228125 0.8510103734375001 0.032785359375 0.8510103734375001 0.032785359375 0.857914684375
0 0.067341696875 0.85417485 0.07000608750000001 0.85417485 0.07000608750000001 0.8468390187499999 0.067341696875 0.8468390187499999 0.067341696875 0.85417485
0 0.05401974375 0.8084337843749999 0.056522656250000004 0.8084337843749999 0.056522656250000004 0.800666434375 0.05401974375 0.800666434375 0.05401974375 0.8084337843749999
0 0.0592677859375 0.8021048328125 0.062981784375 0.8021048328125 0.062981784375 0.7940498015624999 0.0592677859375 0.7940498015624999 0.0592677859375 0.8021048328125
0 0.0675839140625 0.7994869484375 0.070684296875 0.7994869484375 0.070684296875 0.7912017734375001 0.0675839140625 0.7912017734375001 0.0675839140625 0.7994869484375
0 0.07139480000000001 0.8027089593750001 0.0734617203125 0.8027089593750001 0.0734617203125 0.7938484265625 0.07139480000000001 0.7938484265625 0.07139480000000001 0.8027089593750001
0 0.19211855625000002 0.86531135 0.1949089828125 0.86531135 0.1949089828125 0.8588671343750001 0.19211855625000002 0.8588671343750001 0.19211855625000002 0.86531135
0 0.1878812421875 0.867336675 0.191085065625 0.867336675 0.191085065625 0.85794653125 0.1878812421875 0.85794653125 0.1878812421875 0.867336675
0 0.16597122343749998 0.851427846875 0.17206882343750002 0.851427846875 0.17206882343750002 0.8380615203125 0.16597122343749998 0.8380615203125 0.16597122343749998 0.851427846875
0 0.1587367828125 0.8564735656250001 0.1628707484375 0.8564735656250001 0.1628707484375 0.8494769890625001 0.1587367828125 0.8494769890625001 0.1587367828125 0.8564735656250001
0 0.3357324234375 0.873910740625 0.3408566875 0.873910740625 0.3408566875 0.8585354578125 0.3357324234375 0.8585354578125 0.3357324234375 0.873910740625
0 0.30957170624999997 0.90802465 0.3138868765625 0.90802465 0.3138868765625 0.89312984375 0.30957170624999997 0.89312984375 0.30957170624999997 0.90802465
0 1 0.8198694078125 0.9962779000000002 0.8199777109374999 0.9966383000000001 0.840625 1 0.840625 1 0.8198694078125
0 0.8941036046875 0.7895272656250001 0.8941036046875 0.809375 0.9046875 0.809375 0.9046875 0.7896504203125 0.8941036046875 0.7895272656250001
0 0.8605515671875 0.7659743703125 0.860820221875 0.7890625 0.8671875 0.7890625 0.8671875 0.7657812828124999 0.8605515671875 0.7659743703125
0 0.9036962593750001 0.7514802765624999 0.9039714374999999 0.7609375 0.909375 0.7609375 0.909375 0.7514141984375 0.9036962593750001 0.7514802765624999
0 0.8843997578125 0.7071526734375 0.884485409375 0.721875 0.8890625 0.721875 0.8890625 0.7070984171875 0.8843997578125 0.7071526734375
0 0.9796875 0.6869549359375 0.975 0.6868458328125 0.975 0.7078125 0.9796875 0.7078125 0.9796875 0.6869549359375
0 0.96828505625 0.6826423484374999 0.9685799578125 0.6953125 0.971875 0.6953125 0.971875 0.6826423484374999 0.96828505625 0.6826423484374999
0 0.9640459531250001 0.6774711453125 0.9639876078124999 0.6875 0.96875 0.6875 0.96875 0.67752588125 0.9640459531250001 0.6774711453125
0 0.956428978125 0.652092534375 0.956428978125 0.6734375 0.9625 0.6734375 0.9625 0.6522691828125 0.956428978125 0.652092534375
0 0.9531630124999999 0.6110035218750001 0.957459734375 0.6110035218750001 0.957459734375 0.5912130484375 0.9531630124999999 0.5912130484375 0.9531630124999999 0.6110035218750001
0 0.9737377015625001 0.574659678125 0.9779517953125 0.574659678125 0.9779517953125 0.5678176171875 0.9737377015625001 0.5678176171875 0.9737377015625001 0.574659678125
0 0.941636228125 0.5999679421875 0.946841871875 0.5999679421875 0.946841871875 0.5815017375 0.941636228125 0.5815017375 0.941636228125 0.5999679421875
0 0.930646534375 0.6091642578124999 0.9338690765625 0.6091642578124999 0.9338690765625 0.592684459375 0.930646534375 0.592684459375 0.930646534375 0.6091642578124999
0 0.934571425 0.6133577781249999 0.9370916171874999 0.6133577781249999 0.9370916171874999 0.6054121609374999 0.934571425 0.6054121609374999 0.934571425 0.6133577781249999
0 0.9161864109375 0.6131370671874999 0.9200699875 0.6131370671874999 0.9200699875 0.5965101265625 0.9161864109375 0.5965101265625 0.9161864109375 0.6131370671874999
0 0.559375 0.8294477875 0.5694445359375 0.8294477875 0.5694445359375 0.8175201921875 0.559375 0.8175201921875 0.559375 0.8294477875
0 0.6800596640625 0.8165547578125001 0.68439689375 0.8165547578125001 0.68439689375 0.8073943640625 0.6800596640625 0.8073943640625 0.6800596640625 0.8165547578125001
0 0.677840615625 0.804161284375 0.684598625 0.804161284375 0.684598625 0.7978747390625001 0.677840615625 0.7978747390625001 0.677840615625 0.804161284375
0 0.692667890625 0.8106274453125 0.697610315625 0.8106274453125 0.697610315625 0.79589896875 0.692667890625 0.79589896875 0.692667890625 0.8106274453125
0 0.7004345578125 0.8124236 0.7055787140625001 0.8124236 0.7055787140625001 0.79805435625 0.7004345578125 0.79805435625 0.7004345578125 0.8124236
0 0.7757813234375 0.9106733109375 0.7873808906249999 0.9106733109375 0.7873808906249999 0.891454446875 0.7757813234375 0.891454446875 0.7757813234375 0.9106733109375
0 0.7996865203125 0.83182208125 0.8058393359375 0.83182208125 0.8058393359375 0.812243984375 0.7996865203125 0.812243984375 0.7996865203125 0.83182208125
0 0.7660642203125001 0.77915595625 0.7701618953125 0.77915595625 0.7701618953125 0.7642815437499999 0.7660642203125001 0.7642815437499999 0.7660642203125001 0.77915595625
0 0.76937388125 0.7620363484375 0.7752051859375 0.7620363484375 0.7752051859375 0.7494071296875 0.76937388125 0.7494071296875 0.76937388125 0.7620363484375
0 0.7594171140625 0.7798041890625 0.7654077359375 0.7798041890625 0.7654077359375 0.7718953562499999 0.7594171140625 0.7718953562499999 0.7594171140625 0.7798041890625
0 0.777698840625 0.759296403125 0.7814171578125 0.759296403125 0.7814171578125 0.7506518640625 0.777698840625 0.7506518640625 0.777698840625 0.759296403125
0 0.7300232062500001 0.727798671875 0.736736834375 0.727798671875 0.736736834375 0.7173378609375 0.7300232062500001 0.7173378609375 0.7300232062500001 0.727798671875
0 0.7200173171875 0.7256145468749999 0.7255044171875 0.7256145468749999 0.7255044171875 0.712049978125 0.7200173171875 0.712049978125 0.7200173171875 0.7256145468749999
0 0.728172640625 0.69525356875 0.730816778125 0.69525356875 0.730816778125 0.6891890015625 0.728172640625 0.6891890015625 0.728172640625 0.69525356875
0 0.7315571359375 0.6949145546875 0.7343281921875 0.6949145546875 0.7343281921875 0.6894150109374999 0.7315571359375 0.6894150109374999 0.7315571359375 0.6949145546875
0 0.75611065625 0.6976421296875 0.7629792140625 0.6976421296875 0.7629792140625 0.6898252609375 0.75611065625 0.6898252609375 0.75611065625 0.6976421296875
0 0.8226576375000001 0.699438084375 0.8255625734375001 0.699438084375 0.8255625734375001 0.6921959859375 0.8226576375000001 0.6921959859375 0.8226576375000001 0.699438084375
0 0.8166541046875 0.7008175328125 0.8200754734375 0.7008175328125 0.8200754734375 0.6936903875 0.8166541046875 0.6936903875 0.8166541046875 0.7008175328125
0 0.8537081703125 0.6795510499999999 0.857258646875 0.6795510499999999 0.857258646875 0.6713893203125 0.8537081703125 0.6713893203125 0.8537081703125 0.6795510499999999
0 0.8473875671875 0.65264435 0.8515603453124999 0.65264435 0.8515603453124999 0.6449194453125 0.8473875671875 0.6449194453125 0.8473875671875 0.65264435
0 0.8454044640625 0.642933040625 0.8478420281249999 0.642933040625 0.8478420281249999 0.6362381218750001 0.8454044640625 0.6362381218750001 0.8454044640625 0.642933040625
0 0.8573232781250001 0.61203119375 0.8598408890625 0.61203119375 0.8598408890625 0.6036395546875 0.8573232781250001 0.6036395546875 0.8573232781250001 0.61203119375
0 0.8511260828125 0.6141003656249999 0.854870221875 0.6141003656249999 0.854870221875 0.601340475 0.8511260828125 0.601340475 0.8511260828125 0.6141003656249999
0 0.9082564812499999 0.6084676203125 0.9129043781250001 0.6084676203125 0.9129043781250001 0.5915693890625 0.9082564812499999 0.5915693890625 0.9082564812499999 0.6084676203125
0 0.8997353374999999 0.6067433109375 0.9049642203125 0.6067433109375 0.9049642203125 0.5880058171875 0.8997353374999999 0.5880058171875 0.8997353374999999 0.6067433109375
0 0.893925465625 0.596972225 0.8974113890625001 0.596972225 0.8974113890625001 0.5844422437500001 0.893925465625 0.5844422437500001 0.893925465625 0.596972225
0 0.8879219328125 0.59639745625 0.8930862625 0.59639745625 0.8930862625 0.58317775 0.8879219328125 0.58317775 0.8879219328125 0.59639745625
0 0.9624397859375 0.6103512359375001 0.96528016875 0.6103512359375001 0.96528016875 0.6023504421875 0.9624397859375 0.6023504421875 0.9624397859375 0.6103512359375001
0 0.9582050359375 0.610075346875 0.9613552765625 0.610075346875 0.9613552765625 0.6010629562500001 0.9582050359375 0.6010629562500001 0.9582050359375 0.610075346875
0 0.9682238359374999 0.5752213078125 0.9724585859375001 0.5752213078125 0.9724585859375001 0.567312475 0.9682238359374999 0.567312475 0.9682238359374999 0.5752213078125
0 0.8963905265625 0.5425444078125 0.8907097640625 0.5425444078125 0.8907097640625 0.5549594359375 0.8963905265625 0.5549594359375 0.8963905265625 0.5425444078125
0 0.8576120906250001 0.5494543359375 0.860097578125 0.5494543359375 0.860097578125 0.53358664375 0.8576120906250001 0.53358664375 0.8576120906250001 0.5494543359375
0 0.854967953125 0.5461583765625 0.8570303796875001 0.5461583765625 0.8570303796875001 0.5338220687499999 0.854967953125 0.5338220687499999 0.854967953125 0.5461583765625
0 0.8392088984375 0.5438982890624999 0.842619834375 0.5438982890624999 0.842619834375 0.5323624296875 0.8392088984375 0.5323624296875 0.8392088984375 0.5438982890624999
0 0.8039737765625 0.64547303125 0.8071093156250001 0.64547303125 0.8071093156250001 0.6325111640625 0.8039737765625 0.6325111640625 0.8039737765625 0.64547303125
0 0.7812411156250001 0.5782707375 0.790703725 0.5782707375 0.790703725 0.5681006578125001 0.7812411156250001 0.5681006578125001 0.7812411156250001 0.5782707375
0 0.7429987328125 0.6144642578124999 0.7477580328125 0.6144642578124999 0.7477580328125 0.5992091375 0.7429987328125 0.5992091375 0.7429987328125 0.6144642578124999
0 0.7386873656249999 0.6111739375 0.7429987328125 0.6111739375 0.7429987328125 0.60060503125 0.7386873656249999 0.60060503125 0.7386873656249999 0.6111739375
0 0.6830315406249999 0.6278249515625001 0.6878468343749999 0.6278249515625001 0.6878468343749999 0.6093792171875 0.6830315406249999 0.6093792171875 0.6830315406249999 0.6278249515625001
0 0.671161284375 0.6321123375 0.677376371875 0.6321123375 0.677376371875 0.6212443109375 0.671161284375 0.6212443109375 0.671161284375 0.6321123375
0 0.6480926734375 0.6504583640625 0.6555395796875 0.6504583640625 0.6555395796875 0.6407868171875 0.6480926734375 0.6407868171875 0.6480926734375 0.6504583640625
0 0.64008585 0.6469686296875 0.6460209781249999 0.6469686296875 0.6460209781249999 0.63669884375 0.64008585 0.63669884375 0.64008585 0.6469686296875
0 0.61578541875 0.6355023640625 0.6222244734375 0.6355023640625 0.6222244734375 0.6265287640625 0.61578541875 0.6265287640625 0.61578541875 0.6355023640625
0 0.59025316875 0.656839590625 0.5992678453125 0.656839590625 0.5992678453125 0.6453733234375 0.59025316875 0.6453733234375 0.59025316875 0.656839590625
0 0.6069026234375 0.572111625 0.6159247359375 0.572111625 0.6159247359375 0.55750615625 0.6069026234375 0.55750615625 0.6069026234375 0.572111625
0 0.5639792406249999 0.5942632515625 0.5704040781249999 0.5942632515625 0.5704040781249999 0.5835525765625 0.5639792406249999 0.5835525765625 0.5639792406249999 0.5942632515625
0 0.621130359375 0.867490984375 0.6434719921875 0.867490984375 0.6434719921875 0.85496620625 0.621130359375 0.85496620625 0.621130359375 0.867490984375
0 0.6972574015624999 0.5845783703125 0.7104968875 0.5845783703125 0.7104968875 0.574263846875 0.6972574015624999 0.574263846875 0.6972574015624999 0.5845783703125
0 0.7295286484375 0.6265732109375 0.7406994640625 0.6265732109375 0.7406994640625 0.6147851859375 0.7295286484375 0.6147851859375 0.7295286484375 0.6265732109375
0 0.7510428124999999 0.625836459375 0.7440093359375 0.625836459375 0.7440093359375 0.6324672234375 0.7510428124999999 0.6324672234375 0.7510428124999999 0.625836459375
0 0.8220674812500001 0.619161784375 0.8290579296875 0.619161784375 0.8290579296875 0.61350353125 0.8220674812500001 0.61350353125 0.8220674812500001 0.619161784375
0 0.793385459375 0.6490222671875 0.798808353125 0.6490222671875 0.798808353125 0.6423832515625 0.793385459375 0.6423832515625 0.793385459375 0.6490222671875
0 0.7925381328125 0.6592825640625 0.7972831640625 0.6592825640625 0.7972831640625 0.6544541890625 0.7925381328125 0.6544541890625 0.7925381328125 0.6592825640625
0 0.7744053328125 0.620052015625 0.77864196875 0.620052015625 0.77864196875 0.6143183203125 0.7744053328125 0.6143183203125 0.7744053328125 0.620052015625
0 0.7491549859375001 0.6185431484375 0.752713759375 0.6185431484375 0.752713759375 0.611300584375 0.7491549859375001 0.611300584375 0.7491549859375001 0.6185431484375
0 0.6752680640625 0.6215608828125 0.6830315406249999 0.6215608828125 0.6830315406249999 0.6146200937499999 0.6752680640625 0.6146200937499999 0.6752680640625 0.6215608828125
0 0.69221460625 0.567543434375 0.7010268078124999 0.567543434375 0.7010268078124999 0.5599990984375001 0.69221460625 0.5599990984375001 0.69221460625 0.567543434375
0 0.596127715625 0.6137147734375 0.5991780921875 0.6137147734375 0.5991780921875 0.609188171875 0.596127715625 0.609188171875 0.596127715625 0.6137147734375
0 0.8560876640625 0.735933021875 0.8637136062499999 0.735933021875 0.8637136062499999 0.7289922343749999 0.8560876640625 0.7289922343749999 0.8560876640625 0.735933021875
0 0.9193402140625 0.8146544890625 0.9261188296875 0.8146544890625 0.9261188296875 0.79703091875 0.9193402140625 0.79703091875 0.9193402140625 0.8146544890625
0 0.91147701875 0.8146544890625 0.9232718109375 0.8146544890625 0.9232718109375 0.799686525 0.91147701875 0.799686525 0.91147701875 0.8146544890625
0 0.8786685140625 0.8795961359375 0.8836846906249999 0.8795961359375 0.8836846906249999 0.8597997984375001 0.8786685140625 0.8597997984375001 0.8786685140625 0.8795961359375
