0 0 0.2359375 0.0171159375 0.2359375 0.0171875 0.23183768906250002 0.0171875 0.1992781796875 0 0.1991781859375 0 0.2359375
0 0.0221771625 0.1955089109375 0.022972678125 0.2296875 0.0296303828125 0.2296875 0.0453125 0.2295962640625 0.0453125 0.1953743140625 0.0221771625 0.1955089109375
0 0.044821121874999995 0.190625 0.044621134374999996 0.225 0.078125 0.225 0.078125 0.190625 0.044821121874999995 0.190625
0 0.7592021921875001 0.36875 0.7592021921875001 0.3636112828125 0.7559774781249999 0.3636112828125 0.7559774781249999 0.36875 0.7592021921875001 0.36875
0 0.7679921359375 0.36875 0.7679921359375 0.36648073124999997 0.7658596640625 0.36648073124999997 0.7658596640625 0.36875 0.7679921359375 0.36875
0 0.799823178125 0.3667584203125 0.8030478921875 0.3667584203125 0.8030478921875 0.3568541953125 0.799823178125 0.3568541953125 0.799823178125 0.3667584203125
0 0.8022677203124999 0.3670361078125 0.8059605375000001 0.3670361078125 0.8059605375000001 0.3600938953125 0.8022677203124999 0.3600938953125 0.8022677203124999 0.3670361078125
0 0.7731257578124999 0.360623534375 0.7751021953125 0.360623534375 0.7751021953125 0.352478003125 0.7731257578124999 0.352478003125 0.7731257578124999 0.360623534375
0 0.7893013359375 0.34229608906250003 0.7927861078125 0.34229608906250003 0.7927861078125 0.3357241265625 0.7893013359375 0.3357241265625 0.7893013359375 0.34229608906250003
0 0.26975256718749996 0.369504709375 0.26723864218750004 0.369490084375 0.26693314375 0.38699211718750004 0.2734375 0.3870299578125 0.2734375 0.369526146875 0.26975256718749996 0.369504709375
0 0.519291040625 0.36875 0.518927328125 0.38125 0.528125 0.38125 0.528125 0.36875 0.519291040625 0.36875
0 0.757335328125 0.8073414265625001 0.7569962453125 0.865625 0.7765625 0.865625 0.7765625 0.8071176984375 0.757335328125 0.8073414265625001
0 0.681414846875 0.7619883296875 0.6818026078124999 0.7953125 0.696875 0.7953125 0.696875 0.761808434375 0.681414846875 0.7619883296875
0 0.7234375 0.7578125 0.7234375 0.7224263703125 0.7099784765624999 0.72234806875 0.709375 0.7569212125 0.709375 0.7578125 0.7234375 0.7578125
0 0.683518753125 0.7099788874999999 0.6843047859375 0.74375 0.69375 0.74375 0.69375 0.7099193625 0.683518753125 0.7099788874999999
0 0.6803367078125 0.6599838140625 0.6801857140625 0.6859375 0.690625 0.6859375 0.690625 0.6599239578125 0.6803367078125 0.6599838140625
0 0.5685334828124999 0.7120280187500001 0.5697292828125 0.753125 0.5828125 0.753125 0.5828125 0.7121941703125 0.5685334828124999 0.7120280187500001
0 0.58859574375 0.757542771875 0.5984375 0.7577718421874999 0.5984375 0.7135813109375 0.58859574375 0.713352240625 0.58859574375 0.757542771875
0 0.6235850515625 0.7578125 0.6248140984375 0.7155729125000001 0.6097240171875 0.7157485015624999 0.609375 0.7277434453125 0.609375 0.7578125 0.6235850515625 0.7578125
0 0.6287029203125 0.73723920625 0.62971071875 0.771875 0.64375 0.771875 0.64375 0.73723920625 0.6287029203125 0.73723920625
0 0.625402046875 0.69788285625 0.626418396875 0.7328125 0.640625 0.7328125 0.640625 0.6983257984375 0.625402046875 0.69788285625
0 0.764998584375 0.7046875 0.7656804234375001 0.74375 0.7703125 0.74375 0.7703125 0.7046875 0.764998584375 0.7046875
0 0.7972704921875 0.757140803125 0.797641934375 0.7890625 0.8125 0.7890625 0.8125 0.75722940625 0.7972704921875 0.757140803125
0 0.81898965625 0.70625 0.81880785 0.7375 0.8359375 0.7375 0.8359375 0.70625 0.81898965625 0.70625
0 0.8226788328125 0.7474866421874999 0.8224217156249999 0.76221681875 0.8327776531250001 0.7621565703125001 0.8328125 0.7601602015625 0.8328125 0.7474276875 0.8226788328125 0.7474866421874999
0 0.830415809375 0.7921227421875 0.8413635140625001 0.7921227421875 0.8413635140625001 0.780022953125 0.830415809375 0.780022953125 0.830415809375 0.7921227421875
0 0.9076415171875001 0.8131658515625 0.9174056875 0.8131658515625 0.9174056875 0.79475313125 0.9076415171875001 0.79475313125 0.9076415171875001 0.8131658515625
0 0.9504649390625 0.7341062296875001 0.96119073125 0.7341062296875001 0.96119073125 0.6939928015625 0.9504649390625 0.6939928015625 0.9504649390625 0.7341062296875001
0 0.9567524734374999 0.782110825 0.9652591359375 0.782110825 0.9652591359375 0.7623829093750001 0.9567524734374999 0.7623829093750001 0.9567524734374999 0.782110825
0 0.9752452187500001 0.7104327312500001 0.9911489812500001 0.7104327312500001 0.9911489812500001 0.6913624125 0.9752452187500001 0.6913624125 0.9752452187500001 0.7104327312500001
0 0.972656234375 0.6808408578125 0.9841217375 0.6808408578125 0.9841217375 0.65782495625 0.972656234375 0.65782495625 0.972656234375 0.6808408578125
0 0.9486156640625001 0.6703193031250001 0.9567524734374999 0.6703193031250001 0.9567524734374999 0.63743944375 0.9486156640625001 0.63743944375 0.9486156640625001 0.6703193031250001
0 0.9223559640625 0.7242422718749999 0.9371501609374999 0.7242422718749999 0.9371501609374999 0.683471246875 0.9223559640625 0.683471246875 0.9223559640625 0.7242422718749999
0 0.9005345234375 0.7196390921875 0.9138493015625 0.7196390921875 0.9138493015625 0.705171953125 0.9005345234375 0.705171953125 0.9005345234375 0.7196390921875
0 0.864288740625 0.7735620609375 0.8831513421875 0.7735620609375 0.8831513421875 0.7380518125 0.864288740625 0.7380518125 0.864288740625 0.7735620609375
0 0.8746446796875 0.7156935078125001 0.8835211968750001 0.7156935078125001 0.8835211968750001 0.69004721875 0.8746446796875 0.69004721875 0.8746446796875 0.7156935078125001
0 0.8883293109375 0.684786440625 0.8960962640625001 0.684786440625 0.8960962640625001 0.658482553125 0.8883293109375 0.658482553125 0.8883293109375 0.684786440625
0 0.9001646687499999 0.6703193031250001 0.9090411875000001 0.6703193031250001 0.9090411875000001 0.63743944375 0.9001646687499999 0.63743944375 0.9001646687499999 0.6703193031250001
0 0.9123698812499998 0.66966170625 0.9234655296875001 0.66966170625 0.9234655296875001 0.6446730125 0.9123698812499998 0.6446730125 0.9123698812499998 0.66966170625
0 0.86354903125 0.697938384375 0.8746446796875 0.697938384375 0.8746446796875 0.665058525 0.86354903125 0.665058525 0.86354903125 0.697938384375
0 0.843576865625 0.683471246875 0.8528232390625 0.683471246875 0.8528232390625 0.6545369703125 0.843576865625 0.6545369703125 0.843576865625 0.683471246875
0 0.8213855703125 0.684786440625 0.8369194765625 0.684786440625 0.8369194765625 0.652564178125 0.8213855703125 0.652564178125 0.8213855703125 0.684786440625
0 0.7895780453125 0.6749224828125 0.8017832578125 0.6749224828125 0.8017832578125 0.6479609984375 0.7895780453125 0.6479609984375 0.7895780453125 0.6749224828125
0 0.7973449984375 0.6269178875 0.8040023875 0.6269178875 0.8040023875 0.6039019859375 0.7973449984375 0.6039019859375 0.7973449984375 0.6269178875
0 0.8099200671875 0.6354666515625 0.8199061499999999 0.6354666515625 0.8199061499999999 0.6039019859375 0.8099200671875 0.6039019859375 0.8099200671875 0.6354666515625
0 0.7688661703124999 0.613108346875 0.7847699312499999 0.613108346875 0.7847699312499999 0.5894348484374999 0.7688661703124999 0.5894348484374999 0.7688661703124999 0.613108346875
0 0.7851397875 0.578255696875 0.7921670296875 0.578255696875 0.7921670296875 0.5624733640625 0.7851397875 0.5624733640625 0.7851397875 0.578255696875
0 0.7607293609375001 0.598641209375 0.7607293609375001 0.567734140625 0.750743278125 0.567734140625 0.750743278125 0.598641209375 0.7574134453125 0.598641209375 0.7607293609375001 0.598641209375
0 0.6772854671874999 0.60633920625 0.6858661015624999 0.60633920625 0.6858661015624999 0.5742484640625 0.6772854671874999 0.5742484640625 0.6772854671874999 0.60633920625
0 0.6692966 0.60633920625 0.6772854671874999 0.60633920625 0.6772854671874999 0.571618075 0.6692966 0.571618075 0.6692966 0.60633920625
0 0.71870921875 0.6152825281250001 0.725218665625 0.6152825281250001 0.725218665625 0.584243940625 0.71870921875 0.584243940625 0.71870921875 0.6152825281250001
0 0.7284733890625 0.6210693828125 0.734095184375 0.6210693828125 0.734095184375 0.58740040625 0.7284733890625 0.58740040625 0.7284733890625 0.6210693828125
0 0.8598458593749999 0.6521079703125 0.86842649375 0.6521079703125 0.86842649375 0.624751928125 0.8598458593749999 0.624751928125 0.8598458593749999 0.6521079703125
0 0.8832206906250001 0.6521079703125 0.8897301375 0.6521079703125 0.8897301375 0.6294866265625 0.8832206906250001 0.6294866265625 0.8832206906250001 0.6521079703125
0 0.8932807437499999 0.6473732703125 0.9001646687499999 0.6473732703125 0.9001646687499999 0.623699771875 0.8932807437499999 0.623699771875 0.8932807437499999 0.6473732703125
0 0.919022646875 0.6457950374999999 0.9270115140625 0.6457950374999999 0.9270115140625 0.6163346828125 0.919022646875 0.6163346828125 0.919022646875 0.6457950374999999
0 0.93174565625 0.6426385703124999 0.9382551031249999 0.6426385703124999 0.9382551031249999 0.6179129171875 0.93174565625 0.6179129171875 0.93174565625 0.6426385703124999
0 0.9376633359375 0.640534259375 0.9438768984374999 0.640534259375 0.9438768984374999 0.6084435171875 0.9376633359375 0.6084435171875 0.9376633359375 0.640534259375
0 0.9465398531249999 0.6221215390625 0.95364106875 0.6221215390625 0.95364106875 0.58740040625 0.9465398531249999 0.58740040625 0.9465398531249999 0.6221215390625
0 0.9622217031249999 0.6515818921875 0.965772309375 0.6515818921875 0.965772309375 0.632117015625 0.9622217031249999 0.632117015625 0.9622217031249999 0.6515818921875
0 0.9654764265625001 0.6263301609375 0.9734652921875 0.6263301609375 0.9734652921875 0.5989741171875 0.9654764265625001 0.5989741171875 0.9654764265625001 0.6263301609375
0 0.958079328125 0.6263301609375 0.9654764265625001 0.6263301609375 0.9654764265625001 0.5905568734375001 0.958079328125 0.5905568734375001 0.958079328125 0.6263301609375
0 0.9805665078124999 0.6215954609375001 0.9864841859375 0.6215954609375001 0.9864841859375 0.6031827390625001 0.9805665078124999 0.6031827390625001 0.9805665078124999 0.6215954609375001
0 0.9725776406249999 0.65782495625 0.9841217375 0.65782495625 0.9841217375 0.632117015625 0.9725776406249999 0.632117015625 0.9725776406249999 0.65782495625
0 0.9850047656250001 0.609495671875 0.9885553734375 0.609495671875 0.9885553734375 0.584243940625 0.9850047656250001 0.584243940625 0.9850047656250001 0.609495671875
0 0.9915142124999999 0.6031827390625001 0.9997989624999999 0.6031827390625001 0.9997989624999999 0.571091996875 0.9915142124999999 0.571091996875 0.9915142124999999 0.6031827390625001
0 0.7030273703125001 0.5726702296875 0.7136791921875 0.5726702296875 0.7136791921875 0.5374230203125 0.7030273703125001 0.5374230203125 0.7030273703125001 0.5726702296875
0 0.859549975 0.5879264843750001 0.87256886875 0.5879264843750001 0.87256886875 0.5505749640625 0.859549975 0.5505749640625 0.859549975 0.5879264843750001
0 0.8947601640624999 0.541105565625 0.9015654953125001 0.541105565625 0.9015654953125001 0.513749521875 0.8947601640624999 0.513749521875 0.8947601640624999 0.541105565625
0 0.9187267625000001 0.58477001875 0.9302662375 0.58477001875 0.9302662375 0.548470653125 0.9187267625000001 0.548470653125 0.9187267625000001 0.58477001875
0 0.940622175 0.579509240625 0.9527534156249999 0.579509240625 0.9527534156249999 0.5468924203125 0.940622175 0.5468924203125 0.940622175 0.579509240625
0 0.9642928906249999 0.5558357421875 0.9755364796875 0.5558357421875 0.9755364796875 0.5153277546874999 0.9642928906249999 0.5153277546874999 0.9642928906249999 0.5558357421875
0 0.87256886875 0.6100217499999999 0.8796700828125001 0.6100217499999999 0.8796700828125001 0.5879264843750001 0.87256886875 0.5879264843750001 0.87256886875 0.6100217499999999
0 0.8216768296874999 0.60160450625 0.8281862765625 0.60160450625 0.8281862765625 0.58003531875 0.8216768296874999 0.58003531875 0.8216768296874999 0.60160450625
0 0.8237480187500001 0.652564178125 0.8284821609374999 0.652564178125 0.8284821609374999 0.61370429375 0.8237480187500001 0.61370429375 0.8237480187500001 0.652564178125
0 0.83617514375 0.6457950374999999 0.8456434296875 0.6457950374999999 0.8456434296875 0.61370429375 0.83617514375 0.61370429375 0.83617514375 0.6457950374999999
0 0.73113634375 0.5868743296875 0.74474700625 0.5868743296875 0.74474700625 0.5547835859375 0.73113634375 0.5547835859375 0.73113634375 0.5868743296875
0 0.7127915390624999 0.5579400531250001 0.722555709375 0.5579400531250001 0.722555709375 0.5253232328124999 0.7127915390624999 0.5253232328124999 0.7127915390624999 0.5579400531250001
0 0.723147478125 0.5279536203124999 0.7317281125 0.5279536203124999 0.7317281125 0.492180334375 0.723147478125 0.492180334375 0.723147478125 0.5279536203124999
0 0.765162996875 0.5537314312499999 0.7734477484375001 0.5537314312499999 0.7734477484375001 0.518484221875 0.765162996875 0.518484221875 0.765162996875 0.5537314312499999
0 0.7580617828125 0.5468924203125 0.7690094890625 0.5468924203125 0.7690094890625 0.5142756 0.7580617828125 0.5142756 0.7580617828125 0.5468924203125
0 0.800077303125 0.5595182859375 0.81013735625 0.5595182859375 0.81013735625 0.522166765625 0.800077303125 0.522166765625 0.800077303125 0.5595182859375
0 0.8130961953125 0.54899673125 0.8231562499999999 0.54899673125 0.8231562499999999 0.5121712890625 0.8130961953125 0.5121712890625 0.8130961953125 0.54899673125
0 0.8287780453125 0.56109651875 0.837950446875 0.56109651875 0.837950446875 0.5242710765625 0.8287780453125 0.5242710765625 0.8287780453125 0.56109651875
0 0.8453475453125 0.5763527749999999 0.8539281796875 0.5763527749999999 0.8539281796875 0.5453141875 0.8453475453125 0.5453141875 0.8453475453125 0.5763527749999999
0 0.8832206906250001 0.614230371875 0.8888424859375 0.614230371875 0.8888424859375 0.58740040625 0.8832206906250001 0.58740040625 0.8832206906250001 0.614230371875
0 0.87671124375 0.5810874734375 0.884700109375 0.5810874734375 0.884700109375 0.5500488859375 0.87671124375 0.5500488859375 0.87671124375 0.5810874734375
0 0.8991984234375 0.5942394171875 0.906595521875 0.5942394171875 0.906595521875 0.5684616078125 0.8991984234375 0.5684616078125 0.8991984234375 0.5942394171875
0 0.891505440625 0.6179129171875 0.8968313515624999 0.6179129171875 0.8968313515624999 0.5900307953125 0.891505440625 0.5900307953125 0.891505440625 0.6179129171875
0 0.8429804734375 0.6258040828125 0.8521528765624999 0.6258040828125 0.8521528765624999 0.5979219625 0.8429804734375 0.5979219625 0.8429804734375 0.6258040828125
0 0.9083708250000001 0.62422585 0.9202061828125 0.62422585 0.9202061828125 0.5989741171875 0.9083708250000001 0.5989741171875 0.9083708250000001 0.62422585
0 0.9804694203125 0.544296965625 0.9893459390625001 0.544296965625 0.9893459390625001 0.5186506765625 0.9804694203125 0.5186506765625 0.9804694203125 0.544296965625
0 0.9290595859374999 0.523911453125 0.9375662484374999 0.523911453125 0.9375662484374999 0.49563477499999997 0.9290595859374999 0.49563477499999997 0.9290595859374999 0.523911453125
0 0.9390456687500001 0.5147050921874999 0.9434839281249999 0.5147050921874999 0.9434839281249999 0.484455621875 0.9390456687500001 0.484455621875 0.9390456687500001 0.5147050921874999
0 0.9553192859374999 0.503525940625 0.9641958031249999 0.503525940625 0.9641958031249999 0.47656445625000005 0.9553192859374999 0.47656445625000005 0.9553192859374999 0.503525940625
0 0.9642928906249999 0.5153277546874999 0.9723326109375 0.5153277546874999 0.9723326109375 0.49103159375 0.9642928906249999 0.49103159375 0.9642928906249999 0.5153277546874999
0 0.9786201453124999 0.51141710625 0.9849076796875 0.51141710625 0.9849076796875 0.4897164 0.9786201453124999 0.4897164 0.9786201453124999 0.51141710625
0 0.9819488406249999 0.4897164 0.9849076796875 0.4897164 0.9849076796875 0.466700496875 0.9819488406249999 0.466700496875 0.9819488406249999 0.4897164
0 0.5296875 0.508009109375 0.533834921875 0.508009109375 0.533834921875 0.472235821875 0.5296875 0.472235821875 0.5296875 0.508009109375
0 0.556795515625 0.54799101875 0.5695777015625 0.54799101875 0.5695777015625 0.5016961765625 0.556795515625 0.5016961765625 0.556795515625 0.54799101875
0 0.5733650156250001 0.56608809375 0.58378013125 0.56608809375 0.58378013125 0.525264459375 0.5733650156250001 0.525264459375 0.5733650156250001 0.56608809375
0 0.5811763531249999 0.5181098015625001 0.593011709375 0.5181098015625001 0.593011709375 0.48359910156249997 0.5811763531249999 0.48359910156249997 0.5811763531249999 0.5181098015625001
0 0.630411440625 0.49327893281249996 0.6410632625 0.49327893281249996 0.6410632625 0.46550202656249995 0.630411440625 0.46550202656249995 0.630411440625 0.49327893281249996
0 0.669704828125 0.46971064843750004 0.669704828125 0.44235460625 0.659999834375 0.44235460625 0.659999834375 0.46971064843750004 0.6612923625 0.46971064843750004 0.669704828125 0.46971064843750004
0 0.6512416703125 0.47518185781250005 0.656922640625 0.47518185781250005 0.656922640625 0.449930125 0.6512416703125 0.449930125 0.6512416703125 0.47518185781250005
0 0.6386961906249999 0.47518185781250005 0.6493480125 0.47518185781250005 0.6493480125 0.44740495312500006 0.6386961906249999 0.44740495312500006 0.6386961906249999 0.47518185781250005
0 0.6981096859375 0.5210558375 0.7075779718749999 0.5210558375 0.7075779718749999 0.48570341250000004 0.6981096859375 0.48570341250000004 0.6981096859375 0.5210558375
0 0.7111285796875 0.5210558375 0.7203601578125001 0.5210558375 0.7203601578125001 0.48780772343750006 0.7111285796875 0.48780772343750006 0.7111285796875 0.5210558375
0 0.6820136 0.5235810109375001 0.689351521875 0.5235810109375001 0.689351521875 0.49580410468749997 0.6820136 0.49580410468749997 0.6820136 0.5235810109375001
0 0.6633137343750001 0.52989394375 0.6718351921875 0.52989394375 0.6718351921875 0.5038004875000001 0.6633137343750001 0.5038004875000001 0.6633137343750001 0.52989394375
0 0.7331423453125 0.520634975 0.7404802671875 0.520634975 0.7404802671875 0.4848616875 0.7331423453125 0.4848616875 0.7331423453125 0.520634975
0 0.7882951109375 0.5231601484375 0.794449496875 0.5231601484375 0.794449496875 0.5004335890625 0.7882951109375 0.5004335890625 0.7882951109375 0.5231601484375
0 0.9037853640625 0.5284023328125 0.9142383515624999 0.5284023328125 0.9142383515624999 0.48988502343749996 0.9037853640625 0.48988502343749996 0.9037853640625 0.5284023328125
0 0.9154502921875001 0.5213991859375 0.9236308921875 0.5213991859375 0.9236308921875 0.4804577109375 0.9154502921875001 0.4804577109375 0.9154502921875001 0.5213991859375
0 0.8827278953125 0.520321778125 0.8899995390625 0.520321778125 0.8899995390625 0.49365594843749994 0.8827278953125 0.49365594843749994 0.8827278953125 0.520321778125
0 0.8471271390625 0.5335200171875 0.8540957984374999 0.5335200171875 0.8540957984374999 0.502544559375 0.8471271390625 0.502544559375 0.8471271390625 0.5335200171875
0 0.8584890828124999 0.530557146875 0.8645487859375001 0.530557146875 0.8645487859375001 0.504430021875 0.8584890828124999 0.504430021875 0.8584890828124999 0.530557146875
0 0.9516570187500001 0.4731852109375 0.9562017953125 0.4731852109375 0.9562017953125 0.45190641875 0.9516570187500001 0.45190641875 0.9516570187500001 0.4731852109375
0 0.9792286671875001 0.46106438125000004 0.9846824 0.46106438125000004 0.9846824 0.43816947656250005 0.9792286671875001 0.43816947656250005 0.9792286671875001 0.46106438125000004
0 0.9881667296875001 0.513857334375 0.9942264328124999 0.513857334375 0.9942264328124999 0.4823431734375 0.9881667296875001 0.4823431734375 0.9881667296875001 0.513857334375
0 0.8949987937499999 0.513749521875 0.9015654953125001 0.513749521875 0.9015654953125001 0.4807270625 0.8949987937499999 0.4807270625 0.8949987937499999 0.513749521875
0 0.9024219312499999 0.4836899328125 0.9078756640625001 0.4836899328125 0.9078756640625001 0.457024103125 0.9024219312499999 0.457024103125 0.9024219312499999 0.4836899328125
0 0.9106025296875 0.4804577109375 0.9168137250000001 0.4804577109375 0.9168137250000001 0.46591271250000005 0.9106025296875 0.46591271250000005 0.9106025296875 0.4804577109375
0 0.859852515625 0.5001203921874999 0.8662152046875 0.5001203921874999 0.8662152046875 0.47076104531249996 0.859852515625 0.47076104531249996 0.859852515625 0.5001203921874999
0 0.8510659468749999 0.5030832625 0.8560652015624999 0.5030832625 0.8560652015624999 0.48503669218750006 0.8510659468749999 0.48503669218750006 0.8510659468749999 0.5030832625
0 0.8347047484375001 0.5327119609375 0.8431883328125 0.5327119609375 0.8431883328125 0.4955414125 0.8347047484375001 0.4955414125 0.8347047484375001 0.5327119609375
0 0.84167340625 0.5211298328125 0.84894505 0.5211298328125 0.84894505 0.48719150625 0.84167340625 0.48719150625 0.84167340625 0.5211298328125
0 0.8645487859375001 0.5634180671875 0.87256886875 0.5634180671875 0.87256886875 0.5378296453125 0.8645487859375001 0.5378296453125 0.8645487859375001 0.5634180671875
0 0.8568226640625 0.56072455 0.8645487859375001 0.56072455 0.8645487859375001 0.53378936875 0.8568226640625 0.53378936875 0.8568226640625 0.56072455
0 0.8703055046875001 0.5038913171875 0.8757592375 0.5038913171875 0.8757592375 0.4721078046875 0.8703055046875001 0.4721078046875 0.8703055046875001 0.5038913171875
0 0.88454580625 0.4955414125 0.8916659578124999 0.4955414125 0.8916659578124999 0.46645141562500003 0.88454580625 0.46645141562500003 0.88454580625 0.4955414125
0 0.8786375953124999 0.497965578125 0.8827278953125 0.497965578125 0.8827278953125 0.4669901203125 0.8786375953124999 0.4669901203125 0.8786375953124999 0.497965578125
0 0.8477331093749999 0.481265765625 0.85470176875 0.481265765625 0.85470176875 0.455138640625 0.8477331093749999 0.455138640625 0.8477331093749999 0.481265765625
0 0.859095053125 0.47076104531249996 0.8642458015625 0.47076104531249996 0.8642458015625 0.45567734375 0.859095053125 0.45567734375 0.859095053125 0.47076104531249996
0 0.920601040625 0.46833687968749993 0.9271152203125 0.46833687968749993 0.9271152203125 0.44086299531249995 0.920601040625 0.44086299531249995 0.920601040625 0.46833687968749993
0 0.964230903125 0.46833687968749993 0.9690786656250001 0.46833687968749993 0.9690786656250001 0.440324290625 0.964230903125 0.440324290625 0.964230903125 0.46833687968749993
0 0.9707450828125002 0.46483530625 0.976350309375 0.46483530625 0.976350309375 0.4373614203125 0.9707450828125002 0.4373614203125 0.9707450828125002 0.46483530625
0 0.9565047812499999 0.4712997484375 0.9604435875 0.4712997484375 0.9604435875 0.44086299531249995 0.9565047812499999 0.44086299531249995 0.9565047812499999 0.4712997484375
0 1 0.444095215625 0.9954383734375 0.444095215625 0.9954383734375 0.46833687968749993 1 0.46833687968749993 1 0.444095215625
0 1 0.47722548906249995 0.9958928515625001 0.47722548906249995 0.9958928515625001 0.509009003125 1 0.509009003125 1 0.47722548906249995
0 0.9383256718750002 0.6108239859375 0.9465398531249999 0.6108239859375 0.9465398531249999 0.5941241734375 0.9383256718750002 0.5941241734375 0.9383256718750002 0.6108239859375
0 0.548703078125 0.5224404015624999 0.556795515625 0.5224404015624999 0.556795515625 0.489256259375 0.548703078125 0.489256259375 0.548703078125 0.5224404015624999
0 0.55427800625 0.5194236625 0.5614284546875 0.5194236625 0.5614284546875 0.48710144375 0.55427800625 0.48710144375 0.55427800625 0.5194236625
0 0.5731842796875 0.5211475125 0.5811830875 0.5211475125 0.5811830875 0.48688596406249995 0.5731842796875 0.48688596406249995 0.5731842796875 0.5211475125
0 0.6006953312500001 0.5502375078125 0.6071186171875 0.5502375078125 0.6071186171875 0.5116663296875 0.6006953312500001 0.5116663296875 0.6006953312500001 0.5502375078125
0 0.6071186171875 0.5392479546875 0.61245115625 0.5392479546875 0.61245115625 0.5116663296875 0.6071186171875 0.5116663296875 0.6071186171875 0.5392479546875
0 0.6126935437500001 0.538170546875 0.6193592171875 0.538170546875 0.6193592171875 0.504124478125 0.6126935437500001 0.504124478125 0.6126935437500001 0.538170546875
0 0.6180260828125 0.5286893640625 0.6245705609375001 0.5286893640625 0.6245705609375001 0.49572070156250003 0.6180260828125 0.49572070156250003 0.6180260828125 0.5286893640625
0 0.626024890625 0.5289048453125 0.6309938468749999 0.5289048453125 0.6309938468749999 0.506494775 0.626024890625 0.506494775 0.626024890625 0.5289048453125
0 0.6309938468749999 0.5286893640625 0.63693235625 0.5286893640625 0.63693235625 0.502400628125 0.6309938468749999 0.502400628125 0.6309938468749999 0.5286893640625
0 0.6267520546875 0.5136056625000001 0.6326905640625 0.5136056625000001 0.6326905640625 0.4939968515625 0.6267520546875 0.4939968515625 0.6267520546875 0.5136056625000001
0 0.6366899687500001 0.519854625 0.6428708656250001 0.519854625 0.6428708656250001 0.49615166562499996 0.6366899687500001 0.49615166562499996 0.6366899687500001 0.519854625
0 0.6462642984375 0.5112353671875 0.6520816140625 0.5112353671875 0.6520816140625 0.488825296875 0.6462642984375 0.488825296875 0.6462642984375 0.5112353671875
0 0.6543843015624999 0.50627929375 0.6591108703125 0.50627929375 0.6591108703125 0.4786976671875 0.6543843015624999 0.4786976671875 0.6543843015624999 0.50627929375
0 0.6578989281250001 0.5038004875000001 0.6633137343750001 0.5038004875000001 0.6633137343750001 0.47524996562500005 0.6578989281250001 0.47524996562500005 0.6578989281250001 0.5038004875000001
0 0.6684428125 0.46971064843750004 0.659999834375 0.46971064843750004 0.659999834375 0.4980909984375 0.6684428125 0.4980909984375 0.6684428125 0.46971064843750004
0 0.7593828484375 0.6290025203124999 0.764988075 0.6290025203124999 0.764988075 0.5904852109375 0.7593828484375 0.5904852109375 0.7593828484375 0.6290025203124999
0 0.8131627140625 0.600451228125 0.8201313734375001 0.600451228125 0.8201313734375001 0.5697451234375001 0.8131627140625 0.5697451234375001 0.8131627140625 0.600451228125
0 0.7283268703125 0.5611258640625 0.7136791921875 0.5611258640625 0.7136791921875 0.5832127125 0.7283268703125 0.5832127125 0.7283268703125 0.5611258640625
0 0.7480253250000001 0.5257464781250001 0.7546909984375001 0.5257464781250001 0.7546909984375001 0.48722917031249996 0.7480253250000001 0.48722917031249996 0.7480253250000001 0.5257464781250001
0 0.7709007046874999 0.5295174031250001 0.7769604078125 0.5295174031250001 0.7769604078125 0.493154909375 0.7709007046874999 0.493154909375 0.7709007046874999 0.5295174031250001
0 0.7790813046875 0.5305948109375 0.7845350375000001 0.5305948109375 0.7845350375000001 0.4936936125 0.7790813046875 0.4936936125 0.7790813046875 0.5305948109375
0 0.7995328015625001 0.5044676859375 0.8045320578125 0.5044676859375 0.8045320578125 0.474569634375 0.7995328015625001 0.474569634375 0.7995328015625001 0.5044676859375
0 0.7895342921875 0.5085079625000001 0.7957454875 0.5085079625000001 0.7957454875 0.48022602187499996 0.7895342921875 0.48022602187499996 0.7895342921875 0.5085079625000001
0 0.8210447484374999 0.517665925 0.8263469890625 0.517665925 0.8263469890625 0.48695981718750003 0.8210447484374999 0.48695981718750003 0.8210447484374999 0.517665925
0 0.8133186265625 0.5171272203124999 0.8190753453124999 0.5171272203124999 0.8190753453124999 0.4953097234375 0.8133186265625 0.4953097234375 0.8133186265625 0.5171272203124999
0 0.806652953125 0.5101240734375 0.8133186265625 0.5101240734375 0.8133186265625 0.4748389859375 0.806652953125 0.4748389859375 0.806652953125 0.5101240734375
0 0.748479803125 0.47941796718749996 0.7554484625000001 0.47941796718749996 0.7554484625000001 0.45221343437500006 0.748479803125 0.45221343437500006 0.748479803125 0.47941796718749996
0 0.725907409375 0.492180334375 0.7317281125 0.492180334375 0.7317281125 0.47214546874999996 0.725907409375 0.47214546874999996 0.725907409375 0.492180334375
0 0.7569633875 0.5114708328125 0.7624171203125 0.5114708328125 0.7624171203125 0.48291954062500003 0.7569633875 0.48291954062500003 0.7569633875 0.5114708328125
0 0.7607507015625 0.4990806484375 0.7675678687499999 0.4990806484375 0.7675678687499999 0.47403093125 0.7607507015625 0.47403093125 0.7607507015625 0.4990806484375
0 0.7696887640625001 0.48884527968749997 0.7766574234375 0.48884527968749997 0.7766574234375 0.46783583906250004 0.7696887640625001 0.46783583906250004 0.7696887640625001 0.48884527968749997
0 0.7789298109375 0.4936936125 0.7845350375000001 0.4936936125 0.7845350375000001 0.4775325046875 0.7789298109375 0.4775325046875 0.7789298109375 0.4936936125
0 0.768628315625 0.46783583906250004 0.7748395125 0.46783583906250004 0.7748395125 0.450327971875 0.768628315625 0.450327971875 0.768628315625 0.46783583906250004
0 0.790443246875 0.48615176250000003 0.7972604140625 0.48615176250000003 0.7972604140625 0.46244880312500003 0.790443246875 0.46244880312500003 0.790443246875 0.48615176250000003
0 0.8257410187499999 0.5260158296874999 0.83134624375 0.5260158296874999 0.83134624375 0.4928855578125 0.8257410187499999 0.4928855578125 0.8257410187499999 0.5260158296874999
0 0.713982646875 0.397263315625 0.719691371875 0.397263315625 0.719691371875 0.37221920000000003 0.713982646875 0.37221920000000003 0.713982646875 0.397263315625
0 0.8665609406250001 0.42167646875 0.8716026140625001 0.42167646875 0.8716026140625001 0.3997835546875 0.8665609406250001 0.3997835546875 0.8665609406250001 0.42167646875
0 0.8569623703125 0.41443629218750005 0.8616162234375 0.41443629218750005 0.8616162234375 0.3904747546875 0.8569623703125 0.3904747546875 0.8569623703125 0.41443629218750005
0 0.878001659375 0.4185735359375 0.8827524671875 0.4185735359375 0.8827524671875 0.39788731718750003 0.878001659375 0.39788731718750003 0.878001659375 0.4185735359375
0 0.88255855625 0.40874758125 0.886533721875 0.40874758125 0.886533721875 0.3868546671875 0.88255855625 0.3868546671875 0.88255855625 0.40874758125
0 0.8878910953125001 0.4084028125 0.892544946875 0.4084028125 0.892544946875 0.3868546671875 0.8878910953125001 0.3868546671875 0.8878910953125001 0.4084028125
0 0.909512115625 0.41943546249999997 0.9139720578125001 0.41943546249999997 0.9139720578125001 0.400817865625 0.909512115625 0.400817865625 0.909512115625 0.41943546249999997
0 0.8961322921875 0.428571875 0.9009800546875001 0.428571875 0.9009800546875001 0.41254005625 0.8961322921875 0.41254005625 0.8961322921875 0.428571875
0 0.8972957546875 0.45856689218749996 0.9024219312499999 0.45856689218749996 0.9024219312499999 0.43201957812499997 0.8972957546875 0.43201957812499997 0.8972957546875 0.45856689218749996
0 0.8969079343749999 0.48545897812500005 0.9033069796875001 0.48545897812500005 0.9033069796875001 0.46770330624999995 0.8969079343749999 0.46770330624999995 0.8969079343749999 0.48545897812500005
0 0.9102877578124999 0.458222121875 0.9158142078125 0.458222121875 0.9158142078125 0.43305388906250003 0.9102877578124999 0.43305388906250003 0.9102877578124999 0.458222121875
0 0.9273518828124999 0.42426224687499997 0.93103618125 0.42426224687499997 0.93103618125 0.398921628125 0.9273518828124999 0.398921628125 0.9273518828124999 0.42426224687499997
0 0.9321026890624999 0.42374509062500004 0.9360778546875 0.42374509062500004 0.9360778546875 0.3963358515625 0.9321026890624999 0.3963358515625 0.9321026890624999 0.42374509062500004
0 0.9175594015625 0.41805638125 0.9227949859375 0.41805638125 0.9227949859375 0.39030237031250004 0.9175594015625 0.39030237031250004 0.9175594015625 0.41805638125
0 0.923473671875 0.41943546249999997 0.9268671062500001 0.41943546249999997 0.9268671062500001 0.390647140625 0.923473671875 0.390647140625 0.923473671875 0.41943546249999997
0 0.9396651984375 0.46218698125 0.9458703343749999 0.46218698125 0.9458703343749999 0.4316748078125 0.9396651984375 0.4316748078125 0.9396651984375 0.46218698125
0 0.9320057343750001 0.4597735890625 0.9382108703124998 0.4597735890625 0.9382108703124998 0.43029572656250004 0.9320057343750001 0.43029572656250004 0.9320057343750001 0.4597735890625
0 0.9263823296875 0.457360196875 0.9320057343750001 0.457360196875 0.9320057343750001 0.43184719375 0.9263823296875 0.43184719375 0.9263823296875 0.457360196875
0 0.9438342750000001 0.4365015921875 0.9481003062500001 0.4365015921875 0.9481003062500001 0.41512583281250004 0.9438342750000001 0.41512583281250004 0.9438342750000001 0.4365015921875
0 0.9518815609375 0.42908903125000003 0.9554689046875 0.42908903125000003 0.9554689046875 0.4120229 0.9518815609375 0.4120229 0.9518815609375 0.42908903125000003
0 0.9481003062500001 0.45839450781249996 0.9516570187500001 0.45839450781249996 0.9516570187500001 0.4387426 0.9481003062500001 0.4387426 0.9481003062500001 0.45839450781249996
0 0.6731863578125 0.5008717015624999 0.6801981609375 0.5008717015624999 0.6801981609375 0.46269873281249996 0.6731863578125 0.46269873281249996 0.6731863578125 0.5008717015624999
0 0.6816873937500001 0.49193525468750005 0.6897540703125 0.49193525468750005 0.6897540703125 0.46358134531250006 0.6816873937500001 0.46358134531250006 0.6816873937500001 0.49193525468750005
0 0.6870858609375 0.4864189296875 0.6962694625 0.4864189296875 0.6962694625 0.4546448984375 0.6870858609375 0.4546448984375 0.6870858609375 0.4864189296875
0 0.6980893890625 0.48129804062500003 0.7050701671875 0.48129804062500003 0.7050701671875 0.44171840937500007 0.6980893890625 0.44171840937500007 0.6980893890625 0.48129804062500003
0 0.70685414375 0.48184967343749996 0.7118182515625 0.48184967343749996 0.7118182515625 0.4469589171875 0.70685414375 0.4469589171875 0.70685414375 0.48184967343749996
0 0.7152310765625 0.4632320765625 0.7197298 0.4632320765625 0.7197298 0.43165111562499997 0.7152310765625 0.43165111562499997 0.7152310765625 0.4632320765625
0 0.72283236875 0.4669555953125 0.72655545 0.4669555953125 0.72655545 0.4315132078125 0.72283236875 0.4315132078125 0.72283236875 0.4669555953125
0 0.7260125015625001 0.4566124859375 0.731829815625 0.4566124859375 0.731829815625 0.42696223906249997 0.7260125015625001 0.42696223906249997 0.7260125015625001 0.4566124859375
0 0.7490810859374999 0.42968473906250004 0.7543554515625 0.42968473906250004 0.7543554515625 0.4034821953125 0.7490810859374999 0.4034821953125 0.7490810859374999 0.42968473906250004
0 0.7542003234375001 0.4252716796875 0.7589317390625 0.4252716796875 0.7589317390625 0.40017240000000004 0.7542003234375001 0.40017240000000004 0.7542003234375001 0.4252716796875
0 0.783519590625 0.4387866765625 0.78995741875 0.4387866765625 0.78995741875 0.41685928437499997 0.783519590625 0.41685928437499997 0.783519590625 0.4387866765625
0 0.798334353125 0.42968473906250004 0.8049273093749999 0.42968473906250004 0.8049273093749999 0.405412909375 0.798334353125 0.405412909375 0.798334353125 0.42968473906250004
0 0.8129939875 0.436166421875 0.8178029671875 0.436166421875 0.8178029671875 0.413273671875 0.8129939875 0.413273671875 0.8129939875 0.436166421875
0 0.7600176375000001 0.4241684140625 0.766688159375 0.4241684140625 0.766688159375 0.3952077078125 0.7600176375000001 0.3952077078125 0.7600176375000001 0.4241684140625
0 0.7661452093750001 0.4241684140625 0.770721496875 0.4241684140625 0.770721496875 0.3965867890625 0.7661452093750001 0.3965867890625 0.7661452093750001 0.4241684140625
0 0.765679825 0.450327971875 0.7717298328125001 0.450327971875 0.7717298328125001 0.4372696859375 0.765679825 0.4372696859375 0.765679825 0.450327971875
0 0.7731259875000001 0.44264810312499997 0.7794862531250001 0.44264810312499997 0.7794862531250001 0.42113443593749994 0.7731259875000001 0.42113443593749994 0.7731259875000001 0.44264810312499997
0 0.7808824078125 0.4583696296875 0.7846054890625 0.4583696296875 0.7846054890625 0.43795922656249997 0.7808824078125 0.43795922656249997 0.7808824078125 0.4583696296875
0 0.8018247421875 0.47395324843750003 0.8058580796874999 0.47395324843750003 0.8058580796874999 0.44871606093749994 0.8018247421875 0.44871606093749994 0.8018247421875 0.47395324843750003
0 0.98732296875 0.36875 0.98732296875 0.38061746093750004 0.9917441281249999 0.38061746093750004 0.9917441281249999 0.36875 0.98732296875 0.36875
0 0.9846082218750001 0.411233065625 0.9887191234374999 0.411233065625 0.9887191234374999 0.3864096015625 0.9846082218750001 0.3864096015625 0.9846082218750001 0.411233065625
0 0.997483878125 0.400752046875 0.9998108046875 0.400752046875 0.9998108046875 0.3833756234375 0.997483878125 0.3833756234375 0.997483878125 0.400752046875
0 0.9707242296875 0.36875 0.9707242296875 0.3778592984375 0.974680003125 0.3778592984375 0.974680003125 0.36875 0.9707242296875 0.36875
0 0.9673889687500001 0.36875 0.9673889687500001 0.3738599625 0.9701812796875 0.3738599625 0.9701812796875 0.36875 0.9673889687500001 0.36875
0 0.9761537234375 0.36875 0.9761537234375 0.381858634375 0.9791787265625 0.381858634375 0.9791787265625 0.36875 0.9761537234375 0.36875
0 0.9801870625 0.36875 0.9801870625 0.38309980781249997 0.9844530921875 0.38309980781249997 0.9844530921875 0.36875 0.9801870625 0.36875
0 0.85042634375 0.36875 0.85042634375 0.39024295000000003 0.8548862859374999 0.39024295000000003 0.8548862859374999 0.36875 0.85042634375 0.36875
0 0.86681178125 0.36875 0.86681178125 0.390932490625 0.8715625875 0.390932490625 0.8715625875 0.36875 0.86681178125 0.36875
0 0.9036547765625 0.36875 0.9036547765625 0.39127726093750004 0.9096660015625 0.39127726093750004 0.9096660015625 0.36875 0.9036547765625 0.36875
0 0.8741803796875001 0.36875 0.8741803796875001 0.3850713953125 0.8784464109375 0.3850713953125 0.8784464109375 0.36875 0.8741803796875001 0.36875
0 0.883391128125 0.36875 0.883391128125 0.38231323281249996 0.8887236671875 0.38231323281249996 0.8887236671875 0.36875 0.883391128125 0.36875
0 0.8783494562499999 0.36875 0.8783494562499999 0.38369231406250004 0.8824215765625001 0.38369231406250004 0.8824215765625001 0.36875 0.8783494562499999 0.36875
0 0.89221405625 0.36875 0.89221405625 0.37869314374999996 0.8962861765625 0.37869314374999996 0.8962861765625 0.36875 0.89221405625 0.36875
0 0.7806308843750001 0.40392144375 0.7848193515624999 0.40392144375 0.7848193515624999 0.3789600734375 0.7806308843750001 0.3789600734375 0.7806308843750001 0.40392144375
0 0.773494978125 0.410541034375 0.7798552421875 0.410541034375 0.7798552421875 0.38226986875 0.773494978125 0.38226986875 0.773494978125 0.410541034375
0 0.7898610234375 0.3966123140625 0.79474756875 0.3966123140625 0.79474756875 0.371099309375 0.7898610234375 0.371099309375 0.7898610234375 0.3966123140625
0 0.79847065 0.38888945937499997 0.8035898875 0.38888945937499997 0.8035898875 0.3713751265625 0.79847065 0.3713751265625 0.79847065 0.38888945937499997
0 0.8065373265625 0.422952765625 0.8113463078125001 0.422952765625 0.8113463078125001 0.4007495578125 0.8065373265625 0.4007495578125 0.8065373265625 0.422952765625
0 0.8249200421874999 0.4171606234375 0.8294963296875 0.4171606234375 0.8294963296875 0.3923371625 0.8249200421874999 0.3923371625 0.8249200421874999 0.4171606234375
0 0.8222052953125001 0.44419061718749997 0.8279450453124999 0.44419061718749997 0.8279450453124999 0.422539040625 0.8222052953125001 0.422539040625 0.8222052953125001 0.44419061718749997
0 0.8404328828125 0.45991214375 0.845939940625 0.45991214375 0.845939940625 0.4372952109375 0.8404328828125 0.4372952109375 0.8404328828125 0.45991214375
0 0.8633918859375 0.45508535937500005 0.86889894375 0.45508535937500005 0.86889894375 0.42709000937499997 0.8633918859375 0.42709000937499997 0.8633918859375 0.45508535937500005
0 0.8360117234375 0.42736582500000003 0.8418290374999999 0.42736582500000003 0.8418290374999999 0.400887465625 0.8360117234375 0.400887465625 0.8360117234375 0.42736582500000003
0 0.843923271875 0.40819659531249997 0.8498957140625001 0.40819659531249997 0.8498957140625001 0.383924765625 0.843923271875 0.383924765625 0.843923271875 0.40819659531249997
0 0.8088642531250001 0.39785348750000005 0.8137507968750001 0.39785348750000005 0.8137507968750001 0.372478390625 0.8088642531250001 0.372478390625 0.8088642531250001 0.39785348750000005
0 0.8161552875 0.4144024625 0.8208867046874999 0.4144024625 0.8208867046874999 0.39592277343750004 0.8161552875 0.39592277343750004 0.8161552875 0.4144024625
0 0.8391918546875001 0.40571425000000005 0.84322519375 0.40571425000000005 0.84322519375 0.37909798125 0.8391918546875001 0.37909798125 0.8391918546875001 0.40571425000000005
0 0.850941675 0.41542492187499996 0.8557072187500001 0.41542492187499996 0.8557072187500001 0.392035703125 0.850941675 0.392035703125 0.850941675 0.41542492187499996
0 0.9403133968749999 0.40375218593750006 0.9435710921875 0.40375218593750006 0.9435710921875 0.38182479375 0.9403133968749999 0.38182479375 0.9403133968749999 0.40375218593750006
0 0.9459755828125 0.40568290000000007 0.9503191781249999 0.40568290000000007 0.9503191781249999 0.3804457125 0.9459755828125 0.3804457125 0.9459755828125 0.40568290000000007
0 0.952568540625 0.3924437203125 0.9557486718749999 0.3924437203125 0.9557486718749999 0.370516328125 0.952568540625 0.370516328125 0.952568540625 0.3924437203125
0 0.9115370781250001 0.36875 0.9115370781250001 0.3883064765625 0.9172768296875 0.3883064765625 0.9172768296875 0.36875 0.9115370781250001 0.36875
0 0.9305403078125 0.36875 0.9305403078125 0.3757568375 0.933642875 0.3757568375 0.933642875 0.36875 0.9305403078125 0.36875
0 0.9455101984375001 0.36875 0.9455101984375001 0.372860765625 0.948612765625 0.372860765625 0.948612765625 0.36875 0.9455101984375001 0.36875
0 0.9606352171874999 0.3834796921875 0.9661422749999999 0.3834796921875 0.9661422749999999 0.3709300515625 0.9606352171874999 0.3709300515625 0.9606352171874999 0.3834796921875
0 0.9696326640624999 0.4080273375 0.9738211312499999 0.4080273375 0.9738211312499999 0.3895476484375 0.9696326640624999 0.3895476484375 0.9696326640624999 0.4080273375
0 0.9562140578125 0.36875 0.9562140578125 0.3812731625 0.9600147031249999 0.3812731625 0.9600147031249999 0.36875 0.9562140578125 0.36875
0 0.9044593453124999 0.4522268921875 0.9102877578124999 0.4522268921875 0.9102877578124999 0.42412811250000004 0.9044593453124999 0.42412811250000004 0.9044593453124999 0.4522268921875
0 0.8790570703125 0.46015660937499997 0.884874384375 0.46015660937499997 0.884874384375 0.44188378281249996 0.8790570703125 0.44188378281249996 0.8790570703125 0.46015660937499997
0 0.9754548265625 0.4591653953125 0.9803025890625001 0.4591653953125 0.9803025890625001 0.44257332343750005 0.9754548265625 0.44257332343750005 0.9754548265625 0.4591653953125
0 0.9816357234375002 0.45097709999999996 0.987816621875 0.45097709999999996 0.987816621875 0.4285670296875 0.9816357234375002 0.4285670296875 0.9816357234375002 0.45097709999999996
0 0.9868358390624999 0.4495642203125 0.991489690625 0.4495642203125 0.991489690625 0.41881070937500003 0.9868358390624999 0.41881070937500003 0.9868358390624999 0.4495642203125
0 0.9534832328124999 0.42708519687499996 0.9586800343749999 0.42708519687499996 0.9586800343749999 0.3989519390625 0.9534832328124999 0.3989519390625 0.9534832328124999 0.42708519687499996
0 0.9801653187500001 0.42239632031249996 0.9852845546874999 0.42239632031249996 0.9852845546874999 0.40281336718749994 0.9801653187500001 0.40281336718749994 0.9801653187500001 0.42239632031249996
0 0.8229647812499999 0.36875 0.8229647812499999 0.38062616875 0.827696196875 0.38062616875 0.827696196875 0.36875 0.8229647812499999 0.36875
0 0.8892046078125 0.36875 0.8892046078125 0.373454946875 0.89221405625 0.373454946875 0.89221405625 0.36875 0.8892046078125 0.36875
0 0.8821462656250001 0.4402024796875 0.8857917828125 0.4402024796875 0.8857917828125 0.426273759375 0.8821462656250001 0.426273759375 0.8821462656250001 0.4402024796875
0 0.888739221875 0.43716850156250003 0.893548203125 0.43716850156250003 0.893548203125 0.4246188609375 0.888739221875 0.4246188609375 0.888739221875 0.43716850156250003
0 0.8900578140625001 0.4447534484375 0.8951770515625 0.4447534484375 0.8951770515625 0.43372079843750005 0.8900578140625001 0.43372079843750005 0.8900578140625001 0.4447534484375
0 0.88912704375 0.429997278125 0.8940911515625001 0.429997278125 0.8940911515625001 0.4142757515625 0.88912704375 0.4142757515625 0.88912704375 0.429997278125
0 0.83211735625 0.36875 0.83211735625 0.3836601484375 0.8371590296875 0.3836601484375 0.8371590296875 0.36875 0.83211735625 0.36875
0 0.803728859375 0.3912450953125 0.8072968125 0.3912450953125 0.8072968125 0.37000724375 0.803728859375 0.37000724375 0.803728859375 0.3912450953125
0 0.833427146875 0.45384660937500004 0.838032521875 0.45384660937500004 0.838032521875 0.44134868593750004 0.833427146875 0.44134868593750004 0.833427146875 0.45384660937500004
0 0.8082187828125 0.4454428328125 0.8131877390625 0.4454428328125 0.8131877390625 0.42626498437500004 0.8082187828125 0.42626498437500004 0.8082187828125 0.4454428328125
0 0.8244587859375001 0.46893031093750004 0.8280946078125 0.46893031093750004 0.8280946078125 0.45255372187500004 0.8244587859375001 0.45255372187500004 0.8244587859375001 0.46893031093750004
0 0.8495459578125001 0.455138640625 0.85470176875 0.455138640625 0.85470176875 0.438762909375 0.8495459578125001 0.438762909375 0.8495459578125001 0.455138640625
0 0.850151928125 0.43725453906249995 0.8543937203125 0.43725453906249995 0.8543937203125 0.4200160234375 0.850151928125 0.4200160234375 0.850151928125 0.43725453906249995
0 0.9382600109375 0.4316748078125 0.9417746390625 0.4316748078125 0.9417746390625 0.415921875 0.9382600109375 0.415921875 0.9382600109375 0.4316748078125
0 0.9187477671875 0.4363926125 0.9234743359375 0.4363926125 0.9234743359375 0.42087794843750004 0.9187477671875 0.42087794843750004 0.9187477671875 0.4363926125
0 0.922747171875 0.44285705625 0.922747171875 0.4279888359375 0.9164450796875 0.4279888359375 0.9164450796875 0.44285705625 0.9186265734375001 0.44285705625 0.922747171875 0.44285705625
0 0.9598325546875 0.44177964843749995 0.9627412124999999 0.44177964843749995 0.9627412124999999 0.4269114296875 0.9598325546875 0.4269114296875 0.9598325546875 0.44177964843749995
0 0.95062180625 0.44716668593750003 0.9565047812499999 0.44716668593750003 0.9565047812499999 0.4282043171875 0.95062180625 0.4282043171875 0.95062180625 0.44716668593750003
0 0.9650155984375001 0.4080273375 0.9696326640624999 0.4080273375 0.9696326640624999 0.38764125625 0.9650155984375001 0.38764125625 0.9650155984375001 0.4080273375
0 0.9925952390624999 0.4040963625 0.9962407562500001 0.4040963625 0.9962407562500001 0.38244478593750003 0.9925952390624999 0.38244478593750003 0.9925952390624999 0.4040963625
0 0.716445925 0.42927890468749996 0.7221081125 0.42927890468749996 0.7221081125 0.40983385781250004 0.716445925 0.40983385781250004 0.716445925 0.42927890468749996
0 0.7051215515625 0.4469589171875 0.70985296875 0.4469589171875 0.70985296875 0.433829871875 0.7051215515625 0.433829871875 0.7051215515625 0.4469589171875
0 0.7300196609375 0.45341282656250004 0.7350613328125 0.45341282656250004 0.7350613328125 0.42210768125 0.7300196609375 0.42210768125 0.7300196609375 0.45341282656250004
0 0.7373882593750001 0.4509304796875 0.7425850609375 0.4509304796875 0.7425850609375 0.4207286 0.7373882593750001 0.4207286 0.7373882593750001 0.4509304796875
0 0.743360703125 0.4447246140625 0.7496434031250001 0.4447246140625 0.7496434031250001 0.418108346875 0.743360703125 0.418108346875 0.743360703125 0.4447246140625
0 0.7906748640625001 0.4529991015625 0.79432038125 0.4529991015625 0.79432038125 0.4330024234375 0.7906748640625001 0.4330024234375 0.7906748640625001 0.4529991015625
0 0.7969575640625 0.44693114375 0.8014562890625001 0.44693114375 0.8014562890625001 0.4330024234375 0.7969575640625 0.4330024234375 0.7969575640625 0.44693114375
0 0.7955614093750001 0.45920496718750003 0.799827440625 0.45920496718750003 0.799827440625 0.44610369531250005 0.7955614093750001 0.44610369531250005 0.7955614093750001 0.45920496718750003
0 0.7830735734375001 0.49161337656250004 0.7888908875 0.49161337656250004 0.7888908875 0.460032415625 0.7830735734375001 0.460032415625 0.7830735734375001 0.49161337656250004
0 0.7777992078125 0.47644348281250004 0.7836165218750001 0.47644348281250004 0.7836165218750001 0.46127358906250004 0.7777992078125 0.46127358906250004 0.7777992078125 0.47644348281250004
0 0.8206485953125 0.41355995468749995 0.824185521875 0.41355995468749995 0.824185521875 0.3859783296875 0.8206485953125 0.3859783296875 0.8206485953125 0.41355995468749995
0 0.83312091875 0.409477875 0.8390157968749999 0.409477875 0.8390157968749999 0.389067471875 0.83312091875 0.389067471875 0.83312091875 0.409477875
