0 0.0444338234375 0.26191414375 0.043421384375 0.4359375 0.1326235640625 0.4359375 0.1328125 0.40346228437500004 0.1328125 0.2629425234375 0.0444338234375 0.26191414375
0 0.9078125 0.5296875 0.9078125 0.4870935890625 0.8912354640625001 0.48670775468749994 0.8909854156249999 0.5296875 0.9078125 0.5296875
0 0.956248490625 0.2609375 0.9560757734374998 0.290625 0.9734375 0.290625 0.9734375 0.2609375 0.956248490625 0.2609375
0 0.8363820578125001 0.24507021718750002 0.8513468640624999 0.24507021718750002 0.8513468640624999 0.1901035265625 0.8363820578125001 0.1901035265625 0.8363820578125001 0.24507021718750002
0 0.9018378734375 0.2097963171875 0.91862765625 0.2097963171875 0.91862765625 0.14292739062499998 0.9018378734375 0.14292739062499998 0.9018378734375 0.2097963171875
0 0.9148560374999999 0.23771247187500003 0.9281175328125 0.23771247187500003 0.9281175328125 0.1875066734375 0.9148560374999999 0.1875066734375 0.9148560374999999 0.23771247187500003
0 0.798992478125 0.2927638625 0.8067896187500001 0.2927638625 0.8067896187500001 0.259082775 0.798992478125 0.259082775 0.798992478125 0.2927638625
0 0.097915765625 0.9997262031249999 0.10401953125 0.9997262031249999 0.10401953125 0.9864322874999999 0.097915765625 0.9864322874999999 0.097915765625 0.9997262031249999
0 0.0913137328125 0.9897557671874999 0.10078079843750001 0.9897557671874999 0.10078079843750001 0.9740246359375 0.0913137328125 0.9740246359375 0.0913137328125 0.9897557671874999
0 0.0378746453125 0.929240759375 0.0450995109375 0.929240759375 0.0450995109375 0.9172762343749999 0.0378746453125 0.9172762343749999 0.0378746453125 0.929240759375
0 0.0469680109375 0.9265819750000001 0.0550648421875 0.9265819750000001 0.0550648421875 0.9097430171875001 0.0469680109375 0.9097430171875001 0.0469680109375 0.9265819750000001
0 0.0020376515625000003 0.800320725 0.007418931249999999 0.800320725 0.007418931249999999 0.786849559375 0.0020376515625000003 0.786849559375 0.0020376515625000003 0.800320725
0 0.0245593 0.753703396875 0.0289440453125 0.753703396875 0.0289440453125 0.7418275 0.0245593 0.7418275 0.0245593 0.753703396875
0 0.0007421593750000001 0.7074405734375 0.0045289843750000005 0.7074405734375 0.0045289843750000005 0.69893246875 0.0007421593750000001 0.69893246875 0.0007421593750000001 0.7074405734375
0 0.068506409375 0.713821653125 0.071894621875 0.713821653125 0.071894621875 0.69893246875 0.068506409375 0.69893246875 0.068506409375 0.713821653125
0 0.076976940625 0.76859258125 0.082059259375 0.76859258125 0.082059259375 0.7597299734374999 0.076976940625 0.7597299734374999 0.076976940625 0.76859258125
0 0.39884010000000003 0.8015187359375 0.403705984375 0.8015187359375 0.403705984375 0.778323625 0.39884010000000003 0.778323625 0.39884010000000003 0.8015187359375
0 0.3220291984375 0.8776956375000001 0.3313716953125 0.8776956375000001 0.3313716953125 0.8694977234374999 0.3220291984375 0.8694977234374999 0.3220291984375 0.8776956375000001
0 0.264230278125 0.8659526796874999 0.27070774375 0.8659526796874999 0.27070774375 0.860191984375 0.264230278125 0.860191984375 0.264230278125 0.8659526796874999
0 0.2968667375 0.813441715625 0.3020985359375 0.813441715625 0.3020985359375 0.8034712796875001 0.2968667375 0.8034712796875001 0.2968667375 0.813441715625
0 0.15112377187499998 0.8473412 0.15112377187499998 0.8393648499999999 0.1473867734375 0.8393648499999999 0.1473867734375 0.8435083656250001 0.1473867734375 0.8473412 0.15112377187499998 0.8473412
0 0.18413393125 0.7943871046875 0.18650069687499998 0.7943871046875 0.18650069687499998 0.7881832765625 0.18413393125 0.7881832765625 0.18413393125 0.7943871046875
0 0.1629945828125 0.7894053484375 0.1696713546875 0.7894053484375 0.1696713546875 0.7808972437499999 0.1629945828125 0.7808972437499999 0.1629945828125 0.7894053484375
0 0.1518334125 0.7899371046875 0.15900845156250001 0.7899371046875 0.15900845156250001 0.7846195390625 0.1518334125 0.7846195390625 0.1518334125 0.7899371046875
0 0.150238959375 0.7633492765625001 0.158211225 0.7633492765625001 0.158211225 0.7560819359375 0.150238959375 0.7560819359375 0.150238959375 0.7633492765625001
0 0.018398159375 0.672650571875 0.020949284375 0.672650571875 0.020949284375 0.66626949375 0.018398159375 0.66626949375 0.018398159375 0.672650571875
0 0.262832878125 0.7454089984375 0.2668190109375 0.7454089984375 0.2668190109375 0.7361918843749999 0.262832878125 0.7361918843749999 0.262832878125 0.7454089984375
0 0.0824918875 0.7392917140625 0.0868288 0.7392917140625 0.0868288 0.7318045812499999 0.0824918875 0.7318045812499999 0.0824918875 0.7392917140625
0 0.1318362203125 0.74677175625 0.1368188859375 0.74677175625 0.1368188859375 0.7421632 0.1318362203125 0.7421632 0.1318362203125 0.74677175625
0 0.1349254734375 0.7251469890625 0.1391109109375 0.7251469890625 0.1391109109375 0.7180569 0.1349254734375 0.7180569 0.1349254734375 0.7251469890625
0 0.1434956578125 0.7178796484375 0.14608664375 0.7178796484375 0.14608664375 0.7134483421875 0.1434956578125 0.7134483421875 0.1434956578125 0.7178796484375
0 0.1508700015625 0.72195645 0.154856134375 0.72195645 0.154856134375 0.71646163125 0.1508700015625 0.71646163125 0.1508700015625 0.72195645
0 0.151667228125 0.7338323453125 0.15565336093749998 0.7338323453125 0.15565336093749998 0.7286920328125 0.151667228125 0.7286920328125 0.151667228125 0.7338323453125
0 0.16342631875 0.7042312296875 0.1689072515625 0.7042312296875 0.1689072515625 0.69731839375 0.16342631875 0.69731839375 0.16342631875 0.7042312296875
0 0.09057975 0.699622671875 0.093868309375 0.699622671875 0.093868309375 0.6943051062500001 0.09057975 0.6943051062500001 0.09057975 0.699622671875
0 0.12615598125 0.7185886578125 0.12864731406250002 0.7185886578125 0.12864731406250002 0.714334603125 0.12615598125 0.714334603125 0.12615598125 0.7185886578125
0 0.101871715625 0.7057821859375 0.15568450312499998 0.7057821859375 0.15568450312499998 0.6540245437500001 0.101871715625 0.6540245437500001 0.101871715625 0.7057821859375
0 0.0445710625 0.672636025 0.0977859296875 0.672636025 0.0977859296875 0.6286774796875 0.0445710625 0.6286774796875 0.0445710625 0.672636025
0 0.19429996875 0.9232757328125001 0.198535234375 0.9232757328125001 0.198535234375 0.9166287765625001 0.19429996875 0.9166287765625001 0.19429996875 0.9232757328125001
0 0.146504428125 0.729733684375 0.1495086328125 0.729733684375 0.1495086328125 0.723635075 0.146504428125 0.723635075 0.146504428125 0.729733684375
0 0.123681734375 0.7382431578124999 0.1266123078125 0.7382431578124999 0.1266123078125 0.7305906515625 0.123681734375 0.7305906515625 0.123681734375 0.7382431578124999
0 0.12817112343749998 0.739684934375 0.13166287031249999 0.739684934375 0.13166287031249999 0.7334742046875 0.12817112343749998 0.7334742046875 0.12817112343749998 0.739684934375
0 0.953125 0.9796875 0.953125 0.9473139484375 0.9125374609375001 0.9463692640625 0.9125 0.952808240625 0.9125 0.9796875 0.953125 0.9796875
0 0.9754889625000001 0.8189114921874999 0.99885750625 0.8189114921874999 0.99885750625 0.766723871875 0.9754889625000001 0.766723871875 0.9754889625000001 0.8189114921874999
0 0.9471870593750001 0.821220678125 0.96510294375 0.821220678125 0.96510294375 0.7754987812499999 0.9471870593750001 0.7754987812499999 0.9471870593750001 0.821220678125
0 0.91473075 0.8249153765624999 0.93809929375 0.8249153765624999 0.93809929375 0.7644146859375001 0.91473075 0.7644146859375001 0.91473075 0.8249153765624999
0 0.9339448859375 0.7916630890625 0.9601695843750001 0.7916630890625 0.9601695843750001 0.7270058609375 0.9339448859375 0.7270058609375 0.9339448859375 0.7916630890625
0 0.9378396421874999 0.7357807703125 0.9601695843750001 0.7357807703125 0.9601695843750001 0.678974778125 0.9378396421874999 0.678974778125 0.9378396421874999 0.7357807703125
0 0.7393694296875 0.960575359375 0.7710467890625 0.960575359375 0.7710467890625 0.8811393375 0.7393694296875 0.8811393375 0.7393694296875 0.960575359375
0 0.7884433703125 0.8811393375 0.7580642640624999 0.8811393375 0.7580642640624999 0.9411781906249999 0.7884433703125 0.9411781906249999 0.7884433703125 0.8811393375
0 0.76715203125 0.87883015 0.7962328859375 0.87883015 0.7962328859375 0.8127874109375 0.76715203125 0.8127874109375 0.76715203125 0.87883015
0 0.6913340890624999 0.8885287343750001 0.7108078765625001 0.8885287343750001 0.7108078765625001 0.8150965984375 0.6913340890624999 0.8150965984375 0.6913340890624999 0.8885287343750001
0 0.7310606140625 0.819714971875 0.708990321875 0.819714971875 0.708990321875 0.8885287343750001 0.7310606140625 0.8885287343750001 0.7310606140625 0.819714971875
0 0.6143080453125 0.8713825609375 0.6309256765625 0.8713825609375 0.6309256765625 0.816996596875 0.6143080453125 0.816996596875 0.6143080453125 0.8713825609375
0 0.570570440625 0.9196205484375 0.595164534375 0.9196205484375 0.595164534375 0.8583772218749999 0.570570440625 0.8583772218749999 0.570570440625 0.9196205484375
0 0.6105856968750001 0.816996596875 0.6297292078125001 0.816996596875 0.6297292078125001 0.7623741703125 0.6105856968750001 0.7623741703125 0.6105856968750001 0.816996596875
0 0.5619292734375 0.8125038421875 0.5817374890625 0.8125038421875 0.5817374890625 0.764029396875 0.5619292734375 0.764029396875 0.5619292734375 0.8125038421875
0 0.4647984171875 0.8948328390625001 0.48889398125000005 0.8948328390625001 0.48889398125000005 0.8327619015625001 0.4647984171875 0.8327619015625001 0.4647984171875 0.8948328390625001
0 0.4837425171875 0.8572947015625001 0.5040160265625 0.8572947015625001 0.5040160265625 0.80113528125 0.4837425171875 0.80113528125 0.4837425171875 0.8572947015625001
0 0.527280709375 0.791972428125 0.545061575 0.791972428125 0.545061575 0.744975859375 0.527280709375 0.744975859375 0.527280709375 0.791972428125
0 0.4296875 0.7785994625 0.44701420937499997 0.7785994625 0.44701420937499997 0.7292264640624999 0.4296875 0.7292264640624999 0.4296875 0.7785994625
0 0.4358471609375 0.7371715453125001 0.44701420937499997 0.7371715453125001 0.44701420937499997 0.6925277609375 0.4358471609375 0.6925277609375 0.4358471609375 0.7371715453125001
0 0.45392714375 0.782382834375 0.4694546578125 0.782382834375 0.4694546578125 0.7241189125 0.45392714375 0.7241189125 0.45392714375 0.782382834375
0 0.4667958375 0.7721677312499999 0.484237703125 0.7721677312499999 0.484237703125 0.715038821875 0.4667958375 0.715038821875 0.4667958375 0.7721677312499999
0 0.47849465 0.7736810796875 0.4930649890625 0.7736810796875 0.4930649890625 0.7313073187500001 0.47849465 0.7313073187500001 0.47849465 0.7736810796875
0 0.5067316609375 0.7922905375 0.5239608203125 0.7922905375 0.5239608203125 0.7468900812499999 0.5067316609375 0.7468900812499999 0.5067316609375 0.7922905375
0 0.49886155 0.78548046875 0.511836596875 0.78548046875 0.511836596875 0.7374316515625 0.49886155 0.7374316515625 0.49886155 0.78548046875
0 0.517473296875 0.7601318796875 0.5335325765625 0.7601318796875 0.5335325765625 0.716244771875 0.517473296875 0.716244771875 0.517473296875 0.7601318796875
0 0.5096031875 0.7533218125 0.5208765890625 0.7533218125 0.5208765890625 0.716433940625 0.5096031875 0.716433940625 0.5096031875 0.7533218125
0 0.5041791921875001 0.7455659 0.5147081234375 0.7455659 0.5147081234375 0.7234331765625 0.5041791921875001 0.7234331765625 0.5041791921875001 0.7455659
0 0.48386579999999996 0.7412150234375 0.5005631968750001 0.7412150234375 0.5005631968750001 0.7100022078125 0.48386579999999996 0.7100022078125 0.48386579999999996 0.7412150234375
0 0.4673811109375 0.729108234375 0.47822909999999996 0.729108234375 0.47822909999999996 0.7011112859375 0.4673811109375 0.7011112859375 0.4673811109375 0.729108234375
0 0.475995690625 0.7296757406250001 0.48833261875 0.7296757406250001 0.48833261875 0.6973279140625 0.475995690625 0.6973279140625 0.475995690625 0.7296757406250001
0 0.449088421875 0.7334591109374999 0.4667958375 0.7334591109374999 0.4667958375 0.6954362281249999 0.449088421875 0.6954362281249999 0.449088421875 0.7334591109374999
0 0.44132466406250004 0.735539965625 0.4568521796875 0.735539965625 0.4568521796875 0.6954362281249999 0.44132466406250004 0.6954362281249999 0.44132466406250004 0.735539965625
0 0.5960351421875 0.77279470625 0.61432783125 0.77279470625 0.61432783125 0.733296309375 0.5960351421875 0.733296309375 0.5960351421875 0.77279470625
0 0.5621723984375 0.7426790703125 0.57689163125 0.7426790703125 0.57689163125 0.696370603125 0.5621723984375 0.696370603125 0.5621723984375 0.7426790703125
0 0.62224048125 0.7417710609375 0.6415541578124999 0.7417710609375 0.6415541578124999 0.69440325 0.62224048125 0.69440325 0.62224048125 0.7417710609375
0 0.7690667609374999 0.7884708609375 0.794990265625 0.7884708609375 0.794990265625 0.730242409375 0.7690667609374999 0.730242409375 0.7690667609374999 0.7884708609375
0 0.7534461875 0.7645292125 0.77155940625 0.7645292125 0.77155940625 0.70866536875 0.7534461875 0.70866536875 0.7534461875 0.7645292125
0 0.733172678125 0.7597999984375 0.7534461875 0.7597999984375 0.7534461875 0.711916703125 0.733172678125 0.711916703125 0.733172678125 0.7597999984375
0 0.7135638734375 0.7926089234375 0.7384903203125 0.7926089234375 0.7384903203125 0.7337893203125001 0.7135638734375 0.7337893203125001 0.7135638734375 0.7926089234375
0 0.7020977078125 0.743543325 0.7182168093750001 0.743543325 0.7182168093750001 0.6867927515625001 0.7020977078125 0.6867927515625001 0.7020977078125 0.743543325
0 0.6786668484374999 0.74147429375 0.6917947765625 0.74147429375 0.6917947765625 0.6876794796875 0.6786668484374999 0.6876794796875 0.6786668484374999 0.74147429375
0 0.8466096390625001 0.7739003546875 0.8657199140625 0.7739003546875 0.8657199140625 0.721878996875 0.8466096390625001 0.721878996875 0.8466096390625001 0.7739003546875
0 0.8823375453125 0.7724224749999999 0.9022787031250001 0.7724224749999999 0.9022787031250001 0.7121249921875 0.8823375453125 0.7121249921875 0.8823375453125 0.7724224749999999
0 0.911750753125 0.7270058609375 0.9339448859375 0.7270058609375 0.9339448859375 0.6707443671875 0.911750753125 0.6707443671875 0.911750753125 0.7270058609375
0 0.8926404765625 0.728086090625 0.9105875187500001 0.728086090625 0.9105875187500001 0.6707443671875 0.8926404765625 0.6707443671875 0.8926404765625 0.728086090625
0 0.871369909375 0.7366577921874999 0.8901478328125 0.7366577921874999 0.8901478328125 0.6822718265625001 0.871369909375 0.6822718265625001 0.871369909375 0.7366577921874999
0 0.8514287515625 0.734293184375 0.869874321875 0.734293184375 0.869874321875 0.6864098890625 0.8514287515625 0.6864098890625 0.8514287515625 0.734293184375
0 0.8273331859375 0.7269037875000001 0.8466096390625001 0.7269037875000001 0.8466096390625001 0.66719745625 0.8273331859375 0.66719745625 0.8273331859375 0.7269037875000001
0 0.8045670328125001 0.7162630546875001 0.8240096609374999 0.7162630546875001 0.8240096609374999 0.6571478749999999 0.8045670328125001 0.6571478749999999 0.8045670328125001 0.7162630546875001
0 0.7995817421875 0.6943904390625 0.815867021875 0.6943904390625 0.815867021875 0.6479850218750001 0.7995817421875 0.6479850218750001 0.7995817421875 0.6943904390625
0 0.77870044375 0.71256835625 0.8003033640625 0.71256835625 0.8003033640625 0.656113359375 0.77870044375 0.656113359375 0.77870044375 0.71256835625
0 0.759423990625 0.7110904765624999 0.7757092703125 0.7110904765624999 0.7757092703125 0.6617293015625 0.759423990625 0.6617293015625 0.759423990625 0.7110904765624999
0 0.7773710328125001 0.6983807125 0.7938224875 0.6983807125 0.7938224875 0.6499062656250001 0.7773710328125001 0.6499062656250001 0.7773710328125001 0.6983807125
0 0.7461298859375 0.7110904765624999 0.7630798703125 0.7110904765624999 0.7630798703125 0.666162940625 0.7461298859375 0.666162940625 0.7461298859375 0.7110904765624999
0 0.7386519515625001 0.7235046640625 0.75194605625 0.7235046640625 0.75194605625 0.6874444046875 0.7386519515625001 0.6874444046875 0.7386519515625001 0.7235046640625
0 0.7374887187500001 0.705770109375 0.7496195890624999 0.705770109375 0.7496195890624999 0.6629116046875 0.7374887187500001 0.6629116046875 0.7374887187500001 0.705770109375
0 0.7330019578125 0.6898090109374999 0.7461298859375 0.6898090109374999 0.7461298859375 0.6490195375 0.7330019578125 0.6490195375 0.7330019578125 0.6898090109374999
0 0.7263549046875 0.717593146875 0.7366578359375 0.717593146875 0.7366578359375 0.66320718125 0.7263549046875 0.66320718125 0.7263549046875 0.717593146875
0 0.7120637421875 0.7102037484375 0.7238622609375 0.7102037484375 0.7238622609375 0.664389484375 0.7120637421875 0.664389484375 0.7120637421875 0.7102037484375
0 0.723696084375 0.6679363953124999 0.741144596875 0.6679363953124999 0.741144596875 0.6318761359375 0.723696084375 0.6318761359375 0.723696084375 0.6679363953124999
0 0.705582865625 0.6927647703125001 0.722200496875 0.6927647703125001 0.722200496875 0.6445859 0.705582865625 0.6445859 0.705582865625 0.6927647703125001
0 0.684810828125 0.7022231999999999 0.7004314 0.7022231999999999 0.7004314 0.6525664484375 0.684810828125 0.6525664484375 0.684810828125 0.7022231999999999
0 0.6700211359375 0.691286890625 0.6834814171875 0.691286890625 0.6834814171875 0.6531576 0.6700211359375 0.6531576 0.6700211359375 0.691286890625
0 0.6561715875 0.6843970171875 0.6714863953125001 0.6843970171875 0.6714863953125001 0.6285922875 0.6561715875 0.6285922875 0.6561715875 0.6843970171875
0 0.687439321875 0.659426765625 0.6973301359375 0.659426765625 0.6973301359375 0.6261330968750001 0.687439321875 0.6261330968750001 0.687439321875 0.659426765625
0 0.7215785828125 0.652049190625 0.7330019578125 0.652049190625 0.7330019578125 0.61516131875 0.7215785828125 0.61516131875 0.7215785828125 0.652049190625
0 0.6903108484375 0.6374832109375 0.70562565625 0.6374832109375 0.70562565625 0.5954877875 0.6903108484375 0.5954877875 0.6903108484375 0.6374832109375
0 0.638304309375 0.658670090625 0.654682646875 0.658670090625 0.654682646875 0.6134588015625 0.638304309375 0.6134588015625 0.638304309375 0.658670090625
0 0.6307532578125 0.6948012890624999 0.645110890625 0.6948012890624999 0.645110890625 0.64145575 0.6307532578125 0.64145575 0.6307532578125 0.6948012890624999
0 0.611609746875 0.6906395796875 0.6238403234375001 0.6906395796875 0.6238403234375001 0.64940083125 0.611609746875 0.64940083125 0.611609746875 0.6906395796875
0 0.627669025 0.6736144078125 0.638729721875 0.6736144078125 0.638729721875 0.6285922875 0.627669025 0.6285922875 0.627669025 0.6736144078125
0 0.635007371875 0.6399424015624999 0.6445791265625 0.6399424015624999 0.6445791265625 0.6125129593749999 0.635007371875 0.6125129593749999 0.635007371875 0.6399424015624999
0 0.5570066046875001 0.6982990156250001 0.5801915234375 0.6982990156250001 0.5801915234375 0.6598977953125 0.5570066046875001 0.6598977953125 0.5570066046875001 0.6982990156250001
0 0.58093599375 0.6937589703125 0.5950809203125 0.6937589703125 0.5950809203125 0.64079176875 0.58093599375 0.64079176875 0.58093599375 0.6937589703125
0 0.56317506875 0.6617894812499999 0.5742357640625 0.6617894812499999 0.5742357640625 0.6190373828125 0.56317506875 0.6190373828125 0.56317506875 0.6617894812499999
0 0.568918121875 0.66141114375 0.5835948140625 0.66141114375 0.5835948140625 0.6290633171875 0.568918121875 0.6290633171875 0.568918121875 0.66141114375
0 0.5302056890625 0.66141114375 0.541479090625 0.66141114375 0.541479090625 0.6158215171875 0.5302056890625 0.6158215171875 0.5302056890625 0.66141114375
0 0.547328496875 0.6623569859375 0.558389190625 0.6623569859375 0.558389190625 0.6218749125 0.547328496875 0.6218749125 0.547328496875 0.6623569859375
0 0.5924221000000001 0.665005346875 0.6022065609375 0.665005346875 0.6022065609375 0.6190373828125 0.5924221000000001 0.6190373828125 0.5924221000000001 0.665005346875
0 0.585509165625 0.6566819296874999 0.5942300984375001 0.6566819296874999 0.5942300984375001 0.6226315859375 0.585509165625 0.6226315859375 0.585509165625 0.6566819296874999
0 0.5056405421875 0.694798975 0.5210949390625 0.694798975 0.5210949390625 0.6478024078125 0.5056405421875 0.6478024078125 0.5056405421875 0.694798975
0 0.5028155437499999 0.67795115 0.5028155437499999 0.6339103406250001 0.4883582046875 0.6339103406250001 0.4883582046875 0.659986678125 0.4883582046875 0.67795115 0.5028155437499999 0.67795115
0 0.49982437031250004 0.6693794484375 0.5129522984375 0.6693794484375 0.5129522984375 0.62681651875 0.49982437031250004 0.62681651875 0.49982437031250004 0.6693794484375
0 0.4296875 0.6522278109374999 0.4334969734375 0.6522278109374999 0.4334969734375 0.6049356671874999 0.4296875 0.6049356671874999 0.4296875 0.6522278109374999
0 0.4621623875 0.64262159375 0.44949144375000005 0.64262159375 0.44949144375000005 0.6913916171875 0.4621623875 0.6913916171875 0.4621623875 0.64262159375
0 0.45011460468750003 0.6019799078125 0.43308153281250006 0.6019799078125 0.43308153281250006 0.6888053281250001 0.45011460468750003 0.6888053281250001 0.45011460468750003 0.6019799078125
0 0.4648627515625 0.6152808234375 0.45011460468750003 0.6152808234375 0.45011460468750003 0.6555530390625 0.4648627515625 0.6555530390625 0.4648627515625 0.6152808234375
0 0.47047120312499996 0.6038272578124999 0.455930775 0.6038272578124999 0.455930775 0.6647897875 0.47047120312499996 0.6647897875 0.47047120312499996 0.6038272578124999
0 0.4864656734375 0.6097387765625 0.47047120312499996 0.6097387765625 0.47047120312499996 0.6614645578125 0.4864656734375 0.6614645578125 0.4864656734375 0.6097387765625
0 0.9556508593749999 0.5977472359375 0.9391994046875001 0.5977472359375 0.9391994046875001 0.6707544828125 0.9556508593749999 0.6707544828125 0.9556508593749999 0.5977472359375
0 0.8191523437499999 0.680040359375 0.833775859375 0.680040359375 0.833775859375 0.617969421875 0.8191523437499999 0.617969421875 0.8191523437499999 0.680040359375
0 0.8138347015624999 0.6571478749999999 0.822808221875 0.6571478749999999 0.822808221875 0.61294463125 0.8138347015624999 0.61294463125 0.8138347015624999 0.6571478749999999
0 0.9073919640625 0.6596456234375 0.924175771875 0.6596456234375 0.924175771875 0.599643715625 0.9073919640625 0.599643715625 0.9073919640625 0.6596456234375
0 0.8894449234374999 0.6534385281249999 0.905231671875 0.6534385281249999 0.905231671875 0.59225431875 0.8894449234374999 0.59225431875 0.8894449234374999 0.6534385281249999
0 0.8824655171875001 0.635703975 0.896424328125 0.635703975 0.896424328125 0.5804312828125 0.8824655171875001 0.5804312828125 0.8824655171875001 0.635703975
0 0.8427493796875 0.609988871875 0.854381721875 0.609988871875 0.854381721875 0.5505781171875 0.8427493796875 0.5505781171875 0.8427493796875 0.609988871875
0 0.7131468125 0.628998096875 0.6940033015625 0.628998096875 0.6940033015625 0.6654130484375 0.7131468125 0.6654130484375 0.7131468125 0.628998096875
0 0.597434925 0.6282029984374999 0.613281496875 0.6282029984374999 0.613281496875 0.5744791234375 0.597434925 0.5744791234375 0.597434925 0.6282029984374999
0 0.6221087828125 0.62650048125 0.635007371875 0.62650048125 0.635007371875 0.5795866734375 0.6221087828125 0.5795866734375 0.6221087828125 0.62650048125
0 0.6622038031249999 0.6310405265625001 0.6752852031250001 0.6310405265625001 0.6752852031250001 0.574857459375 0.6622038031249999 0.574857459375 0.6622038031249999 0.6310405265625001
0 0.6742216734375 0.6073944546875 0.687728484375 0.6073944546875 0.687728484375 0.5551839281250001 0.6742216734375 0.5551839281250001 0.6742216734375 0.6073944546875
0 0.6946414187500001 0.610231984375 0.70772281875 0.610231984375 0.70772281875 0.555940603125 0.6946414187500001 0.555940603125 0.6946414187500001 0.610231984375
0 0.7071209281249999 0.5753002328125 0.7187133875 0.5753002328125 0.7187133875 0.546357440625 0.7071209281249999 0.546357440625 0.7071209281249999 0.5753002328125
0 0.7249882046874999 0.587785359375 0.7360488999999999 0.587785359375 0.7360488999999999 0.545979103125 0.7249882046874999 0.545979103125 0.7249882046874999 0.587785359375
0 0.7440253625000001 0.5898662124999999 0.7538098234375 0.5898662124999999 0.7538098234375 0.54333074375 0.7440253625000001 0.54333074375 0.7440253625000001 0.5898662124999999
0 0.759446525 0.5613017578124999 0.7495557109375 0.5613017578124999 0.7495557109375 0.606702215625 0.759446525 0.606702215625 0.759446525 0.5613017578124999
0 0.7739105109375 0.5452224296875 0.7633815796875 0.5452224296875 0.7633815796875 0.6049996984375 0.7739105109375 0.6049996984375 0.7739105109375 0.5452224296875
0 0.7772433484375 0.6047928390624999 0.7904311015625 0.6047928390624999 0.7904311015625 0.5537929921875 0.7772433484375 0.5537929921875 0.7772433484375 0.6047928390624999
0 0.8019172078124999 0.5863299859375 0.8114464218749999 0.5863299859375 0.8114464218749999 0.5374488265624999 0.8019172078124999 0.5374488265624999 0.8019172078124999 0.5863299859375
0 0.82208170625 0.5345734640625001 0.812977903125 0.5345734640625001 0.812977903125 0.58738933125 0.82208170625 0.58738933125 0.82208170625 0.5345734640625001
0 0.5162614999999999 0.6158215171875 0.5302056890625 0.6158215171875 0.5302056890625 0.5571228109375 0.5162614999999999 0.5571228109375 0.5162614999999999 0.6158215171875
0 0.5059439453125 0.6233134859375 0.5216309890625 0.6233134859375 0.5216309890625 0.57081920625 0.5059439453125 0.57081920625 0.5059439453125 0.6233134859375
0 0.49132042968749995 0.6150373609375 0.504614534375 0.6150373609375 0.504614534375 0.5637253859375 0.49132042968749995 0.5637253859375 0.49132042968749995 0.6150373609375
0 0.48174867500000007 0.6017955609375 0.4934474875 0.6017955609375 0.4934474875 0.5483554390625 0.48174867500000007 0.5483554390625 0.48174867500000007 0.6017955609375
0 0.571085059375 0.6363188265625 0.5835948140625 0.6363188265625 0.5835948140625 0.5859526921875 0.571085059375 0.5859526921875 0.571085059375 0.6363188265625
0 0.4296875 0.5296875 0.4296875 0.5890049953125 0.47320814999999994 0.5890049953125 0.47320814999999994 0.5296875 0.4296875 0.5296875
0 0.474332034375 0.5296875 0.474332034375 0.5588620234375 0.5330388015625 0.5588620234375 0.5330388015625 0.5296875 0.474332034375 0.5296875
0 0.5330767421875 0.5296875 0.5330767421875 0.60831004375 0.597434925 0.60831004375 0.597434925 0.5296875 0.5330767421875 0.5296875
0 0.5673526328125 0.5296875 0.5673526328125 0.5628898203125 0.69248339375 0.5628898203125 0.69248339375 0.5296875 0.5673526328125 0.5296875
0 0.690761365625 0.5296875 0.690761365625 0.5724201796874999 0.9935138328124999 0.5724201796874999 0.9935138328124999 0.5296875 0.690761365625 0.5296875
0 0.6392560093749999 0.7442904718750001 0.6489378890624999 0.7442904718750001 0.6489378890624999 0.7126037375000001 0.6392560093749999 0.7126037375000001 0.6392560093749999 0.7442904718750001
