0 0.10039292500000001 0.5758344375 0.10735891093750001 0.5758344375 0.10735891093750001 0.5575061531250001 0.10039292500000001 0.5575061531250001 0.10039292500000001 0.5758344375
0 0.11711129218750001 0.5089609671875001 0.12268408125000001 0.5089609671875001 0.12268408125000001 0.49261411875 0.11711129218750001 0.49261411875 0.11711129218750001 0.5089609671875001
0 0.18342748281250001 0.506484171875 0.1901148296875 0.506484171875 0.1901148296875 0.48914660625 0.18342748281250001 0.48914660625 0.18342748281250001 0.506484171875
0 0.2845736046875 0.6986834765625 0.2884745578125 0.6986834765625 0.2884745578125 0.6853087828125 0.2845736046875 0.6853087828125 0.2845736046875 0.6986834765625
0 0.2912609515625 0.7021509906250001 0.28122993125 0.7021509906250001 0.28122993125 0.714534965625 0.2912609515625 0.714534965625 0.2912609515625 0.7021509906250001
0 0.4099613609375 0.6937298859375 0.41553414999999994 0.6937298859375 0.41553414999999994 0.6575686765625 0.4099613609375 0.6575686765625 0.4099613609375 0.6937298859375
0 0.3121589109375 0.6129863640625001 0.3191248984375 0.6129863640625001 0.3191248984375 0.5852462578125001 0.3121589109375 0.5852462578125001 0.3121589109375 0.6129863640625001
0 0.183688159375 0.38181803125 0.1905360015625 0.38181803125 0.1905360015625 0.369136840625 0.183688159375 0.369136840625 0.183688159375 0.38181803125
0 0.2202099890625 0.41352100937499997 0.22477521875 0.41352100937499997 0.22477521875 0.39703546093750003 0.2202099890625 0.39703546093750003 0.2202099890625 0.41352100937499997
0 0.21892601875 0.4376152734375 0.22192194999999998 0.4376152734375 0.22192194999999998 0.4262022015625 0.21892601875 0.4262022015625 0.21892601875 0.4376152734375
0 0.22448989218749998 0.44040513593749997 0.2299111015625 0.44040513593749997 0.2299111015625 0.4262022015625 0.22448989218749998 0.4262022015625 0.22448989218749998 0.44040513593749997
0 0.27427941875 0.47337623281249996 0.2788446484375 0.47337623281249996 0.2788446484375 0.45714430781250004 0.27427941875 0.45714430781250004 0.27427941875 0.47337623281249996
0 0.2621530296875 0.390694865625 0.26443564375 0.390694865625 0.26443564375 0.38232527968749996 0.2621530296875 0.38232527968749996 0.2621530296875 0.390694865625
0 0.27213946718750004 0.374462940625 0.274707409375 0.374462940625 0.274707409375 0.36736147343750003 0.27213946718750004 0.36736147343750003 0.27213946718750004 0.374462940625
0 0.3012428015625 0.3802962890625 0.3060933578125 0.3802962890625 0.3060933578125 0.36583973125 0.3012428015625 0.36583973125 0.3012428015625 0.3802962890625
0 0.2824112328125 0.41757899062500003 0.28640580781249997 0.41757899062500003 0.28640580781249997 0.398810828125 0.2824112328125 0.398810828125 0.2824112328125 0.41757899062500003
0 0.29639224531249997 0.40439055156250003 0.3002441578125 0.40439055156250003 0.3002441578125 0.38917312187499997 0.29639224531249997 0.38917312187499997 0.29639224531249997 0.40439055156250003
0 0.3112292390625 0.41098477187500004 0.3156518046875 0.41098477187500004 0.3156518046875 0.3957673421875 0.3112292390625 0.3957673421875 0.3112292390625 0.41098477187500004
0 0.324354271875 0.41428188125 0.3289195015625 0.41428188125 0.3289195015625 0.3962745890625 0.324354271875 0.3962745890625 0.324354271875 0.41428188125
0 0.29368164218750004 0.44065875937500004 0.2972482265625 0.44065875937500004 0.2972482265625 0.4239195859375 0.29368164218750004 0.4239195859375 0.29368164218750004 0.44065875937500004
0 0.3036680796875 0.437108025 0.30809064531249997 0.437108025 0.30809064531249997 0.42163697187500004 0.3036680796875 0.42163697187500004 0.3036680796875 0.437108025
0 0.3135118546875 0.4307674296875 0.31693577500000003 0.4307674296875 0.31693577500000003 0.4132673859375 0.3135118546875 0.4132673859375 0.3135118546875 0.4307674296875
0 0.29995883125 0.49341251406250003 0.304381396875 0.49341251406250003 0.304381396875 0.4779414609375 0.29995883125 0.4779414609375 0.29995883125 0.49341251406250003
0 0.288545759375 0.5137024203125 0.29410963125 0.5137024203125 0.29410963125 0.49823136718749994 0.288545759375 0.49823136718749994 0.288545759375 0.5137024203125
0 0.3100879328125 0.482253065625 0.3152238140625 0.482253065625 0.3152238140625 0.4644993984375 0.3100879328125 0.4644993984375 0.3100879328125 0.482253065625
0 0.31793441875 0.4855501765625 0.31179989375 0.4855501765625 0.31179989375 0.50051398125 0.31793441875 0.50051398125 0.31793441875 0.4855501765625
0 0.25259458125 0.420368853125 0.255875840625 0.420368853125 0.255875840625 0.4119992671875 0.25259458125 0.4119992671875 0.25259458125 0.420368853125
0 0.26543428750000003 0.4064195421875 0.267716903125 0.4064195421875 0.267716903125 0.3977963328125 0.26543428750000003 0.3977963328125 0.26543428750000003 0.4064195421875
0 0.26857288281249997 0.4056586703125 0.2715688140625 0.4056586703125 0.2715688140625 0.3962745890625 0.26857288281249997 0.3962745890625 0.26857288281249997 0.4056586703125
0 0.2681448921875 0.42214421875 0.271854140625 0.42214421875 0.271854140625 0.4145355046875 0.2681448921875 0.4145355046875 0.2681448921875 0.42214421875
0 0.270712834375 0.38207165625 0.270712834375 0.39500647031249997 0.274850071875 0.39500647031249997 0.274850071875 0.388665875 0.274850071875 0.38207165625 0.270712834375 0.38207165625
0 0.27827399375 0.388665875 0.274850071875 0.388665875 0.274850071875 0.4003325703125 0.27827399375 0.4003325703125 0.27827399375 0.388665875
0 0.27656203281249997 0.38917312187499997 0.281697915625 0.38917312187499997 0.281697915625 0.37801367343750003 0.27656203281249997 0.37801367343750003 0.27656203281249997 0.38917312187499997
0 0.232247728125 0.46078227031249996 0.23737469375 0.46078227031249996 0.23737469375 0.43977904843750004 0.232247728125 0.43977904843750004 0.232247728125 0.46078227031249996
0 0.302241959375 0.53568055625 0.30959804062499996 0.53568055625 0.30959804062499996 0.51784763125 0.302241959375 0.51784763125 0.302241959375 0.53568055625
0 0.31472500625 0.5416248640625 0.3191832375 0.5416248640625 0.3191832375 0.527358525 0.31472500625 0.527358525 0.31472500625 0.5416248640625
0 0.3258705859375 0.5380582796875 0.3301059046875 0.5380582796875 0.3301059046875 0.5237919390625 0.3258705859375 0.5237919390625 0.3258705859375 0.5380582796875
0 0.3345641359375 0.5293399609375 0.3301059046875 0.5293399609375 0.3301059046875 0.549154321875 0.3345641359375 0.549154321875 0.3345641359375 0.5293399609375
0 0.340805659375 0.48852237656249997 0.3457097140625 0.48852237656249997 0.3457097140625 0.4659340046875 0.340805659375 0.4659340046875 0.340805659375 0.48852237656249997
0 0.3494992109375 0.5019961421875 0.3530657953125 0.5019961421875 0.3530657953125 0.47980405781249996 0.3494992109375 0.47980405781249996 0.3494992109375 0.5019961421875
0 0.3597531421875 0.490107525 0.355740734375 0.490107525 0.355740734375 0.5103181734375 0.3597531421875 0.5103181734375 0.3597531421875 0.490107525
0 0.3530657953125 0.5055627265625 0.3577469390625 0.5055627265625 0.3577469390625 0.47980405781249996 0.3530657953125 0.47980405781249996 0.3530657953125 0.5055627265625
0 0.405004190625 0.527358525 0.4112457140625 0.527358525 0.4112457140625 0.49882584375 0.405004190625 0.49882584375 0.405004190625 0.527358525
0 0.43398269375 0.513488471875 0.440670040625 0.513488471875 0.440670040625 0.4873335140625 0.43398269375 0.4873335140625 0.43398269375 0.513488471875
0 0.4293015515625 0.576498140625 0.43487434062499997 0.576498140625 0.43487434062499997 0.5471728859375 0.4293015515625 0.5471728859375 0.4293015515625 0.576498140625
0 0.372236190625 0.48654094062500003 0.37736315625 0.48654094062500003 0.37736315625 0.46989687656249995 0.372236190625 0.46989687656249995 0.372236190625 0.48654094062500003
0 0.43821801406249994 0.44968622812500003 0.443790803125 0.44968622812500003 0.443790803125 0.42987186718750003 0.43821801406249994 0.42987186718750003 0.43821801406249994 0.44968622812500003
0 0.33386876718749997 0.38217459531250003 0.339073128125 0.38217459531250003 0.339073128125 0.36675426718750004 0.33386876718749997 0.36675426718750004 0.33386876718749997 0.38217459531250003
0 0.35550795156250004 0.38184995625 0.358886221875 0.38184995625 0.358886221875 0.3698383328125 0.35550795156250004 0.3698383328125 0.35550795156250004 0.38184995625
0 0.35404707968750004 0.42307904531249996 0.3586123078125 0.42307904531249996 0.3586123078125 0.4057108859375 0.35404707968750004 0.4057108859375 0.35404707968750004 0.42307904531249996
0 0.36418188749999997 0.41853410625 0.3678340703125 0.41853410625 0.3678340703125 0.4057108859375 0.36418188749999997 0.4057108859375 0.36418188749999997 0.41853410625
0 0.3771471375 0.3803890828125 0.3818036703125 0.3803890828125 0.3818036703125 0.3648064359375 0.3771471375 0.3648064359375 0.3771471375 0.3803890828125
0 0.3846341125 0.3915891109375 0.3889254265625 0.3915891109375 0.3889254265625 0.372435440625 0.3846341125 0.372435440625 0.3846341125 0.3915891109375
0 0.3636982578125 0.39529201875000003 0.36963305625 0.39529201875000003 0.36963305625 0.37824849843749997 0.3636982578125 0.37824849843749997 0.3636982578125 0.39529201875000003
0 0.4026869546875 0.384746965625 0.4086788171875 0.384746965625 0.4086788171875 0.3662324265625 0.4026869546875 0.3662324265625 0.4026869546875 0.384746965625
0 0.384437453125 0.42515431406250004 0.3887287671875 0.42515431406250004 0.3887287671875 0.4092470265625 0.384437453125 0.4092470265625 0.384437453125 0.42515431406250004
0 0.37402873125 0.45567033125 0.3785026546875 0.45567033125 0.3785026546875 0.4399253640625 0.37402873125 0.4399253640625 0.37402873125 0.45567033125
0 0.3836157109375 0.4590790359375 0.3890939859375 0.4590790359375 0.3890939859375 0.4410616 0.3836157109375 0.4410616 0.3836157109375 0.4590790359375
0 0.3791417875 0.454209459375 0.3836157109375 0.454209459375 0.3836157109375 0.43408187187499997 0.3791417875 0.43408187187499997 0.3791417875 0.454209459375
0 0.42853756406250004 0.42629054843749997 0.4320984421875 0.42629054843749997 0.4320984421875 0.4032412140625 0.42853756406250004 0.4032412140625 0.42853756406250004 0.42629054843749997
0 0.4459767375 0.40356585312500004 0.44908109375 0.40356585312500004 0.44908109375 0.383113628125 0.4459767375 0.383113628125 0.4459767375 0.40356585312500004
0 0.45291588593750004 0.40664991875 0.4568419828125 0.40664991875 0.4568419828125 0.3865223328125 0.45291588593750004 0.3865223328125 0.45291588593750004 0.40664991875
0 0.43812454375 0.41249341250000005 0.44186803125 0.41249341250000005 0.44186803125 0.39041799374999997 0.43812454375 0.39041799374999997 0.43812454375 0.41249341250000005
0 0.4146592671875 0.40291657656249996 0.4187679734375 0.40291657656249996 0.4187679734375 0.3837629046875 0.4146592671875 0.3837629046875 0.4146592671875 0.40291657656249996
0 0.40799403281249996 0.40567600312499996 0.410367953125 0.40567600312499996 0.410367953125 0.39837163750000004 0.40799403281249996 0.39837163750000004 0.40799403281249996 0.40567600312499996
0 0.40552880937499997 0.421907928125 0.4095462109375 0.421907928125 0.4095462109375 0.40275425625 0.40552880937499997 0.40275425625 0.40552880937499997 0.421907928125
0 0.39548530625 0.4301862109375 0.3984983578125 0.4301862109375 0.3984983578125 0.4142789234375 0.39548530625 0.4142789234375 0.39548530625 0.4301862109375
0 0.39785922500000004 0.4404123234375 0.40151140781250005 0.4404123234375 0.40151140781250005 0.4204470546875 0.39785922500000004 0.4204470546875 0.39785922500000004 0.4404123234375
0 0.402150540625 0.4368412984375 0.4063505515625 0.4368412984375 0.4063505515625 0.4181745859375 0.402150540625 0.4181745859375 0.402150540625 0.4368412984375
0 0.3920157328125 0.40421513124999997 0.39621574375 0.40421513124999997 0.39621574375 0.389119440625 0.3920157328125 0.389119440625 0.3920157328125 0.40421513124999997
0 0.3882722453125 0.40421513124999997 0.39274616875 0.40421513124999997 0.39274616875 0.3936643796875 0.3882722453125 0.3936643796875 0.3882722453125 0.40421513124999997
0 0.414476659375 0.42726446406249996 0.41831145000000003 0.42726446406249996 0.41831145000000003 0.40681223906249997 0.414476659375 0.40681223906249997 0.414476659375 0.42726446406249996
0 0.41977232343750004 0.4194731390625 0.42296798437499994 0.4194731390625 0.42296798437499994 0.39837163750000004 0.41977232343750004 0.39837163750000004 0.41977232343750004 0.4194731390625
0 0.46022025156249996 0.4139542859375 0.4625941703125 0.4139542859375 0.4625941703125 0.3978846796875 0.46022025156249996 0.3978846796875 0.46022025156249996 0.4139542859375
0 0.46100780468749997 0.4806484015625 0.46543037031249995 0.4806484015625 0.46543037031249995 0.4563005140625 0.46100780468749997 0.4563005140625 0.46100780468749997 0.4806484015625
0 0.47213554999999996 0.47608317343750006 0.477556759375 0.47608317343750006 0.477556759375 0.44818455156250003 0.47213554999999996 0.44818455156250003 0.47213554999999996 0.47608317343750006
0 0.45983906250000006 0.37102426875 0.4629945484375 0.37102426875 0.4629945484375 0.352325090625 0.45983906250000006 0.352325090625 0.45983906250000006 0.37102426875
0 0.465799425 0.35326005 0.4629945484375 0.35326005 0.4629945484375 0.37320583906250004 0.465799425 0.37320583906250004 0.465799425 0.35326005
0 0.499858503125 0.8352671203125 0.509610884375 0.8352671203125 0.509610884375 0.7807776265624999 0.499858503125 0.7807776265624999 0.499858503125 0.8352671203125
0 0.5908654140625 0.7597589234375 0.6044630203125 0.7597589234375 0.6044630203125 0.722507925 0.5908654140625 0.722507925 0.5908654140625 0.7597589234375
0 0.523769034375 0.7054675734375 0.5320167625 0.7054675734375 0.5320167625 0.661875978125 0.523769034375 0.661875978125 0.523769034375 0.7054675734375
0 0.5293418234375 0.6587056812500001 0.5369208171875 0.6587056812500001 0.5369208171875 0.6202658203125 0.5293418234375 0.6202658203125 0.5293418234375 0.6587056812500001
0 0.5077194015625001 0.636513596875 0.5157442171875 0.636513596875 0.5157442171875 0.60362175625 0.5077194015625001 0.60362175625 0.5077194015625001 0.636513596875
0 0.5309022046874999 0.6202658203125 0.5369208171875 0.6202658203125 0.5369208171875 0.6071883421875001 0.5309022046874999 0.6071883421875001 0.5309022046874999 0.6202658203125
0 0.5612181765625001 0.625813840625 0.56924299375 0.625813840625 0.56924299375 0.5889591296875001 0.5612181765625001 0.5889591296875001 0.5612181765625001 0.625813840625
0 0.5379384078125 0.604773296875 0.54564223125 0.604773296875 0.54564223125 0.566729721875 0.5379384078125 0.566729721875 0.5379384078125 0.604773296875
0 0.5276666421875 0.537055734375 0.5276666421875 0.5745920609375 0.5345144859375 0.5745920609375 0.5345144859375 0.5581065125 0.5345144859375 0.537055734375 0.5276666421875 0.537055734375
0 0.5375104171875 0.566729721875 0.5449289140625 0.566729721875 0.5449289140625 0.5449180734375 0.5375104171875 0.5449180734375 0.5375104171875 0.566729721875
0 0.5323745343749999 0.5801717859375 0.5395077046875 0.5801717859375 0.5395077046875 0.5581065125 0.5323745343749999 0.5581065125 0.5323745343749999 0.5801717859375
0 0.497564665625 0.5094107375 0.50412718125 0.5094107375 0.50412718125 0.4815121171875 0.497564665625 0.4815121171875 0.497564665625 0.5094107375
0 0.5196774921875 0.5241209203125 0.5268106625 0.5241209203125 0.5268106625 0.4957150515625 0.5196774921875 0.4957150515625 0.5196774921875 0.5241209203125
0 0.5096910546875 0.529193396875 0.515397590625 0.529193396875 0.515397590625 0.4992657859375 0.5096910546875 0.4992657859375 0.5096910546875 0.529193396875
0 0.5082644203125 0.4992657859375 0.5129723125 0.4992657859375 0.5129723125 0.47973675 0.5082644203125 0.47973675 0.5082644203125 0.4992657859375
0 0.514398946875 0.51346871875 0.5196774921875 0.51346871875 0.5196774921875 0.48379473125 0.514398946875 0.48379473125 0.514398946875 0.51346871875
0 0.52581201875 0.5139759671874999 0.5315185546875 0.5139759671874999 0.5315185546875 0.48785271249999995 0.52581201875 0.48785271249999995 0.52581201875 0.5139759671874999
0 0.5275239796875 0.49292518906250005 0.5315185546875 0.49292518906250005 0.5315185546875 0.477707759375 0.5275239796875 0.477707759375 0.5275239796875 0.49292518906250005
0 0.52295875 0.4949541796875 0.5280946328125 0.4949541796875 0.5280946328125 0.473903403125 0.52295875 0.473903403125 0.52295875 0.4949541796875
0 0.571892296875 0.4969831703125 0.571892296875 0.5045299812499999 0.571892296875 0.5241209203125 0.5767428531250001 0.5241209203125 0.5767428531250001 0.4969831703125 0.571892296875 0.4969831703125
0 0.6014312 0.6223010796875 0.607594259375 0.6223010796875 0.607594259375 0.5876053406249999 0.6014312 0.5876053406249999 0.6014312 0.6223010796875
0 0.592757265625 0.571576315625 0.5964094484375 0.571576315625 0.5964094484375 0.54905451875 0.592757265625 0.54905451875 0.592757265625 0.571576315625
0 0.4893974984375 0.397775434375 0.495960015625 0.397775434375 0.495960015625 0.3706376859375 0.4893974984375 0.3706376859375 0.4893974984375 0.397775434375
0 0.4928214203125 0.35516663125000003 0.49867062031250003 0.35516663125000003 0.49867062031250003 0.3325941109375 0.4928214203125 0.3325941109375 0.4928214203125 0.35516663125000003
0 0.634979053125 0.133412615625 0.6370334062499999 0.133412615625 0.6370334062499999 0.125296653125 0.634979053125 0.125296653125 0.634979053125 0.133412615625
0 0.6171746609375 0.15552861406250001 0.61808770625 0.15552861406250001 0.61808770625 0.14639815625000002 0.6171746609375 0.14639815625000002 0.6171746609375 0.15552861406250001
0 0.6202561890625 0.1472097515625 0.61808770625 0.1472097515625 0.61808770625 0.1526880265625 0.6202561890625 0.1526880265625 0.6202561890625 0.1472097515625
0 0.6217398890625 0.1486300453125 0.6202561890625 0.1486300453125 0.6202561890625 0.152282228125 0.6217398890625 0.152282228125 0.6217398890625 0.1486300453125
0 0.5831419484375 0.12038370625000001 0.61195995625 0.12038370625000001 0.61195995625 0.092992334375 0.5831419484375 0.092992334375 0.5831419484375 0.12038370625000001
0 0.67893773125 0.1589801359375 0.6826826453125 0.1589801359375 0.6826826453125 0.1491522125 0.67893773125 0.1491522125 0.67893773125 0.1589801359375
0 0.6880325218750001 0.16532073125 0.6917774359375 0.16532073125 0.6917774359375 0.15359062968749998 0.6880325218750001 0.15359062968749998 0.6880325218750001 0.16532073125
0 0.7837872671875 0.2448459953125 0.7891371453125 0.2448459953125 0.7891371453125 0.2278056453125 0.7837872671875 0.2278056453125 0.7837872671875 0.2448459953125
0 0.7808894171875 0.21195415624999997 0.7831185328125 0.21195415624999997 0.7831185328125 0.19966925156249998 0.7808894171875 0.19966925156249998 0.7808894171875 0.21195415624999997
0 0.772418778125 0.21987990000000002 0.7744249812499999 0.21987990000000002 0.7744249812499999 0.2056135609375 0.772418778125 0.2056135609375 0.772418778125 0.21987990000000002
0 0.7759853624999999 0.21670960312499998 0.7788832125 0.21670960312499998 0.7788832125 0.2016506875 0.7759853624999999 0.2016506875 0.7759853624999999 0.21670960312499998
0 0.8252488187499999 0.2365239640625 0.8270321109375001 0.2365239640625 0.8270321109375001 0.2222576234375 0.8252488187499999 0.2222576234375 0.8252488187499999 0.2365239640625
0 0.8292612265624999 0.24246827343750002 0.833273634375 0.24246827343750002 0.833273634375 0.2238427734375 0.8292612265624999 0.2238427734375 0.8292612265624999 0.24246827343750002
0 0.7971619609375 0.1992729640625 0.7996139890625 0.1992729640625 0.7996139890625 0.18540291250000002 0.7971619609375 0.18540291250000002 0.7971619609375 0.1992729640625
0 0.7922579062499999 0.2361276765625 0.7967161375 0.2361276765625 0.7967161375 0.2210687625 0.7922579062499999 0.2210687625 0.7922579062499999 0.2361276765625
0 0.8173274328125 0.25371331874999997 0.820979615625 0.25371331874999997 0.820979615625 0.239510384375 0.8173274328125 0.239510384375 0.8173274328125 0.25371331874999997
0 0.8390122703125 0.250264034375 0.8424361921875001 0.250264034375 0.8424361921875001 0.2372784953125 0.8390122703125 0.2372784953125 0.8390122703125 0.250264034375
0 0.740567390625 0.1572792 0.7649913640625 0.1572792 0.7649913640625 0.139221184375 0.740567390625 0.139221184375 0.740567390625 0.1572792
0 0.8222513203125 0.1861821578125 0.8411542203125 0.1861821578125 0.8411542203125 0.1639900734375 0.8222513203125 0.1639900734375 0.8222513203125 0.1861821578125
0 0.8484657203125 0.20076552812499998 0.874501790625 0.20076552812499998 0.874501790625 0.177939384375 0.8484657203125 0.177939384375 0.8484657203125 0.20076552812499998
0 0.9064227265625 0.2207384046875 0.9090976656249999 0.2207384046875 0.9090976656249999 0.20995939218749998 0.9064227265625 0.20995939218749998 0.9064227265625 0.2207384046875
0 0.893939678125 0.2153488984375 0.896792946875 0.2153488984375 0.896792946875 0.20425285624999998 0.893939678125 0.20425285624999998 0.893939678125 0.2153488984375
0 0.8841315703125 0.20964236249999998 0.8855582046875 0.20964236249999998 0.8855582046875 0.199497409375 0.8841315703125 0.199497409375 0.8841315703125 0.20964236249999998
0 0.887341496875 0.2105934515625 0.88983810625 0.2105934515625 0.88983810625 0.1991803796875 0.887341496875 0.1991803796875 0.887341496875 0.2105934515625
0 0.9210457249999999 0.22707899999999998 0.9370953578125001 0.22707899999999998 0.9370953578125001 0.21598295781250001 0.9210457249999999 0.21598295781250001 0.9210457249999999 0.22707899999999998
0 0.850003809375 0.26374349375 0.850003809375 0.2708449609375 0.8511451171875001 0.2708449609375 0.8511451171875001 0.2667869796875 0.8511451171875001 0.26374349375 0.850003809375 0.26374349375
0 0.8452959171875 0.30711316875 0.850003809375 0.30711316875 0.850003809375 0.288852253125 0.8452959171875 0.288852253125 0.8452959171875 0.30711316875
0 0.8696913593750001 0.32055523125 0.873828596875 0.32055523125 0.873828596875 0.3030551875 0.8696913593750001 0.3030551875 0.8696913593750001 0.32055523125
0 0.9164849546875 0.36899738125 0.9206221937500001 0.36899738125 0.9206221937500001 0.344142246875 0.9164849546875 0.344142246875 0.9164849546875 0.36899738125
0 0.9273273734374999 0.34997559375 0.9304659687499999 0.34997559375 0.9304659687499999 0.3314610546875 0.9273273734374999 0.3314610546875 0.9273273734374999 0.34997559375
0 0.9019332875 0.3296856890625 0.9030745953125001 0.3296856890625 0.9030745953125001 0.31218564375 0.9019332875 0.31218564375 0.9019332875 0.3296856890625
0 0.9042159015625 0.333236421875 0.9072118328125001 0.333236421875 0.9072118328125001 0.31497550625000004 0.9042159015625 0.31497550625000004 0.9042159015625 0.333236421875
0 0.886668303125 0.3175117453125 0.889521571875 0.3175117453125 0.889521571875 0.29493922499999997 0.886668303125 0.29493922499999997 0.886668303125 0.3175117453125
0 0.8821030750000001 0.314468259375 0.8853843328125001 0.314468259375 0.8853843328125001 0.29341748125 0.8821030750000001 0.29341748125 0.8821030750000001 0.314468259375
0 0.652556190625 0.686109871875 0.6595221765625 0.686109871875 0.6595221765625 0.6430136359375 0.652556190625 0.6430136359375 0.652556190625 0.686109871875
0 0.6664881625 0.6430136359375 0.6595221765625 0.6430136359375 0.6595221765625 0.6831377171875 0.6664881625 0.6831377171875 0.6664881625 0.6430136359375
0 0.73503346875 0.63459253125 0.7467363265625 0.63459253125 0.7467363265625 0.5890195015625 0.73503346875 0.5890195015625 0.73503346875 0.63459253125
0 0.767355646875 0.68115628125 0.7768293875000001 0.68115628125 0.7768293875000001 0.6425182765625 0.767355646875 0.6425182765625 0.767355646875 0.68115628125
0 0.8035787750000001 0.698493846875 0.812773878125 0.698493846875 0.812773878125 0.658369765625 0.8035787750000001 0.658369765625 0.8035787750000001 0.698493846875
0 0.82670585 0.7277200296874999 0.8361795921875 0.7277200296874999 0.8361795921875 0.6791748453124999 0.82670585 0.6791748453124999 0.82670585 0.7277200296874999
0 0.8545309609375 0.7577162640624999 0.8636257531249999 0.7577162640624999 0.8636257531249999 0.713649125 0.8545309609375 0.713649125 0.8545309609375 0.7577162640624999
0 0.849002753125 0.7193556609375 0.85595759375 0.7193556609375 0.85595759375 0.6844823843750001 0.849002753125 0.6844823843750001 0.849002753125 0.7193556609375
0 0.840621278125 0.7142831843749999 0.8472194609375 0.7142831843749999 0.8472194609375 0.676556640625 0.840621278125 0.676556640625 0.840621278125 0.7142831843749999
0 0.8598808375000001 0.66514356875 0.8679056546874999 0.66514356875 0.8679056546874999 0.6277340546875 0.8598808375000001 0.6277340546875 0.8598808375000001 0.66514356875
0 0.8447228515624999 0.655632675 0.8534609859375 0.655632675 0.8534609859375 0.614418803125 0.8447228515624999 0.614418803125 0.8447228515624999 0.655632675
0 0.6726754828125 0.5976513640625 0.680878628125 0.5976513640625 0.680878628125 0.56309511875 0.6726754828125 0.56309511875 0.6726754828125 0.5976513640625
0 0.6330863890625 0.6182583 0.6386145953125 0.6182583 0.6386145953125 0.581799875 0.6330863890625 0.581799875 0.6330863890625 0.6182583
0 0.6373662906249999 0.6011386921875 0.64378614375 0.6011386921875 0.64378614375 0.5729230421875 0.6373662906249999 0.5729230421875 0.6373662906249999 0.6011386921875
0 0.6880117984375 0.5288559015625001 0.6955016265625 0.5288559015625001 0.6955016265625 0.5006402515625 0.6880117984375 0.5006402515625 0.6880117984375 0.5288559015625001
0 0.676955384375 0.5145895625 0.6824835921875 0.5145895625 0.6824835921875 0.48415470312500003 0.676955384375 0.48415470312500003 0.676955384375 0.5145895625
0 0.6667906171875 0.5180768890625 0.6716055078125 0.5180768890625 0.6716055078125 0.48922717968749996 0.6667906171875 0.48922717968749996 0.6667906171875 0.5180768890625
0 0.50485241875 0.45634145468750004 0.51162893125 0.45634145468750004 0.51162893125 0.426857684375 0.50485241875 0.426857684375 0.50485241875 0.45634145468750004
0 0.5144821984375 0.46363313906250003 0.5200104046875 0.46363313906250003 0.5200104046875 0.43351531093749995 0.5144821984375 0.43351531093749995 0.5144821984375 0.46363313906250003
0 0.531958465625 0.459194721875 0.5357033796875 0.459194721875 0.5357033796875 0.43414936875 0.531958465625 0.43414936875 0.531958465625 0.459194721875
0 0.535881709375 0.463316109375 0.535881709375 0.4918487890625 0.540874928125 0.4918487890625 0.540874928125 0.46775452656249994 0.540874928125 0.463316109375 0.535881709375 0.463316109375
0 0.5487214140625001 0.486142253125 0.5521096703125 0.486142253125 0.5521096703125 0.463316109375 0.5487214140625001 0.463316109375 0.5487214140625001 0.486142253125
0 0.5440848546875 0.4899466109375 0.5471164515625 0.4899466109375 0.5471164515625 0.4690226453125 0.5440848546875 0.4690226453125 0.5440848546875 0.4899466109375
0 0.5390916359375 0.4899466109375 0.5440848546875 0.4899466109375 0.5440848546875 0.46712046718750005 0.5390916359375 0.46712046718750005 0.5390916359375 0.4899466109375
0 0.5884888375 0.45887769218749996 0.5920554234375001 0.45887769218749996 0.5920554234375001 0.4366856078125 0.5884888375 0.4366856078125 0.5884888375 0.45887769218749996
0 0.58296063125 0.50706621875 0.5872405328125 0.50706621875 0.5872405328125 0.49343393906250005 0.58296063125 0.49343393906250005 0.58296063125 0.50706621875
0 0.586883875 0.50294483125 0.58296063125 0.50294483125 0.58296063125 0.5238687984375 0.586883875 0.5238687984375 0.586883875 0.50294483125
0 0.555319596875 0.5045299812499999 0.5622744375 0.5045299812499999 0.5622744375 0.4725099734375 0.555319596875 0.4725099734375 0.555319596875 0.5045299812499999
0 0.5556762562500001 0.46807155624999996 0.5633444140625 0.46807155624999996 0.5633444140625 0.451268978125 0.5556762562500001 0.451268978125 0.5556762562500001 0.46807155624999996
0 0.5617394499999999 0.4370026375 0.5617394499999999 0.46268205 0.56619768125 0.46268205 0.567089328125 0.46268205 0.567089328125 0.4370026375 0.5617394499999999 0.4370026375
0 0.5717258890625 0.4702907640625 0.5640577312499999 0.4702907640625 0.5640577312499999 0.5080173078125 0.5717258890625 0.5080173078125 0.5717258890625 0.4702907640625
0 0.5367733546875 0.44651353125000004 0.5415882453124999 0.44651353125000004 0.5415882453124999 0.4205170890625 0.5367733546875 0.4205170890625 0.5367733546875 0.44651353125000004
0 0.5323151234375 0.43224719062499994 0.5367733546875 0.43224719062499994 0.5367733546875 0.41829788125 0.5323151234375 0.41829788125 0.5323151234375 0.43224719062499994
0 0.5733308515625 0.45792660312500005 0.579394046875 0.45792660312500005 0.579394046875 0.43097907187500006 0.5733308515625 0.43097907187500006 0.5733308515625 0.45792660312500005
0 0.556962321875 0.4335777390625 0.5593581546874999 0.4335777390625 0.5593581546874999 0.4156057515625 0.556962321875 0.4156057515625 0.556962321875 0.4335777390625
0 0.5538068359375 0.44853708125 0.5573129328124999 0.44853708125 0.5573129328124999 0.4326427796875 0.5538068359375 0.4326427796875 0.5538068359375 0.44853708125
0 0.5498332609375 0.4279679859375 0.5557351890625 0.4279679859375 0.5557351890625 0.4105154203125 0.5498332609375 0.4105154203125 0.5498332609375 0.4279679859375
0 0.5284557359375001 0.405080496875 0.533660096875 0.405080496875 0.533660096875 0.38186884375 0.5284557359375001 0.38186884375 0.5284557359375001 0.405080496875
0 0.507729596875 0.417741396875 0.512477434375 0.417741396875 0.512477434375 0.39712685312499996 0.507729596875 0.39712685312499996 0.507729596875 0.417741396875
0 0.5170426640625 0.43056461874999996 0.520329628125 0.43056461874999996 0.520329628125 0.4148196515625 0.5170426640625 0.4148196515625 0.5170426640625 0.43056461874999996
0 0.5050817640624999 0.40004860000000003 0.5086426421875 0.40004860000000003 0.5086426421875 0.37975869375000004 0.5050817640624999 0.37975869375000004 0.5050817640624999 0.40004860000000003
0 0.5156730953124999 0.40167179218750004 0.5202383234375 0.40167179218750004 0.5202383234375 0.3843036328125 0.5156730953124999 0.3843036328125 0.5156730953124999 0.40167179218750004
0 0.512842653125 0.40361962343749996 0.51676875 0.40361962343749996 0.51676875 0.38819929375 0.512842653125 0.38819929375 0.512842653125 0.40361962343749996
0 0.5081462984375 0.3765148859375 0.5100162171875 0.3765148859375 0.5100162171875 0.37044804062500003 0.5081462984375 0.37044804062500003 0.5081462984375 0.3765148859375
0 0.5104369484375 0.37784460468750003 0.514457271875 0.37784460468750003 0.514457271875 0.3640487671875 0.5104369484375 0.3640487671875 0.5104369484375 0.37784460468750003
0 0.527663371875 0.38040965937500004 0.5305266828125 0.38040965937500004 0.5305266828125 0.369397921875 0.527663371875 0.369397921875 0.527663371875 0.38040965937500004
0 0.5209433546875 0.3767737078125 0.524098840625 0.3767737078125 0.524098840625 0.36264544062500004 0.5209433546875 0.36264544062500004 0.5209433546875 0.3767737078125
0 0.50300383125 0.35080262812499996 0.505224359375 0.35080262812499996 0.505224359375 0.33428502187500003 0.50300383125 0.33428502187500003 0.50300383125 0.35080262812499996
0 0.5105419375 0.3369860140625 0.5105419375 0.3612949453125 0.53794791875 0.3612949453125 0.53794791875 0.3369860140625 0.5259103234375 0.3369860140625 0.5105419375 0.3369860140625
0 0.5418799859375001 0.3965226859375 0.54626260625 0.3965226859375 0.54626260625 0.37397978906249996 0.5418799859375001 0.37397978906249996 0.5418799859375001 0.3965226859375
0 0.537380496875 0.3973537609375 0.5414125078125 0.3973537609375 0.5414125078125 0.376992434375 0.537380496875 0.376992434375 0.537380496875 0.3973537609375
0 0.5451085171875001 0.372031959375 0.5655607421875 0.372031959375 0.5655607421875 0.3385812078125 0.5451085171875001 0.3385812078125 0.5451085171875001 0.372031959375
0 0.56870161875 0.36076294531249997 0.5908429796875 0.36076294531249997 0.5908429796875 0.33154547968750003 0.56870161875 0.33154547968750003 0.56870161875 0.36076294531249997
0 0.5715548874999999 0.41409942656250004 0.575294721875 0.41409942656250004 0.575294721875 0.394257521875 0.5715548874999999 0.394257521875 0.5715548874999999 0.41409942656250004
0 0.574593503125 0.4084896734375 0.5784502093749999 0.4084896734375 0.5784502093749999 0.3811680984375 0.574593503125 0.3811680984375 0.574593503125 0.4084896734375
0 0.5684578359375 0.40173719218750004 0.5734832390625 0.40173719218750004 0.5734832390625 0.3810642140625 0.5684578359375 0.3810642140625 0.5684578359375 0.40173719218750004
0 0.77310876875 0.5007346453125 0.7800707421874999 0.5007346453125 0.7800707421874999 0.47800995 0.77310876875 0.47800995 0.77310876875 0.5007346453125
0 0.7187825453125 0.46887949375 0.724032559375 0.46887949375 0.724032559375 0.451835971875 0.7187825453125 0.451835971875 0.7187825453125 0.46887949375
0 0.6897621328125 0.374322228125 0.6897621328125 0.3966191984375 0.6897621328125 0.397148371875 0.6945770234374999 0.397148371875 0.6945770234374999 0.374322228125 0.6897621328125 0.374322228125
0 0.7223963859375 0.3889055984375 0.7288162390624999 0.3889055984375 0.7288162390624999 0.366079453125 0.7223963859375 0.366079453125 0.7223963859375 0.3889055984375
0 0.7168681796875 0.3987335203125 0.721504740625 0.3987335203125 0.721504740625 0.38953965625000003 0.7168681796875 0.38953965625000003 0.7168681796875 0.3987335203125
0 0.7139692796875 0.4161128953125 0.7171013921875 0.4161128953125 0.7171013921875 0.3955853546875 0.7139692796875 0.3955853546875 0.7139692796875 0.4161128953125
0 0.7178026125 0.412539275 0.7203737484375 0.412539275 0.7203737484375 0.3962502140625 0.7178026125 0.3962502140625 0.7178026125 0.412539275
0 0.7152782234374999 0.44104513125 0.7191583015624999 0.44104513125 0.7191583015624999 0.41386899374999997 0.7152782234374999 0.41386899374999997 0.7152782234374999 0.44104513125
0 0.7200932609375 0.4412944546875 0.7232253734375 0.4412944546875 0.7232253734375 0.41511560625 0.7200932609375 0.41511560625 0.7200932609375 0.4412944546875
0 0.72359935625 0.44004784218750004 0.7279001671875001 0.44004784218750004 0.7279001671875001 0.4042285296875 0.72359935625 0.4042285296875 0.72359935625 0.44004784218750004
0 0.695220525 0.45313226718750005 0.6989603609375 0.45313226718750005 0.6989603609375 0.4234213515625 0.695220525 0.4234213515625 0.695220525 0.45313226718750005
0 0.68937703125 0.4515740015625 0.6941102609375001 0.4515740015625 0.6941102609375001 0.4193698640625 0.68937703125 0.4193698640625 0.68937703125 0.4515740015625
0 0.7003627984375 0.4279922625 0.70614785625 0.4279922625 0.70614785625 0.39859300000000003 0.7003627984375 0.39859300000000003 0.7003627984375 0.4279922625
0 0.69562956875 0.42217474062499993 0.6993694046875001 0.42217474062499993 0.6993694046875001 0.40181341406250004 0.69562956875 0.40181341406250004 0.69562956875 0.42217474062499993
0 0.6899613812500001 0.421343665625 0.6948114796875 0.421343665625 0.6948114796875 0.3998396125 0.6899613812500001 0.3998396125 0.6899613812500001 0.421343665625
0 0.68071770625 0.46297530625 0.685684675 0.46297530625 0.685684675 0.43492654062499997 0.68071770625 0.43492654062499997 0.68071770625 0.46297530625
0 0.6775768281250001 0.43492654062499997 0.682982059375 0.43492654062499997 0.682982059375 0.41337054375 0.6775768281250001 0.41337054375 0.6775768281250001 0.43492654062499997
0 0.663515353125 0.4343472640625 0.667258840625 0.4343472640625 0.667258840625 0.410486334375 0.663515353125 0.410486334375 0.663515353125 0.4343472640625
0 0.7003067140625 0.38350445624999996 0.7062086421875 0.38350445624999996 0.7062086421875 0.3628314765625 0.7003067140625 0.3628314765625 0.7003067140625 0.38350445624999996
0 0.6976771421875 0.39859300000000003 0.701826021875 0.39859300000000003 0.701826021875 0.38288115 0.6976771421875 0.38288115 0.6976771421875 0.39859300000000003
0 0.6871588546875 0.3725966015625 0.6897299921875 0.3725966015625 0.6897299921875 0.358260565625 0.6871588546875 0.358260565625 0.6871588546875 0.3725966015625
0 0.6892625125 0.3731160234375 0.692885478125 0.3731160234375 0.692885478125 0.3571178390625 0.6892625125 0.3571178390625 0.6892625125 0.3731160234375
0 0.6714398593750001 0.37498594218750003 0.6750043890625 0.37498594218750003 0.6750043890625 0.36054602187499996 0.6714398593750001 0.36054602187499996 0.6714398593750001 0.37498594218750003
0 0.6792117046875 0.3629353609375 0.67605621875 0.3629353609375 0.67605621875 0.3750898265625 0.6792117046875 0.3750898265625 0.6792117046875 0.3629353609375
0 0.763029759375 0.4628582578125 0.7573232234375 0.4628582578125 0.7573232234375 0.49684385156250005 0.763029759375 0.49684385156250005 0.763029759375 0.4628582578125
0 0.7671669984375 0.45601041562500005 0.7594631749999999 0.45601041562500005 0.7594631749999999 0.4905032546875 0.7671669984375 0.4905032546875 0.7671669984375 0.45601041562500005
0 0.7638857406249999 0.4567712859375 0.76930695 0.4567712859375 0.76930695 0.4400321140625 0.7638857406249999 0.4400321140625 0.7638857406249999 0.4567712859375
0 0.6938380109375 0.48619165000000003 0.6998298734375 0.48619165000000003 0.6998298734375 0.46590174375000004 0.6938380109375 0.46590174375000004 0.6938380109375 0.48619165000000003
0 0.7023978140625 0.4798510546875 0.7063923890625 0.4798510546875 0.7063923890625 0.453981425 0.7023978140625 0.453981425 0.7023978140625 0.4798510546875
0 0.7082470140625 0.45651766250000003 0.71110028125 0.45651766250000003 0.71110028125 0.445104590625 0.7082470140625 0.445104590625 0.7082470140625 0.45651766250000003
0 0.712526915625 0.445104590625 0.70910299375 0.445104590625 0.70910299375 0.476300321875 0.712526915625 0.476300321875 0.712526915625 0.445104590625
0 0.6458236953125 0.52850249375 0.6498182703125 0.52850249375 0.6498182703125 0.50567635 0.6458236953125 0.50567635 0.6458236953125 0.52850249375
0 0.6408304765625 0.5297706140625 0.644539725 0.5297706140625 0.644539725 0.5051691015625 0.6408304765625 0.5051691015625 0.6408304765625 0.5297706140625
0 0.629274740625 0.5706040484375 0.6325559984375 0.5706040484375 0.6325559984375 0.550821390625 0.629274740625 0.550821390625 0.629274740625 0.5706040484375
0 0.6152937265625 0.55031414375 0.6219989078125 0.55031414375 0.6219989078125 0.5115096984374999 0.6152937265625 0.5115096984374999 0.6152937265625 0.55031414375
0 0.59803145625 0.53661845625 0.6024540218750001 0.53661845625 0.6024540218750001 0.5099879546875 0.59803145625 0.5099879546875 0.59803145625 0.53661845625
0 0.5938942171875 0.5099879546875 0.5988874359375 0.5099879546875 0.5988874359375 0.48817630625 0.5938942171875 0.48817630625 0.5938942171875 0.5099879546875
0 0.60017140625 0.50161836875 0.60602060625 0.50161836875 0.60602060625 0.46408204375000006 0.60017140625 0.46408204375000006 0.60017140625 0.50161836875
0 0.634267959375 0.46915451875 0.6379772078125 0.46915451875 0.6379772078125 0.4488646140625 0.634267959375 0.4488646140625 0.634267959375 0.46915451875
0 0.6395889484375 0.4796678609375 0.6463454859375 0.4796678609375 0.6463454859375 0.45613157031249996 0.6395889484375 0.45613157031249996 0.6395889484375 0.4796678609375
0 0.6499976703125 0.4981722546875 0.6555672484375 0.4981722546875 0.6555672484375 0.48112873437500003 0.6499976703125 0.48112873437500003 0.6499976703125 0.4981722546875
0 0.6409585171875001 0.5030418328125 0.648536796875 0.5030418328125 0.648536796875 0.4848620765625 0.6409585171875001 0.4848620765625 0.6409585171875001 0.5030418328125
0 0.624158475 0.5043403859375 0.6301845765625 0.5043403859375 0.6301845765625 0.48177801093749995 0.624158475 0.48177801093749995 0.624158475 0.5043403859375
0 0.6320106671875 0.5041780671875 0.6386759015625 0.5041780671875 0.6386759015625 0.485511353125 0.6320106671875 0.485511353125 0.6320106671875 0.5041780671875
0 0.6384932921875001 0.5048273437499999 0.6310063171875 0.5048273437499999 0.6310063171875 0.5272274 0.6384932921875001 0.5272274 0.6384932921875001 0.5048273437499999
0 0.5971216703125 0.421713421875 0.6018010312500001 0.421713421875 0.6018010312500001 0.40791628593749996 0.5971216703125 0.40791628593749996 0.5971216703125 0.421713421875
0 0.594382534375 0.4507279875 0.5978064546875 0.4507279875 0.5978064546875 0.423133715625 0.594382534375 0.423133715625 0.594382534375 0.4507279875
0 0.5973499328125 0.3985829296875 0.602371684375 0.3985829296875 0.602371684375 0.3762640328125 0.5973499328125 0.3762640328125 0.5973499328125 0.3985829296875
0 0.6160584890624999 0.4426722734375 0.6193397468749999 0.4426722734375 0.6193397468749999 0.4256794765625 0.6160584890624999 0.4256794765625 0.6160584890624999 0.4426722734375
0 0.6207663812499999 0.4373461734375 0.6260449265625 0.4373461734375 0.6260449265625 0.40995480000000006 0.6207663812499999 0.40995480000000006 0.6207663812499999 0.4373461734375
0 0.6276142250000001 0.449773740625 0.6323221171875 0.449773740625 0.6323221171875 0.42060700000000006 0.6276142250000001 0.42060700000000006 0.6276142250000001 0.449773740625
0 0.5792909921875 0.42980542968749996 0.5841849171875 0.42980542968749996 0.5841849171875 0.4088987109375 0.5792909921875 0.4088987109375 0.5792909921875 0.42980542968749996
0 0.6060837484375 0.40572080312500003 0.6456015109375 0.40572080312500003 0.6456015109375 0.35220617656250003 0.6060837484375 0.35220617656250003 0.6060837484375 0.40572080312500003
0 0.6424629171875 0.43260492968750003 0.645316184375 0.43260492968750003 0.645316184375 0.410032409375 0.6424629171875 0.410032409375 0.6424629171875 0.43260492968750003
0 0.6390389953125 0.45340208281249994 0.6427482437500001 0.45340208281249994 0.6427482437500001 0.4407208921875 0.6390389953125 0.4407208921875 0.6390389953125 0.45340208281249994
0 0.6510489703125 0.479533453125 0.655066371875 0.479533453125 0.655066371875 0.462262684375 0.6510489703125 0.462262684375 0.6510489703125 0.479533453125
0 0.6679951 0.48654564375 0.67296206875 0.48654564375 0.67296206875 0.45849687812499995 0.6679951 0.45849687812499995 0.6679951 0.48654564375
0 0.6563811578125 0.48355897031249995 0.6627359562499999 0.48355897031249995 0.6627359562499999 0.456678903125 0.6563811578125 0.456678903125 0.6563811578125 0.48355897031249995
0 0.659960296875 0.447589025 0.6646350921875 0.447589025 0.6646350921875 0.433175075 0.659960296875 0.433175075 0.659960296875 0.447589025
0 0.650099403125 0.46005514375 0.6527289749999999 0.46005514375 0.6527289749999999 0.4362916046875 0.650099403125 0.4362916046875 0.650099403125 0.46005514375
0 0.6538246296875 0.456678903125 0.65740376875 0.456678903125 0.65740376875 0.4338243515625 0.6538246296875 0.4338243515625 0.6538246296875 0.456678903125
0 0.66729885625 0.45652704375 0.6720067484375 0.45652704375 0.6720067484375 0.44054874218749995 0.66729885625 0.44054874218749995 0.66729885625 0.45652704375
0 0.673861371875 0.4042805359375 0.6775706203125 0.4042805359375 0.6775706203125 0.38652686875 0.673861371875 0.38652686875 0.673861371875 0.4042805359375
0 0.6645882515625 0.3791717765625 0.6675841828125 0.3791717765625 0.6675841828125 0.36623696250000004 0.6645882515625 0.36623696250000004 0.6645882515625 0.3791717765625
0 0.6645882515625 0.3981935640625 0.668868153125 0.3981935640625 0.668868153125 0.3791717765625 0.6645882515625 0.3791717765625 0.6645882515625 0.3981935640625
0 0.671864084375 0.389570353125 0.668868153125 0.389570353125 0.668868153125 0.40707039843750004 0.671864084375 0.40707039843750004 0.671864084375 0.389570353125
0 0.6605521609375 0.38061121875000004 0.6628895578125 0.38061121875000004 0.6628895578125 0.374585928125 0.6605521609375 0.374585928125 0.6605521609375 0.38061121875000004
0 0.656052671875 0.3900646921875 0.6593250281249999 0.3900646921875 0.6593250281249999 0.3781179953125 0.656052671875 0.3781179953125 0.656052671875 0.3900646921875
0 0.6535239625 0.36841311718749997 0.6562119703125 0.36841311718749997 0.6562119703125 0.3473246 0.6535239625 0.3473246 0.6535239625 0.36841311718749997
0 0.649900996875 0.3631150171875 0.6530564828125 0.3631150171875 0.6530564828125 0.3457663359375 0.649900996875 0.3457663359375 0.649900996875 0.3631150171875
0 0.6402007984375 0.353453775 0.6444081140625 0.353453775 0.6444081140625 0.3363128625 0.6402007984375 0.3363128625 0.6402007984375 0.353453775
0 0.626468590625 0.353765428125 0.6299162515625001 0.353765428125 0.6299162515625001 0.34026046718749997 0.626468590625 0.34026046718749997 0.626468590625 0.353765428125
0 0.6216769265625001 0.3577130328125 0.624890846875 0.3577130328125 0.624890846875 0.342338153125 0.6216769265625001 0.342338153125 0.6216769265625001 0.3577130328125
0 0.613963515625 0.35220617656250003 0.6188136140625 0.35220617656250003 0.6188136140625 0.3390138546875 0.613963515625 0.3390138546875 0.613963515625 0.35220617656250003
0 0.7101803921875 0.319828328125 0.7060716874999999 0.319828328125 0.7060716874999999 0.33524865625 0.7101803921875 0.33524865625 0.7101803921875 0.3338283640625 0.7101803921875 0.33240807031249997 0.7101803921875 0.319828328125
0 0.697283621875 0.3395095375 0.701164065625 0.3395095375 0.701164065625 0.3149587515625 0.697283621875 0.3149587515625 0.697283621875 0.3395095375
0 0.687810771875 0.34295882187500004 0.6913488234375 0.34295882187500004 0.6913488234375 0.3271326953125 0.687810771875 0.3271326953125 0.687810771875 0.34295882187500004
0 0.69522926875 0.32550950156249997 0.6920336078125 0.32550950156249997 0.6920336078125 0.3451907109375 0.69522926875 0.3451907109375 0.69522926875 0.32550950156249997
0 0.666125934375 0.3449878125 0.6711476859375 0.3449878125 0.6711476859375 0.32550950156249997 0.666125934375 0.32550950156249997 0.666125934375 0.3449878125
0 0.6598487453125 0.3437704171875 0.664870496875 0.3437704171875 0.664870496875 0.32449500625 0.6598487453125 0.32449500625 0.6598487453125 0.3437704171875
0 0.6805064046875 0.33707474843749996 0.6846151109374999 0.33707474843749996 0.6846151109374999 0.3180022375 0.6805064046875 0.3180022375 0.6805064046875 0.33707474843749996
0 0.6855281578125 0.3395095375 0.687810771875 0.3395095375 0.687810771875 0.3180022375 0.6855281578125 0.3180022375 0.6855281578125 0.3395095375
0 0.7196532421875 0.366079453125 0.72341955625 0.366079453125 0.72341955625 0.3453936109375 0.7196532421875 0.3453936109375 0.7196532421875 0.366079453125
0 0.715886928125 0.3632487265625 0.7196532421875 0.3632487265625 0.7196532421875 0.3478283984375 0.715886928125 0.3478283984375 0.715886928125 0.3632487265625
0 0.7081260406250001 0.3664951125 0.7121206156250001 0.3664951125 0.7121206156250001 0.3451907109375 0.7081260406250001 0.3451907109375 0.7081260406250001 0.3664951125
0 0.7043597265625 0.3664951125 0.7081260406250001 0.3664951125 0.7081260406250001 0.34904579375 0.7043597265625 0.34904579375 0.7043597265625 0.3664951125
0 0.7173706281250001 0.3453936109375 0.7219358578125 0.3453936109375 0.7219358578125 0.32956748281250003 0.7173706281250001 0.32956748281250003 0.7173706281250001 0.3453936109375
0 0.713490184375 0.3478283984375 0.715886928125 0.3478283984375 0.715886928125 0.33200227187500003 0.713490184375 0.33200227187500003 0.713490184375 0.3478283984375
0 0.709267346875 0.34640810625 0.713490184375 0.34640810625 0.713490184375 0.33321966718749996 0.709267346875 0.33321966718749996 0.709267346875 0.34640810625
0 0.711840353125 0.301764478125 0.716149928125 0.301764478125 0.716149928125 0.28215631406249997 0.711840353125 0.28215631406249997 0.711840353125 0.301764478125
0 0.6882472500000001 0.30799753750000003 0.691607259375 0.30799753750000003 0.691607259375 0.2931940234375 0.6882472500000001 0.2931940234375 0.6882472500000001 0.30799753750000003
0 0.664800234375 0.31500972968749996 0.6667724140625 0.31500972968749996 0.6667724140625 0.2941030109375 0.664800234375 0.2941030109375 0.664800234375 0.31500972968749996
0 0.6597602218749999 0.3134514640625 0.6639237109375 0.3134514640625 0.6639237109375 0.294232865625 0.6597602218749999 0.294232865625 0.6597602218749999 0.3134514640625
0 0.6469045375 0.30163462343749997 0.6469045375 0.31721727187500004 0.649899328125 0.31721727187500004 0.649899328125 0.3048810078125 0.649899328125 0.30163462343749997 0.6469045375 0.30163462343749997
0 0.644494096875 0.31721727187500004 0.6469045375 0.31721727187500004 0.6469045375 0.30254361093750004 0.644494096875 0.30254361093750004 0.644494096875 0.31721727187500004
0 0.6403306078125001 0.31851582500000003 0.644128878125 0.31851582500000003 0.644128878125 0.300985346875 0.6403306078125001 0.300985346875 0.6403306078125001 0.31851582500000003
0 0.6357288578125 0.31851582500000003 0.6403306078125001 0.31851582500000003 0.6403306078125001 0.30163462343749997 0.6357288578125 0.30163462343749997 0.6357288578125 0.31851582500000003
0 0.6297392765625001 0.32007409062500003 0.633829721875 0.32007409062500003 0.633829721875 0.300855490625 0.6297392765625001 0.300855490625 0.6297392765625001 0.32007409062500003
0 0.6677219812499999 0.31500972968749996 0.6714472078125 0.31500972968749996 0.6714472078125 0.30150476875 0.6677219812499999 0.30150476875 0.6677219812499999 0.31500972968749996
0 0.6507758515625001 0.315139584375 0.6531862921875 0.315139584375 0.6531862921875 0.3034525984375 0.6507758515625001 0.3034525984375 0.6507758515625001 0.315139584375
0 0.6531862921875 0.31851582500000003 0.6586645671875 0.31851582500000003 0.6586645671875 0.2989076609375 0.6531862921875 0.2989076609375 0.6531862921875 0.31851582500000003
0 0.6755376531249999 0.329423678125 0.6791167921875 0.329423678125 0.6791167921875 0.3050108640625 0.6755376531249999 0.3050108640625 0.6755376531249999 0.329423678125
0 0.680066359375 0.31215291093749997 0.68306115 0.31215291093749997 0.68306115 0.30241375625 0.680066359375 0.30241375625 0.680066359375 0.31215291093749997
0 0.69350639375 0.30799753750000003 0.6948211796875 0.30799753750000003 0.6948211796875 0.30020621406250003 0.69350639375 0.30020621406250003 0.69350639375 0.30799753750000003
0 0.6951863984375 0.30942594687499997 0.6982542328125 0.30942594687499997 0.6982542328125 0.2972195390625 0.6951863984375 0.2972195390625 0.6951863984375 0.30942594687499997
0 0.7068733843749999 0.31721727187500004 0.7109638281249999 0.31721727187500004 0.7109638281249999 0.296180696875 0.7068733843749999 0.296180696875 0.7068733843749999 0.31721727187500004
0 0.46080640781250004 0.32644109375 0.4631438046875 0.32644109375 0.4631438046875 0.3178706375 0.46080640781250004 0.3178706375 0.46080640781250004 0.32644109375
0 0.464531634375 0.327090371875 0.46767251249999997 0.327090371875 0.46767251249999997 0.31501381875 0.464531634375 0.31501381875 0.464531634375 0.327090371875
0 0.46906034218750003 0.315663096875 0.4719820875 0.315663096875 0.4719820875 0.29917146093749997 0.46906034218750003 0.29917146093749997 0.46906034218750003 0.315663096875
0 0.47410035468749995 0.3034566890625 0.477314275 0.3034566890625 0.477314275 0.2968340640625 0.47410035468749995 0.2968340640625 0.47410035468749995 0.3034566890625
0 0.4812586328125 0.3087807609375 0.4842534234375 0.3087807609375 0.4842534234375 0.2934578234375 0.4812586328125 0.2934578234375 0.4812586328125 0.3087807609375
0 0.490535178125 0.3009894359375 0.492872575 0.3009894359375 0.492872575 0.2899517265625 0.490535178125 0.2899517265625 0.490535178125 0.3009894359375
0 0.4942604046875 0.30761206093750004 0.4971821515625 0.30761206093750004 0.4971821515625 0.290730859375 0.4942604046875 0.290730859375 0.4942604046875 0.30761206093750004
0 0.4848377734375 0.3133256984375 0.488270825 0.3133256984375 0.488270825 0.2982624734375 0.4848377734375 0.2982624734375 0.4848377734375 0.3133256984375
0 0.48454559843749995 0.32851878125 0.48797864999999996 0.32851878125 0.48797864999999996 0.3152735296875 0.48454559843749995 0.3152735296875 0.48454559843749995 0.32851878125
0 0.47307774374999995 0.327090371875 0.47672992656249996 0.327090371875 0.47672992656249996 0.310339025 0.47307774374999995 0.310339025 0.47307774374999995 0.327090371875
0 0.50390216875 0.299301315625 0.50390216875 0.310339025 0.5069700015625 0.310339025 0.5069700015625 0.3070926390625 0.5069700015625 0.299301315625 0.50390216875 0.299301315625
0 0.4977665 0.31046887968750003 0.500542159375 0.31046887968750003 0.500542159375 0.2968340640625 0.4977665 0.2968340640625 0.4977665 0.31046887968750003
0 0.48973169843750003 0.32760979375 0.49338388125000004 0.32760979375 0.49338388125000004 0.31228685624999997 0.48973169843750003 0.31228685624999997 0.48973169843750003 0.32760979375
0 0.4942604046875 0.32760979375 0.4963786703125 0.32760979375 0.4963786703125 0.30761206093750004 0.4942604046875 0.30761206093750004 0.4942604046875 0.32760979375
0 0.49966563593749996 0.328388925 0.503244775 0.328388925 0.503244775 0.311767434375 0.49966563593749996 0.311767434375 0.49966563593749996 0.328388925
0 0.5104030546875 0.3064433625 0.506166521875 0.3064433625 0.506166521875 0.3268306609375 0.5104030546875 0.3268306609375 0.5104030546875 0.3064433625
0 0.5104760984375 0.32644109375 0.51369001875 0.32644109375 0.51369001875 0.3034566890625 0.5104760984375 0.3034566890625 0.5104760984375 0.32644109375
0 0.5166848093749999 0.3077419171875 0.5142013249999999 0.3077419171875 0.5142013249999999 0.3259216734375 0.5166848093749999 0.3259216734375 0.5166848093749999 0.3077419171875
0 0.5200448171875001 0.3077419171875 0.5166848093749999 0.3077419171875 0.5166848093749999 0.326051528125 0.5200448171875001 0.326051528125 0.5200448171875001 0.3077419171875
0 0.5226013453125 0.30852105 0.5200448171875001 0.30852105 0.5200448171875001 0.32657094999999997 0.5226013453125 0.32657094999999997 0.5226013453125 0.30852105
0 0.5247196109375001 0.30852105 0.5226013453125 0.30852105 0.5226013453125 0.327090371875 0.5247196109375001 0.327090371875 0.5247196109375001 0.30852105
0 0.5274222281250001 0.30449553125 0.5248656984375 0.30449553125 0.5248656984375 0.3254022515625 0.5274222281250001 0.3254022515625 0.5274222281250001 0.30449553125
0 0.5304900609375001 0.30657321875 0.5280796203125 0.30657321875 0.5280796203125 0.32618138281250003 0.5304900609375001 0.32618138281250003 0.5304900609375001 0.30657321875
0 0.5328274578125 0.30657321875 0.5304900609375001 0.30657321875 0.5304900609375001 0.3259216734375 0.5328274578125 0.3259216734375 0.5328274578125 0.30657321875
0 0.5361874671875 0.30735235156249996 0.5340692 0.30735235156249996 0.5340692 0.326960515625 0.5361874671875 0.326960515625 0.5361874671875 0.30735235156249996
0 0.5392553 0.30735235156249996 0.5361874671875 0.30735235156249996 0.5361874671875 0.3254022515625 0.5392553 0.3254022515625 0.5392553 0.30735235156249996
0 0.5428344390625 0.3087807609375 0.5392553 0.3087807609375 0.5392553 0.3256619625 0.5428344390625 0.3256619625 0.5428344390625 0.3087807609375
0 0.543679403125 0.3204065125 0.5454141906250001 0.3204065125 0.5454141906250001 0.307096334375 0.543679403125 0.307096334375 0.543679403125 0.3204065125
0 0.5469663671875 0.307096334375 0.5454141906250001 0.307096334375 0.5454141906250001 0.3239775359375 0.5469663671875 0.3239775359375 0.5469663671875 0.307096334375
0 0.5488837640625001 0.3252760890625 0.54997941875 0.3252760890625 0.54997941875 0.3106673578125 0.5488837640625001 0.3106673578125 0.5488837640625001 0.3252760890625
0 0.5543620390624999 0.3241398546875 0.5557316078125 0.3241398546875 0.5557316078125 0.30417458750000004 0.5543620390624999 0.30417458750000004 0.5543620390624999 0.3241398546875
0 0.5502533328125 0.3225166625 0.5518055109375 0.3225166625 0.5518055109375 0.3048238640625 0.5502533328125 0.3048238640625 0.5502533328125 0.3225166625
0 0.5523533375 0.3259253671875 0.5538142109375 0.3259253671875 0.5538142109375 0.3036876296875 0.5523533375 0.3036876296875 0.5523533375 0.3259253671875
0 0.5563707390625 0.3243021734375 0.5598403125 0.3243021734375 0.5598403125 0.3035253109375 0.5563707390625 0.3035253109375 0.5563707390625 0.3243021734375
0 0.56257945 0.323815215625 0.56668815625 0.323815215625 0.56668815625 0.2975194984375 0.56257945 0.2975194984375 0.56257945 0.323815215625
0 0.5606620546875 0.3212181078125 0.56257945 0.3212181078125 0.56257945 0.30774561093749997 0.5606620546875 0.30774561093749997 0.5606620546875 0.3212181078125
0 0.5689707703125 0.311316634375 0.56668815625 0.311316634375 0.56668815625 0.323652896875 0.5689707703125 0.323652896875 0.5689707703125 0.311316634375
0 0.5707055578125 0.3231659390625 0.5739925218749999 0.3231659390625 0.5739925218749999 0.3096934421875 0.5707055578125 0.3096934421875 0.5707055578125 0.3231659390625
0 0.57791861875 0.3243021734375 0.580018625 0.3243021734375 0.580018625 0.30433690625 0.57791861875 0.30433690625 0.57791861875 0.3243021734375
0 0.57454035 0.32267898125 0.57791861875 0.32267898125 0.57791861875 0.3075832921875 0.57454035 0.3075832921875 0.57454035 0.32267898125
0 0.5811142796875 0.32267898125 0.5827577625 0.32267898125 0.5827577625 0.3096934421875 0.5811142796875 0.3096934421875 0.5811142796875 0.32267898125
0 0.583214284375 0.323328259375 0.5860447265625 0.323328259375 0.5860447265625 0.303362990625 0.583214284375 0.303362990625 0.583214284375 0.323328259375
0 0.5860447265625 0.323328259375 0.5887838640624999 0.323328259375 0.5887838640624999 0.303362990625 0.5860447265625 0.303362990625 0.5860447265625 0.323328259375
0 0.5897882140624999 0.3241398546875 0.59161430625 0.3241398546875 0.59161430625 0.30547314062500003 0.5897882140624999 0.30547314062500003 0.5897882140624999 0.3241398546875
0 0.5941708343750001 0.3056354609375 0.5941708343750001 0.3239775359375 0.5977317125 0.3239775359375 0.5977317125 0.30677169531250004 0.5977317125 0.3056354609375 0.5941708343750001 0.3056354609375
0 0.600927371875 0.307258653125 0.5988273671875 0.307258653125 0.5988273671875 0.3231659390625 0.600927371875 0.3231659390625 0.600927371875 0.307258653125
0 0.6014752 0.3231659390625 0.6053099921875 0.3231659390625 0.6053099921875 0.303362990625 0.6014752 0.303362990625 0.6014752 0.3231659390625
0 0.606405646875 0.32056883125 0.6097839171875 0.32056883125 0.6097839171875 0.3057977796875 0.606405646875 0.3057977796875 0.606405646875 0.32056883125
0 0.6100578296875 0.317484765625 0.6143491453125 0.317484765625 0.6143491453125 0.29784413593750003 0.6100578296875 0.29784413593750003 0.6100578296875 0.317484765625
0 0.6186404609375 0.3192702765625 0.6223839484375 0.3192702765625 0.6223839484375 0.296058625 0.6186404609375 0.296058625 0.6186404609375 0.3192702765625
0 0.743330565625 0.3291395578125 0.747325140625 0.3291395578125 0.747325140625 0.3070235609375 0.743330565625 0.3070235609375 0.743330565625 0.3291395578125
0 0.7342001078125 0.342530896875 0.7373957671875 0.342530896875 0.7373957671875 0.3230525859375 0.7342001078125 0.3230525859375 0.7342001078125 0.342530896875
0 0.754058853125 0.33400913593750003 0.7575969046875 0.33400913593750003 0.7575969046875 0.31432792656249997 0.754058853125 0.31432792656249997 0.754058853125 0.33400913593750003
0 0.7348848921875 0.3656613890625 0.7381946828125 0.3656613890625 0.7381946828125 0.34942946406250003 0.7348848921875 0.34942946406250003 0.7348848921875 0.3656613890625
0 0.7442436109375 0.40766149374999994 0.7475534015624999 0.40766149374999994 0.7475534015624999 0.3792556265625 0.7442436109375 0.3792556265625 0.7442436109375 0.40766149374999994
0 0.7587382125000001 0.3660671875 0.7636458328125 0.3660671875 0.7636458328125 0.347197575 0.7587382125000001 0.347197575 0.7587382125000001 0.3660671875
0 0.7395642515625 0.37398025 0.7432164343750001 0.37398025 0.7432164343750001 0.353081646875 0.7395642515625 0.353081646875 0.7395642515625 0.37398025
0 0.7357979375 0.32163229375 0.7397925125 0.32163229375 0.7397925125 0.3043858734375 0.7357979375 0.3043858734375 0.7357979375 0.32163229375
0 0.731232709375 0.3183859078125 0.7345425 0.3183859078125 0.7345425 0.3007336890625 0.731232709375 0.3007336890625 0.731232709375 0.3183859078125
0 0.7249555187500001 0.31392212812500003 0.731232709375 0.31392212812500003 0.731232709375 0.2960670109375 0.7249555187500001 0.2960670109375 0.7249555187500001 0.31392212812500003
0 0.7263250875 0.3366468234375 0.7306620546875 0.3366468234375 0.7306620546875 0.3169656140625 0.7263250875 0.3169656140625 0.7263250875 0.3366468234375
0 0.7532026578125001 0.3952885828125 0.7690293796875001 0.3952885828125 0.7690293796875001 0.374285359375 0.7532026578125001 0.374285359375 0.7532026578125001 0.3952885828125
0 0.7554230671875 0.4108581953125 0.7554230671875 0.43256839375 0.761243734375 0.43256839375 0.761243734375 0.42201764375 0.761243734375 0.4108581953125 0.7554230671875 0.4108581953125
0 0.759874165625 0.44616263125 0.76615135625 0.44616263125 0.76615135625 0.4230321390625 0.759874165625 0.4230321390625 0.759874165625 0.44616263125
0 0.7874938015625 0.44595973125 0.7901188078125 0.44595973125 0.7901188078125 0.4155248734375 0.7874938015625 0.4155248734375 0.7874938015625 0.44595973125
0 0.8057547156249999 0.43581477968750004 0.811347121875 0.43581477968750004 0.811347121875 0.4100465984375 0.8057547156249999 0.4100465984375 0.8057547156249999 0.43581477968750004
0 0.7946840359375 0.4311481 0.8033579703125 0.4311481 0.8033579703125 0.4005103421875 0.7946840359375 0.4005103421875 0.7946840359375 0.4311481
0 0.795140559375 0.40578571874999997 0.8007329640625 0.40578571874999997 0.8007329640625 0.38326392343750004 0.795140559375 0.38326392343750004 0.795140559375 0.40578571874999997
0 0.7828144406249999 0.3980755546875 0.7887492390624999 0.3980755546875 0.7887492390624999 0.38407551875 0.7828144406249999 0.38407551875 0.7828144406249999 0.3980755546875
0 0.7732274609374999 0.395640765625 0.7773361671875 0.395640765625 0.7773361671875 0.3796117390625 0.7732274609374999 0.3796117390625 0.7732274609374999 0.395640765625
0 0.78361335625 0.442713346875 0.7874938015625 0.442713346875 0.7874938015625 0.41613357031250003 0.78361335625 0.41613357031250003 0.78361335625 0.442713346875
0 0.774939421875 0.43561187968750004 0.7800753046875 0.43561187968750004 0.7800753046875 0.40903210312500005 0.774939421875 0.40903210312500005 0.774939421875 0.43561187968750004
0 0.8278960765625 0.43419158593749996 0.831319996875 0.43419158593749996 0.831319996875 0.4155248734375 0.8278960765625 0.4155248734375 0.8278960765625 0.43419158593749996
0 0.8350863109375 0.4155248734375 0.831319996875 0.4155248734375 0.831319996875 0.436017678125 0.8350863109375 0.436017678125 0.8350863109375 0.4155248734375
0 0.839537409375 0.453669896875 0.8457004687499999 0.453669896875 0.8457004687499999 0.42262634062500004 0.839537409375 0.42262634062500004 0.839537409375 0.453669896875
0 0.8436461156249999 0.4193799546875 0.8475265593750001 0.4193799546875 0.8475265593750001 0.4074089109375 0.8436461156249999 0.4074089109375 0.8436461156249999 0.4193799546875
0 0.842693659375 0.5675921265625 0.847374803125 0.5675921265625 0.847374803125 0.5402483078125 0.842693659375 0.5402483078125 0.842693659375 0.5675921265625
0 0.85250176875 0.534304 0.847151890625 0.534304 0.847151890625 0.5572886593749999 0.85250176875 0.5572886593749999 0.85250176875 0.534304
0 0.9212631078125 0.4822730359375 0.9258996671874999 0.4822730359375 0.9258996671874999 0.44993599843750004 0.9212631078125 0.44993599843750004 0.9212631078125 0.4822730359375
0 0.9105633531249999 0.47624946875 0.9191231562500001 0.47624946875 0.9191231562500001 0.454057384375 0.9105633531249999 0.454057384375 0.9105633531249999 0.47624946875
0 0.91698320625 0.48766254218749994 0.9036085109374999 0.48766254218749994 0.9036085109374999 0.50351403125 0.91698320625 0.50351403125 0.91698320625 0.48766254218749994
0 0.86722934375 0.45152114687499995 0.8738275265625 0.45152114687499995 0.8738275265625 0.4283779734375 0.86722934375 0.4283779734375 0.86722934375 0.45152114687499995
0 0.8682993203124999 0.40586885781250004 0.87561081875 0.40586885781250004 0.87561081875 0.38082350625 0.8682993203124999 0.38082350625 0.8682993203124999 0.40586885781250004
0 0.8570645765625 0.40777103593749997 0.86562438125 0.40777103593749997 0.86562438125 0.37860429687499997 0.8570645765625 0.37860429687499997 0.8570645765625 0.40777103593749997
0 0.8966536703125 0.43245973125 0.9068184374999999 0.43245973125 0.9068184374999999 0.3975864546875 0.8966536703125 0.3975864546875 0.8966536703125 0.43245973125
0 0.8069950312499999 0.4065590296875 0.8154407046875001 0.4065590296875 0.8154407046875001 0.38870391249999997 0.8069950312499999 0.38870391249999997 0.8069950312499999 0.4065590296875
0 0.8343864046875 0.3970227734375 0.8383809796874999 0.3970227734375 0.8383809796874999 0.37125459375 0.8343864046875 0.37125459375 0.8343864046875 0.3970227734375
0 0.8287939984375001 0.3970227734375 0.8343864046875 0.3970227734375 0.8343864046875 0.3714574921875 0.8287939984375001 0.3714574921875 0.8287939984375001 0.3970227734375
0 0.84465816875 0.35725455781250004 0.850707096875 0.35725455781250004 0.850707096875 0.33331246875 0.84465816875 0.33331246875 0.84465816875 0.35725455781250004
0 0.822402678125 0.38221114218749996 0.8265113843749999 0.38221114218749996 0.8265113843749999 0.3566458609375 0.822402678125 0.3566458609375 0.822402678125 0.38221114218749996
0 0.7759514750000001 0.363544428125 0.780516703125 0.363544428125 0.780516703125 0.34000813750000003 0.7759514750000001 0.34000813750000003 0.7759514750000001 0.363544428125
0 0.7701308078125 0.371863290625 0.775266690625 0.371863290625 0.775266690625 0.35238498125 0.7701308078125 0.35238498125 0.7701308078125 0.371863290625
0 0.7768645203125 0.32925448749999997 0.7799460500000001 0.32925448749999997 0.7799460500000001 0.31566025 0.7768645203125 0.31566025 0.7768645203125 0.32925448749999997
0 0.7986634890625 0.3310805796875 0.8045982859375 0.3310805796875 0.8045982859375 0.31180516875 0.7986634890625 0.31180516875 0.7986634890625 0.3310805796875
0 0.781258553125 0.36018391250000004 0.7852759546875 0.36018391250000004 0.7852759546875 0.338757771875 0.781258553125 0.338757771875 0.781258553125 0.36018391250000004
0 0.8078281859375 0.36732596093750003 0.8113890640625 0.36732596093750003 0.8113890640625 0.34443894531249997 0.8078281859375 0.34443894531249997 0.8078281859375 0.36732596093750003
0 0.799336859375 0.371221621875 0.8052716578125001 0.371221621875 0.8052716578125001 0.346549096875 0.799336859375 0.346549096875 0.799336859375 0.371221621875
0 0.7956846765625001 0.371221621875 0.799336859375 0.371221621875 0.799336859375 0.336322984375 0.7956846765625001 0.336322984375 0.7956846765625001 0.371221621875
0 0.7871020468750001 0.3512563546875 0.7932194531250001 0.3512563546875 0.7932194531250001 0.33145340624999997 0.7871020468750001 0.33145340624999997 0.7871020468750001 0.3512563546875
0 0.77121505 0.33145340624999997 0.775688975 0.33145340624999997 0.775688975 0.31522148125 0.77121505 0.31522148125 0.77121505 0.33145340624999997
0 0.8245751562500001 0.3489980875 0.8282273390625001 0.3489980875 0.8282273390625001 0.3336751515625 0.8245751562500001 0.3336751515625 0.8245751562500001 0.3489980875
0 0.8112081671875 0.35289375 0.8236986328125001 0.35289375 0.8236986328125001 0.31666409375 0.8112081671875 0.31666409375 0.8112081671875 0.35289375
0 0.5497500609375 0.246176409375 0.5497500609375 0.26342282968749997 0.5527174593749999 0.26342282968749997 0.5527174593749999 0.2477996015625 0.5527174593749999 0.246176409375 0.5497500609375 0.246176409375
0 0.5557989890624999 0.246176409375 0.5527174593749999 0.246176409375 0.5527174593749999 0.2626112328125 0.5557989890624999 0.2626112328125 0.5557989890624999 0.246176409375
0 0.5586522578124999 0.246176409375 0.5557989890624999 0.246176409375 0.5557989890624999 0.2628141328125 0.5586522578124999 0.2628141328125 0.5586522578124999 0.246176409375
0 0.5627609640625 0.246176409375 0.5586522578124999 0.246176409375 0.5586522578124999 0.262408334375 0.5627609640625 0.262408334375 0.5627609640625 0.246176409375
0 0.6357217859375 0.34321596875 0.637913096875 0.34321596875 0.637913096875 0.3243869359375 0.6357217859375 0.3243869359375 0.6357217859375 0.34321596875
0 0.64499833125 0.33919045 0.647847034375 0.33919045 0.647847034375 0.3238675140625 0.64499833125 0.3238675140625 0.64499833125 0.33919045
0 0.8374617765625001 0.3033241984375 0.840457709375 0.3033241984375 0.840457709375 0.280498053125 0.8374617765625001 0.280498053125 0.8374617765625001 0.3033241984375
0 0.7501517765625 0.298251721875 0.781252396875 0.298251721875 0.781252396875 0.2787226859375 0.7501517765625 0.2787226859375 0.7501517765625 0.298251721875
0 0.7873869234375 0.2997734640625 0.8152062859375 0.2997734640625 0.8152062859375 0.2810053015625 0.7873869234375 0.2810053015625 0.7873869234375 0.2997734640625
0 0.8192008625 0.29875896874999996 0.8344658453125 0.29875896874999996 0.8344658453125 0.2870922734375 0.8192008625 0.2870922734375 0.8192008625 0.29875896874999996
0 0.8550093750000001 0.29343286874999996 0.87954748125 0.29343286874999996 0.87954748125 0.2635052578125 0.8550093750000001 0.2635052578125 0.8550093750000001 0.29343286874999996
0 0.941398465625 0.3679639078125 0.9739257203125 0.3679639078125 0.9739257203125 0.3220579953125 0.941398465625 0.3220579953125 0.941398465625 0.3679639078125
0 0.9372612265625 0.358072578125 0.93997183125 0.358072578125 0.93997183125 0.3355000578125 0.9372612265625 0.3355000578125 0.9372612265625 0.358072578125
0 0.9316973531249999 0.3590870734375 0.93597725625 0.3590870734375 0.93597725625 0.3286522140625 0.9316973531249999 0.3286522140625 0.9316973531249999 0.3590870734375
0 0.915719053125 0.3375290484375 0.9194283015625 0.3375290484375 0.9194283015625 0.3180000140625 0.915719053125 0.3180000140625 0.915719053125 0.3375290484375
0 0.9131511124999999 0.3375290484375 0.915719053125 0.3375290484375 0.915719053125 0.3167318953125 0.9131511124999999 0.3167318953125 0.9131511124999999 0.3375290484375
0 0.9094418624999999 0.3367681765625 0.9120098046875 0.3367681765625 0.9120098046875 0.31444928125 0.9094418624999999 0.31444928125 0.9094418624999999 0.3367681765625
0 0.9244215203125 0.3517319828125 0.92613348125 0.3517319828125 0.92613348125 0.33042758125 0.9244215203125 0.33042758125 0.9244215203125 0.3517319828125
0 0.639185484375 0.125296653125 0.6370334062499999 0.125296653125 0.6370334062499999 0.1315502015625 0.639185484375 0.1315502015625 0.639185484375 0.125296653125
