0 0.4375 0.04126340625 0.4372376171875 0.029990373437500002 0.3394406171875 0.030559339062500003 0.34363896718750003 0.2109375 0.4375 0.2109375 0.4375 0.04126340625
0 0.982991496875 0.0642585640625 0.9907872296875 0.0642585640625 0.9907872296875 0.045053118749999996 0.982991496875 0.045053118749999996 0.982991496875 0.0642585640625
0 0.961376053125 0.032459384375 0.971475071875 0.032459384375 0.971475071875 0.0047531671875 0.961376053125 0.0047531671875 0.961376053125 0.032459384375
0 0.95419845625 0.2906548703125 0.9648290015625001 0.2906548703125 0.9648290015625001 0.25255882343749997 0.95419845625 0.25255882343749997 0.95419845625 0.2906548703125
0 0.9479973046874999 0.27711660625 0.9577419718750001 0.27711660625 0.9577419718750001 0.238390871875 0.9479973046874999 0.238390871875 0.9479973046874999 0.27711660625
0 0.9497690625 0.24027993125 0.9602224328125001 0.24027993125 0.9602224328125001 0.19935029375 0.9497690625 0.19935029375 0.9497690625 0.24027993125
0 0.9539553484375001 0.15774977343750002 0.96215589375 0.15774977343750002 0.96215589375 0.11906182031250001 0.9539553484375001 0.11906182031250001 0.9539553484375001 0.15774977343750002
0 0.9337079859375 0.149367384375 0.92849685625 0.149367384375 0.9244188734375001 0.149367384375 0.9244188734375001 0.1832838234375 0.9337079859375 0.1832838234375 0.9337079859375 0.149367384375
0 0.9141137640625001 0.1853471796875 0.9196291750000001 0.1853471796875 0.9196291750000001 0.1629081671875 0.9141137640625001 0.1629081671875 0.9141137640625001 0.1853471796875
0 0.9459375953125001 0.12800674375 0.9539553484375001 0.12800674375 0.9539553484375001 0.0916029796875 0.9459375953125001 0.0916029796875 0.9459375953125001 0.12800674375
0 0.7220706625 0.4390625 0.7220706625 0.42548565937499994 0.7064985734375 0.42548565937499994 0.7064985734375 0.4390625 0.7220706625 0.4390625
0 0.6798529999999999 0.30495968125 0.668779515625 0.30495968125 0.668779515625 0.3301717484375 0.6798529999999999 0.3301717484375 0.6798529999999999 0.30495968125
0 0.6545916125 0.3418553890625 0.668779515625 0.3418553890625 0.668779515625 0.30495968125 0.6545916125 0.30495968125 0.6545916125 0.3418553890625
0 0.7551893859375001 0.24245325 0.76392221875 0.24245325 0.76392221875 0.216191434375 0.7551893859375001 0.216191434375 0.7551893859375001 0.24245325
0 0.7410825 0.24454225937500002 0.7501512124999999 0.24454225937500002 0.7501512124999999 0.2245474671875 0.7410825 0.2245474671875 0.7410825 0.24454225937500002
0 0.9459375953125001 0.09554033281249999 0.936813109375 0.09554033281249999 0.936813109375 0.1336124125 0.9459375953125001 0.1336124125 0.9459375953125001 0.09554033281249999
0 0.9725037625 0.3447582046875 0.988913675 0.3447582046875 0.988913675 0.322012934375 0.9725037625 0.322012934375 0.9725037625 0.3447582046875
0 0.970862771875 0.327028559375 0.9868788453124999 0.327028559375 0.9868788453124999 0.30230036718750003 0.970862771875 0.30230036718750003 0.970862771875 0.327028559375
0 0.9707314921875 0.3175805234375 0.9827435484375 0.3175805234375 0.9827435484375 0.29366882968749997 0.9707314921875 0.29366882968749997 0.9707314921875 0.3175805234375
0 0.2025481921875 0.6653212546875 0.2155719484375 0.6653212546875 0.2155719484375 0.6190345203125001 0.2025481921875 0.6190345203125001 0.2025481921875 0.6653212546875
0 0.1817101796875 0.6282918671875001 0.1912609359375 0.6282918671875001 0.1912609359375 0.6036056109375 0.1817101796875 0.6036056109375 0.1817101796875 0.6282918671875001
0 0.1270104 0.4786314328125 0.14090240625 0.4786314328125 0.14090240625 0.44314493749999995 0.1270104 0.44314493749999995 0.1270104 0.4786314328125
0 0.595865659375 0.4390625 0.595865659375 0.4632025203125 0.6045481640625 0.4632025203125 0.6045481640625 0.4390625 0.595865659375 0.4390625
0 0.5498483843749999 0.4817172140625 0.5637403921875 0.4817172140625 0.5637403921875 0.453945175 0.5498483843749999 0.453945175 0.5498483843749999 0.4817172140625
0 0 0.9728214046874999 0.029424434375000003 0.9728214046874999 0.029424434375000003 0.9155408890625001 0 0.9155408890625001 0 0.9728214046874999
0 0 0.8637078015625 0.017812695312499998 0.8637078015625 0.017812695312499998 0.8077478750000001 0 0.8077478750000001 0 0.8637078015625
0 0.033883340625 0.8571048593749999 0.0536697421875 0.8571048593749999 0.0536697421875 0.8056019187500001 0.033883340625 0.8056019187500001 0.033883340625 0.8571048593749999
0 0.12719574218750002 0.7658137046875 0.142174884375 0.7658137046875 0.142174884375 0.724545321875 0.12719574218750002 0.724545321875 0.12719574218750002 0.7658137046875
0 0.1725976359375 0.58939136875 0.18595113593749998 0.58939136875 0.18595113593749998 0.557408371875 0.1725976359375 0.557408371875 0.1725976359375 0.58939136875
0 0.1565734390625 0.5134575453125 0.168649646875 0.5134575453125 0.168649646875 0.486633096875 0.1565734390625 0.486633096875 0.1565734390625 0.5134575453125
0 0.9288946656249999 0.7274952421875 0.9321809078125 0.7274952421875 0.9321809078125 0.7186748749999999 0.9288946656249999 0.7186748749999999 0.9288946656249999 0.7274952421875
0 0.923308053125 0.7272012296874999 0.925690578125 0.7272012296874999 0.925690578125 0.7186748749999999 0.923308053125 0.7186748749999999 0.923308053125 0.7272012296874999
0 0.9081913359375001 0.7332284796874999 0.9110667984375 0.7332284796874999 0.9110667984375 0.7229380515624999 0.9081913359375001 0.7229380515624999 0.9081913359375001 0.7332284796874999
0 0.8639092156249999 0.71132456875 0.866538209375 0.71132456875 0.866538209375 0.7036802515625 0.8639092156249999 0.7036802515625 0.8639092156249999 0.71132456875
0 0.860869440625 0.712647625 0.8631698109375 0.712647625 0.8631698109375 0.7030922281249999 0.860869440625 0.7030922281249999 0.860869440625 0.712647625
0 0.858404759375 0.7144116984375 0.861115909375 0.7144116984375 0.861115909375 0.7061793562500001 0.858404759375 0.7061793562500001 0.858404759375 0.7144116984375
0 0.8404947359375001 0.7339635109375 0.8435345109375 0.7339635109375 0.8435345109375 0.7244081140625 0.8404947359375001 0.7244081140625 0.8404947359375001 0.7339635109375
0 0.8954571453125 0.6939778484375 0.8980861390625 0.6939778484375 0.8980861390625 0.6842754453125 0.8954571453125 0.6842754453125 0.8954571453125 0.6939778484375
0 0.8995649484375001 0.695594915625 0.9012080703125 0.695594915625 0.9012080703125 0.68692155625 0.8995649484375001 0.68692155625 0.8995649484375001 0.695594915625
0 0.9010437578125 0.6913317390625 0.9030976593750001 0.6913317390625 0.9030976593750001 0.6835404140625 0.9010437578125 0.6835404140625 0.9010437578125 0.6913317390625
0 0.950008775 0.6375275015625 0.9526377687500001 0.6375275015625 0.9526377687500001 0.630324203125 0.950008775 0.630324203125 0.950008775 0.6375275015625
0 0.9475440921875 0.630324203125 0.950008775 0.630324203125 0.950008775 0.6215038359375 0.9475440921875 0.6215038359375 0.9475440921875 0.630324203125
0 0.9298805375000001 0.6278250984375 0.932756 0.6278250984375 0.932756 0.61988676875 0.9298805375000001 0.61988676875 0.9298805375000001 0.6278250984375
0 0.9262656703125 0.63252929375 0.9296340687499999 0.63252929375 0.9296340687499999 0.624296953125 0.9262656703125 0.624296953125 0.9262656703125 0.63252929375
0 0.9437649125 0.609302328125 0.9452437218749999 0.609302328125 0.9452437218749999 0.603569090625 0.9437649125 0.603569090625 0.9437649125 0.609302328125
0 0.9459831265625 0.606803225 0.9487764328124999 0.606803225 0.9487764328124999 0.59974693125 0.9459831265625 0.59974693125 0.9459831265625 0.606803225
0 0.9518162078125 0.6020990296875001 0.9541165781250001 0.6020990296875001 0.9541165781250001 0.5954837546875 0.9518162078125 0.5954837546875 0.9518162078125 0.6020990296875001
0 0.948037028125 0.5779900265625 0.94959799375 0.5779900265625 0.94959799375 0.569904690625 0.948037028125 0.569904690625 0.948037028125 0.5779900265625
0 0.9380961437499999 0.57960709375 0.9401500453124999 0.57960709375 0.9401500453124999 0.5740208625000001 0.9380961437499999 0.5740208625000001 0.9380961437499999 0.57960709375
0 0.9363708671875 0.589456503125 0.9385069250000001 0.589456503125 0.9385069250000001 0.582253203125 0.9363708671875 0.582253203125 0.9363708671875 0.589456503125
0 0.9430255078125 0.597247828125 0.945325878125 0.597247828125 0.945325878125 0.590044528125 0.9430255078125 0.590044528125 0.9430255078125 0.597247828125
0 0.94672253125 0.59974693125 0.9487764328124999 0.59974693125 0.9487764328124999 0.5951897421875 0.94672253125 0.5951897421875 0.94672253125 0.59974693125
0 0.9496801500000001 0.590779559375 0.9520626765625 0.590779559375 0.9520626765625 0.5819591921875 0.9496801500000001 0.5819591921875 0.9496801500000001 0.590779559375
0 0.9436006015625 0.5738738546875 0.945325878125 0.5738738546875 0.945325878125 0.5662295375 0.9436006015625 0.5662295375 0.9436006015625 0.5738738546875
0 0.9383426125 0.5624073796875 0.9399035781249999 0.5624073796875 0.9399035781249999 0.5568211468750001 0.9383426125 0.5568211468750001 0.9383426125 0.5624073796875
0 0.9294697578125 0.5607903125 0.9312771906249999 0.5607903125 0.9312771906249999 0.556527134375 0.9294697578125 0.556527134375 0.9294697578125 0.5607903125
0 0.9207612140625001 0.5597612703125 0.9222400234375 0.5597612703125 0.9222400234375 0.55344000625 0.9207612140625001 0.55344000625 0.9207612140625001 0.5597612703125
0 0.9341526531250001 0.54682473125 0.9360422421875001 0.54682473125 0.9360422421875001 0.5384453828125 0.9341526531250001 0.5384453828125 0.9341526531250001 0.54682473125
0 0.9404786703125 0.5457956890625 0.942286103125 0.5457956890625 0.942286103125 0.54006245 0.9404786703125 0.54006245 0.9404786703125 0.5457956890625
0 0.94401138125 0.553293 0.9455723468749999 0.553293 0.9455723468749999 0.54741275625 0.94401138125 0.54741275625 0.94401138125 0.553293
0 0.94705115625 0.549176828125 0.9484478078125 0.549176828125 0.9484478078125 0.5422675421875 0.94705115625 0.5422675421875 0.94705115625 0.549176828125
0 0.9495158374999999 0.5437376031250001 0.951158959375 0.5437376031250001 0.951158959375 0.5366813109375 0.9495158374999999 0.5366813109375 0.9495158374999999 0.5437376031250001
0 0.94688684375 0.524038784375 0.948365653125 0.524038784375 0.948365653125 0.516541471875 0.94688684375 0.516541471875 0.94688684375 0.524038784375
0 0.9541987328125 0.504339965625 0.9560061671875 0.504339965625 0.9560061671875 0.497136665625 0.9541987328125 0.497136665625 0.9541987328125 0.504339965625
0 0.9518162078125 0.504633978125 0.9532950171875001 0.504633978125 0.9532950171875001 0.49875373281249996 0.9518162078125 0.49875373281249996 0.9518162078125 0.504633978125
0 0.9452437218749999 0.4705285609375 0.9471333125000001 0.4705285609375 0.9471333125000001 0.4661183765625 0.9452437218749999 0.4661183765625 0.9452437218749999 0.4705285609375
0 0.9477084046875 0.4833180921875 0.94943368125 0.4833180921875 0.94943368125 0.478025871875 0.9477084046875 0.478025871875 0.9477084046875 0.4833180921875
0 0.942943353125 0.4833180921875 0.9457366578125 0.4833180921875 0.9457366578125 0.4786138953125 0.942943353125 0.4786138953125 0.942943353125 0.4833180921875
0 0.9371924281249999 0.48126000625 0.9390820171875 0.48126000625 0.9390820171875 0.47493874375 0.9371924281249999 0.47493874375 0.9371924281249999 0.48126000625
0 0.9259370468749999 0.5116902703124999 0.928401728125 0.5116902703124999 0.928401728125 0.5021348734375 0.9259370468749999 0.5021348734375 0.9259370468749999 0.5116902703124999
0 0.9441756937499999 0.5231567484374999 0.9457366578125 0.5231567484374999 0.9457366578125 0.5166884796875 0.9441756937499999 0.5166884796875 0.9441756937499999 0.5231567484374999
0 0.8061816671875001 0.6941644218749999 0.8103536546875001 0.6941644218749999 0.8103536546875001 0.6832538109375 0.8061816671875001 0.6832538109375 0.8061816671875001 0.6941644218749999
0 0.7899751 0.685837903125 0.7919006312500001 0.685837903125 0.7919006312500001 0.679521234375 0.7899751 0.679521234375 0.7899751 0.685837903125
0 0.7878891046875001 0.685837903125 0.7899751 0.685837903125 0.7899751 0.679521234375 0.7878891046875001 0.679521234375 0.7878891046875001 0.685837903125
0 0.7410344734375001 0.6938772999999999 0.743922771875 0.6938772999999999 0.743922771875 0.68555078125 0.7410344734375001 0.68555078125 0.7410344734375001 0.6938772999999999
0 0.7413553953124999 0.6766500203125 0.7437623125 0.6766500203125 0.7437623125 0.6717689578125 0.7413553953124999 0.6717689578125 0.7413553953124999 0.6766500203125
0 0.7437623125 0.684115175 0.749699371875 0.684115175 0.749699371875 0.6766500203125 0.7437623125 0.6766500203125 0.7437623125 0.684115175
0 0.8649104187500001 0.6513833453125001 0.8679591796875 0.6513833453125001 0.8679591796875 0.6421954624999999 0.8649104187500001 0.6421954624999999 0.8649104187500001 0.6513833453125001
0 0.8655522625 0.618651515625 0.8682801015624999 0.618651515625 0.8682801015624999 0.610899240625 0.8655522625 0.610899240625 0.8655522625 0.618651515625
0 0.8589733593750001 0.6281265203124999 0.8605779703125 0.6281265203124999 0.8605779703125 0.6200871234375 0.8589733593750001 0.6200871234375 0.8589733593750001 0.6281265203124999
0 0.8349041984374999 0.6416212203125 0.838915725 0.6416212203125 0.838915725 0.631571975 0.8349041984374999 0.631571975 0.8349041984374999 0.6416212203125
0 0.8231456109374999 0.6239336671875 0.8250968171874999 0.6239336671875 0.8250968171874999 0.6171346343749999 0.8231456109374999 0.6171346343749999 0.8231456109374999 0.6239336671875
0 0.8319773874999999 0.5976563234375 0.833620509375 0.5976563234375 0.833620509375 0.59030601875 0.8319773874999999 0.59030601875 0.8319773874999999 0.5976563234375
0 0.80835751875 0.610886875 0.8111302859375 0.610886875 0.8111302859375 0.6009639625000001 0.80835751875 0.6009639625000001 0.80835751875 0.610886875
0 0.8029146796875001 0.6107031171875 0.8044551046875 0.6107031171875 0.8044551046875 0.6028015375 0.8029146796875001 0.6028015375 0.8029146796875001 0.6107031171875
0 0.7949044625 0.598942628125 0.79736914375 0.598942628125 0.79736914375 0.5914085640625 0.7949044625 0.5914085640625 0.7949044625 0.598942628125
0 0.7986014859375 0.5875496546875001 0.8019904234374999 0.5875496546875001 0.8019904234374999 0.5805668640625 0.7986014859375 0.5805668640625 0.7986014859375 0.5875496546875001
0 0.8183189421874999 0.5616398281249999 0.8243779515625 0.5616398281249999 0.8243779515625 0.548593034375 0.8183189421874999 0.548593034375 0.8183189421874999 0.5616398281249999
0 0.756188415625 0.6096005703125 0.76163125625 0.6096005703125 0.76163125625 0.598942628125 0.756188415625 0.598942628125 0.756188415625 0.6096005703125
0 0.68861505 0.6461683421875 0.6906689515625 0.6461683421875 0.6906689515625 0.6390017921875 0.68861505 0.6390017921875 0.68861505 0.6461683421875
0 0.65585531875 0.650211009375 0.65832 0.650211009375 0.65832 0.6404718546874999 0.65585531875 0.6404718546874999 0.65585531875 0.650211009375
0 0.609375 0.5551035109375 0.6114027890625 0.5551035109375 0.6114027890625 0.545915628125 0.609375 0.545915628125 0.609375 0.5551035109375
0 0.6430328750000001 0.5238647125 0.645292165625 0.5238647125 0.645292165625 0.51633065 0.6430328750000001 0.51633065 0.6430328750000001 0.5238647125
0 0.649297275 0.5242322265625 0.6526862125 0.5242322265625 0.6526862125 0.515228103125 0.649297275 0.515228103125 0.649297275 0.5242322265625
0 0.76041335625 0.5508770843749999 0.762569953125 0.5508770843749999 0.762569953125 0.54297550625 0.76041335625 0.54297550625 0.76041335625 0.5508770843749999
0 0.7868059921875 0.49611730937500004 0.78834641875 0.49611730937500004 0.78834641875 0.488767003125 0.7868059921875 0.488767003125 0.7868059921875 0.49611730937500004
0 0.7262158921874999 0.5038351296875 0.7283724890625 0.5038351296875 0.7283724890625 0.4948310046875 0.7262158921874999 0.4948310046875 0.7262158921874999 0.5038351296875
0 0.7230323453125 0.50328385625 0.7249835515624999 0.50328385625 0.7249835515624999 0.4909720953125 0.7230323453125 0.4909720953125 0.7230323453125 0.50328385625
0 0.7213892234375 0.499608703125 0.7230323453125 0.499608703125 0.7230323453125 0.49336094375000006 0.7213892234375 0.49336094375000006 0.7213892234375 0.499608703125
0 0.8351091593750001 0.6002626890625 0.836546890625 0.6002626890625 0.836546890625 0.5929123828125 0.8351091593750001 0.5929123828125 0.8351091593750001 0.6002626890625
0 0.8361361109375001 0.6033865687500001 0.8388061828125 0.6033865687500001 0.8388061828125 0.5954849890625 0.8361361109375001 0.5954849890625 0.8361361109375001 0.6033865687500001
0 0.8504107265625 0.5636949171875 0.852875409375 0.5636949171875 0.852875409375 0.5561608546875 0.8504107265625 0.5561608546875 0.8504107265625 0.5636949171875
0 0.8731063406249999 0.560019765625 0.8752629375 0.560019765625 0.8752629375 0.5511994 0.8731063406249999 0.5511994 0.8731063406249999 0.560019765625
0 0.8961100390624999 0.539438909375 0.898163940625 0.539438909375 0.898163940625 0.530251028125 0.8961100390624999 0.530251028125 0.8961100390624999 0.539438909375
0 0.893337271875 0.530251028125 0.8961100390624999 0.530251028125 0.8961100390624999 0.5210631453125 0.893337271875 0.5210631453125 0.893337271875 0.530251028125
0 0.8875863484375 0.5080163546875001 0.8906672 0.5080163546875001 0.8906672 0.4990122296875 0.8875863484375 0.4990122296875 0.8875863484375 0.5080163546875001
0 0.8530808000000001 0.5388876359375 0.8559562625 0.5388876359375 0.8559562625 0.5313535734375 0.8530808000000001 0.5313535734375 0.8530808000000001 0.5388876359375
0 0.9203460796874999 0.4747562203125 0.9230161515624999 0.4747562203125 0.9230161515624999 0.46556833906249995 0.9203460796874999 0.46556833906249995 0.9203460796874999 0.4747562203125
0 0.9255835296875 0.46942725 0.9255835296875 0.46630336875000006 0.9230161515624999 0.46630336875000006 0.9230161515624999 0.4738374328125 0.9255835296875 0.4738374328125 0.9255835296875 0.46942725
0 0.9261997000000001 0.47824761562500007 0.927740125 0.47824761562500007 0.927740125 0.4701622796875 0.9261997000000001 0.4701622796875 0.9261997000000001 0.47824761562500007
0 0.828331284375 0.4810039796875 0.830795965625 0.4810039796875 0.830795965625 0.4745724625 0.828331284375 0.4745724625 0.828331284375 0.4810039796875
0 0.832644478125 0.482290284375 0.8344929890625 0.482290284375 0.8344929890625 0.4764100390625 0.832644478125 0.4764100390625 0.832644478125 0.482290284375
0 0.8371630609375 0.46758967343749996 0.8391142671875 0.46758967343749996 0.8391142671875 0.4613419125 0.8371630609375 0.4613419125 0.8371630609375 0.46758967343749996
0 0.83531455 0.4510514859375 0.8370603656250001 0.4510514859375 0.8370603656250001 0.44461996875 0.83531455 0.44461996875 0.83531455 0.4510514859375
0 0.8074841828125001 0.48284155625 0.8092299984375 0.48284155625 0.8092299984375 0.47549125156249994 0.8074841828125001 0.47549125156249994 0.8074841828125001 0.48284155625
0 0.8070734015625 0.46630336875000006 0.80984616875 0.46630336875000006 0.80984616875 0.460423125 0.8070734015625 0.460423125 0.8070734015625 0.46630336875000006
0 0.8068680109375 0.4584017921875 0.8086138281249999 0.4584017921875 0.8086138281249999 0.4539916078125 0.8068680109375 0.4539916078125 0.8068680109375 0.4584017921875
0 0.805738365625 0.45270530468750003 0.8082030484375 0.45270530468750003 0.8082030484375 0.448478878125 0.805738365625 0.448478878125 0.805738365625 0.45270530468750003
0 0.7896152375 0.469978521875 0.7920799203125 0.469978521875 0.7920799203125 0.462444459375 0.7896152375 0.462444459375 0.7896152375 0.469978521875
0 0.8024521234374999 0.5306185421875 0.8041979390625 0.5306185421875 0.8041979390625 0.5223494484375 0.8024521234374999 0.5223494484375 0.8024521234374999 0.5306185421875
0 0.7850966546875 0.465752096875 0.7870478609375 0.465752096875 0.7870478609375 0.46023936875000004 0.7850966546875 0.46023936875000004 0.7850966546875 0.465752096875
0 0.95184675 0.4739845515625 0.955249509375 0.4739845515625 0.955249509375 0.46624208750000007 0.95184675 0.46624208750000007 0.95184675 0.4739845515625
0 0.782187896875 0.46388284999999996 0.7850966546875 0.46388284999999996 0.7850966546875 0.45584872968749995 0.782187896875 0.45584872968749995 0.782187896875 0.46388284999999996
0 0.91471205 0.5211228421875 0.91692745625 0.5211228421875 0.91692745625 0.513502453125 0.91471205 0.513502453125 0.91471205 0.5211228421875
0 0.9127762578125 0.5219695515625 0.9148195937500001 0.5219695515625 0.9148195937500001 0.5143491625000001 0.9127762578125 0.5143491625000001 0.9127762578125 0.5219695515625
0 0.8874576125000001 0.5463525984375 0.889849390625 0.5463525984375 0.889849390625 0.53699260625 0.8874576125000001 0.53699260625 0.8874576125000001 0.5463525984375
0 0.8911055046874999 0.5451210203125 0.8928778296875001 0.5451210203125 0.8928778296875001 0.5390862875 0.8911055046874999 0.5390862875 0.8911055046874999 0.5451210203125
0 0.8977990421875 0.5350220828125 0.8994165046875 0.5350220828125 0.8994165046875 0.5286794546875 0.8977990421875 0.5286794546875 0.8977990421875 0.5350220828125
0 0.8990723640624999 0.536068921875 0.900758653125 0.536068921875 0.900758653125 0.530711559375 0.8990723640624999 0.530711559375 0.8990723640624999 0.536068921875
