0 0.6015625 0.5890625 0.6015625 0.5396789609375 0.58975913125 0.539610290625 0.5890625 0.5795202625 0.5890625 0.5890625 0.6015625 0.5890625
0 0.5375 0.505768509375 0.526711021875 0.5055173921875 0.5265625 0.51402620625 0.5265625 0.540625 0.5371016109375 0.540625 0.5375 0.5178013359375 0.5375 0.505768509375
0 0.5513791984374999 0.46073051249999997 0.551150734375 0.5 0.5609375 0.5 0.5609375 0.46084173437500003 0.5513791984374999 0.46073051249999997
0 0.5635559203125 0.447303709375 0.564312096875 0.490625 0.571875 0.490625 0.571875 0.4472069078125 0.5635559203125 0.447303709375
0 0.519935275 0.32335016250000004 0.519935275 0.3155978875 0.5151778265625 0.3155978875 0.5151778265625 0.3344617578125 0.519935275 0.3344617578125 0.519935275 0.32335016250000004
0 0.5124386890625 0.336270621875 0.5143128359375 0.336270621875 0.5143128359375 0.32283334375 0.5124386890625 0.32283334375 0.5124386890625 0.336270621875
0 0.5004902828125 0.2793794390625 0.5059685578125 0.2793794390625 0.5059685578125 0.2711103453125 0.5004902828125 0.2711103453125 0.5004902828125 0.2793794390625
0 0.512888484375 0.2871317140625 0.512888484375 0.280413075 0.51000518125 0.280413075 0.51000518125 0.299276946875 0.512888484375 0.299276946875 0.512888484375 0.2871317140625
0 0.512888484375 0.305478765625 0.517069271875 0.305478765625 0.517069271875 0.2871317140625 0.512888484375 0.2871317140625 0.512888484375 0.305478765625
0 0.5241333625 0.3134894515625 0.5291791421875 0.3134894515625 0.5291791421875 0.29126626093749997 0.5241333625 0.29126626093749997 0.5241333625 0.3134894515625
0 0.522835878125 0.3005689921875 0.526295840625 0.3005689921875 0.526295840625 0.28506444062499997 0.522835878125 0.28506444062499997 0.522835878125 0.3005689921875
0 0.5355224078124999 0.305737175 0.5384057109375 0.305737175 0.5384057109375 0.2879069421875 0.5355224078124999 0.2879069421875 0.5355224078124999 0.305737175
0 0.5283141515625001 0.27705375625 0.5303324640625 0.27705375625 0.5303324640625 0.2623244328125 0.5283141515625001 0.2623244328125 0.5283141515625001 0.27705375625
0 0.5549847 0.28015466718750004 0.5577238375 0.28015466718750004 0.5577238375 0.26439170624999997 0.5549847 0.26439170624999997 0.5549847 0.28015466718750004
0 0.5614721296875 0.268526253125 0.5577238375 0.268526253125 0.5577238375 0.280671484375 0.5614721296875 0.280671484375 0.5614721296875 0.268526253125
0 0.5910259796874999 0.3669801515625 0.5952067671875 0.3669801515625 0.5952067671875 0.3372630953125 0.5910259796874999 0.3372630953125 0.5910259796874999 0.3669801515625
0 0.8830662546875001 0.35670757656249996 0.8878529875 0.35670757656249996 0.8878529875 0.3339958328125 0.8830662546875001 0.3339958328125 0.8830662546875001 0.35670757656249996
0 0.7642426578125 0.30371350625 0.7684662453125 0.30371350625 0.7684662453125 0.2870582265625 0.7642426578125 0.2870582265625 0.7642426578125 0.30371350625
0 0.7766318484375001 0.2986664515625 0.7791660015625 0.2986664515625 0.7791660015625 0.282011171875 0.7766318484375001 0.282011171875 0.7766318484375001 0.2986664515625
0 0.7129964624999999 0.3011899796875 0.7172200500000001 0.3011899796875 0.7172200500000001 0.282515878125 0.7129964624999999 0.282515878125 0.7129964624999999 0.3011899796875
0 0.7220067828125 0.289581753125 0.7172200500000001 0.289581753125 0.7172200500000001 0.3021993890625 0.7220067828125 0.3021993890625 0.7220067828125 0.289581753125
0 0.6600608328125 0.29311469218749997 0.6631581296875 0.29311469218749997 0.6631581296875 0.2789829390625 0.6600608328125 0.2789829390625 0.6600608328125 0.29311469218749997
0 0.6575266796875 0.30623703281250003 0.6606239781250001 0.30623703281250003 0.6606239781250001 0.29563821875 0.6575266796875 0.29563821875 0.6575266796875 0.30623703281250003
0 0.6535846640624999 0.30623703281250003 0.6575266796875 0.30623703281250003 0.6575266796875 0.293619396875 0.6535846640624999 0.293619396875 0.6535846640624999 0.30623703281250003
0 0.6106547499999999 0.272560509375 0.6134227203125 0.272560509375 0.6134227203125 0.2630510515625 0.6106547499999999 0.2630510515625 0.6106547499999999 0.272560509375
0 0.61319205625 0.2597434140625 0.6151527015625 0.2597434140625 0.6151527015625 0.2500272296875 0.61319205625 0.2500272296875 0.61319205625 0.2597434140625
0 0.6468690296874999 0.275247965625 0.6503289921875 0.275247965625 0.6503289921875 0.260983778125 0.6468690296874999 0.260983778125 0.6468690296874999 0.275247965625
0 0.6055801375 0.2613972328125 0.6088094374999999 0.2613972328125 0.6088094374999999 0.2539550484375 0.6055801375 0.2539550484375 0.6055801375 0.2613972328125
0 0.5619846046875 0.25808959531250003 0.56463724375 0.25808959531250003 0.56463724375 0.2523012296875 0.5619846046875 0.2523012296875 0.5619846046875 0.25808959531250003
0 0.5720184984375 0.2591232328125 0.5738638109374999 0.2591232328125 0.5738638109374999 0.2551954125 0.5720184984375 0.2551954125 0.5720184984375 0.2591232328125
0 0.6176900078124999 0.25126759375 0.6151527015625 0.25126759375 0.6151527015625 0.263671234375 0.6176900078124999 0.263671234375 0.6176900078124999 0.25126759375
0 0.6428324046875 0.26346450625 0.64548504375 0.26346450625 0.64548504375 0.2489935921875 0.6428324046875 0.2489935921875 0.6428324046875 0.26346450625
0 0.64629236875 0.2574694125 0.648599009375 0.2574694125 0.648599009375 0.24609940937500002 0.64629236875 0.24609940937500002 0.64629236875 0.2574694125
0 0.80895174375 0.298784584375 0.8127000375 0.298784584375 0.8127000375 0.28250480625 0.80895174375 0.28250480625 0.80895174375 0.298784584375
0 0.8158716687500001 0.29775094687500003 0.819475796875 0.29775094687500003 0.819475796875 0.28121276093750003 0.8158716687500001 0.28121276093750003 0.8158716687500001 0.29775094687500003
0 0.8236565859375 0.27966230468750003 0.8210616140625 0.27966230468750003 0.8210616140625 0.298784584375 0.8236565859375 0.298784584375 0.8236565859375 0.27966230468750003
0 0.8250982375 0.27966230468750003 0.8236565859375 0.27966230468750003 0.8236565859375 0.2967173109375 0.8250982375 0.2967173109375 0.8250982375 0.27966230468750003
0 0.8196199625 0.276819803125 0.8219266046874999 0.276819803125 0.8219266046874999 0.26157366249999997 0.8196199625 0.26157366249999997 0.8196199625 0.276819803125
0 0.8630136640625 0.29775094687500003 0.8660411312499999 0.29775094687500003 0.8660411312499999 0.277853440625 0.8630136640625 0.277853440625 0.8630136640625 0.29775094687500003
0 0.8699335906249999 0.27604457656250003 0.8657528015625001 0.27604457656250003 0.8657528015625001 0.2974925390625 0.8699335906249999 0.2974925390625 0.8699335906249999 0.27604457656250003
0 0.8748352046875001 0.2962004921875 0.8699335906249999 0.2962004921875 0.8699335906249999 0.314289134375 0.8748352046875001 0.314289134375 0.8748352046875001 0.2962004921875
0 0.8754118640625 0.2840552609375 0.878583496875 0.2840552609375 0.878583496875 0.26544979999999996 0.8754118640625 0.26544979999999996 0.8754118640625 0.2840552609375
0 0.8984782843750001 0.28922344375 0.9010732562499999 0.28922344375 0.9010732562499999 0.27707821250000003 0.8984782843750001 0.27707821250000003 0.8984782843750001 0.28922344375
0 0.9013615859375002 0.3199741375 0.9035240625000001 0.3199741375 0.9035240625000001 0.298784584375 0.9013615859375002 0.298784584375 0.9013615859375002 0.3199741375
0 0.9062632 0.298784584375 0.9035240625000001 0.298784584375 0.9035240625000001 0.3207493640625 0.9062632 0.3207493640625 0.9062632 0.298784584375
0 0.9068398609375 0.303177540625 0.91073231875 0.303177540625 0.91073231875 0.295683675 0.9068398609375 0.295683675 0.9068398609375 0.303177540625
0 0.9356728859375 0.28586412499999997 0.9382678578124999 0.28586412499999997 0.9382678578124999 0.2716516203125 0.9356728859375 0.2716516203125 0.9356728859375 0.28586412499999997
0 0.9499452328124999 0.29206594531249996 0.95196354375 0.29206594531249996 0.95196354375 0.27707821250000003 0.9499452328124999 0.27707821250000003 0.9499452328124999 0.29206594531249996
0 0.9588834703125 0.361836425 0.9639292484374999 0.361836425 0.9639292484374999 0.33315300625 0.9588834703125 0.33315300625 0.9588834703125 0.361836425
0 0.9686866984375001 0.339613234375 0.9656592312499999 0.339613234375 0.9656592312499999 0.3597691515625 0.9686866984375001 0.3597691515625 0.9686866984375001 0.339613234375
0 0.97185833125 0.364420515625 0.978922421875 0.364420515625 0.978922421875 0.33315300625 0.97185833125 0.33315300625 0.97185833125 0.364420515625
0 0.6503231890625 0.2662220171875 0.6522427171875 0.2662220171875 0.6522427171875 0.2540132046875 0.6503231890625 0.2540132046875 0.6503231890625 0.2662220171875
0 0.6477844562499999 0.2667214703125 0.6503289921875 0.2667214703125 0.6503289921875 0.25462364531250004 0.6477844562499999 0.25462364531250004 0.6477844562499999 0.2667214703125
0 0.6558471796875 0.26077589687499997 0.6581903546875 0.26077589687499997 0.6581903546875 0.24980162187500002 0.6558471796875 0.24980162187500002 0.6558471796875 0.26077589687499997
0 0.6532016578125 0.26064041250000003 0.6551669015625 0.26064041250000003 0.6551669015625 0.2510209859375 0.6532016578125 0.2510209859375 0.6532016578125 0.26064041250000003
0 0.63896658125 0.25589456718750003 0.6407467890625 0.25589456718750003 0.6407467890625 0.24965142343750002 0.63896658125 0.24965142343750002 0.63896658125 0.25589456718750003
0 0.6777545296875 0.2645864328125 0.6802003828125 0.2645864328125 0.6802003828125 0.258204553125 0.6777545296875 0.258204553125 0.6777545296875 0.2645864328125
0 0.8734857484375 0.258331578125 0.8753602890625001 0.258331578125 0.8753602890625001 0.24565019375000002 0.8734857484375 0.24565019375000002 0.8734857484375 0.258331578125
0 0.8778999875 0.2576812515625 0.8797140593750001 0.2576812515625 0.8797140593750001 0.24987732187499997 0.8778999875 0.24987732187499997 0.8778999875 0.2576812515625
0 0.8600650281250001 0.393183146875 0.8676236578125 0.393183146875 0.8676236578125 0.36777973125 0.8600650281250001 0.36777973125 0.8600650281250001 0.393183146875
0 0.9464223765625001 0.47650634687500004 0.9573823890625001 0.47650634687500004 0.9573823890625001 0.4289172828125 0.9464223765625001 0.4289172828125 0.9464223765625001 0.47650634687500004
0 0.958054815625 0.5582401171875 0.9721138687499999 0.5582401171875 0.9721138687499999 0.5028268031249999 0.958054815625 0.5028268031249999 0.958054815625 0.5582401171875
0 0.61728435 0.5890625 0.61728435 0.5729058546875 0.5944017796875001 0.5729058546875 0.5944017796875001 0.5890625 0.61728435 0.5890625
0 0.5664431140625 0.548355571875 0.5727734671875 0.548355571875 0.5727734671875 0.5141456390625 0.5664431140625 0.5141456390625 0.5664431140625 0.548355571875
0 0.55625 0.8984375 0.5554330546874999 0.8984375 0.540887065625 0.8986914015625 0.540625 0.913705128125 0.540625 0.9312461734374999 0.55625 0.9309734375 0.55625 0.8984375
0 0.95042735 0.9828553109375001 0.9505904843749999 0.996875 0.95625 0.996875 0.95625 0.9826858890625001 0.95042735 0.9828553109375001
0 0.9344357015625 0.9655452234374999 0.938943234375 0.9655452234374999 0.938943234375 0.9555267265625 0.9344357015625 0.9555267265625 0.9344357015625 0.9655452234374999
0 0.9407462468750001 0.9459089687500001 0.945028403125 0.9459089687500001 0.945028403125 0.9378941718749999 0.9407462468750001 0.9378941718749999 0.9407462468750001 0.9459089687500001
0 0.84293279375 0.85574249375 0.8456373124999998 0.85574249375 0.8456373124999998 0.8493306546875001 0.84293279375 0.8493306546875001 0.84293279375 0.85574249375
0 0.8305370796875 0.9206623546875001 0.8345938578125001 0.9206623546875001 0.8345938578125001 0.9118460781250001 0.8305370796875 0.9118460781250001 0.8305370796875 0.9206623546875001
0 0.8702033640625 0.7759952546875 0.8722317531249999 0.7759952546875 0.8722317531249999 0.7691826765625 0.8702033640625 0.7691826765625 0.8702033640625 0.7759952546875
0 0.8654704546875 0.777197475 0.8677242218749999 0.777197475 0.8677242218749999 0.7695834171875 0.8654704546875 0.7695834171875 0.8654704546875 0.777197475
0 0.8765139093750001 0.7607671390624999 0.880796065625 0.7607671390624999 0.880796065625 0.7523516015625 0.8765139093750001 0.7523516015625 0.8765139093750001 0.7607671390624999
0 1 0.8526637625 0.995736821875 0.8526637625 0.995736821875 0.883971565625 1 0.883971565625 1 0.8526637625
