0 0.5926530609375 0.58006046875 0.60462585 0.58006046875 0.60462585 0.5171730921875 0.5926530609375 0.5171730921875 0.5926530609375 0.58006046875
0 0.5817687078125 0.58006046875 0.5926530609375 0.58006046875 0.5926530609375 0.54136054375 0.5817687078125 0.54136054375 0.5817687078125 0.58006046875
0 0.573061225 0.58006046875 0.5844897953125 0.58006046875 0.5844897953125 0.5394255484375 0.573061225 0.5394255484375 0.573061225 0.58006046875
0 0.46200842499999994 0.544412884375 0.46753663124999995 0.544412884375 0.46753663124999995 0.5063693109375 0.46200842499999994 0.5063693109375 0.46200842499999994 0.544412884375
0 0.45612355937500004 0.5396574375000001 0.4634350578125 0.5396574375000001 0.4634350578125 0.510807728125 0.45612355937500004 0.510807728125 0.45612355937500004 0.5396574375000001
0 0.42117102656250005 0.5371212 0.42955249999999995 0.5371212 0.42955249999999995 0.5177823828125 0.42117102656250005 0.5177823828125 0.42117102656250005 0.5371212
0 0.435437365625 0.5355360515625 0.4457804625 0.5355360515625 0.4457804625 0.5180994125 0.435437365625 0.5180994125 0.435437365625 0.5355360515625
0 0.8094080281249999 0.5491083703124999 0.813402603125 0.5491083703124999 0.813402603125 0.537137325 0.8094080281249999 0.537137325 0.8094080281249999 0.5491083703124999
0 0.804043884375 0.549919965625 0.8086091140624999 0.549919965625 0.8086091140624999 0.53835471875 0.804043884375 0.53835471875 0.804043884375 0.549919965625
0 0.798793871875 0.5482967734375 0.8025601859375 0.5482967734375 0.8025601859375 0.536528628125 0.798793871875 0.536528628125 0.798793871875 0.5482967734375
0 0.2834096953125 0.5290556640624999 0.2899403078125 0.5290556640624999 0.2899403078125 0.4980957234375 0.2834096953125 0.4980957234375 0.2834096953125 0.5290556640624999
0 0.1870831640625 0.5242181734375 0.1919811234375 0.5242181734375 0.1919811234375 0.5019657171875 0.1870831640625 0.5019657171875 0.1870831640625 0.5242181734375
0 0.0243620765625 0.5542106140625 0.036334865625000004 0.5542106140625 0.036334865625000004 0.5029332140625 0.0243620765625 0.5029332140625 0.0243620765625 0.5542106140625
0 0.050896275000000005 0.516185734375 0.053818020312500006 0.516185734375 0.053818020312500006 0.5067712171875 0.050896275000000005 0.5067712171875 0.050896275000000005 0.516185734375
0 0.8192185375 0.7824464625 0.8192185375 0.7951077421875 0.822555475 0.7951077421875 0.8285318828125 0.7951077421875 0.8285318828125 0.7824464625 0.8192185375 0.7824464625
0 0.8100878078125 0.8145866343750001 0.8100878078125 0.8243260796874999 0.8149847671874999 0.8243260796874999 0.8177576203125 0.8243260796874999 0.8177576203125 0.8145866343750001 0.8100878078125 0.8145866343750001
0 0.270179421875 0.62802885625 0.31122534218750003 0.62802885625 0.31122534218750003 0.6122379671875 0.270179421875 0.6122379671875 0.270179421875 0.62802885625
0 0.33188855 0.6165596843750001 0.34984029687499996 0.6165596843750001 0.34984029687499996 0.59761061875 0.33188855 0.59761061875 0.33188855 0.6165596843750001
0 0.3087368578125 0.613327259375 0.32661380625 0.613327259375 0.32661380625 0.6001626453125 0.3087368578125 0.6001626453125 0.3087368578125 0.613327259375
0 0.6243360984375 0.6635919765625 0.6636990421875 0.6635919765625 0.6636990421875 0.636830578125 0.6243360984375 0.636830578125 0.6243360984375 0.6635919765625
0 0.9227212203124999 0.595813853125 0.9364655265625 0.595813853125 0.9364655265625 0.56124011875 0.9227212203124999 0.56124011875 0.9227212203124999 0.595813853125
0 0.9462994874999999 0.600632509375 0.96097878125 0.600632509375 0.96097878125 0.5638979171875 0.9462994874999999 0.5638979171875 0.9462994874999999 0.600632509375
0 0.795470178125 0.535950471875 0.79983604375 0.535950471875 0.79983604375 0.5258060062500001 0.795470178125 0.5258060062500001 0.795470178125 0.535950471875
0 0.8002780921875001 0.532853225 0.8038310421875 0.532853225 0.8038310421875 0.5218827125 0.8002780921875001 0.5218827125 0.8002780921875001 0.532853225
0 0.8644224656249999 0.5506056234375001 0.8644224656249999 0.5570881984375 0.8753618109374999 0.5570881984375 0.8753618109374999 0.5506056234375001 0.8677469312499999 0.5506056234375001 0.8644224656249999 0.5506056234375001
0 0.4728351578125 0.5455890609375 0.480374890625 0.5455890609375 0.480374890625 0.5306957609375 0.4728351578125 0.5306957609375 0.4728351578125 0.5455890609375
0 0.061382721875000004 0.5767851187499999 0.0692366109375 0.5767851187499999 0.0692366109375 0.5653491921875 0.061382721875000004 0.5653491921875 0.061382721875000004 0.5767851187499999
0 0.12720047343750002 0.515155034375 0.13067114375 0.515155034375 0.13067114375 0.4993043078125 0.12720047343750002 0.4993043078125 0.12720047343750002 0.515155034375
0 0.32489639531250003 0.54431653125 0.329907925 0.54431653125 0.329907925 0.5362050015625 0.32489639531250003 0.5362050015625 0.32489639531250003 0.54431653125
