0 0.282843609375 0.89558086875 0.254119434375 0.89558086875 0.254119434375 0.9524820921874999 0.282843609375 0.9524820921874999 0.282843609375 0.89558086875
0 0.403791134375 0.7432200171875001 0.384777371875 0.7432200171875001 0.384777371875 0.7951372765625 0.403791134375 0.7951372765625 0.403791134375 0.7432200171875001
0 0.3838319359375 0.7165143765625 0.363242446875 0.7165143765625 0.363242446875 0.7626423015625 0.3838319359375 0.7626423015625 0.3838319359375 0.7165143765625
0 0.39076513125 0.6606753109375 0.36702419062499997 0.6606753109375 0.36702419062499997 0.699519878125 0.39076513125 0.699519878125 0.39076513125 0.6606753109375
0 0.3964313671875 0.566377196875 0.380968240625 0.566377196875 0.380968240625 0.597154046875 0.3964313671875 0.597154046875 0.3964313671875 0.566377196875
0 0.3788672734375 0.5179708890625 0.366429540625 0.5179708890625 0.366429540625 0.5394848046875 0.3788672734375 0.5394848046875 0.3788672734375 0.5179708890625
0 0.455954421875 0.4524995515625 0.4442940484375 0.4524995515625 0.4442940484375 0.47565688906250003 0.455954421875 0.47565688906250003 0.455954421875 0.4524995515625
0 0.7896946015624999 0.5372063781249999 0.7991489578125 0.5372063781249999 0.7991489578125 0.5114345015625 0.7896946015624999 0.5114345015625 0.7896946015624999 0.5372063781249999
0 0.845370259375 0.47445746250000004 0.8322392078125 0.47445746250000004 0.8322392078125 0.5129285234375 0.845370259375 0.5129285234375 0.845370259375 0.47445746250000004
0 0.5422298609375 0.3494795328125 0.531052709375 0.3494795328125 0.531052709375 0.36471855625 0.5422298609375 0.36471855625 0.5422298609375 0.3494795328125
0 0.5405350624999999 0.3113886734375 0.5497860453125 0.3113886734375 0.5497860453125 0.29886279375 0.5405350624999999 0.29886279375 0.5405350624999999 0.3113886734375
0 0.5494095515625 0.283659628125 0.5383298859375001 0.283659628125 0.5383298859375001 0.2958986546875 0.5494095515625 0.2958986546875 0.5494095515625 0.283659628125
0 0.5439772890625 0.258894721875 0.5353179375 0.258894721875 0.5353179375 0.270177575 0.5439772890625 0.270177575 0.5439772890625 0.258894721875
0 0.323554665625 0.3482104109375 0.33038533281250004 0.3482104109375 0.33038533281250004 0.3308080453125 0.323554665625 0.3308080453125 0.323554665625 0.3482104109375
0 0.19560675156250001 0.41290683906250003 0.20441400937499998 0.41290683906250003 0.20441400937499998 0.3807554890625 0.19560675156250001 0.3807554890625 0.19560675156250001 0.41290683906250003
0 0.21665004843750002 0.4175681875 0.22478499843750002 0.4175681875 0.22478499843750002 0.38565588125 0.21665004843750002 0.38565588125 0.21665004843750002 0.4175681875
0 0.236582196875 0.37169658125 0.24404483593749998 0.37169658125 0.24404483593749998 0.3556806671875 0.236582196875 0.3556806671875 0.236582196875 0.37169658125
0 0.2591608828125 0.35856967812499996 0.2661529046875 0.35856967812499996 0.2661529046875 0.328067728125 0.2591608828125 0.328067728125 0.2591608828125 0.35856967812499996
0 0.28929380781249997 0.3670352328125 0.2959496765625 0.3670352328125 0.2959496765625 0.3492264921875 0.28929380781249997 0.3492264921875 0.28929380781249997 0.3670352328125
0 0.1749625453125 0.3433090390625 0.1830302640625 0.3433090390625 0.1830302640625 0.3256198203125 0.1749625453125 0.3256198203125 0.1749625453125 0.3433090390625
0 0.2811924875 0.22261006718749998 0.285979334375 0.22261006718749998 0.285979334375 0.20042683125 0.2811924875 0.20042683125 0.2811924875 0.22261006718749998
0 0.31024084375 0.235042378125 0.3160065734375 0.235042378125 0.3160065734375 0.21262966093750002 0.31024084375 0.21262966093750002 0.31024084375 0.235042378125
0 0.587674525 0.25654740625 0.5980549890625 0.25654740625 0.5980549890625 0.24411714375 0.587674525 0.24411714375 0.587674525 0.25654740625
0 0.227215171875 0.4985550515625 0.239148671875 0.4985550515625 0.239148671875 0.48361483281249995 0.227215171875 0.48361483281249995 0.227215171875 0.4985550515625
0 0.27211466875 0.4850153234375 0.2801823859375 0.4850153234375 0.2801823859375 0.4627842796875 0.27211466875 0.4627842796875 0.27211466875 0.4850153234375
0 0.27883776718750003 0.48417867187499997 0.285560865625 0.48417867187499997 0.285560865625 0.46457710625 0.27883776718750003 0.46457710625 0.27883776718750003 0.48417867187499997
0 0.5771070484374999 0.251417521875 0.5825527578125 0.251417521875 0.5825527578125 0.2437681296875 0.5771070484374999 0.2437681296875 0.5771070484374999 0.251417521875
0 0.581698925 0.1991039203125 0.574814471875 0.1991039203125 0.574814471875 0.207422634375 0.581698925 0.207422634375 0.581698925 0.1991039203125
0 0.453569546875 0.253098921875 0.45827571562499997 0.253098921875 0.45827571562499997 0.2340949640625 0.453569546875 0.2340949640625 0.453569546875 0.253098921875
0 0.5329247703125 0.110500446875 0.536280940625 0.110500446875 0.536280940625 0.0986438890625 0.5329247703125 0.0986438890625 0.5329247703125 0.110500446875
0 0.535893690625 0.1093530390625 0.5392498609375 0.1093530390625 0.5392498609375 0.0982614203125 0.535893690625 0.0982614203125 0.535893690625 0.1093530390625
0 0.46644381562500004 0.04693646875 0.4694179 0.04693646875 0.4694179 0.0401805265625 0.46644381562500004 0.0401805265625 0.46644381562500004 0.04693646875
0 0.148840146875 0.5906837453125 0.159975278125 0.5906837453125 0.159975278125 0.5606165562500001 0.148840146875 0.5606165562500001 0.148840146875 0.5906837453125
0 0.30761288124999997 0.13133579374999999 0.319462340625 0.13133579374999999 0.319462340625 0.12192345625 0.30761288124999997 0.12192345625 0.30761288124999997 0.13133579374999999
0 0.5586761296875 0.2410157484375 0.5632982609375 0.2410157484375 0.5632982609375 0.229362378125 0.5586761296875 0.229362378125 0.5586761296875 0.2410157484375
0 0.5620376796875 0.24594602031249999 0.5669959640625 0.24594602031249999 0.5669959640625 0.23294803125 0.5620376796875 0.23294803125 0.5620376796875 0.24594602031249999
0 0.5740595265625 0.227562590625 0.5781041421875 0.227562590625 0.5781041421875 0.2185363078125 0.5740595265625 0.2185363078125 0.5740595265625 0.227562590625
0 0.5832674812499999 0.21953072968749998 0.5771145015625 0.21953072968749998 0.5771145015625 0.2304693609375 0.5832674812499999 0.2304693609375 0.5832674812499999 0.21953072968749998
0 0.6490227843749999 0.16440998906249998 0.6541089359375001 0.16440998906249998 0.6541089359375001 0.15806099375 0.6469663171875 0.15806099375 0.6469663171875 0.16440998906249998 0.6490227843749999 0.16440998906249998
0 0.659856515625 0.0948982203125 0.659856515625 0.10909142812499999 0.6646887421875001 0.10909142812499999 0.6646887421875001 0.10510759218750002 0.6646887421875001 0.0948982203125 0.659856515625 0.0948982203125
0 0.663113015625 0.0934041984375 0.6679452421875001 0.0934041984375 0.6679452421875001 0.0801447546875 0.663113015625 0.0801447546875 0.663113015625 0.0934041984375
0 0.680025809375 0.065951546875 0.6918962796875 0.065951546875 0.6918962796875 0.048770296875 0.680025809375 0.048770296875 0.680025809375 0.065951546875
0 0.7103060140624999 0.0289811765625 0.7003264140625001 0.0289811765625 0.7003264140625001 0.0397194578125 0.7103060140624999 0.0397194578125 0.7103060140624999 0.0289811765625
0 0.6789490640625 0.0781598390625 0.684243503125 0.0781598390625 0.684243503125 0.070092121875 0.6789490640625 0.070092121875 0.6789490640625 0.0781598390625
0 0.6637380546875 0.07412598125 0.6685282609375001 0.07412598125 0.6685282609375001 0.0645642421875 0.6637380546875 0.0645642421875 0.6637380546875 0.07412598125
0 0.4600101484375 0.0455496828125 0.4626993875 0.0455496828125 0.4626993875 0.033149303125 0.4600101484375 0.033149303125 0.4600101484375 0.0455496828125
0 0.6345204984375 0.15461761406250002 0.6229651734375 0.15461761406250002 0.6229651734375 0.1747869078125 0.6345204984375 0.1747869078125 0.6345204984375 0.15461761406250002
0 0.637566903125 0.155551378125 0.6539544546875 0.155551378125 0.6539544546875 0.1398641484375 0.637566903125 0.1398641484375 0.637566903125 0.155551378125
0 0.639089828125 0.1345025640625 0.6429766203125 0.1345025640625 0.6429766203125 0.1287132296875 0.639089828125 0.1287132296875 0.639089828125 0.1345025640625
0 0.655986725 0.15124390625 0.660713903125 0.15124390625 0.660713903125 0.14358704375 0.655986725 0.14358704375 0.655986725 0.15124390625
0 0.62434785 0.14893295 0.628852325 0.14893295 0.628852325 0.143076384375 0.62434785 0.143076384375 0.62434785 0.14893295
0 0.7288091265625 0.2626088375 0.7352745281249999 0.2626088375 0.7352745281249999 0.23090964375 0.7288091265625 0.23090964375 0.7288091265625 0.2626088375
0 0.8297633453125 0.0445184421875 0.8330980015625 0.0445184421875 0.8330980015625 0.03524355625 0.8297633453125 0.03524355625 0.8297633453125 0.0445184421875
0 0.6524738015625 0.014052296875 0.64817101875 0.014052296875 0.64817101875 0.0236140375 0.6524738015625 0.0236140375 0.6524738015625 0.014052296875
0 0.667869696875 0.035685732812499996 0.6715001703125 0.035685732812499996 0.6715001703125 0.0214626453125 0.667869696875 0.0214626453125 0.667869696875 0.035685732812499996
0 0.67492895 0.026004471875 0.6720380171875 0.026004471875 0.6720380171875 0.03532716875 0.67492895 0.03532716875 0.67492895 0.026004471875
0 0.45263278281249997 0.0449503765625 0.45585987031249997 0.0449503765625 0.45585987031249997 0.0400499859375 0.45263278281249997 0.0400499859375 0.45263278281249997 0.0449503765625
