0 0.8052008921875 0.8239141468750001 0.8155800281250001 0.8239141468750001 0.8155800281250001 0.7797995078125 0.8052008921875 0.7797995078125 0.8052008921875 0.8239141468750001
0 0.784353146875 0.7031821375 0.7901690421875001 0.7031821375 0.7901690421875001 0.6819731765625 0.784353146875 0.6819731765625 0.784353146875 0.7031821375
0 0.860847175 0.6293331609374999 0.8643784671875 0.6293331609374999 0.8643784671875 0.6150807390625 0.860847175 0.6150807390625 0.860847175 0.6293331609374999
0 0.96903970625 0.74039078125 0.9572639765625001 0.74039078125 0.9572639765625001 0.75304258125 0.96903970625 0.75304258125 0.96903970625 0.74039078125
0 0.9925399687500001 0.747126271875 0.9842969578125 0.747126271875 0.9842969578125 0.7544078828125 0.9925399687500001 0.7544078828125 0.9925399687500001 0.747126271875
0 0.8590575296875 0.7047937859375 0.8549104249999999 0.7047937859375 0.8549104249999999 0.7318267671875 0.8590575296875 0.7318267671875 0.8590575296875 0.7047937859375
0 0.8435377390625 0.594558453125 0.8402610140625001 0.594558453125 0.8402610140625001 0.6055718890625 0.8435377390625 0.6055718890625 0.8435377390625 0.594558453125
0 0.8261813359374999 0.5559659140625001 0.8231606046875 0.5559659140625001 0.8231606046875 0.5620642640625 0.8261813359374999 0.5620642640625 0.8261813359374999 0.5559659140625001
0 0.7058221203125 0.5731832625 0.7020538875 0.5731832625 0.7020538875 0.576896884375 0.7058221203125 0.576896884375 0.7058221203125 0.5731832625
0 0.7055763671874999 0.55366854375 0.7038970453125 0.55366854375 0.7038970453125 0.5565811890625 0.7055763671874999 0.5565811890625 0.7055763671874999 0.55366854375
0 0.9583704515625 0.6655983703125 0.954210546875 0.6655983703125 0.954210546875 0.6711449109375 0.9583704515625 0.6711449109375 0.9583704515625 0.6655983703125
0 0.92789115 0.6289058765625 0.9221312812500001 0.6289058765625 0.9221312812500001 0.6334568828125 0.92789115 0.6334568828125 0.92789115 0.6289058765625
0 0.8882920562500001 0.601315396875 0.8809322249999999 0.601315396875 0.8809322249999999 0.6067197171875 0.8882920562500001 0.6067197171875 0.8882920562500001 0.601315396875
