0 0.25111238125 0.701968728125 0.2671922 0.701968728125 0.2671922 0.6597106562499999 0.25111238125 0.6597106562499999 0.25111238125 0.701968728125
0 0.1434475125 0.8747296718750001 0.1616246984375 0.8747296718750001 0.1616246984375 0.8237714078125 0.1434475125 0.8237714078125 0.1434475125 0.8747296718750001
0 0.00012739531249999998 0.8374431375 0.014109846875000002 0.8374431375 0.014109846875000002 0.790213528125 0.00012739531249999998 0.790213528125 0.00012739531249999998 0.8374431375
0 0.034384399999999996 0.7467125703125 0.0665440359375 0.7467125703125 0.0665440359375 0.72185488125 0.034384399999999996 0.72185488125 0.034384399999999996 0.7467125703125
0 0.07982736406249999 0.29305973281250003 0.08891595625 0.29305973281250003 0.08891595625 0.27565935 0.07982736406249999 0.27565935 0.07982736406249999 0.29305973281250003
0 0.1944834578125 0.5453652828125 0.2070676625 0.5453652828125 0.2070676625 0.5031072109375 0.1944834578125 0.5031072109375 0.1944834578125 0.5453652828125
0 0.22804133906250001 0.4620920234375 0.24272291093749998 0.4620920234375 0.24272291093749998 0.4272912578125 0.22804133906250001 0.4272912578125 0.22804133906250001 0.4620920234375
0 0.2685904453125 0.6025379703125 0.281873771875 0.6025379703125 0.281873771875 0.5664943203125 0.2685904453125 0.5664943203125 0.2685904453125 0.6025379703125
0 0.3699632109375 0.44717740937499995 0.3804500484375 0.44717740937499995 0.3804500484375 0.4210768359375 0.3699632109375 0.4210768359375 0.3699632109375 0.44717740937499995
0 0.5964789078125 0.5664943203125 0.606965746875 0.5664943203125 0.606965746875 0.5292077859375001 0.5964789078125 0.5292077859375001 0.5964789078125 0.5664943203125
0 0.5796999671874999 0.5366650921875 0.587390315625 0.5366650921875 0.587390315625 0.516778940625 0.5796999671874999 0.516778940625 0.5796999671874999 0.5366650921875
0 0.5356552484375 0.416105296875 0.5468412093749999 0.416105296875 0.5468412093749999 0.387518953125 0.5356552484375 0.387518953125 0.5356552484375 0.416105296875
0 0.458751771875 0.2943026171875 0.46784036406249996 0.2943026171875 0.46784036406249996 0.2657162734375 0.458751771875 0.2657162734375 0.458751771875 0.2943026171875
0 0.43358336093750005 0.2943026171875 0.44127370781249997 0.2943026171875 0.44127370781249997 0.27814511875000003 0.43358336093750005 0.27814511875000003 0.43358336093750005 0.2943026171875
0 0.32871498125 0.27565935 0.338502696875 0.27565935 0.338502696875 0.2570160828125 0.32871498125 0.2570160828125 0.32871498125 0.27565935
0 0.9131814109375 0.40367645156250004 0.9201726359375 0.40367645156250004 0.9201726359375 0.37136145625 0.9131814109375 0.37136145625 0.9131814109375 0.40367645156250004
0 0.8761279171874999 0.418591065625 0.8873138781250001 0.418591065625 0.8873138781250001 0.3962191453125 0.8761279171874999 0.3962191453125 0.8761279171874999 0.418591065625
0 0.6419218718749999 0.2893310796875 0.651010465625 0.2893310796875 0.651010465625 0.27317358125 0.6419218718749999 0.27317358125 0.6419218718749999 0.2893310796875
0 0.6419218718749999 0.2520445453125 0.6496122203125 0.2520445453125 0.6496122203125 0.23712993125 0.6419218718749999 0.23712993125 0.6419218718749999 0.2520445453125
0 0.6363288921875 0.23712993125 0.6419218718749999 0.23712993125 0.6419218718749999 0.2296726234375 0.6363288921875 0.2296726234375 0.6363288921875 0.23712993125
0 0.671984140625 0.209786471875 0.678975365625 0.209786471875 0.678975365625 0.20108628125 0.671984140625 0.20108628125 0.671984140625 0.209786471875
0 0.6593999359375 0.204814934375 0.6635946703125 0.204814934375 0.6635946703125 0.197357628125 0.6593999359375 0.197357628125 0.6593999359375 0.204814934375
0 0.6816693921875 0.1243293140625 0.68648025 0.1243293140625 0.68648025 0.11659121562500001 0.6816693921875 0.11659121562500001 0.6816693921875 0.1243293140625
0 0.6860220734375 0.14835815000000002 0.6933529046875 0.14835815000000002 0.6933529046875 0.13776917187499998 0.6860220734375 0.13776917187499998 0.6860220734375 0.14835815000000002
0 0.7288365609375 0.0579413859375 0.7317001671875001 0.0579413859375 0.7317001671875001 0.05285053125 0.7288365609375 0.05285053125 0.7288365609375 0.0579413859375
0 0.72024574375 0.0665958390625 0.723395709375 0.0665958390625 0.723395709375 0.063032240625 0.72024574375 0.063032240625 0.72024574375 0.0665958390625
0 0.71824121875 0.05895955625 0.71824121875 0.063032240625 0.72024574375 0.063032240625 0.72024574375 0.05895955625 0.7194589625 0.05895955625 0.71824121875 0.05895955625
0 0.7234603125 0.0577688375 0.7252197125000001 0.0577688375 0.7252197125000001 0.0500535453125 0.7234603125 0.0500535453125 0.7234603125 0.0577688375
0 0.7211144468749999 0.051304673437500004 0.7211144468749999 0.0577688375 0.7230971828125 0.0577688375 0.7234603125 0.0577688375 0.7234603125 0.051304673437500004 0.7211144468749999 0.051304673437500004
0 0.7175956484375 0.0577688375 0.7211144468749999 0.0577688375 0.7211144468749999 0.0502620671875 0.7175956484375 0.0502620671875 0.7175956484375 0.0577688375
0 0.7274482843750001 0.028784360937499996 0.7274482843750001 0.032120703125 0.7290903906249999 0.032120703125 0.7304979109375 0.032120703125 0.7304979109375 0.028784360937499996 0.7274482843750001 0.028784360937499996
0 0.7314362562500001 0.032120703125 0.729207684375 0.032120703125 0.729207684375 0.036916696875 0.7314362562500001 0.036916696875 0.7314362562500001 0.032120703125
0 0.73319565625 0.023362803125 0.73319565625 0.034205917187500004 0.742931 0.034205917187500004 0.742931 0.023362803125 0.7365971609375 0.023362803125 0.73319565625 0.023362803125
0 0.7012918796875 0.0925919140625 0.7131385031249999 0.0925919140625 0.7131385031249999 0.0729909015625 0.7012918796875 0.0729909015625 0.7012918796875 0.0925919140625
0 0.4045443578125 0.291729046875 0.4119628546875 0.291729046875 0.4119628546875 0.263323178125 0.4045443578125 0.263323178125 0.4045443578125 0.291729046875
0 0.3699627484375 0.3264247859375 0.3776095078125 0.3264247859375 0.3776095078125 0.296395725 0.3699627484375 0.296395725 0.3699627484375 0.3264247859375
0 0.425772671875 0.1941345984375 0.429653115625 0.1941345984375 0.429653115625 0.175670784375 0.425772671875 0.175670784375 0.425772671875 0.1941345984375
0 0.3929030234375 0.18378674687500002 0.397468253125 0.18378674687500002 0.397468253125 0.16309104218749998 0.3929030234375 0.16309104218749998 0.3929030234375 0.18378674687500002
0 0.6420487171875 0.19769369375 0.6469791640625 0.19769369375 0.6469791640625 0.1871429421875 0.6420487171875 0.1871429421875 0.6420487171875 0.19769369375
0 0.6537357015625 0.194609628125 0.6484400375 0.194609628125 0.6484400375 0.2012647171875 0.6537357015625 0.2012647171875 0.6537357015625 0.194609628125
0 0.6265026859375 0.22181331875 0.635450534375 0.22181331875 0.635450534375 0.2099640140625 0.6265026859375 0.2099640140625 0.6265026859375 0.22181331875
0 0.09569511875 0.84637545625 0.10317501250000001 0.84637545625 0.10317501250000001 0.8290885890625 0.09569511875 0.8290885890625 0.09569511875 0.84637545625
0 0.0250280796875 0.9996435390625 0.0397073734375 0.9996435390625 0.0397073734375 0.96141296875 0.0250280796875 0.96141296875 0.0250280796875 0.9996435390625
0 0.0304721578125 0.8913224734374999 0.0448987109375 0.8913224734374999 0.0448987109375 0.8546372265625 0.0304721578125 0.8546372265625 0.0304721578125 0.8913224734374999
0 0.027915553125 0.8546372265625 0.03686366875 0.8546372265625 0.03686366875 0.837755521875 0.027915553125 0.837755521875 0.027915553125 0.8546372265625
0 0.145833515625 0.7597640140624999 0.1640844578125 0.7597640140624999 0.1640844578125 0.7282753203125 0.145833515625 0.7282753203125 0.145833515625 0.7597640140624999
0 0.2426270609375 0.6214650890625 0.253398109375 0.6214650890625 0.253398109375 0.59433800625 0.2426270609375 0.59433800625 0.2426270609375 0.6214650890625
0 0.0018492625 0.6142843906250001 0.01202191875 0.6142843906250001 0.01202191875 0.575455428125 0.0018492625 0.575455428125 0.0018492625 0.6142843906250001
0 0 0.5737267421875 0.0097031515625 0.5737267421875 0.0097031515625 0.5306425499999999 0 0.5306425499999999 0 0.5737267421875
0 0.3791377171875 0.81712824375 0.40778571250000006 0.81712824375 0.40778571250000006 0.76247515 0.3791377171875 0.76247515 0.3791377171875 0.81712824375
0 0.399183834375 0.7244440421875 0.41534040625 0.7244440421875 0.41534040625 0.6736472484375 0.399183834375 0.6736472484375 0.399183834375 0.7244440421875
0 0.40023101875 0.755560403125 0.41691118281249995 0.755560403125 0.41691118281249995 0.7159335859375 0.40023101875 0.7159335859375 0.40023101875 0.755560403125
0 0.43306775468750003 0.814202775 0.457078215625 0.814202775 0.457078215625 0.7680601375 0.43306775468750003 0.7680601375 0.43306775468750003 0.814202775
0 0.4275326328125 0.72630570625 0.4477283484375 0.72630570625 0.4477283484375 0.6812268765625 0.4275326328125 0.6812268765625 0.4275326328125 0.72630570625
0 0.46066856562499997 0.72098666875 0.476600740625 0.72098666875 0.476600740625 0.6794981890625 0.46066856562499997 0.6794981890625 0.46066856562499997 0.72098666875
0 0.523050884375 0.9184558796875001 0.537187884375 0.9184558796875001 0.537187884375 0.8673931343750001 0.523050884375 0.8673931343750001 0.523050884375 0.9184558796875001
0 0.4121240515625 0.9683218421875001 0.44660636406250004 0.9683218421875001 0.44660636406250004 0.9235089640625 0.4121240515625 0.9235089640625 0.4121240515625 0.9683218421875001
0 0.5358044890625 0.647446571875 0.54786581875 0.647446571875 0.54786581875 0.614202596875 0.5358044890625 0.614202596875 0.5358044890625 0.647446571875
0 0.572362471875 0.5053285796875 0.5831148203125001 0.5053285796875 0.5831148203125001 0.47956449843750004 0.572362471875 0.47956449843750004 0.572362471875 0.5053285796875
0 0.5594596546874999 0.444159665625 0.5691835171874999 0.444159665625 0.5691835171874999 0.4225510828125 0.5594596546874999 0.4225510828125 0.5594596546874999 0.444159665625
0 0.4545673265625 0.3792978265625 0.465263575 0.3792978265625 0.465263575 0.365601309375 0.4545673265625 0.365601309375 0.4545673265625 0.3792978265625
0 0.4523233578125 0.3718511765625 0.45568931093750004 0.3718511765625 0.45568931093750004 0.361080128125 0.4523233578125 0.361080128125 0.4523233578125 0.3718511765625
0 0.42928528281249995 0.3823562734375 0.4375131671875 0.3823562734375 0.4375131671875 0.36998951406249997 0.42928528281249995 0.36998951406249997 0.42928528281249995 0.3823562734375
0 0.38620314843750003 0.3188187921875 0.3941505375 0.3188187921875 0.3941505375 0.29471691093749997 0.38620314843750003 0.29471691093749997 0.38620314843750003 0.3188187921875
0 0.38970935 0.2913925125 0.3968386234375 0.2913925125 0.3968386234375 0.2764327234375 0.38970935 0.2764327234375 0.38970935 0.2913925125
0 0.39036462968749996 0.11129052187499999 0.3931220171875 0.11129052187499999 0.3931220171875 0.10203114375 0.39036462968749996 0.10203114375 0.39036462968749996 0.11129052187499999
0 0.388181696875 0.1097245984375 0.3907476 0.1097245984375 0.3907476 0.1006013875 0.388181696875 0.1006013875 0.388181696875 0.1097245984375
0 0.6536859734375 0.174458578125 0.6609414703125001 0.174458578125 0.6609414703125001 0.1655491921875 0.6536859734375 0.1655491921875 0.6536859734375 0.174458578125
0 0.6576850234375 0.192308996875 0.6635754406250001 0.192308996875 0.6635754406250001 0.1825020234375 0.6576850234375 0.1825020234375 0.6576850234375 0.192308996875
0 0.6539450765625 0.1878210609375 0.65983549375 0.1878210609375 0.65983549375 0.17701676875 0.6539450765625 0.17701676875 0.6539450765625 0.1878210609375
0 0.7100368046875001 0.1404557265625 0.71611421875 0.1404557265625 0.71611421875 0.13297583125 0.7100368046875001 0.13297583125 0.7100368046875001 0.1404557265625
0 0.7093823140625 0.12084178125 0.7023699125 0.12084178125 0.7023699125 0.13231095312500002 0.7093823140625 0.13231095312500002 0.7093823140625 0.12084178125
0 0.6935734859375 0.12744615625 0.7000248953125 0.12744615625 0.7000248953125 0.1173067421875 0.6935734859375 0.1173067421875 0.6935734859375 0.12744615625
0 0.6919840078124999 0.1417410640625 0.70011839375 0.1417410640625 0.70011839375 0.12661505625 0.6919840078124999 0.12661505625 0.6919840078124999 0.1417410640625
0 0.7924775578125 0.21439577187499997 0.795918309375 0.21439577187499997 0.795918309375 0.1908590375 0.7924775578125 0.1908590375 0.7924775578125 0.21439577187499997
0 0.8159644265624999 0.0645319328125 0.8198539703125001 0.0645319328125 0.8198539703125001 0.052830053125 0.8159644265624999 0.052830053125 0.8159644265624999 0.0645319328125
0 0.8541118875 0.0479099453125 0.8585250249999999 0.0479099453125 0.8585250249999999 0.0326177171875 0.8541118875 0.0326177171875 0.8541118875 0.0479099453125
0 0.705978396875 0.0633453375 0.7081996265625 0.0633453375 0.7081996265625 0.0593964859375 0.705978396875 0.0593964859375 0.705978396875 0.0633453375
0 0.7045614062500001 0.06116666093749999 0.7068975265625 0.06116666093749999 0.7068975265625 0.0545625453125 0.7045614062500001 0.0545625453125 0.7045614062500001 0.06116666093749999
0 0.7015359390625 0.059532651562500004 0.7041784359375 0.059532651562500004 0.7041784359375 0.0535412890625 0.7015359390625 0.0535412890625 0.7015359390625 0.059532651562500004
0 0.7062839125 0.0670558125 0.7062839125 0.0735373765625 0.7100829796875 0.0735373765625 0.7100829796875 0.0670558125 0.7079689828125 0.0670558125 0.7062839125 0.0670558125
0 0.7020559171875 0.0707595625 0.7058549843749999 0.0707595625 0.7058549843749999 0.0649316015625 0.7020559171875 0.0649316015625 0.7020559171875 0.0707595625
0 0.707676415625 0.029614406250000003 0.7104721015625 0.029614406250000003 0.7104721015625 0.01674659375 0.707676415625 0.01674659375 0.707676415625 0.029614406250000003
0 0.6956754734375 0.028787296875 0.6980690390625 0.028787296875 0.6980690390625 0.0165535140625 0.6956754734375 0.0165535140625 0.6956754734375 0.028787296875
0 0.5870760140625 0.3625451328125 0.5926859343750001 0.3625451328125 0.5926859343750001 0.348050759375 0.5870760140625 0.348050759375 0.5870760140625 0.3625451328125
