0 0.1774261390625 0.494343321875 0.1779339796875 0.5234375 0.1828125 0.5234375 0.1828125 0.494217953125 0.1774261390625 0.494343321875
0 0.302518421875 0.5160159125 0.302384340625 0.5390625 0.3125 0.5390625 0.3125 0.5162482374999999 0.302518421875 0.5160159125
0 0.3296875 0.40417324531250004 0.3277030125 0.4041963375 0.32801159375 0.421875 0.3296875 0.421875 0.3296875 0.40417324531250004
0 0.191915384375 0.381778109375 0.1916488109375 0.4046875 0.196875 0.4046875 0.196875 0.38183582031249996 0.191915384375 0.381778109375
0 0.2243535875 0.3703125 0.2240808671875 0.39375 0.22833604531249999 0.39375 0.2296875 0.3937185453125 0.2296875 0.3703125 0.2243535875 0.3703125
0 0.2860118984375 0.3776325453125 0.2861023140625 0.3828125 0.2890625 0.3828125 0.2890625 0.3776325453125 0.2860118984375 0.3776325453125
0 0.27734115 0.28221322031249996 0.27758448125 0.303125 0.284375 0.303125 0.284375 0.2821723 0.27734115 0.28221322031249996
0 0.2554699875 0.2799304125 0.255577659375 0.2984375 0.265625 0.2984375 0.265625 0.28010766875000004 0.2554699875 0.2799304125
0 0.2515625 0.27054147500000003 0.2484375 0.270596021875 0.2484375 0.2828125 0.2515625 0.2828125 0.2515625 0.27054147500000003
0 0.16365145781249998 0.24375 0.1635605546875 0.259375 0.165625 0.259375 0.165625 0.24375 0.16365145781249998 0.24375
0 0.168416084375 0.2413660171875 0.1660052703125 0.24139406874999997 0.1662750421875 0.2529846140625 0.16868585625000002 0.2529565625 0.168416084375 0.2413660171875
0 0.20625 0.197639325 0.203125 0.197639325 0.203125 0.2140625 0.20625 0.2140625 0.20625 0.197639325
0 0.2753645171875 0.1875 0.27552815 0.2015625 0.2796875 0.2015625 0.2796875 0.1875 0.2753645171875 0.1875
0 0.26193497187500003 0.1236891125 0.2620956765625 0.1375 0.265625 0.1375 0.265625 0.1236032265625 0.26193497187500003 0.1236891125
0 0.26553525625 0.155370328125 0.26541080781250004 0.1625 0.2703125 0.1625 0.2703125 0.1554259171875 0.26553525625 0.155370328125
0 0.3067073734375 0.10922042968750001 0.309375 0.109173865625 0.309375 0.095721309375 0.3067856453125 0.09576650625000001 0.3067073734375 0.10922042968750001
0 0.9346820109374999 0.215565828125 0.9346820109374999 0.2296875 0.9372845 0.2296875 0.9372845 0.21559611093750003 0.9346820109374999 0.215565828125
0 0.932337303125 0.2186613328125 0.9322822453124999 0.228125 0.934375 0.228125 0.934375 0.2186731890625 0.932337303125 0.2186613328125
0 0.9834036359375 0.2172464234375 0.983240690625 0.23125 0.987057415625 0.23125 0.9872206203125 0.217224215625 0.9834036359375 0.2172464234375
0 0.9828125 0.235266621875 0.97975341875 0.23532001875000003 0.9796875 0.2381521625 0.9796875 0.246875 0.9827796218749999 0.246875 0.9828125 0.2454624375 0.9828125 0.235266621875
0 0.98847480625 0.2341276625 0.9885882171875 0.240625 0.990625 0.240625 0.990625 0.2341651953125 0.98847480625 0.2341276625
0 0.9709531671875 0.23655211562499998 0.9710788078124999 0.24375 0.971875 0.24375 0.971875 0.23654138906250002 0.9709531671875 0.23655211562499998
0 0.986786834375 0.283348546875 0.9866112578124999 0.2984375 0.990625 0.2984375 0.990625 0.2833932078125 0.986786834375 0.283348546875
0 0.9566713953124999 0.30167310937499997 0.9565454124999999 0.3125 0.959375 0.3125 0.959375 0.30161018125 0.9566713953124999 0.30167310937499997
0 0.960180525 0.32533746875 0.9602837296875 0.33125 0.9625 0.33125 0.9625 0.32533746875 0.960180525 0.32533746875
0 0.9715429765625 0.32280760937499997 0.971677575 0.334375 0.9734375 0.334375 0.9734375 0.3227965875 0.9715429765625 0.32280760937499997
0 0.9692144953125 0.3094609953125 0.9692958078124999 0.3234375 0.9733617859375 0.3234375 0.9732808859375 0.30953197499999996 0.9692144953125 0.3094609953125
0 0.9884698328125001 0.3316789890625 0.9884698328125001 0.340625 0.988525959375 0.340625 0.990625 0.3405883609375 0.990625 0.33164137031249996 0.9884698328125001 0.3316789890625
0 0.939557890625 0.3570626546875 0.9394989859375 0.3671875 0.9421875 0.3671875 0.9421875 0.357077953125 0.939557890625 0.3570626546875
0 0.9843834906249999 0.36963540625 0.98461745625 0.3796875 0.9875 0.3796875 0.9875 0.3695991421875 0.9843834906249999 0.36963540625
0 0.9863071906249999 0.327780228125 0.9863475656249999 0.33125 0.9890625 0.33125 0.9890625 0.32771609687500003 0.9863071906249999 0.327780228125
0 0.92028336875 0.1537029984375 0.9201298171874999 0.1625 0.921875 0.1625 0.921875 0.15372151875 0.92028336875 0.1537029984375
0 0.8983620406250001 0.1703125 0.8983074984375001 0.1796875 0.903125 0.1796875 0.903125 0.1703125 0.8983620406250001 0.1703125
0 0.9429338171874999 0.161932075 0.9429338171874999 0.178125 0.9453125 0.178125 0.9453125 0.1619735953125 0.9429338171874999 0.161932075
0 0.9575969843750001 0.16435551406249999 0.9578447375 0.175 0.959375 0.175 0.959375 0.1643658578125 0.9575969843750001 0.16435551406249999
0 0.9625 0.1606603484375 0.9594694875 0.1606074515625 0.959375 0.1638547765625 0.959375 0.171875 0.9623964 0.171875 0.9625 0.16831449999999998 0.9625 0.1606603484375
0 0.9548054499999999 0.4390625 0.9549327187500001 0.45 0.9578125 0.45 0.9578125 0.4390625 0.9548054499999999 0.4390625
0 0.9617804249999999 0.46134194375000004 0.9618417046874999 0.471875 0.9652623015625 0.471875 0.9652004421874999 0.46124243125 0.9617804249999999 0.46134194375000004
0 0.964514534375 0.45146992812500003 0.9644412734374999 0.4640625 0.9671875 0.4640625 0.9671875 0.451438825 0.964514534375 0.45146992812500003
0 0.98587463125 0.434375 0.98605646875 0.4421875 0.9875 0.4421875 0.9875 0.434375 0.98587463125 0.434375
0 0.9901127515624999 0.4377345234375 0.9900245734374999 0.4453125 0.9921875 0.4453125 0.9921875 0.43774659375 0.9901127515624999 0.4377345234375
0 0.9144274828124999 0.4521591375 0.9144274828124999 0.459375 0.9171875 0.459375 0.9171875 0.45207882968749996 0.9144274828124999 0.4521591375
0 0.9373748375 0.48793084843749995 0.9374764109375 0.49375 0.9390625 0.49375 0.9390625 0.4879504859375 0.9373748375 0.48793084843749995
0 0.850518834375 0.4509347453125 0.850518834375 0.4609375 0.853125 0.4609375 0.853125 0.45090441875 0.850518834375 0.4509347453125
0 0.880398690625 0.42564111718750003 0.8802735125 0.4328125 0.8828125 0.4328125 0.8828125 0.42558493437499995 0.880398690625 0.42564111718750003
0 0.9015625 0.3968914375 0.9 0.39687325625000003 0.9 0.4046875 0.9015625 0.4046875 0.9015625 0.3968914375
0 0.8673370296874999 0.393284578125 0.8675324281249999 0.4 0.8703125 0.4 0.8703125 0.3931980015625 0.8673370296874999 0.393284578125
0 0.8082917609375 0.3491195359375 0.8084162234375001 0.35625 0.8109375 0.35625 0.8109375 0.3491811171875 0.8082917609375 0.3491195359375
0 0.8221829640625 0.3460576921875 0.8220227890625 0.3515625 0.825 0.3515625 0.825 0.3461068640625 0.8221829640625 0.3460576921875
0 0.7871819078125 0.448701959375 0.7870774296875 0.4546875 0.7890625 0.4546875 0.7890625 0.44871290156250004 0.7871819078125 0.448701959375
0 0.7895778640625 0.45657604999999996 0.789392640625 0.4671875 0.79375 0.4671875 0.79375 0.4566731578125 0.7895778640625 0.45657604999999996
0 0.8803291078125 0.4993624453125 0.8803600875 0.5046875 0.884375 0.5046875 0.884375 0.49924472187499996 0.8803291078125 0.4993624453125
0 0.937211528125 0.5226628296875 0.937415925 0.5296875 0.9390625 0.5296875 0.9390625 0.5226951390625 0.937211528125 0.5226628296875
0 0.9634746140625001 0.5399818890625 0.9634746140625001 0.546875 0.965625 0.546875 0.965625 0.5400319390625 0.9634746140625001 0.5399818890625
0 0.813300796875 0.017819365625 0.8156881468750001 0.017819365625 0.8156881468750001 0.010217509375 0.813300796875 0.010217509375 0.813300796875 0.017819365625
0 0.8234609171875 0.033714159375000004 0.8257927468750001 0.033714159375000004 0.8257927468750001 0.0228543640625 0.8234609171875 0.0228543640625 0.8234609171875 0.033714159375000004
0 0.8858303624999999 0.08869005937499999 0.8891615484375001 0.08869005937499999 0.8891615484375001 0.0753423828125 0.8858303624999999 0.0753423828125 0.8858303624999999 0.08869005937499999
0 0.9200928312500001 0.0930190375 0.9231464203125 0.0930190375 0.9231464203125 0.0788272578125 0.9200928312500001 0.0788272578125 0.9200928312500001 0.0930190375
0 0.9297255578125 0.0424128046875 0.9329457046874999 0.0424128046875 0.9329457046874999 0.031947909375 0.9297255578125 0.031947909375 0.9297255578125 0.0424128046875
0 0.9965394890624999 0.093145709375 0.9989823609374999 0.093145709375 0.9989823609374999 0.0854451265625 0.9965394890624999 0.0854451265625 0.9965394890624999 0.093145709375
0 0.9506317453124999 0.0236614625 0.9539629328124999 0.0236614625 0.9539629328124999 0.011340528125 0.9506317453124999 0.011340528125 0.9506317453124999 0.0236614625
0 0.9328814765625001 0.0225721078125 0.935324346875 0.0225721078125 0.935324346875 0.0134103875 0.9328814765625001 0.0134103875 0.9328814765625001 0.0225721078125
0 1 0.17256844531249999 0.9956848484374999 0.17256844531249999 0.9956848484374999 0.1868836296875 1 0.1868836296875 1 0.17256844531249999
0 0.9780017734375 0.0637902375 0.9804179937499999 0.0637902375 0.9804179937499999 0.05462851875 0.9780017734375 0.05462851875 0.9780017734375 0.0637902375
0 1 0.054485715625 0.9921432984375 0.054485715625 0.9921432984375 0.076205309375 1 0.076205309375 1 0.054485715625
0 0.8448779140625 0.3744080703125 0.8479315015625 0.3744080703125 0.8479315015625 0.3683611390625 0.8448779140625 0.3683611390625 0.8448779140625 0.3744080703125
0 0.8486948984375001 0.3744080703125 0.8461965093749999 0.3744080703125 0.8461965093749999 0.3786039015625 0.8486948984375001 0.3786039015625 0.8486948984375001 0.3744080703125
0 0.8113330203124999 0.30527377968749997 0.8155349562499999 0.30527377968749997 0.8155349562499999 0.29828394375 0.8113330203124999 0.29828394375 0.8113330203124999 0.30527377968749997
0 0.823261096875 0.3197355109375 0.8308516921875 0.3197355109375 0.8308516921875 0.3100943578125 0.823261096875 0.3100943578125 0.823261096875 0.3197355109375
0 0.8004893124999999 0.3522744078125 0.8056400734375 0.3522744078125 0.8056400734375 0.342633253125 0.8004893124999999 0.342633253125 0.8004893124999999 0.3522744078125
0 0.8808259328125001 0.3803503953125 0.8877659046874999 0.3803503953125 0.8877659046874999 0.36916665625 0.8808259328125001 0.36916665625 0.8808259328125001 0.3803503953125
0 1 0.1201014765625 0.9856511140625 0.1201014765625 0.9856511140625 0.1396248140625 1 0.1396248140625 1 0.1201014765625
0 0.8749229749999999 0.0061697859375 0.87020379375 0.0061697859375 0.87020379375 0.015548699999999999 0.8749229749999999 0.015548699999999999 0.8749229749999999 0.0061697859375
0 0.877421365625 0.009995395312499999 0.8723551859375 0.009995395312499999 0.8723551859375 0.018633870312500002 0.877421365625 0.018633870312500002 0.877421365625 0.009995395312499999
0 0.8915912546874999 0.014511050000000001 0.898617978125 0.014511050000000001 0.898617978125 0.0015533390625000001 0.8915912546874999 0.0015533390625000001 0.8915912546874999 0.014511050000000001
0 0.8908105078125 0.032559290625 0.8974034828124999 0.032559290625 0.8974034828124999 0.022069714062500002 0.8908105078125 0.022069714062500002 0.8908105078125 0.032559290625
0 0.9067920171875 0.060908471875 0.918449003125 0.060908471875 0.918449003125 0.0510262875 0.9067920171875 0.0510262875 0.9067920171875 0.060908471875
0 0.9190954625 0.078820921875 0.94634179375 0.078820921875 0.94634179375 0.061053871875 0.9190954625 0.061053871875 0.9190954625 0.078820921875
0 0.934349521875 0.078820921875 0.9260881796875001 0.078820921875 0.9260881796875001 0.095226265625 0.934349521875 0.095226265625 0.934349521875 0.078820921875
0 0.9474877171875 0.038316817187500005 0.9498861703125 0.038316817187500005 0.9498861703125 0.0289971359375 0.9474877171875 0.0289971359375 0.9474877171875 0.038316817187500005
0 0.90711308125 0 0.90711308125 0.018738621875 0.9178483515625 0.018738621875 0.9178483515625 0 0.90711308125 0
0 0.9067877703124999 0.043998446875 0.9166555437499999 0.043998446875 0.9166555437499999 0.026837190625 0.9067877703124999 0.026837190625 0.9067877703124999 0.043998446875
0 0.9210917046875 0.0494213203125 0.9289338734375001 0.0494213203125 0.9289338734375001 0.0283187625 0.9210917046875 0.0283187625 0.9210917046875 0.0494213203125
0 0.9407147312500002 0.061053871875 0.9573056031250001 0.061053871875 0.9573056031250001 0.043196584375 0.9407147312500002 0.043196584375 0.9407147312500002 0.061053871875
0 0.79899875 0.740219696875 0.7986964109375 0.7921875 0.8109375 0.7921875 0.8109375 0.740219696875 0.79899875 0.740219696875
