0 0.463569415625 0.8709532875000001 0.47471499375 0.8709532875000001 0.47471499375 0.8214173859375 0.463569415625 0.8214173859375 0.463569415625 0.8709532875000001
0 0.5386906125 0.71877899375 0.5440404890625 0.71877899375 0.5440404890625 0.6843020046875 0.5386906125 0.6843020046875 0.5386906125 0.71877899375
0 0.5962017953125 0.7374044921875 0.60556408125 0.7374044921875 0.60556408125 0.703720078125 0.5962017953125 0.703720078125 0.5962017953125 0.7374044921875
0 0.76832260625 0.7657283453125 0.7763117578125 0.7657283453125 0.7763117578125 0.7417862562499999 0.76832260625 0.7417862562499999 0.76832260625 0.7657283453125
0 0.5419206437499999 0.5824692984375 0.548607990625 0.5824692984375 0.548607990625 0.5710760421875001 0.5419206437499999 0.5710760421875001 0.5419206437499999 0.5824692984375
0 0.5614254062499999 0.5611688609375001 0.5664409171875 0.5611688609375001 0.5664409171875 0.554233834375 0.5614254062499999 0.554233834375 0.5614254062499999 0.5611688609375001
0 0.6405590109375 0.55472919375 0.6461318015625 0.55472919375 0.6461318015625 0.5463080890625001 0.6405590109375 0.5463080890625001 0.6405590109375 0.55472919375
0 0.6712093515625 0.56909460625 0.6767821406250001 0.56909460625 0.6767821406250001 0.5581967062500001 0.6712093515625 0.5581967062500001 0.6712093515625 0.56909460625
0 0.765233196875 0.5781148296875 0.7716419046875 0.5781148296875 0.7716419046875 0.5667215718749999 0.765233196875 0.5667215718749999 0.765233196875 0.5781148296875
0 0.6958519734374999 0.5840591374999999 0.701982040625 0.5840591374999999 0.701982040625 0.5731612390625 0.6958519734374999 0.5731612390625 0.6958519734374999 0.5840591374999999
0 0.91181823125 0.5728651859375 0.9182269390625001 0.5728651859375 0.9182269390625001 0.5659301578125 0.91181823125 0.5659301578125 0.91181823125 0.5728651859375
0 0.9590467484375 0.691773025 0.9641737140625001 0.691773025 0.9641737140625001 0.668392078125 0.9590467484375 0.668392078125 0.9590467484375 0.691773025
0 0.8743403531249999 0.6232153359375 0.8783527624999999 0.6232153359375 0.8783527624999999 0.61172300625 0.8743403531249999 0.61172300625 0.8743403531249999 0.6232153359375
0 0.5690138921875 0.925875346875 0.5822660374999999 0.925875346875 0.5822660374999999 0.9042391890625 0.5690138921875 0.9042391890625 0.5690138921875 0.925875346875
0 0.6564932359375 0.8614695890625 0.6724499015625 0.8614695890625 0.6724499015625 0.8412758437500001 0.6564932359375 0.8412758437500001 0.6564932359375 0.8614695890625
0 0.6863781765625 0.7746845640625 0.6997655484374999 0.7746845640625 0.6997655484374999 0.755212025 0.6863781765625 0.755212025 0.6863781765625 0.7746845640625
0 0.712747240625 0.7770885828125 0.72180738125 0.7770885828125 0.72180738125 0.766270503125 0.712747240625 0.766270503125 0.712747240625 0.7770885828125
0 0.7346538484375 0.678764275 0.7416856000000001 0.678764275 0.7416856000000001 0.6698694109375001 0.7346538484375 0.6698694109375001 0.7346538484375 0.678764275
0 0.7266755171875 0.6381363828125 0.73046184375 0.6381363828125 0.73046184375 0.6321263390625 0.7266755171875 0.6321263390625 0.7266755171875 0.6381363828125
0 0.7019291640625 0.6133750046875 0.7120711109375 0.6133750046875 0.7120711109375 0.6030377296875 0.7019291640625 0.6030377296875 0.7019291640625 0.6133750046875
0 0.706932525 0.5917388484375 0.7284334546875 0.5917388484375 0.7284334546875 0.5833247874999999 0.706932525 0.5833247874999999 0.706932525 0.5917388484375
0 0.7230244156250001 0.5773147437499999 0.743849215625 0.5773147437499999 0.743849215625 0.5701026921875 0.7230244156250001 0.5701026921875 0.7230244156250001 0.5773147437499999
0 0.7437139890625 0.5604866234375 0.745607153125 0.5604866234375 0.745607153125 0.55639979375 0.7437139890625 0.55639979375 0.7437139890625 0.5604866234375
0 0.7466889609375 0.5655350609375 0.7488525765625 0.5655350609375 0.7488525765625 0.560727025 0.7466889609375 0.560727025 0.7466889609375 0.5655350609375
0 0.7507457390625001 0.5679390765625 0.7538559375 0.5679390765625 0.7538559375 0.5626502390625 0.7507457390625001 0.5626502390625 0.7507457390625001 0.5679390765625
0 0.6669954234375 0.6327645671875 0.6702161890625 0.6327645671875 0.6702161890625 0.6173489359375 0.6669954234375 0.6173489359375 0.6669954234375 0.6327645671875
