0 0.028125 0.6 0.028125 0.51708878125 0 0.51708878125 0 0.6 0.028125 0.6
0 0 0.4796875 0.0203125 0.4796875 0.0203125 0.403125 0 0.403125 0 0.4796875
0 0.1347912265625 0.271875 0.1337912546875 0.3578125 0.175 0.3578125 0.175 0.271875 0.1347912265625 0.271875
0 0.05625 0.046875 0.0553308015625 0.046875 0.0409012 0.047210853125 0.04146808125 0.0796875 0.05625 0.0796875 0.05625 0.046875
0 0.3328125 0.08764351875000001 0.314113590625 0.0878611 0.3140625 0.090788075 0.3140625 0.1171875 0.3142569875 0.1171875 0.3328125 0.1169715875 0.3328125 0.08764351875000001
0 0.359375 0 0.35360649843749997 0 0.35369740156249996 0.015625 0.359375 0.015625 0.359375 0
0 0.6399527828125 0.2164741765625 0.6399527828125 0.234375 0.64375 0.234375 0.64375 0.21656255781249997 0.6399527828125 0.2164741765625
0 0.48870710156249997 0.1988315390625 0.48860939999999997 0.215625 0.496875 0.215625 0.496875 0.1989741109375 0.48870710156249997 0.1988315390625
0 0.4120323375 0.5385646734375 0.4120323375 0.5546875 0.4140625 0.5546875 0.4140625 0.5385646734375 0.4120323375 0.5385646734375
0 0.40654299062500004 0.5390625 0.4067248046875 0.5546875 0.409375 0.5546875 0.409375 0.5390625 0.40654299062500004 0.5390625
0 0.0365864890625 0.9993372562499999 0.038513196875 0.9993372562499999 0.038513196875 0.9881862796875 0.0365864890625 0.9881862796875 0.0365864890625 0.9993372562499999
0 0.0481467390625 1 0.0481467390625 0.9901877375 0.044935559375 0.9901877375 0.044935559375 1 0.0481467390625 1
0 0.0343386625 1 0.0343386625 0.9901877375 0.0320908359375 0.9901877375 0.0320908359375 1 0.0343386625 1
0 0.08860761874999999 1 0.08860761874999999 0.994476575 0.0836302890625 0.994476575 0.0836302890625 1 0.08860761874999999 1
0 0.09679613125 1 0.09679613125 0.9876144359375001 0.0918188 0.9876144359375001 0.0918188 1 0.09679613125 1
0 0.1126914765625 1 0.1126914765625 0.9947624968750001 0.10771414531250001 0.9947624968750001 0.10771414531250001 1 0.1126914765625 1
0 0.11734768749999999 0.9933328859374999 0.12120110625 0.9933328859374999 0.12120110625 0.9836115203125001 0.11734768749999999 0.9836115203125001 0.11734768749999999 0.9933328859374999
0 0.124251728125 0.9704590859375 0.12810514374999998 0.9704590859375 0.12810514374999998 0.9590221875000001 0.124251728125 0.9590221875000001 0.124251728125 0.9704590859375
0 0.097598925 0.9738901562500001 0.10064954687500001 0.9738901562500001 0.10064954687500001 0.9615954906249999 0.097598925 0.9615954906249999 0.097598925 0.9738901562500001
0 0.103860728125 0.97674938125 0.10851694062499999 0.97674938125 0.10851694062499999 0.9653124828124999 0.103860728125 0.9653124828124999 0.103860728125 0.97674938125
0 0.107071909375 0.9561629640625 0.11012253125 0.9561629640625 0.11012253125 0.9478712109374999 0.107071909375 0.9478712109374999 0.107071909375 0.9561629640625
0 0.1128520359375 0.9510163578124999 0.1170265703125 0.9510163578124999 0.1170265703125 0.9432964515625001 0.1128520359375 0.9432964515625001 0.1128520359375 0.9510163578124999
0 0.18253466093749998 1 0.18253466093749998 0.9864707453125 0.1791629203125 0.9864707453125 0.1791629203125 1 0.18253466093749998 1
0 0.211916965625 0.9798945281249999 0.215128146875 0.9798945281249999 0.215128146875 0.9675998625 0.211916965625 0.9675998625 0.211916965625 0.9798945281249999
0 0.2156098234375 1 0.2156098234375 0.9950484203125001 0.21336199687500002 0.9950484203125001 0.21336199687500002 1 0.2156098234375 1
0 0.350838690625 0.9583230359374999 0.35822440625 0.9583230359374999 0.35822440625 0.9463142906249999 0.350838690625 0.9463142906249999 0.350838690625 0.9583230359374999
0 0.3423290609375 0.9494594390625 0.3448980046875 0.9494594390625 0.3448980046875 0.9431691437499999 0.3423290609375 0.9431691437499999 0.3423290609375 0.9494594390625
0 0.3294843375 0.9634696406250001 0.3343011078125 0.9634696406250001 0.3343011078125 0.9471720578125 0.3294843375 0.9471720578125 0.3294843375 0.9634696406250001
0 0.312143959375 0.9634696406250001 0.31840576249999997 0.9634696406250001 0.31840576249999997 0.942883221875 0.312143959375 0.942883221875 0.312143959375 0.9634696406250001
0 0.3050793625 0.9471720578125 0.3086116609375 0.9471720578125 0.3086116609375 0.9383084625 0.3050793625 0.9383084625 0.3050793625 0.9471720578125
0 0.2957669375 0.9511749734375 0.29817532343750003 0.9511749734375 0.29817532343750003 0.944312834375 0.2957669375 0.944312834375 0.2957669375 0.9511749734375
0 0.3155157 1 0.3155157 0.9920618875 0.309896134375 0.9920618875 0.309896134375 1 0.3155157 1
0 0.29737252812500004 1 0.29737252812500004 0.995207034375 0.2933585515625 0.995207034375 0.2933585515625 1 0.29737252812500004 1
0 0.2853306 1 0.2853306 0.9949211109375 0.2816377421875 0.9949211109375 0.2816377421875 1 0.2853306 1
0 0.3037948890625 1 0.3037948890625 0.9894885859375 0.2983358828125 0.9894885859375 0.2983358828125 1 0.3037948890625 1
0 0.28966569375 0.954891965625 0.29255575624999997 0.954891965625 0.29255575624999997 0.940023996875 0.28966569375 0.940023996875 0.28966569375 0.954891965625
0 0.2795504734375 0.9514608953125 0.284848921875 0.9514608953125 0.284848921875 0.934019625 0.2795504734375 0.934019625 0.2795504734375 0.9514608953125
0 0.27569705624999996 0.9866293593750001 0.27938991562500004 0.9866293593750001 0.27938991562500004 0.976050228125 0.27569705624999996 0.976050228125 0.27569705624999996 0.9866293593750001
0 0.2691141359375 0.9483157484374999 0.2721647578125 0.9483157484374999 0.2721647578125 0.9360210828125 0.2691141359375 0.9360210828125 0.2691141359375 0.9483157484374999
0 0.2392262890625 0.9935249531250001 0.24189799218750002 0.9935249531250001 0.24189799218750002 0.9832774921875 0.2392262890625 0.9832774921875 0.2392262890625 0.9935249531250001
0 0.249399309375 0.993890934375 0.2527903171875 0.993890934375 0.2527903171875 0.981996559375 0.249399309375 0.981996559375 0.249399309375 0.993890934375
0 0.257517175 0.9951718656249999 0.2629633375 0.9951718656249999 0.2629633375 0.9840094531249999 0.257517175 0.9840094531249999 0.257517175 0.9951718656249999
0 0.26388815781249997 0.991512059375 0.26830674375 0.991512059375 0.26830674375 0.9774217999999999 0.26388815781249997 0.9774217999999999 0.26388815781249997 0.991512059375
0 0.2079725421875 1 0.2079725421875 0.99122470625 0.20270620625000002 0.99122470625 0.20270620625000002 1 0.2079725421875 1
0 0.1722642109375 1 0.1722642109375 0.9887085890625 0.16828234687500002 0.9887085890625 0.16828234687500002 1 0.1722642109375 1
0 0.16209666250000002 0.970403775 0.166271196875 0.970403775 0.166271196875 0.959538721875 0.16209666250000002 0.959538721875 0.16209666250000002 0.970403775
0 0.17365691249999998 0.970403775 0.1752625046875 0.970403775 0.1752625046875 0.9612542562499999 0.17365691249999998 0.9612542562499999 0.17365691249999998 0.970403775
0 0.18425381093749998 0.9655430921875 0.1868227546875 0.9655430921875 0.1868227546875 0.9578231859375 0.18425381093749998 0.9578231859375 0.18425381093749998 0.9655430921875
0 0.1490913796875 0.957251340625 0.1527842375 0.957251340625 0.1527842375 0.9501032781250001 0.1490913796875 0.9501032781250001 0.1490913796875 0.957251340625
0 0.1534264734375 0.9515328921874999 0.1563165359375 0.9515328921874999 0.1563165359375 0.9432411406250001 0.1534264734375 0.9432411406250001 0.1534264734375 0.9515328921874999
0 0.13175100312500002 0.9452425968749999 0.13399882968750002 0.9452425968749999 0.13399882968750002 0.9383804578125 0.13175100312500002 0.9383804578125 0.13175100312500002 0.9452425968749999
0 0.2051264859375 0.9449566749999999 0.20785599062500001 0.9449566749999999 0.20785599062500001 0.9398100703125 0.2051264859375 0.9398100703125 0.2051264859375 0.9449566749999999
0 0.2582715296875 0.9461003640625 0.259556003125 0.9461003640625 0.259556003125 0.9352353093750001 0.2582715296875 0.9352353093750001 0.2582715296875 0.9461003640625
0 0.262124946875 0.9463862875 0.26485444999999996 0.9463862875 0.26485444999999996 0.9375226906249999 0.262124946875 0.9375226906249999 0.262124946875 0.9463862875
0 0.2388438859375 0.9469581312500001 0.24622960156249998 0.9469581312500001 0.24622960156249998 0.9378086124999999 0.2388438859375 0.9378086124999999 0.2388438859375 0.9469581312500001
0 0.23049481562500002 0.9372367687500001 0.23499046875000001 0.9372367687500001 0.23499046875000001 0.9303746281249999 0.23049481562500002 0.9303746281249999 0.23049481562500002 0.9372367687500001
0 0.21813176875 0.9343775421875 0.22054015468750002 0.9343775421875 0.22054015468750002 0.926085790625 0.21813176875 0.926085790625 0.21813176875 0.9343775421875
0 0.2065715171875 0.9249421015625 0.20865878593749998 0.9249421015625 0.20865878593749998 0.9183658843749999 0.2065715171875 0.9183658843749999 0.2065715171875 0.9249421015625
0 0.198704125 0.928945015625 0.2051264859375 0.928945015625 0.2051264859375 0.92151103125 0.198704125 0.92151103125 0.198704125 0.928945015625
0 0.18891002343750002 0.928945015625 0.19340567656250002 0.928945015625 0.19340567656250002 0.9197954968750001 0.18891002343750002 0.9197954968750001 0.18891002343750002 0.928945015625
0 0.189356603125 0.94505090625 0.1940834609375 0.94505090625 0.1940834609375 0.9364503578125 0.189356603125 0.9364503578125 0.189356603125 0.94505090625
0 0.2142239875 0.9514555703124999 0.2159708703125 0.9514555703124999 0.2159708703125 0.9446849265624999 0.2142239875 0.9446849265624999 0.2142239875 0.9514555703124999
0 0.2060033640625 0.9558473390625 0.20816127812500002 0.9558473390625 0.20816127812500002 0.9468808093749999 0.2060033640625 0.9468808093749999 0.2060033640625 0.9558473390625
0 0.2092916140625 0.9468808093749999 0.211552284375 0.9468808093749999 0.211552284375 0.93791428125 0.2092916140625 0.93791428125 0.2092916140625 0.9468808093749999
0 0.068491365625 0.9560168125 0.070546521875 0.9560168125 0.070546521875 0.9466385546874999 0.068491365625 0.9466385546874999 0.068491365625 0.9560168125
0 0.064124159375 0.9528144796875001 0.06656465781250001 0.9528144796875001 0.06656465781250001 0.9450373890625 0.064124159375 0.9450373890625 0.064124159375 0.9528144796875001
0 0.0547475125 0.954415646875 0.05770179843749999 0.954415646875 0.05770179843749999 0.9436649609375 0.0547475125 0.9436649609375 0.0547475125 0.954415646875
0 0.09662131093750001 0.9569317640625 0.0993187015625 0.9569317640625 0.0993187015625 0.9496121484375 0.09662131093750001 0.9496121484375 0.09662131093750001 0.9569317640625
0 0.10008938593750001 0.9578467156249999 0.10265833124999998 0.9578467156249999 0.10265833124999998 0.948697196875 0.10008938593750001 0.948697196875 0.10008938593750001 0.9578467156249999
0 0.0336821640625 0.9814067281250001 0.0356088734375 0.9814067281250001 0.0356088734375 0.9740871125 0.0336821640625 0.9740871125 0.0336821640625 0.9814067281250001
0 0.0410739015625 0.947426271875 0.043642846875 0.947426271875 0.043642846875 0.937178809375 0.0410739015625 0.937178809375 0.0410739015625 0.947426271875
0 0.2871618453125 0.9800309296874999 0.2903273703125 0.9800309296874999 0.2903273703125 0.9696238953125 0.2871618453125 0.9696238953125 0.2871618453125 0.9800309296874999
0 0.2841180734375 0.979597303125 0.2863095890625 0.979597303125 0.2863095890625 0.9691902671874999 0.2841180734375 0.9691902671874999 0.2841180734375 0.979597303125
0 0.2841180734375 0.979597303125 0.2863095890625 0.979597303125 0.2863095890625 0.9691902671874999 0.2841180734375 0.9691902671874999 0.2841180734375 0.979597303125
0 0.17758600468750002 0.92626124375 0.1808732796875 0.92626124375 0.1808732796875 0.9195400328125001 0.17758600468750002 0.9195400328125001 0.17758600468750002 0.92626124375
0 0.10258742968750001 0.9249603640625 0.10441369375000001 0.9249603640625 0.10441369375000001 0.9180223406250001 0.10258742968750001 0.9180223406250001 0.10258742968750001 0.9249603640625
0 0.114519021875 0.9204072859375 0.114519021875 0.91867278125 0.11184050000000001 0.91867278125 0.11184050000000001 0.9258276171875 0.114519021875 0.9258276171875 0.114519021875 0.9204072859375
0 0.1213370734375 0.9240931109374999 0.13862570624999998 0.9240931109374999 0.13862570624999998 0.916287834375 0.1213370734375 0.916287834375 0.1213370734375 0.9240931109374999
0 0.1404519703125 0.925393990625 0.1753944875 0.925393990625 0.1753944875 0.9167214609375 0.1404519703125 0.9167214609375 0.1404519703125 0.925393990625
0 0.167115425 1 0.167115425 0.9919556593750001 0.164315153125 0.9919556593750001 0.164315153125 1 0.167115425 1
0 0.1633411453125 1 0.1633411453125 0.9919556593750001 0.1612713796875 0.9919556593750001 0.1612713796875 1 0.1633411453125 1
0 0.1589581125 0.9904379671875001 0.16139313125000002 0.9904379671875001 0.16139313125000002 0.979163678125 0.1589581125 0.979163678125 0.1589581125 0.9904379671875001
0 0.16382815 0.9893539 0.165897915625 0.9893539 0.165897915625 0.9789468640625 0.16382815 0.9789468640625 0.16382815 0.9893539
0 0.1808732796875 0.94794256875 0.1824560421875 0.94794256875 0.1824560421875 0.936017840625 0.1808732796875 0.936017840625 0.1808732796875 0.94794256875
0 0.1660196671875 0.9509779546875 0.179777521875 0.9509779546875 0.179777521875 0.9418717984375 0.1660196671875 0.9418717984375 0.1660196671875 0.9509779546875
0 0.060218104687499996 0.9256108046874999 0.07020168125000001 0.9256108046874999 0.07020168125000001 0.9180223406250001 0.060218104687499996 0.9180223406250001 0.060218104687499996 0.9256108046874999
0 0.0732454546875 0.925393990625 0.08225502343749999 0.925393990625 0.08225502343749999 0.916938275 0.0732454546875 0.916938275 0.0732454546875 0.925393990625
0 0.0855422984375 0.9230090453124999 0.092603853125 0.9230090453124999 0.092603853125 0.9184559671875 0.0855422984375 0.9184559671875 0.0855422984375 0.9230090453124999
0 0.060948609375 0.9516283953125001 0.063018375 0.9516283953125001 0.063018375 0.9442567437499999 0.060948609375 0.9442567437499999 0.060948609375 0.9516283953125001
0 0.0026299125 0.9258276171875 0.0038474218749999997 0.9258276171875 0.0038474218749999997 0.91888959375 0.0026299125 0.91888959375 0.0026299125 0.9258276171875
0 0 0.924309925 0.001412403125 0.924309925 0.001412403125 0.9147701421875001 0 0.9147701421875001 0 0.924309925
0 0.0174835265625 0.954230153125 0.019309790625 0.954230153125 0.019309790625 0.9516283953125001 0.019309790625 0.9503275140625 0.019309790625 0.944907184375 0.0174835265625 0.944907184375 0.0174835265625 0.954230153125
0 0.019553292187499998 0.9472921296875001 0.02137955625 0.9472921296875001 0.02137955625 0.9381859734375 0.019553292187499998 0.9381859734375 0.019553292187499998 0.9472921296875001
0 0.015292009375000002 0.9626858703125001 0.0171182734375 0.9626858703125001 0.0171182734375 0.955964659375 0.015292009375000002 0.955964659375 0.015292009375000002 0.9626858703125001
0 0.0126134890625 0.9592168578125 0.015292009375000002 0.9592168578125 0.015292009375000002 0.952495646875 0.0126134890625 0.952495646875 0.0126134890625 0.9592168578125
0 0 0.9895707125 0.017727028125 0.9895707125 0.017727028125 0.9661548828125 0 0.9661548828125 0 0.9895707125
0 0.5248471593749999 0.84375 0.5248471593749999 0.8234375 0.49414024218749997 0.8234375 0.49414024218749997 0.84375 0.5248471593749999 0.84375
0 0.58125 0.825 0.5625691875 0.825 0.5500798140625001 0.8250726609375001 0.5503516875 0.8484375 0.58125 0.8484375 0.58125 0.825
0 0.5984375 0.771875 0.5906660671875 0.771875 0.57304876875 0.7721825109375 0.5728523531249999 0.7890625 0.5984375 0.7890625 0.5984375 0.771875
0 0.6182149984375 0.7519619734375 0.61856258125 0.771875 0.63125 0.771875 0.63125 0.7516585796874999 0.6182149984375 0.7519619734375
0 0.64170621875 0.7412681609375 0.6414447093750001 0.75625 0.6484375 0.75625 0.6484375 0.7411898359375 0.64170621875 0.7412681609375
0 0.5850536828124999 0.7279700265625 0.5851454875 0.74375 0.5984375 0.74375 0.5984375 0.7277364125 0.5850536828124999 0.7279700265625
0 0.6413404265625 0.69254468125 0.641606928125 0.7078125 0.6515625 0.7078125 0.6515625 0.6922472484375 0.6413404265625 0.69254468125
0 0.740625 0.6625 0.740625 0.657604778125 0.7359874312500001 0.657604778125 0.7359375 0.659750034375 0.7359375 0.6625 0.740625 0.6625
0 0.775 0.6707500890625 0.7671875 0.670613721875 0.7671875 0.6828125 0.775 0.6828125 0.775 0.6707500890625
0 0.8038152000000001 0.657383109375 0.8039317890625 0.6640625 0.8078125 0.6640625 0.8078125 0.6574994203125 0.8038152000000001 0.657383109375
0 0.8008847671874999 0.640372315625 0.8008847671874999 0.6484375 0.8046875 0.6484375 0.8046875 0.6403059375 0.8008847671874999 0.640372315625
0 0.8495858171874999 0.6244600734375 0.8497074874999999 0.6296875 0.8515625 0.6296875 0.8515625 0.624402559375 0.8495858171874999 0.6244600734375
