0 0.4008155890625 0.3449237984375 0.40625 0.34501865625 0.40625 0.3225248453125 0.40042283906250004 0.3224231328125 0.4008155890625 0.3449237984375
0 0.4817995921875 0.25101842812499997 0.4818845703125 0.265625 0.484375 0.265625 0.484375 0.2510933640625 0.4817995921875 0.25101842812499997
0 0.4598651421875 0.22996846718750003 0.46005115312499995 0.240625 0.4625 0.240625 0.4625 0.22992247500000002 0.4598651421875 0.22996846718750003
0 0.44141113593750003 0.18844235 0.4415346734375 0.19375 0.44473941874999995 0.19375 0.444615446875 0.1884237078125 0.44141113593750003 0.18844235
0 0.3130241125 0.2073025203125 0.3131087171875 0.2109375 0.3171070421875 0.2109375 0.3170213546875 0.207256009375 0.3130241125 0.2073025203125
0 0.31424925937500003 0.1865828546875 0.314263684375 0.1890625 0.315625 0.1890625 0.315625 0.186558840625 0.31424925937500003 0.1865828546875
0 0.54582270625 0.26660644375000003 0.545908965625 0.2703125 0.5515625 0.2703125 0.5515625 0.2666398359375 0.54582270625 0.26660644375000003
0 0.5022437281250001 0.23665313124999998 0.502128159375 0.240625 0.509375 0.240625 0.509375 0.2365286546875 0.5022437281250001 0.23665313124999998
0 0.6140625 0.1515625 0.6140625 0.1290865859375 0.6080426765625 0.1291566328125 0.6078125 0.14893797656250002 0.6078125 0.1515625 0.6140625 0.1515625
0 0.5796875 0.1453125 0.58125 0.1453125 0.58125 0.13329378281249998 0.5811708656250001 0.1287601625 0.5796875 0.1287342703125 0.5796875 0.1453125
0 0.15500524375 0.35 0.1560689125 0.4109375 0.2359375 0.4109375 0.2359375 0.35 0.15500524375 0.35
0 0.35 0.4691199015625 0.34631950312500004 0.4690128109375 0.3464265125 0.48740629999999996 0.349646778125 0.4875 0.35 0.4875 0.35 0.4691199015625
0 0.35567331874999997 0.4785261140625 0.355850465625 0.49375 0.3578125 0.49375 0.3578125 0.478538559375 0.35567331874999997 0.4785261140625
0 0.356271934375 0.46525640468749996 0.35655544375 0.475 0.3609375 0.475 0.3609375 0.46525640468749996 0.356271934375 0.46525640468749996
0 0.35258531406250004 0.48754381093750004 0.3528300125 0.5015625 0.3546875 0.5015625 0.3546875 0.48750711718749995 0.35258531406250004 0.48754381093750004
0 0.345523415625 0.4962930484375 0.34579153281249997 0.5078125 0.3484375 0.5078125 0.3484375 0.49627609531250005 0.345523415625 0.4962930484375
0 0.34156100624999997 0.45253988750000007 0.3419383015625 0.46875 0.3453125 0.46875 0.3453125 0.452496234375 0.34156100624999997 0.45253988750000007
0 0.33820956562500004 0.4541301375 0.33828553125 0.4671875 0.340625 0.4671875 0.340625 0.4540879765625 0.33820956562500004 0.4541301375
0 0.33008674375 0.45944038125 0.3303310640625 0.4734375 0.334375 0.4734375 0.334375 0.45944038125 0.33008674375 0.45944038125
0 0.33490065625 0.459194246875 0.3353412734375 0.478125 0.3375 0.478125 0.3375 0.45920936875 0.33490065625 0.459194246875
0 0.2984375 0.4477286703125 0.2953125 0.447783215625 0.2953125 0.4625 0.2984375 0.4625 0.2984375 0.4477286703125
0 0.286963671875 0.45704561874999994 0.2865844859375 0.47333699375 0.29190480625 0.4732750859375 0.2921875 0.46112940937499997 0.2921875 0.4569848343749999 0.286963671875 0.45704561874999994
0 0.4889259640625 0.58727496875 0.49614210937500003 0.58727496875 0.49614210937500003 0.56546349375 0.4889259640625 0.56546349375 0.4889259640625 0.58727496875
0 0.46078299375 0.5577653265625 0.46799914062500003 0.5577653265625 0.46799914062500003 0.54365201875 0.46078299375 0.54365201875 0.46078299375 0.5577653265625
0 0.45861815000000006 0.5898410249999999 0.46366945312499996 0.5898410249999999 0.46366945312499996 0.5718786343750001 0.45861815000000006 0.5718786343750001 0.45861815000000006 0.5898410249999999
0 0.46727752499999997 0.61421855625 0.47232882812500004 0.61421855625 0.47232882812500004 0.5962561656250001 0.46727752499999997 0.5962561656250001 0.46727752499999997 0.61421855625
0 0.47232882812500004 0.6167846125 0.4795449734375 0.6167846125 0.4795449734375 0.5962561656250001 0.47232882812500004 0.5962561656250001 0.47232882812500004 0.6167846125
0 0.4838746625 0.6090864437500001 0.4889259640625 0.6090864437500001 0.4889259640625 0.5911240531249999 0.4838746625 0.5911240531249999 0.4838746625 0.6090864437500001
0 0.4889259640625 0.6090864437500001 0.4954204953125 0.6090864437500001 0.4954204953125 0.5911240531249999 0.4889259640625 0.5911240531249999 0.4889259640625 0.6090864437500001
0 0.45212361874999996 0.612935528125 0.4557316921875 0.612935528125 0.4557316921875 0.6001052484375 0.45212361874999996 0.6001052484375 0.45212361874999996 0.612935528125
0 0.4557316921875 0.6270488343749999 0.46511268125000005 0.6270488343749999 0.46511268125000005 0.612935528125 0.4557316921875 0.612935528125 0.4557316921875 0.6270488343749999
0 0.4023322109375 0.5398029359375001 0.4066618984375 0.5398029359375001 0.4066618984375 0.52184054375 0.4023322109375 0.52184054375 0.4023322109375 0.5398029359375001
0 0.036762246875 0.35 0.036762246875 0.36043562812499996 0.05408099843750001 0.36043562812499996 0.05408099843750001 0.35 0.036762246875 0.35
0 0.0497513109375 0.42715308125 0.0742862078125 0.42715308125 0.0742862078125 0.40662463437500007 0.0497513109375 0.40662463437500007 0.0497513109375 0.42715308125
0 0.006454434375 0.45922877968750003 0.03964870625 0.45922877968750003 0.03964870625 0.424587025 0.006454434375 0.424587025 0.006454434375 0.45922877968750003
0 0.294966346875 0.4479422390625 0.294966346875 0.3973868328125 0.2435769953125 0.3973868328125 0.2435769953125 0.4479422390625 0.260060375 0.4479422390625 0.294966346875 0.4479422390625
0 0.25151475625 0.6619471953125 0.2565660578125 0.6619471953125 0.2565660578125 0.6465508609375 0.25151475625 0.6465508609375 0.25151475625 0.6619471953125
0 0.35181918749999996 0.7248155640625 0.35831371875 0.7248155640625 0.35831371875 0.69915500625 0.35181918749999996 0.69915500625 0.35181918749999996 0.7248155640625
0 0.4160428890625 0.7671554875 0.42686710781250004 0.7671554875 0.42686710781250004 0.7530421796875 0.4160428890625 0.7530421796875 0.4160428890625 0.7671554875
0 0.2500715265625 0.49387053437499995 0.2767712671875 0.49387053437499995 0.2767712671875 0.4771911703125 0.2500715265625 0.4771911703125 0.2500715265625 0.49387053437499995
0 0.2493499125 0.51439898125 0.2565660578125 0.51439898125 0.2565660578125 0.5054177859375 0.2493499125 0.5054177859375 0.2493499125 0.51439898125
0 0.1923423578125 0.537493484375 0.203166578125 0.537493484375 0.203166578125 0.5297953171875001 0.1923423578125 0.5297953171875001 0.1923423578125 0.537493484375
0 0.2493499125 0.53621045625 0.254401215625 0.53621045625 0.254401215625 0.5246632046874999 0.2493499125 0.5246632046874999 0.2493499125 0.53621045625
0 0.1367780328125 0.518248065625 0.1439941796875 0.518248065625 0.1439941796875 0.5105498984375 0.1367780328125 0.5105498984375 0.1367780328125 0.518248065625
0 0.167085846875 0.5323613734375 0.17502360781249998 0.5323613734375 0.17502360781249998 0.5195310937500001 0.167085846875 0.5195310937500001 0.167085846875 0.5323613734375
0 0.0060722671875 0.6125762796875 0.0122793078125 0.6125762796875 0.0122793078125 0.605218884375 0.0060722671875 0.605218884375 0.0060722671875 0.6125762796875
0 0.028831414062499998 0.6099486390625 0.0362207484375 0.6099486390625 0.0362207484375 0.6025912437500001 0.028831414062499998 0.6025912437500001 0.028831414062499998 0.6099486390625
0 0.0903106703125 0.5421554953125 0.09799557812500001 0.5421554953125 0.09799557812500001 0.5248130625 0.0903106703125 0.5248130625 0.0903106703125 0.5421554953125
0 0.0362207484375 0.5605489828125 0.039767628124999996 0.5605489828125 0.039767628124999996 0.5484618343750001 0.0362207484375 0.5484618343750001 0.0362207484375 0.5605489828125
0 0.0577976015625 0.5290172890625 0.06370906875 0.5290172890625 0.06370906875 0.5174556671875 0.0577976015625 0.5174556671875 0.0577976015625 0.5290172890625
0 0.0202597875 0.52271095 0.025875681249999997 0.52271095 0.025875681249999997 0.5143024984375 0.0202597875 0.5143024984375 0.0202597875 0.52271095
0 0 0.472785765625 0.0069589874999999995 0.472785765625 0.0069589874999999995 0.46069861718750005 0 0.46069861718750005 0 0.472785765625
0 0.44565674218750007 0.53478535625 0.47278945156249996 0.53478535625 0.47278945156249996 0.503992684375 0.44565674218750007 0.503992684375 0.44565674218750007 0.53478535625
0 0.29671548593749997 0.5173361765625 0.3134569453125 0.5173361765625 0.3134569453125 0.48654350468749996 0.29671548593749997 0.48654350468749996 0.29671548593749997 0.5173361765625
0 0.38056964375 0.418990134375 0.4044519703125 0.418990134375 0.4044519703125 0.3933443546875 0.38056964375 0.3933443546875 0.38056964375 0.418990134375
0 0.3145976734375 0.43959084062500003 0.33398728437499997 0.43959084062500003 0.33398728437499997 0.4080591453125 0.3145976734375 0.4080591453125 0.3145976734375 0.43959084062500003
0 0.405767096875 0.4695956453125 0.41223276249999996 0.4695956453125 0.41223276249999996 0.46302654218750006 0.41223276249999996 0.459741990625 0.41223276249999996 0.4564574390625 0.405767096875 0.4564574390625 0.405767096875 0.4695956453125
0 0.41731292968749994 0.472880196875 0.421007596875 0.472880196875 0.421007596875 0.459741990625 0.41731292968749994 0.459741990625 0.41731292968749994 0.472880196875
0 0.0211884375 0.388466834375 0.023302471875 0.388466834375 0.023302471875 0.3788611515625 0.0211884375 0.3788611515625 0.0211884375 0.388466834375
0 0.01977908125 0.4014136234375 0.024476934375000002 0.4014136234375 0.024476934375000002 0.394731409375 0.01977908125 0.394731409375 0.01977908125 0.4014136234375
0 0.016725475 0.36215561875 0.0204837578125 0.36215561875 0.0204837578125 0.35547340625 0.016725475 0.35547340625 0.016725475 0.36215561875
0 0.0413892109375 0.37802587656250003 0.04397303125 0.37802587656250003 0.04397303125 0.3692554703125 0.0413892109375 0.3692554703125 0.0413892109375 0.37802587656250003
0 0.047731315625 0.3784435140625 0.051254706250000004 0.3784435140625 0.051254706250000004 0.3713436625 0.047731315625 0.3713436625 0.047731315625 0.3784435140625
0 0.029409682812499997 0.4172838796875 0.0341075359375 0.4172838796875 0.0341075359375 0.4093487515625 0.029409682812499997 0.4093487515625 0.029409682812499997 0.4172838796875
0 0.1307974625 0.41882108125000006 0.1441863484375 0.41882108125000006 0.1441863484375 0.40420373906249996 0.1307974625 0.40420373906249996 0.1307974625 0.41882108125000006
0 0.15945437499999998 0.43469133906249996 0.162977765625 0.43469133906249996 0.162977765625 0.42592093281250004 0.15945437499999998 0.42592093281250004 0.15945437499999998 0.43469133906249996
0 0.1667360484375 0.435944253125 0.1711990109375 0.435944253125 0.1711990109375 0.428009125 0.1667360484375 0.428009125 0.1667360484375 0.435944253125
0 0.184587896875 0.4338560625 0.1883461796875 0.4338560625 0.1883461796875 0.4238327421875 0.184587896875 0.4238327421875 0.184587896875 0.4338560625
0 0.19257424843749998 0.426338571875 0.198211675 0.426338571875 0.198211675 0.4163152515625 0.19257424843749998 0.4163152515625 0.19257424843749998 0.426338571875
0 0.19398360625 0.4580790859375 0.1977418890625 0.4580790859375 0.1977418890625 0.44638521249999996 0.19398360625 0.44638521249999996 0.19398360625 0.4580790859375
0 0.17049433281249998 0.46100255468749995 0.1754270796875 0.46100255468749995 0.1754270796875 0.45306742499999997 0.17049433281249998 0.45306742499999997 0.17049433281249998 0.46100255468749995
0 0.13666978125 0.45974963906250005 0.1418374203125 0.45974963906250005 0.1418374203125 0.451396871875 0.13666978125 0.451396871875 0.13666978125 0.45974963906250005
0 0.13666978125 0.4472204890625 0.1432467765625 0.4472204890625 0.1432467765625 0.43719716875000003 0.13666978125 0.43719716875000003 0.13666978125 0.4472204890625
0 0.125629821875 0.4476381265625 0.1303276765625 0.4476381265625 0.1303276765625 0.4392853609375 0.125629821875 0.4392853609375 0.125629821875 0.4476381265625
0 0.12187153906249999 0.4426264671875 0.1275089640625 0.4426264671875 0.1275089640625 0.432603146875 0.12187153906249999 0.432603146875 0.12187153906249999 0.4426264671875
0 0.1190528265625 0.4722787890625 0.124455359375 0.4722787890625 0.124455359375 0.46183783125 0.1190528265625 0.46183783125 0.1190528265625 0.4722787890625
0 0.130092784375 0.460584915625 0.12680428593749998 0.460584915625 0.12680428593749998 0.4710258749999999 0.130092784375 0.4710258749999999 0.130092784375 0.460584915625
0 0.0824095609375 0.46350838437499997 0.088516771875 0.46350838437499997 0.088516771875 0.4518145109375 0.0824095609375 0.4518145109375 0.0824095609375 0.46350838437499997
0 0.08287934687500001 0.41589761249999996 0.07912106249999999 0.41589761249999996 0.07912106249999999 0.42508565625 0.08287934687500001 0.42508565625 0.08287934687500001 0.41589761249999996
0 0.112710721875 0.4087977609375 0.11975750468749999 0.4087977609375 0.11975750468749999 0.39793916406249996 0.112710721875 0.39793916406249996 0.112710721875 0.4087977609375
0 0.074188315625 0.3858276515625 0.07912106249999999 0.3858276515625 0.07912106249999999 0.3778925234375 0.074188315625 0.3778925234375 0.074188315625 0.3858276515625
0 0 0.3647165203125 0.006668640625 0.3647165203125 0.006668640625 0.35552847656250003 0 0.35552847656250003 0 0.3647165203125
0 0.035029821875 0.3615099515625 0.0382625484375 0.3615099515625 0.0382625484375 0.355214771875 0.035029821875 0.355214771875 0.035029821875 0.3615099515625
0 0.025639526562499997 0.3623310609375 0.027948615625 0.3623310609375 0.027948615625 0.3571306953125 0.025639526562499997 0.3571306953125 0.025639526562499997 0.3623310609375
0 0.025793465625 0.35 0.025793465625 0.353846253125 0.0313352796875 0.353846253125 0.0313352796875 0.35 0.025793465625 0.35
0 0.058120717187500004 0.3553516234375 0.061430412499999996 0.3553516234375 0.061430412499999996 0.35056181249999996 0.058120717187500004 0.35056181249999996 0.058120717187500004 0.3553516234375
0 0.1231893046875 0.3586230546875 0.1274226359375 0.3586230546875 0.1274226359375 0.3522936625 0.1231893046875 0.3522936625 0.1231893046875 0.3586230546875
0 0.14185444375 0.37059758125000003 0.145221865625 0.37059758125000003 0.145221865625 0.3628996703125 0.14185444375 0.3628996703125 0.14185444375 0.37059758125000003
0 0.14743474375 0.3791508140625 0.1525339828125 0.3791508140625 0.1525339828125 0.36837373906250004 0.14743474375 0.36837373906250004 0.14743474375 0.3791508140625
0 0.23304020625000002 0.41166659843750003 0.24670231875 0.41166659843750003 0.24670231875 0.3762562125 0.23304020625000002 0.3762562125 0.23304020625000002 0.41166659843750003
0 0.22688263437499998 0.454945959375 0.23977505 0.454945959375 0.23977505 0.41850918437499995 0.22688263437499998 0.41850918437499995 0.22688263437499998 0.454945959375
0 0.217069003125 0.44673485468749996 0.222745515625 0.44673485468749996 0.222745515625 0.43766842656250005 0.217069003125 0.43766842656250005 0.217069003125 0.44673485468749996
0 0.283784540625 0.40769480468749997 0.290831321875 0.40769480468749997 0.290831321875 0.38639524999999997 0.283784540625 0.38639524999999997 0.283784540625 0.40769480468749997
0 0.2983478890625 0.46449361875 0.3098576328125 0.46449361875 0.3098576328125 0.43985295625000004 0.2983478890625 0.43985295625000004 0.2983478890625 0.46449361875
0 0.29294535625 0.43233546718750004 0.2999921375 0.43233546718750004 0.2999921375 0.41312410312500003 0.29294535625 0.41312410312500003 0.29294535625 0.43233546718750004
0 0.260060375 0.46616417187500003 0.264993121875 0.46616417187500003 0.264993121875 0.4479422390625 0.260060375 0.4479422390625 0.260060375 0.46616417187500003
0 0.26734205 0.47785804687500005 0.27908668593749997 0.47785804687500005 0.27908668593749997 0.4402705953125 0.26734205 0.4402705953125 0.26734205 0.47785804687500005
0 0.2931802484375 0.48654350468749996 0.298817675 0.48654350468749996 0.298817675 0.4757698546875 0.2931802484375 0.4757698546875 0.2931802484375 0.48654350468749996
0 0.2812007203125 0.4731675953125 0.28669029375 0.4731675953125 0.28669029375 0.46240542656250005 0.2812007203125 0.46240542656250005 0.2812007203125 0.4731675953125
0 0.3218371625 0.4820344296875 0.3218371625 0.47075819375000005 0.3178439859375 0.47075819375000005 0.3178439859375 0.4820344296875 0.320897590625 0.4820344296875 0.3218371625 0.4820344296875
0 0.3255954453125 0.487881365625 0.32935372812499997 0.487881365625 0.32935372812499997 0.4695052796875 0.3255954453125 0.4695052796875 0.3255954453125 0.487881365625
0 0.330763084375 0.487881365625 0.326769909375 0.487881365625 0.326769909375 0.5045869 0.330763084375 0.5045869 0.330763084375 0.487881365625
0 0.3242033015625 0.484264284375 0.3208166375 0.484264284375 0.3208166375 0.4957598296875 0.3242033015625 0.4957598296875 0.3242033015625 0.484264284375
0 0.3913724578125 0.6920261437499999 0.39997448593749996 0.6920261437499999 0.39997448593749996 0.6741827078125 0.3913724578125 0.6741827078125 0.3913724578125 0.6920261437499999
0 0.42615217968749997 0.7898081671875 0.417930934375 0.7898081671875 0.417930934375 0.8054696046875 0.42615217968749997 0.8054696046875 0.42615217968749997 0.7898081671875
0 0.2629017359375 0.71411121875 0.2699485171875 0.71411121875 0.2699485171875 0.700537971875 0.2629017359375 0.700537971875 0.2629017359375 0.71411121875
0 0.5101263281249999 0.6097016328125 0.516585878125 0.6097016328125 0.516585878125 0.5961283859375 0.5101263281249999 0.5961283859375 0.5101263281249999 0.6097016328125
0 0.5400751500000001 0.5919520031250001 0.5447730046875 0.5919520031250001 0.5447730046875 0.57524646875 0.5400751500000001 0.57524646875 0.5400751500000001 0.5919520031250001
0 0.5796875 0.60030476875 0.5741345953125 0.60030476875 0.5741345953125 0.6347599328125 0.5796875 0.6347599328125 0.5796875 0.60030476875
0 0.4889859828125 0.6963615890625 0.49515191718749996 0.6963615890625 0.49515191718749996 0.6749576234375001 0.4889859828125 0.6749576234375001 0.4889859828125 0.6963615890625
0 0.3261750375 0.5634473421875 0.331134084375 0.5634473421875 0.331134084375 0.54801730625 0.3261750375 0.54801730625 0.3261750375 0.5634473421875
0 0.39971965 0.515661178125 0.40239753437500003 0.515661178125 0.40239753437500003 0.49961394062500003 0.39971965 0.49961394062500003 0.39971965 0.515661178125
0 0.4338143171875 0.48732349374999995 0.44063300625 0.48732349374999995 0.44063300625 0.47123217031250003 0.4338143171875 0.47123217031250003 0.4338143171875 0.48732349374999995
0 0.444476265625 0.45668384843750004 0.4494353125 0.45668384843750004 0.4494353125 0.4438989609375 0.444476265625 0.4438989609375 0.444476265625 0.45668384843750004
0 0.8559646265625 0.616945921875 0.8558527281250001 0.6265625 0.8578125 0.6265625 0.8578125 0.61692441875 0.8559646265625 0.616945921875
0 0.7898519625 0.71875 0.790479253125 0.7546875 0.796875 0.7546875 0.796875 0.71875 0.7898519625 0.71875
0 0.7832895484375 0.7060258140625 0.78348175 0.7390625 0.7890625 0.7390625 0.7890625 0.706193790625 0.7832895484375 0.7060258140625
0 0.7645585500000001 0.6967168625 0.7649421984375 0.7296875 0.7734375 0.7296875 0.7734375 0.69676851875 0.7645585500000001 0.6967168625
0 0.8051345093750001 0.6395151765625 0.8054395859374999 0.65 0.8109375 0.65 0.8109375 0.6395151765625 0.8051345093750001 0.6395151765625
0 0.812688303125 0.6203125 0.8128246703125 0.628125 0.8140625 0.628125 0.8140625 0.6203125 0.812688303125 0.6203125
0 0.8164514531249999 0.6204616796875 0.8167025546875 0.63125 0.81875 0.63125 0.81875 0.6204483062499999 0.8164514531249999 0.6204616796875
0 0.8197664906250001 0.6110561140625 0.820236509375 0.63125 0.821875 0.63125 0.821875 0.6110315796875 0.8197664906250001 0.6110561140625
0 0.8046875 0.6051930359375 0.8021089437500001 0.6052380453125 0.802112775 0.60589658125 0.8021875546875 0.61875 0.8046875 0.61875 0.8046875 0.6051930359375
0 0.7935430312499999 0.60258803125 0.7937978671874999 0.6171875 0.7953125 0.6171875 0.7953125 0.60258803125 0.7935430312499999 0.60258803125
0 0.8015625 0.6132943484375 0.801343971875 0.6039054937499999 0.7977673453125 0.6038846859375 0.798076971875 0.6171875 0.8015625 0.6171875 0.8015625 0.6132943484375
0 0.7765031062500001 0.6194315343750001 0.776068296875 0.634375 0.7859375 0.634375 0.7859375 0.61926685625 0.7765031062500001 0.6194315343750001
0 0.8091102687499999 0.5677699671875001 0.8086510468749999 0.5875 0.8125 0.5875 0.8125 0.567730525 0.8091102687499999 0.5677699671875001
0 0.8613081078124999 0.56950994375 0.8631746078125 0.56950994375 0.8631746078125 0.5660069453125001 0.8613081078124999 0.5660069453125001 0.8613081078124999 0.56950994375
0 0.8712109265624999 0.5792814609375 0.8746846890625001 0.5792814609375 0.8746846890625001 0.5731973078125 0.8712109265624999 0.5731973078125 0.8712109265624999 0.5792814609375
0 0.8809063546875 0.5854578 0.8853133671875 0.5854578 0.8853133671875 0.5787283578125 0.8809063546875 0.5787283578125 0.8809063546875 0.5854578
0 0.9119628343749999 0.591173215625 0.9175104875000001 0.591173215625 0.9175104875000001 0.5844437734375 0.9119628343749999 0.5844437734375 0.9119628343749999 0.591173215625
