0 0.142639015625 0.2265625 0.1407749875 0.290625 0.1599846578125 0.290625 0.1609375 0.257877934375 0.1609375 0.2266581828125 0.14449086718749998 0.2265625 0.142639015625 0.2265625
0 0.194324925 0.110648259375 0.19523 0.1625 0.215625 0.1625 0.215625 0.11015249375 0.194324925 0.110648259375
0 0.275 0.3227822765625 0.2553245875 0.3230112203125 0.2546875 0.3449065015625 0.2546875 0.3765625 0.2740329828125 0.3765625 0.275 0.34332826875 0.275 0.3227822765625
0 0.410278215625 0.1015625 0.409375 0.14036834843749998 0.409375 0.140625 0.425 0.140625 0.425 0.10162944843749999 0.4192464484375 0.1015625 0.410278215625 0.1015625
0 0.2328125 0.368342153125 0.23277326718750002 0.3660945109375 0.2163341484375 0.3659988703125 0.2170367359375 0.40625 0.2328125 0.40625 0.2328125 0.368342153125
0 0.539791025 0.01651506875 0.5393389625 0.0359375 0.555670553125 0.0359375 0.556115984375 0.0168000234375 0.539791025 0.01651506875
0 0.5363187890625001 0.026285734375 0.540625 0.026285734375 0.540625 0.0098553234375 0.5367012109375 0.0098553234375 0.5363187890625001 0.026285734375
0 0.500131 0.0421875 0.5125 0.0421875 0.5125 0.023609150000000002 0.502666234375 0.0234375 0.500567409375 0.0234375 0.500131 0.0421875
0 0.990625 0.41292434375 0.9320423046874999 0.41326516875 0.93125 0.44730580625 0.93125 0.46049466250000004 0.9898668 0.4601536390625 0.990625 0.42757827812500004 0.990625 0.41292434375
0 0.953808303125 0.374064996875 0.954097359375 0.390625 0.9671875 0.390625 0.9671875 0.37429853281250003 0.953808303125 0.374064996875
0 0.9765625 0.3484375 0.9730805828125 0.3484375 0.9611864875 0.34864511249999997 0.9609375 0.3700430625 0.9609375 0.3718012484375 0.9765625 0.3715285140625 0.9765625 0.3484375
0 0.9324493171875 0.3651678671875 0.9317085890625 0.390625 0.9434925468750001 0.390625 0.94375 0.381776909375 0.94375 0.365365121875 0.9324493171875 0.3651678671875
0 0.8990244703125001 0.3644418640625 0.89959059375 0.396875 0.93125 0.396875 0.93125 0.3640668859375 0.8990244703125001 0.3644418640625
0 0.8423157484375 0.399377734375 0.8428448078125002 0.4296875 0.86295381875 0.4296875 0.88125 0.4292616515625 0.88125 0.39847152812500003 0.8423157484375 0.399377734375
0 0.8367811078124999 0.3686285625 0.8372930796875 0.390625 0.859375 0.390625 0.859375 0.368234184375 0.8367811078124999 0.3686285625
0 0.8260245812499999 0.33970063281249996 0.8265970453125 0.359375 0.8375 0.359375 0.8375 0.3397673953125 0.8260245812499999 0.33970063281249996
0 0.8532540359375 0.3321245328125 0.853385303125 0.3546875 0.865625 0.3546875 0.865625 0.3322684828125 0.8532540359375 0.3321245328125
0 0.8625 0.3078125 0.859867728125 0.3078125 0.8509673156249999 0.30796785781249997 0.8504717312500001 0.325 0.8625 0.325 0.8625 0.3078125
0 0.8718985984375 0.299330503125 0.8713011343750001 0.325 0.890625 0.325 0.890625 0.2996573734375 0.8718985984375 0.299330503125
0 0.9186348921875 0.326944596875 0.918134640625 0.3484375 0.9484375 0.3484375 0.9484375 0.326944596875 0.9186348921875 0.326944596875
0 0.9497337140625 0.3103703375 0.949247734375 0.33125 0.9609375 0.33125 0.9609375 0.3105659015625 0.9497337140625 0.3103703375
0 0.7859685625 0.3875 0.8 0.3875 0.8 0.371945746875 0.795946915625 0.371875 0.7856048875 0.371875 0.7859685625 0.3875
0 0.7378143234375 0.3841704875 0.7381451765625 0.403125 0.75625 0.403125 0.75625 0.383848690625 0.7378143234375 0.3841704875
0 0.687623190625 0.35431443125 0.687623190625 0.390625 0.7203125 0.390625 0.7203125 0.3537438359375 0.687623190625 0.35431443125
0 0.6582115234375 0.3687852078125 0.6582115234375 0.4015625 0.69375 0.4015625 0.69375 0.369819271875 0.6582115234375 0.3687852078125
0 0.6 0.4 0.6069457640625 0.4 0.60764508125 0.3699545328125 0.6 0.369776590625 0.6 0.4
0 0.623246696875 0.321014925 0.6227902671875001 0.340625 0.6359375 0.340625 0.6359375 0.3209410921875 0.623246696875 0.321014925
0 0.654529765625 0.35731374531250004 0.66875 0.357561959375 0.66875 0.34325090468749997 0.6544464984375 0.3430012359375 0.654529765625 0.35731374531250004
0 0.715940296875 0.255380346875 0.715625 0.26621637656249997 0.715625 0.271406840625 0.7234375 0.2712250015625 0.7234375 0.255205846875 0.715940296875 0.255380346875
0 0.8541122874999999 0.238639703125 0.8543378562499999 0.2515625 0.8625 0.2515625 0.8625 0.2386885 0.8541122874999999 0.238639703125
0 0.9663291296875001 0.25625 0.9667837718750001 0.271875 0.9734375 0.271875 0.9734375 0.25625 0.9663291296875001 0.25625
0 0.98125 0.2609375 0.98125 0.2436235 0.9719875609375 0.2437851765625 0.971875 0.253458603125 0.971875 0.2609375 0.98125 0.2609375
0 0.9786251374999999 0.2654446375 0.9786251374999999 0.28125 0.9890625 0.28125 0.9890625 0.2654446375 0.9786251374999999 0.2654446375
0 0.8943036421875 0.24013541093750002 0.8943036421875 0.2796875 0.9203125 0.2796875 0.9203125 0.24089219062499997 0.8943036421875 0.24013541093750002
0 0.6671875 0.229400621875 0.6046875 0.2275820578125 0.6046875 0.23311810624999998 0.6057731078125 0.2953125 0.6671875 0.2953125 0.6671875 0.229400621875
0 0.5583826078125 0.6364531343750001 0.5581036687500001 0.6484375 0.5609375 0.6484375 0.5609375 0.6364234062499999 0.5583826078125 0.6364531343750001
0 0.186585603125 0.58374864375 0.1866892421875 0.6015625 0.1890625 0.6015625 0.1890625 0.583763053125 0.186585603125 0.58374864375
0 0.3729311734375 0.61215394375 0.3727069453125 0.625 0.3765625 0.625 0.3765625 0.6122384640625 0.3729311734375 0.61215394375
0 0.578125 0.6479413468749999 0.575 0.6479231656250001 0.575 0.65625 0.578125 0.65625 0.578125 0.6479413468749999
0 0.4362267609375 0.630644290625 0.4390625 0.63061129375 0.4390625 0.616325284375 0.4366425828125 0.6163534421875 0.4362267609375 0.630644290625
0 0.48125 0.6390625 0.48125 0.6277389359375001 0.47820783437500003 0.6277035375000001 0.478125 0.6312624359375001 0.478125 0.6390625 0.48125 0.6390625
0 0.40260860000000004 0.6201514890625 0.4023139109375 0.6328125 0.4046875 0.6328125 0.4046875 0.6201272984375 0.40260860000000004 0.6201514890625
0 0.21875 0.6109375 0.21875 0.5964281796875 0.2156622609375 0.596338334375 0.215625 0.5979392156250001 0.215625 0.6109375 0.21875 0.6109375
0 0.4046875 0.6016980125 0.4015625 0.601788940625 0.4015625 0.615625 0.4046875 0.615625 0.4046875 0.6016980125
0 0.540901509375 0.640625 0.540901509375 0.65 0.54375 0.65 0.54375 0.640625 0.540901509375 0.640625
0 0.5633637796875 0.6446926453125 0.563072959375 0.6546875 0.564098103125 0.6546875 0.565625 0.6546519609375 0.565625 0.6446400156250001 0.5633637796875 0.6446926453125
0 0.43301320781249997 0.6275686421875 0.4359375 0.627500578125 0.4359375 0.6131572859375 0.433263671875 0.6132195203124999 0.43301320781249997 0.6275686421875
0 0.47569635468750004 0.59905439375 0.47569635468750004 0.61875 0.478125 0.61875 0.478125 0.5990261343750001 0.47569635468750004 0.59905439375
0 0.4837711734375 0.6261292953125001 0.4859375 0.6260662609375001 0.4859375 0.6116574187499999 0.4841067703125 0.6117106875 0.4837711734375 0.6261292953125001
0 0.4953125 0.608574325 0.4950229890625 0.6085675859374999 0.49310354062500006 0.6085229109375 0.49329527031250003 0.625 0.4953125 0.625 0.4953125 0.608574325
0 0.5659853296875 0.610299509375 0.56654569375 0.634375 0.5703125 0.634375 0.5703125 0.610299509375 0.5659853296875 0.610299509375
0 0.337873596875 0.594775075 0.337873596875 0.60625 0.340625 0.60625 0.340625 0.5948231015625 0.337873596875 0.594775075
0 0.4541233734375 0.6059281890625 0.45384502187500003 0.621875 0.4578125 0.621875 0.4578125 0.6058852625 0.4541233734375 0.6059281890625
0 0.585870153125 0.6245222125 0.5890625 0.624503640625 0.5890625 0.6131726359374999 0.5861339203125 0.6131896734375 0.585870153125 0.6245222125
0 0.5694290750000001 0.6057365781249999 0.5697380453124999 0.6234375 0.571875 0.6234375 0.571875 0.605750809375 0.5694290750000001 0.6057365781249999
0 0.3805669421875 0.6046875 0.3802942078125 0.6203125 0.3828125 0.6203125 0.3828125 0.6046875 0.3805669421875 0.6046875
0 0.552493321875 0.6195522609374999 0.5527793265625001 0.6359375 0.5546875 0.6359375 0.5546875 0.6195905609375 0.552493321875 0.6195522609374999
0 0.46183893906250006 0.59543304375 0.4617312546875 0.6046875 0.4640625 0.6046875 0.4640625 0.59539423125 0.46183893906250006 0.59543304375
0 0.3875 0.629346296875 0.3849615625 0.6293019875 0.3848900234375 0.6317606031249999 0.384632096875 0.640625 0.3875 0.640625 0.3875 0.629346296875
0 0.53491490625 0.6089401609375 0.53522250625 0.6265625 0.5375 0.6265625 0.5375 0.60891008125 0.53491490625 0.6089401609375
0 0.3671875 0.6158511437499999 0.3671751796875 0.6151453140625 0.3633124015625 0.6152352203125 0.36353739375 0.628125 0.3671875 0.628125 0.3671875 0.6158511437499999
0 0.5409094624999999 0.60678031875 0.5413335296875 0.625 0.54375 0.625 0.54375 0.6067307375000001 0.5409094624999999 0.60678031875
0 0.4562390265625 0.6056189796875 0.4569848125 0.63125 0.459375 0.63125 0.459375 0.605637225 0.4562390265625 0.6056189796875
0 0.1565258515625 0.5769246484374999 0.15656919687499998 0.584375 0.159375 0.584375 0.159375 0.5769578 0.1565258515625 0.5769246484374999
0 0.5011262109375 0.615450453125 0.500666490625 0.63125 0.503125 0.63125 0.503125 0.6154155640625 0.5011262109375 0.615450453125
0 0.5752032687499999 0.627791465625 0.5796875 0.6278697375 0.5796875 0.605585096875 0.5757217390625 0.605515875 0.5752032687499999 0.627791465625
0 0.3716133484375 0.6357599921875 0.37171913125 0.6312151734375 0.3679385421875 0.6312151734375 0.367610421875 0.6453125 0.3713910109375 0.6453125 0.3716133484375 0.6357599921875
0 0.5533656671875 0.6581189515625 0.55353860625 0.6640625 0.5578125 0.6640625 0.5578125 0.658196571875 0.5533656671875 0.6581189515625
0 0.5364266046874999 0.6536813765625 0.53618498125 0.6640625 0.540625 0.6640625 0.540625 0.6537302296874999 0.5364266046874999 0.6536813765625
0 0.5215797046875 0.656154140625 0.525 0.6560745328124999 0.525 0.6506400234375 0.5216113265625 0.6507188953125 0.5215797046875 0.656154140625
0 0.5860278796875 0.658055715625 0.5860278796875 0.6640625 0.5875 0.6640625 0.5875 0.658055715625 0.5860278796875 0.658055715625
0 0.5828125 0.6500801203125001 0.58125 0.6500801203125001 0.58125 0.6578125 0.5828125 0.6578125 0.5828125 0.6500801203125001
0 0.556564565625 0.640625 0.556564565625 0.646875 0.5578125 0.646875 0.5578125 0.640625 0.556564565625 0.640625
0 0.5120228546875001 0.65683059375 0.5121490890625 0.6640625 0.5140625 0.6640625 0.5140625 0.6568899421875 0.5120228546875001 0.65683059375
0 0.48383973906250005 0.6600517859374999 0.4838864078125 0.6640625 0.4859375 0.6640625 0.4859375 0.6600151703125 0.48383973906250005 0.6600517859374999
0 0.49651364062500003 0.6378464765625 0.496488384375 0.6421875 0.4984375 0.6421875 0.4984375 0.6378800578125 0.49651364062500003 0.6378464765625
0 0.44840563749999995 0.6549218453125001 0.4484406359375 0.6609375 0.4515625 0.6609375 0.4515625 0.6549218453125001 0.44840563749999995 0.6549218453125001
0 0.4249009390625 0.653923540625 0.42474231875 0.659375 0.428125 0.659375 0.428125 0.653904784375 0.4249009390625 0.653923540625
0 0.428125 0.6421875 0.427810640625 0.6421875 0.4255636921875 0.6422397984375 0.425635809375 0.6484375 0.428125 0.6484375 0.428125 0.6421875
0 0.43996284843750005 0.6472519 0.4401792015625 0.6546875 0.4421875 0.6546875 0.4421875 0.64721306875 0.43996284843750005 0.6472519
0 0.43554760156250005 0.6421875 0.4355839640625 0.6484375 0.4390625 0.6484375 0.4390625 0.6421875 0.43554760156250005 0.6421875
0 0.42739875156249996 0.62574684375 0.42734855468750005 0.634375 0.428125 0.634375 0.428125 0.62575106875 0.42739875156249996 0.62574684375
0 0.42990541406249994 0.6242239062499999 0.42990541406249994 0.6328125 0.4328125 0.6328125 0.4328125 0.6241731609375 0.42990541406249994 0.6242239062499999
0 0.432790475 0.6275930437499999 0.43259625625 0.6359375 0.434375 0.6359375 0.434375 0.6275561640625 0.432790475 0.6275930437499999
0 0.40065684687500003 0.6427711890625 0.4035803828125 0.6427711890625 0.4035803828125 0.6356683078125 0.40065684687500003 0.6356683078125 0.40065684687500003 0.6427711890625
0 0.3899769890625 0.6457395578125 0.3933778375 0.6457395578125 0.3933778375 0.63535026875 0.3899769890625 0.63535026875 0.3899769890625 0.6457395578125
0 0.3749416578125 0.647965834375 0.37810385156250004 0.647965834375 0.37810385156250004 0.638954715625 0.3749416578125 0.638954715625 0.3749416578125 0.647965834375
0 0.37911813906249997 0.644997465625 0.3819820125 0.644997465625 0.3819820125 0.6387426890625 0.37911813906249997 0.6387426890625 0.37911813906249997 0.644997465625
0 0.3625341078125 0.6364952921875 0.36533085781249997 0.6364952921875 0.36533085781249997 0.6320228609375 0.3625341078125 0.6320228609375 0.3625341078125 0.6364952921875
0 0.35638125625 0.6398082046875 0.36057638281250004 0.6398082046875 0.36057638281250004 0.6320228609375 0.35638125625 0.6320228609375 0.35638125625 0.6398082046875
0 0.35479643125 0.63599835625 0.35796608124999996 0.63599835625 0.35796608124999996 0.631525925 0.35479643125 0.631525925 0.35479643125 0.63599835625
0 0.33800847031250003 0.6319102234375 0.340275703125 0.6319102234375 0.340275703125 0.6258674734375 0.33800847031250003 0.6258674734375 0.33800847031250003 0.6319102234375
0 0.3294765171875 0.6421935015625 0.332101734375 0.6421935015625 0.332101734375 0.635620684375 0.3294765171875 0.635620684375 0.3294765171875 0.6421935015625
0 0.32738827656249997 0.6388010796875 0.33055046875 0.6388010796875 0.33055046875 0.63116813125 0.32738827656249997 0.63116813125 0.32738827656249997 0.6388010796875
0 0.334070646875 0.6359387234375 0.337053846875 0.6359387234375 0.337053846875 0.6295779343750001 0.334070646875 0.6295779343750001 0.334070646875 0.6359387234375
0 0.33102778125 0.6367868296875 0.3344286296875 0.6367868296875 0.3344286296875 0.6309561046875001 0.33102778125 0.6309561046875001 0.33102778125 0.6367868296875
0 0.32458406875 0.63519663125 0.32738827656249997 0.63519663125 0.32738827656249997 0.6279877359375 0.32458406875 0.6279877359375 0.32458406875 0.63519663125
0 0.320765571875 0.6347725796875 0.32458406875 0.6347725796875 0.32458406875 0.626291525 0.320765571875 0.626291525 0.320765571875 0.6347725796875
0 0.31509749062500003 0.63710486875 0.3195126265625 0.63710486875 0.3195126265625 0.6318042109374999 0.31509749062500003 0.6318042109374999 0.31509749062500003 0.63710486875
0 0.322734484375 0.6416634343750001 0.32619499687500003 0.6416634343750001 0.32619499687500003 0.6374229078125 0.322734484375 0.6374229078125 0.322734484375 0.6416634343750001
0 0.3182596828125 0.622687078125 0.3218991875 0.622687078125 0.3218991875 0.6131458921874999 0.3182596828125 0.6131458921874999 0.3182596828125 0.622687078125
0 0.3286412203125 0.623641196875 0.332161396875 0.623641196875 0.332161396875 0.61738641875 0.3286412203125 0.61738641875 0.3286412203125 0.623641196875
0 0.3337723265625 0.6249133546875 0.336576534375 0.6249133546875 0.336576534375 0.6155841953125 0.3337723265625 0.6155841953125 0.3337723265625 0.6249133546875
0 0.34021603906250003 0.6155841953125 0.3356219109375 0.6155841953125 0.3356219109375 0.6240652484375 0.34021603906250003 0.6240652484375 0.34021603906250003 0.6155841953125
0 0.306923521875 0.63856785 0.310216975 0.63856785 0.310216975 0.633903271875 0.306923521875 0.633903271875 0.306923521875 0.63856785
0 0.2908858359375 0.6328007343750001 0.2937019765625 0.6328007343750001 0.2937019765625 0.6263551328125 0.2908858359375 0.6263551328125 0.2908858359375 0.6328007343750001
0 0.29269962031249996 0.622793090625 0.29508618124999997 0.622793090625 0.29508618124999997 0.6165171109375 0.29269962031249996 0.6165171109375 0.29269962031249996 0.622793090625
0 0.3002888828125 0.633903271875 0.306923521875 0.633903271875 0.306923521875 0.626270321875 0.3002888828125 0.626270321875 0.3002888828125 0.633903271875
0 0.268792484375 0.62965056875 0.2731479578125 0.62965056875 0.2731479578125 0.624243896875 0.268792484375 0.624243896875 0.268792484375 0.62965056875
0 0.27284963906250004 0.6145966984375 0.275952165625 0.6145966984375 0.275952165625 0.6062216578124999 0.27284963906250004 0.6062216578124999 0.27284963906250004 0.6145966984375
0 0.2792933515625 0.609402053125 0.2832908390625 0.609402053125 0.2832908390625 0.6046314609375 0.2792933515625 0.6046314609375 0.2792933515625 0.609402053125
0 0.28788496874999997 0.60993211875 0.290211865625 0.60993211875 0.290211865625 0.6021931578124999 0.28788496874999997 0.6021931578124999 0.28788496874999997 0.60993211875
0 0.2642580203125 0.6141726453125 0.2674202125 0.6141726453125 0.2674202125 0.6089780015625 0.2642580203125 0.6089780015625 0.2642580203125 0.6141726453125
0 0.256143715625 0.6159748703125001 0.2585899390625 0.6159748703125001 0.2585899390625 0.6109922515624999 0.256143715625 0.6109922515624999 0.256143715625 0.6159748703125001
0 0.2550100984375 0.6119463703125 0.257396659375 0.6119463703125 0.257396659375 0.6031472765625 0.2550100984375 0.6031472765625 0.2550100984375 0.6119463703125
0 0.2348818484375 0.6273140375 0.237822090625 0.6273140375 0.237822090625 0.6228360421875 0.2348818484375 0.6228360421875 0.2348818484375 0.6273140375
0 0.21674398906249998 0.6263641609375 0.219836971875 0.6263641609375 0.219836971875 0.618018803125 0.21674398906249998 0.618018803125 0.21674398906249998 0.6263641609375
0 0.2254525484375 0.6217080625 0.22831642031250002 0.6217080625 0.22831642031250002 0.617785575 0.2254525484375 0.617785575 0.2254525484375 0.6217080625
0 0.20464755937499998 0.6309770593749999 0.20817966718749997 0.6309770593749999 0.20817966718749997 0.6245314578125 0.20464755937499998 0.6245314578125 0.20464755937499998 0.6309770593749999
0 0.19958805 0.62783906875 0.203215621875 0.62783906875 0.203215621875 0.6202061203125 0.19958805 0.6202061203125 0.19958805 0.62783906875
0 0.20674773124999998 0.61537191875 0.20989799062499997 0.61537191875 0.20989799062499997 0.6096896140625 0.20674773124999998 0.6096896140625 0.20674773124999998 0.61537191875
0 0.211807240625 0.614184571875 0.214766575 0.614184571875 0.214766575 0.6081630234375 0.211807240625 0.6081630234375 0.211807240625 0.614184571875
0 0.5812834390625 0.6121225953125 0.584359865625 0.6121225953125 0.584359865625 0.5950611015625 0.5812834390625 0.5950611015625 0.5812834390625 0.6121225953125
0 0.587436290625 0.59390158125 0.584639540625 0.59390158125 0.584639540625 0.6107974328125 0.587436290625 0.6107974328125 0.587436290625 0.59390158125
0 0.5057187375 0.6343501625 0.5103799875 0.6343501625 0.5103799875 0.627227403125 0.5057187375 0.627227403125 0.5057187375 0.6343501625
0 0.5195160390625 0.6297120859375 0.5217534406250001 0.6297120859375 0.5217534406250001 0.6191107703125 0.5195160390625 0.6191107703125 0.5195160390625 0.6297120859375
0 0.525855340625 0.61447269375 0.521660215625 0.61447269375 0.521660215625 0.6252396546875 0.525855340625 0.6252396546875 0.525855340625 0.61447269375
0 0.528838540625 0.6254053015625 0.5308894921875 0.6254053015625 0.5308894921875 0.61447269375 0.528838540625 0.61447269375 0.528838540625 0.6254053015625
0 0.43990187656249996 0.6320311249999999 0.4466140765625 0.6320311249999999 0.4466140765625 0.624411428125 0.43990187656249996 0.624411428125 0.43990187656249996 0.6320311249999999
0 0.4973284859375 0.63368758125 0.49965911093750004 0.63368758125 0.49965911093750004 0.6252396546875 0.4973284859375 0.6252396546875 0.4973284859375 0.63368758125
0 0.3485192828125 0.5919482109375 0.353646659375 0.5919482109375 0.353646659375 0.582175121875 0.3485192828125 0.582175121875 0.3485192828125 0.5919482109375
0 0.358307909375 0.5803530203125 0.354485684375 0.5803530203125 0.354485684375 0.5902917546875 0.358307909375 0.5902917546875 0.358307909375 0.5803530203125
0 0.389538290625 0.6174576296875001 0.393360515625 0.6174576296875001 0.393360515625 0.6037090468749999 0.389538290625 0.6037090468749999 0.389538290625 0.6174576296875001
0 0.3856228390625 0.6154698828124999 0.389538290625 0.6154698828124999 0.389538290625 0.6018869453125 0.3856228390625 0.6018869453125 0.3856228390625 0.6154698828124999
0 0.38282608906250004 0.6154698828124999 0.3868347640625 0.6154698828124999 0.3868347640625 0.602052590625 0.38282608906250004 0.602052590625 0.38282608906250004 0.6154698828124999
0 0.3768596875 0.6290528203125 0.3796564375 0.6290528203125 0.3796564375 0.6212674781249999 0.3768596875 0.6212674781249999 0.3768596875 0.6290528203125
0 0.38226673906249997 0.6194453765625 0.3794699875 0.6194453765625 0.3794699875 0.6260711984375 0.38226673906249997 0.6260711984375 0.38226673906249997 0.6194453765625
0 0.3779783875 0.62441474375 0.3815209390625 0.62441474375 0.3815209390625 0.605365503125 0.3779783875 0.605365503125 0.3779783875 0.62441474375
0 0.3408336453125 0.6072207328125 0.3440258375 0.6072207328125 0.3440258375 0.597281996875 0.3408336453125 0.597281996875 0.3408336453125 0.6072207328125
0 0.30934613125 0.5974145140625 0.31270223124999996 0.5974145140625 0.31270223124999996 0.58416286875 0.30934613125 0.58416286875 0.30934613125 0.5974145140625
0 0.5907692859375 0.6111251875 0.5932863609375 0.6111251875 0.5932863609375 0.5991987062499999 0.5907692859375 0.5991987062499999 0.5907692859375 0.6111251875
0 0.49540009375 0.6083092125 0.50118004375 0.6083092125 0.50118004375 0.598370478125 0.49540009375 0.598370478125 0.49540009375 0.6083092125
0 0.428499490625 0.621602271875 0.4337708296875 0.621602271875 0.4337708296875 0.6003996375 0.428499490625 0.6003996375 0.428499490625 0.621602271875
0 0.3132711328125 0.5877284125 0.315705425 0.5877284125 0.315705425 0.5823005375 0.3132711328125 0.5823005375 0.3132711328125 0.5877284125
0 0.3180919859375 0.5823005375 0.315705425 0.5823005375 0.315705425 0.5875587906249999 0.3180919859375 0.5875587906249999 0.3180919859375 0.5823005375
0 0.2243779109375 0.601581353125 0.2272678875 0.601581353125 0.2272678875 0.5924708453124999 0.2243779109375 0.5924708453124999 0.2243779109375 0.601581353125
0 0.2540234671875 0.5946242390625 0.25709989218749996 0.5946242390625 0.25709989218749996 0.5836916296875 0.2540234671875 0.5836916296875 0.2540234671875 0.5946242390625
0 0.26008309218750003 0.589157934375 0.26306629375 0.589157934375 0.26306629375 0.5800474265625 0.26008309218750003 0.5800474265625 0.26008309218750003 0.589157934375
0 0.249082540625 0.5901518078125 0.25290476562499997 0.5901518078125 0.25290476562499997 0.5769001609375 0.249082540625 0.5769001609375 0.249082540625 0.5901518078125
0 0.2312765625 0.595949403125 0.23444621250000003 0.595949403125 0.23444621250000003 0.5825321109375 0.2312765625 0.5825321109375 0.2312765625 0.595949403125
0 0.22027601093750002 0.597605859375 0.22279308593749997 0.597605859375 0.22279308593749997 0.5850167953125001 0.22027601093750002 0.5850167953125001 0.22027601093750002 0.597605859375
0 0.174875428125 0.59959360625 0.177672178125 0.59959360625 0.177672178125 0.5856793765624999 0.174875428125 0.5856793765624999 0.174875428125 0.59959360625
0 0.18168085312499999 0.5856793765624999 0.177672178125 0.5856793765624999 0.177672178125 0.597605859375 0.18168085312499999 0.597605859375 0.18168085312499999 0.5856793765624999
0 0.160145875 0.5836916296875 0.1636884265625 0.5836916296875 0.1636884265625 0.576071934375 0.160145875 0.576071934375 0.160145875 0.5836916296875
0 0.503521265625 0.609890621875 0.5336056640625 0.609890621875 0.5336056640625 0.5843779859375 0.503521265625 0.5843779859375 0.503521265625 0.609890621875
0 0.5368289921875 0.606245959375 0.5644714765625001 0.606245959375 0.5644714765625001 0.583336653125 0.5368289921875 0.583336653125 0.5368289921875 0.606245959375
0 0.45028750781250004 0.6031219625 0.4602505234375 0.6031219625 0.4602505234375 0.580906878125 0.45028750781250004 0.580906878125 0.45028750781250004 0.6031219625
0 0.386620575 0.598379421875 0.40505703593750003 0.598379421875 0.40505703593750003 0.5823255515625 0.386620575 0.5823255515625 0.386620575 0.598379421875
0 0.5759102140625 0.5931154000000001 0.5818766156249999 0.5931154000000001 0.5818766156249999 0.5820171453125 0.5759102140625 0.5820171453125 0.5759102140625 0.5931154000000001
0 0.5856988421875 0.5911276531249999 0.5917584671875 0.5911276531249999 0.5917584671875 0.5836736015625 0.5856988421875 0.5836736015625 0.5856988421875 0.5911276531249999
0 0.6 0.5818515 0.59641971875 0.5818515 0.59641971875 0.589471196875 0.6 0.589471196875 0.6 0.5818515
0 0.996875 0.748143371875 0.9826259359374999 0.7478117203125001 0.9816339640624999 0.8046416890625 0.9836021859375 0.8046875 0.996875 0.8046875 0.996875 0.748143371875
0 0.9428787343749999 0.8192817765625 0.9434694703125001 0.853125 0.95 0.853125 0.95 0.8191160265625002 0.9428787343749999 0.8192817765625
0 0.8855698671875001 0.5078125 0.8849333703125 0.5296875 0.8921746484374999 0.5296875 0.8921875 0.5292458124999999 0.8921875 0.5078125 0.8855698671875001 0.5078125
0 0.8484375 0.46875 0.8484375 0.4875 0.8557885437499999 0.4875 0.85625 0.471640775 0.85625 0.46875 0.8484375 0.46875
