0 0.045459592187499995 0.47730331562500006 0.003487690625 0.47730331562500006 0.003487690625 0.508980221875 0.045459592187499995 0.508980221875 0.045459592187499995 0.47730331562500006
0 0.04928721875 0.6769851484375 0.05773439375 0.6769851484375 0.05773439375 0.6502357609375 0.04928721875 0.6502357609375 0.04928721875 0.6769851484375
0 0.027773318749999998 0.6819126671875 0.0342406875 0.6819126671875 0.0342406875 0.6722922734375001 0.027773318749999998 0.6722922734375001 0.027773318749999998 0.6819126671875
0 0.022757809375 0.6917677046875 0.0283012671875 0.6917677046875 0.0283012671875 0.6842591046875001 0.022757809375 0.6842591046875001 0.022757809375 0.6917677046875
0 0.15700932343750001 0.8947187421875 0.1652875546875 0.8947187421875 0.1652875546875 0.86648640625 0.15700932343750001 0.86648640625 0.15700932343750001 0.8947187421875
0 0.1633447046875 0.9663507859375 0.172805540625 0.9663507859375 0.172805540625 0.9337634625 0.1633447046875 0.9337634625 0.1633447046875 0.9663507859375
0 0.18893964531250002 0.9756614499999999 0.1951905546875 0.9756614499999999 0.1951905546875 0.9582414984375 0.18893964531250002 0.9582414984375 0.18893964531250002 0.9756614499999999
0 0.25009719218750004 0.9349648374999999 0.2599803875 0.9349648374999999 0.2599803875 0.8993740734375001 0.25009719218750004 0.8993740734375001 0.25009719218750004 0.9349648374999999
0 0.28751817812499997 0.8984730421875 0.29427591875000003 0.8984730421875 0.29427591875000003 0.867537609375 0.28751817812499997 0.867537609375 0.28751817812499997 0.8984730421875
0 0.361510153125 0.9494564359375 0.34968410781250003 0.9494564359375 0.34968410781250003 0.984934571875 0.361510153125 0.984934571875 0.361510153125 0.9494564359375
0 0.3026988078125 0.799868228125 0.30905108281250004 0.799868228125 0.30905108281250004 0.7707949281250001 0.3026988078125 0.7707949281250001 0.3026988078125 0.799868228125
0 0.4361293296875 0.7915937515625 0.42438775624999997 0.7915937515625 0.42438775624999997 0.8142697234374999 0.4361293296875 0.8142697234374999 0.4361293296875 0.7915937515625
0 0.53981378125 0.8990130921875 0.5332144249999999 0.8990130921875 0.5332144249999999 0.9267010546875 0.53981378125 0.9267010546875 0.53981378125 0.8990130921875
0 0.515639021875 0.7476359609375 0.52401861875 0.7476359609375 0.52401861875 0.736343025 0.515639021875 0.736343025 0.515639021875 0.7476359609375
0 0.5580731421875 0.9232330187500001 0.5649364718750001 0.9232330187500001 0.5649364718750001 0.9070895296874999 0.5580731421875 0.9070895296874999 0.5580731421875 0.9232330187500001
0 0.56240231875 0.9145981296875 0.5707439046875 0.9145981296875 0.5707439046875 0.8967652046874999 0.56240231875 0.8967652046874999 0.56240231875 0.9145981296875
0 0.6433203171875 0.781596184375 0.650051659375 0.781596184375 0.650051659375 0.7550814406249999 0.6433203171875 0.7550814406249999 0.6433203171875 0.781596184375
0 0.81469733125 0.8787973593749999 0.82063675 0.8787973593749999 0.82063675 0.860964434375 0.81469733125 0.860964434375 0.81469733125 0.8787973593749999
0 0.8222139140625 0.634097215625 0.8150338156249999 0.634097215625 0.8150338156249999 0.6482133828125 0.8222139140625 0.6482133828125 0.8222139140625 0.634097215625
0 0.81065374375 0.540715009375 0.815032759375 0.540715009375 0.815032759375 0.521589103125 0.81065374375 0.521589103125 0.81065374375 0.540715009375
0 0.44897472968749996 0.7016504609374999 0.4565771859375 0.7016504609374999 0.4565771859375 0.6837799921875 0.44897472968749996 0.6837799921875 0.44897472968749996 0.7016504609374999
0 0.5086117859375 0.662605740625 0.49813728749999997 0.662605740625 0.49813728749999997 0.6798755203125 0.5086117859375 0.6798755203125 0.5086117859375 0.662605740625
0 0.5124130140625 0.6271651484375 0.5177347343750001 0.6271651484375 0.5177347343750001 0.6133493234375 0.5124130140625 0.6133493234375 0.5124130140625 0.6271651484375
0 0.5092030875 0.5890214609375 0.5043881984375 0.5890214609375 0.5043881984375 0.6008850484375 0.5092030875 0.6008850484375 0.5092030875 0.5890214609375
0 0.5277024015625 0.566796003125 0.52398564375 0.566796003125 0.52398564375 0.588120428125 0.5277024015625 0.588120428125 0.5277024015625 0.566796003125
0 0.5229719828125 0.5920249 0.525844021875 0.5920249 0.525844021875 0.5732534 0.5229719828125 0.5732534 0.5229719828125 0.5920249
0 0.519339696875 0.5750554640625001 0.513511146875 0.5750554640625001 0.513511146875 0.58857094375 0.519339696875 0.58857094375 0.519339696875 0.5750554640625001
0 0.5157885390625 0.5661908875 0.510979190625 0.5661908875 0.510979190625 0.57689370625 0.5157885390625 0.57689370625 0.5157885390625 0.5661908875
0 0.5236772546874999 0.5503827015625 0.5183489125 0.5503827015625 0.5183489125 0.560654946875 0.5236772546874999 0.560654946875 0.5236772546874999 0.5503827015625
0 0.5267911484375001 0.552580221875 0.5317107828125 0.552580221875 0.5317107828125 0.5405664609375 0.5267911484375001 0.5405664609375 0.5267911484375001 0.552580221875
0 0.4786760390625 0.5484474875 0.48505534531250005 0.5484474875 0.48505534531250005 0.5290332515625 0.4786760390625 0.5290332515625 0.4786760390625 0.5484474875
0 0.3166740703125 0.6843582265625 0.32246950937499996 0.6843582265625 0.32246950937499996 0.6614455828125 0.3166740703125 0.6614455828125 0.3166740703125 0.6843582265625
0 0.3481597328125 0.673440121875 0.354430915625 0.673440121875 0.354430915625 0.650604365625 0.3481597328125 0.650604365625 0.3481597328125 0.673440121875
0 0.4090892265625 0.6636472765625 0.4122031921875 0.6636472765625 0.4122031921875 0.6581113359375 0.4090892265625 0.6581113359375 0.4090892265625 0.6636472765625
0 0.3996507921875 0.5862137265625 0.4070551125 0.5862137265625 0.4070551125 0.5648080890625 0.3996507921875 0.5648080890625 0.3996507921875 0.5862137265625
0 0.37844121875000003 0.582215546875 0.38895950625000003 0.582215546875 0.38895950625000003 0.56314730625 0.37844121875000003 0.56314730625 0.37844121875000003 0.582215546875
0 0.371728890625 0.5671454859375 0.3757510984375 0.5671454859375 0.3757510984375 0.5540745140625 0.371728890625 0.5540745140625 0.371728890625 0.5671454859375
0 0.289411128125 0.5435641875 0.2919715 0.5435641875 0.2919715 0.5279405328125 0.289411128125 0.5279405328125 0.289411128125 0.5435641875
0 0.2921145609375 0.53686951875 0.2944500359375 0.53686951875 0.2944500359375 0.5256438609375 0.2921145609375 0.5256438609375 0.2921145609375 0.53686951875
0 0.3277887390625 0.5000793015625 0.33173309687499997 0.5000793015625 0.33173309687499997 0.4829178859375 0.3277887390625 0.4829178859375 0.3277887390625 0.5000793015625
0 0.3979150296875 0.48758586406250004 0.40238806875 0.48758586406250004 0.40238806875 0.4732563890625 0.3979150296875 0.4732563890625 0.3979150296875 0.48758586406250004
0 0.38531456406250003 0.4261406421875 0.38994260937499997 0.4261406421875 0.38994260937499997 0.4118899015625 0.38531456406250003 0.4118899015625 0.38531456406250003 0.4261406421875
0 0.3887810953125 0.4510250421875 0.3940734546875 0.4510250421875 0.3940734546875 0.44271867187499997 0.3887810953125 0.44271867187499997 0.3887810953125 0.4510250421875
0 0.4285159015625 0.397713475 0.432014615625 0.397713475 0.432014615625 0.38468310156249996 0.4285159015625 0.38468310156249996 0.4285159015625 0.397713475
0 0.47048490625 0.4427132921875 0.4740746171875 0.4427132921875 0.4740746171875 0.4304112015625 0.47048490625 0.4304112015625 0.47048490625 0.4427132921875
0 0.46365147812499996 0.4084212140625 0.467284440625 0.4084212140625 0.467284440625 0.3951964671875 0.46365147812499996 0.3951964671875 0.46365147812499996 0.4084212140625
0 0.4566450546875 0.42164596249999997 0.460234765625 0.42164596249999997 0.460234765625 0.4087287671875 0.4566450546875 0.4087287671875 0.4566450546875 0.42164596249999997
0 0.45534756718749997 0.43594714218749997 0.45876428125 0.43594714218749997 0.45876428125 0.4274125671875 0.45534756718749997 0.4274125671875 0.45534756718749997 0.43594714218749997
0 0.4903201046875 0.39925194375 0.4934556609375 0.39925194375 0.4934556609375 0.3920399671875 0.4903201046875 0.3920399671875 0.4903201046875 0.39925194375
0 0.5173803359375 0.41699224218750003 0.5202175046875 0.41699224218750003 0.5202175046875 0.40856531093750004 0.5173803359375 0.40856531093750004 0.5173803359375 0.41699224218750003
0 0.551616046875 0.5374951109375 0.5561831984375 0.5374951109375 0.5561831984375 0.53203298125 0.551616046875 0.53203298125 0.551616046875 0.5374951109375
0 0.5409593609375001 0.5221913093749999 0.5441425265625 0.5221913093749999 0.5441425265625 0.5152529312499999 0.5409593609375001 0.5152529312499999 0.5409593609375001 0.5221913093749999
0 0.546578340625 0.5074288015625 0.5402396890625 0.5074288015625 0.5402396890625 0.5162863062499999 0.546578340625 0.5162863062499999 0.546578340625 0.5074288015625
0 0.5785125015625 0.49231798906249996 0.5745659812499999 0.49231798906249996 0.5745659812499999 0.5027939890625001 0.5785125015625 0.5027939890625001 0.5785125015625 0.49231798906249996
0 0.5693760359375 0.4621394234375 0.56694325 0.4621394234375 0.56694325 0.47050100156249997 0.5693760359375 0.47050100156249997 0.5693760359375 0.4621394234375
0 0.5657538875 0.4536817375 0.558509590625 0.4536817375 0.558509590625 0.46252386406249996 0.5657538875 0.46252386406249996 0.5657538875 0.4536817375
0 0.5679163640625 0.4480112421875 0.5725656906250001 0.4480112421875 0.5725656906250001 0.438400234375 0.5679163640625 0.438400234375 0.5679163640625 0.4480112421875
0 0.567488515625 0.3785082609375 0.574516565625 0.3785082609375 0.574516565625 0.3623617671875 0.567488515625 0.3623617671875 0.567488515625 0.3785082609375
0 0.54845871875 0.3657256203125 0.5512158765625 0.3657256203125 0.5512158765625 0.356018503125 0.54845871875 0.356018503125 0.54845871875 0.3657256203125
0 0.5838848203125 0.3972410171875 0.5876042796875 0.3972410171875 0.5876042796875 0.391089971875 0.5838848203125 0.391089971875 0.5838848203125 0.3972410171875
0 0.60970479375 0.4066982484375 0.6127755109375 0.4066982484375 0.6127755109375 0.40123919687500004 0.60970479375 0.40123919687500004 0.60970479375 0.4066982484375
0 0.62012793125 0.3763274640625 0.6230689 0.3763274640625 0.6230689 0.370637746875 0.62012793125 0.370637746875 0.62012793125 0.3763274640625
0 0.6258801203125001 0.36933065 0.6242366374999999 0.36933065 0.6242366374999999 0.3784803296875 0.6258801203125001 0.3784803296875 0.6258801203125001 0.36933065
0 0.6289075875 0.3660244625 0.6311133140625 0.3660244625 0.6311133140625 0.3611805140625 0.6289075875 0.3611805140625 0.6289075875 0.3660244625
0 0.635654515625 0.3466486703125 0.63881173125 0.3466486703125 0.63881173125 0.3403438484375 0.635654515625 0.3403438484375 0.635654515625 0.3466486703125
0 0.630983565625 0.36018097031249996 0.641968946875 0.36018097031249996 0.641968946875 0.3499548578125 0.630983565625 0.3499548578125 0.630983565625 0.36018097031249996
0 0.611694271875 0.31497078749999996 0.616019225 0.31497078749999996 0.616019225 0.30812775000000003 0.611694271875 0.30812775000000003 0.611694271875 0.31497078749999996
0 0.6240203906249999 0.3150476765625 0.6302915734375001 0.3150476765625 0.6302915734375001 0.310280615625 0.6240203906249999 0.310280615625 0.6240203906249999 0.3150476765625
0 0.63997946875 0.31966096093749996 0.64235819375 0.31966096093749996 0.64235819375 0.314586346875 0.63997946875 0.314586346875 0.63997946875 0.31966096093749996
0 0.641406703125 0.321352496875 0.6436989296875 0.321352496875 0.6436989296875 0.31689298906249996 0.641406703125 0.31689298906249996 0.641406703125 0.321352496875
0 0.644390921875 0.325658228125 0.6464669 0.325658228125 0.6464669 0.3211218328125 0.644390921875 0.3211218328125 0.644390921875 0.325658228125
0 0.64702914375 0.31996851249999997 0.6482833796875 0.31996851249999997 0.6482833796875 0.3159703328125 0.64702914375 0.3159703328125 0.64702914375 0.31996851249999997
0 0.6991475796875 0.34466527343750003 0.7018290515625 0.34466527343750003 0.7018290515625 0.3309023109375 0.6991475796875 0.3309023109375 0.6991475796875 0.34466527343750003
0 0.7664632499999999 0.2619017515625 0.7684229953124999 0.2619017515625 0.7684229953124999 0.2542129453125 0.7664632499999999 0.2542129453125 0.7664632499999999 0.2619017515625
0 0.726254696875 0.2299451484375 0.73003903125 0.2299451484375 0.73003903125 0.22045427812499999 0.726254696875 0.22045427812499999 0.726254696875 0.2299451484375
0 0.7719370203125 0.2959006921875 0.7749104250000001 0.2959006921875 0.7749104250000001 0.28809174843749996 0.7719370203125 0.28809174843749996 0.7719370203125 0.2959006921875
0 0.8210657906250001 0.28304596875 0.8232958453125001 0.28304596875 0.8232958453125001 0.2769189515625 0.8210657906250001 0.2769189515625 0.8210657906250001 0.28304596875
0 0.6200230234374999 0.2955402796875 0.6226585421874999 0.2955402796875 0.6226585421874999 0.2847278953125 0.6200230234374999 0.2847278953125 0.6200230234374999 0.2955402796875
0 0.6480676453124999 0.2508490921875 0.6492840375 0.2508490921875 0.6492840375 0.2441213859375 0.6480676453124999 0.2441213859375 0.6480676453124999 0.2508490921875
0 0.650432853125 0.2441213859375 0.6492840375 0.2441213859375 0.6492840375 0.25169005625 0.650432853125 0.25169005625 0.650432853125 0.2441213859375
0 0.6990885828125 0.226341021875 0.6521222890625 0.226341021875 0.6521222890625 0.30947624218750003 0.6990885828125 0.30947624218750003 0.6990885828125 0.226341021875
0 0.648872903125 0.3171999671875 0.651848471875 0.3171999671875 0.651848471875 0.31381689218750003 0.648872903125 0.31381689218750003 0.648872903125 0.3171999671875
0 0.6484577078125 0.31381689218750003 0.6511218796875 0.31381689218750003 0.6511218796875 0.31037230781249997 0.6484577078125 0.31037230781249997 0.6484577078125 0.31381689218750003
0 0.551405290625 0.39887364375 0.5560299796875 0.39887364375 0.5560299796875 0.38524916249999996 0.551405290625 0.38524916249999996 0.551405290625 0.39887364375
0 0.5436093859375 0.4059207890625 0.549291146875 0.4059207890625 0.549291146875 0.3959373328125 0.5436093859375 0.3959373328125 0.5436093859375 0.4059207890625
