0 0.2449707875 0.8430617453125 0.25412131250000003 0.8430617453125 0.25412131250000003 0.7996101312499999 0.2449707875 0.7996101312499999 0.2449707875 0.8430617453125
0 0.530190596875 0.44150781875 0.5317056 0.44150781875 0.5317056 0.4341572484375 0.530190596875 0.4341572484375 0.530190596875 0.44150781875
0 0.394941071875 0.48941668437499997 0.397907953125 0.48941668437499997 0.397907953125 0.4769038796875 0.394941071875 0.4769038796875 0.394941071875 0.48941668437499997
0 0.541809540625 0.4330808515625 0.54315095 0.4330808515625 0.54315095 0.42803084062499996 0.541809540625 0.42803084062499996 0.541809540625 0.4330808515625
0 0.57224245 0.4282276953125 0.5773644828125 0.4282276953125 0.5773644828125 0.4225487859375 0.57224245 0.4225487859375 0.57224245 0.4282276953125
0 0.569396325 0.4328532890625 0.569396325 0.4365817859375 0.5704361515625 0.4365817859375 0.5704361515625 0.43501227968749995 0.5704361515625 0.4328532890625 0.569396325 0.4328532890625
0 0.5679158921874999 0.43288462031249997 0.5679158921874999 0.43489275781250003 0.5679158921874999 0.437114428125 0.5691495859375 0.437114428125 0.5691495859375 0.43288462031249997 0.5679158921874999 0.43288462031249997
0 0.5748890125 0.46499654687499997 0.5748890125 0.46754226406250005 0.5761557515625 0.46754226406250005 0.5761557515625 0.4667478640625 0.5761557515625 0.46499654687499997 0.5748890125 0.46499654687499997
0 0.5764586671874999 0.46406638125 0.5764586671874999 0.4665631421875 0.577890634375 0.4665631421875 0.577890634375 0.4648355171875 0.577890634375 0.46406638125 0.5764586671874999 0.46406638125
0 0.5947042953125 0.4381519625 0.5947042953125 0.44201949531249995 0.5960261109375 0.44201949531249995 0.5960261109375 0.43895649687500005 0.5960261109375 0.4381519625 0.5947042953125 0.4381519625
0 0.53753569375 0.4416530890625 0.5390778109375 0.4416530890625 0.5390778109375 0.4373939078125 0.53753569375 0.4373939078125 0.53753569375 0.4416530890625
